1:    0.008 0.014 0.009 0.010 0.841 0.007 0.029 0.019 0.009 0.007 0.009 0.015 0.016 0.007 1    
2:    0.027 0.036 0.032 0.020 0.709 0.027 0.011 0.017 0.013 0.013 0.013 0.011 0.049 0.021 1    
3:    0.010 0.012 0.006 0.019 0.861 0.007 0.007 0.009 0.010 0.006 0.012 0.014 0.013 0.014 1    
4:    0.026 0.024 0.024 0.012 0.726 0.012 0.008 0.048 0.012 0.006 0.030 0.027 0.015 0.032 1    
5:    0.079 0.032 0.035 0.048 0.167 0.101 0.066 0.068 0.010 0.011 0.104 0.119 0.050 0.110 1    
6:    0.009 0.008 0.007 0.010 0.858 0.006 0.004 0.017 0.011 0.005 0.020 0.024 0.007 0.016 1    
7:    0.006 0.007 0.018 0.007 0.867 0.008 0.015 0.016 0.020 0.005 0.006 0.008 0.007 0.009 1    
8:    0.011 0.018 0.008 0.011 0.859 0.005 0.006 0.009 0.026 0.008 0.010 0.006 0.014 0.010 1    
9:    0.041 0.036 0.020 0.107 0.022 0.010 0.029 0.015 0.037 0.012 0.579 0.059 0.016 0.016 1    
10:   0.079 0.014 0.009 0.019 0.018 0.018 0.027 0.007 0.011 0.015 0.746 0.010 0.010 0.018 1    
11:   0.057 0.008 0.008 0.007 0.015 0.013 0.022 0.010 0.007 0.006 0.809 0.013 0.014 0.012 1    
12:   0.391 0.026 0.013 0.287 0.012 0.040 0.075 0.018 0.008 0.009 0.037 0.033 0.044 0.007 1    
13:   0.028 0.012 0.016 0.025 0.030 0.026 0.028 0.022 0.031 0.053 0.485 0.027 0.206 0.010 1    
14:   0.054 0.008 0.030 0.020 0.012 0.074 0.022 0.010 0.015 0.016 0.667 0.022 0.022 0.028 1    
15:   0.111 0.026 0.057 0.049 0.013 0.200 0.040 0.015 0.008 0.008 0.295 0.045 0.077 0.054 1    
16:   0.025 0.012 0.013 0.016 0.021 0.018 0.017 0.011 0.043 0.067 0.708 0.015 0.024 0.011 1    
17:   0.009 0.007 0.007 0.019 0.005 0.006 0.010 0.011 0.018 0.006 0.877 0.012 0.006 0.009 1    
18:   0.006 0.006 0.005 0.010 0.006 0.009 0.006 0.863 0.006 0.040 0.007 0.016 0.003 0.017 1    
19:   0.008 0.008 0.006 0.008 0.008 0.008 0.007 0.866 0.007 0.035 0.009 0.018 0.004 0.010 1    
20:   0.009 0.005 0.008 0.005 0.005 0.007 0.006 0.836 0.019 0.058 0.006 0.005 0.019 0.013 1    
21:   0.006 0.007 0.005 0.006 0.007 0.010 0.008 0.879 0.007 0.020 0.005 0.025 0.005 0.011 1    
22:   0.010 0.007 0.006 0.007 0.004 0.020 0.008 0.576 0.012 0.279 0.005 0.013 0.014 0.038 1    
23:   0.007 0.005 0.007 0.009 0.005 0.009 0.007 0.889 0.006 0.021 0.008 0.012 0.008 0.007 1    
24:   0.008 0.005 0.006 0.007 0.006 0.010 0.007 0.885 0.009 0.008 0.005 0.014 0.020 0.008 1    
25:   0.004 0.005 0.004 0.005 0.004 0.005 0.005 0.005 0.005 0.006 0.006 0.938 0.004 0.005 1    
26:   0.005 0.004 0.006 0.005 0.005 0.007 0.009 0.008 0.004 0.003 0.005 0.924 0.005 0.010 1    
27:   0.005 0.010 0.016 0.005 0.009 0.024 0.017 0.018 0.009 0.005 0.008 0.848 0.010 0.016 1    
28:   0.009 0.010 0.009 0.006 0.009 0.006 0.009 0.008 0.006 0.007 0.007 0.901 0.005 0.007 1    
29:   0.008 0.014 0.025 0.007 0.013 0.019 0.047 0.019 0.007 0.005 0.005 0.814 0.009 0.007 1    
30:   0.005 0.005 0.011 0.006 0.005 0.010 0.009 0.009 0.003 0.005 0.004 0.914 0.005 0.008 1    
31:   0.013 0.042 0.039 0.008 0.020 0.020 0.022 0.010 0.010 0.010 0.006 0.783 0.008 0.010 1    
32:   0.054 0.006 0.005 0.008 0.025 0.015 0.006 0.008 0.019 0.015 0.814 0.005 0.010 0.010 1    
33:   0.108 0.008 0.020 0.040 0.020 0.021 0.017 0.005 0.006 0.042 0.665 0.016 0.013 0.019 1    
34:   0.043 0.010 0.027 0.034 0.018 0.049 0.010 0.015 0.021 0.023 0.687 0.008 0.021 0.034 1    
35:   0.008 0.005 0.011 0.014 0.008 0.016 0.007 0.012 0.010 0.019 0.865 0.005 0.013 0.008 1    
36:   0.212 0.013 0.018 0.013 0.040 0.031 0.047 0.010 0.008 0.009 0.545 0.012 0.017 0.024 1    
37:   0.528 0.013 0.018 0.019 0.137 0.057 0.041 0.006 0.006 0.014 0.080 0.011 0.043 0.027 1    
38:   0.011 0.005 0.005 0.009 0.009 0.010 0.004 0.009 0.009 0.009 0.893 0.004 0.006 0.017 1    
39:   0.054 0.186 0.080 0.278 0.012 0.017 0.018 0.064 0.020 0.021 0.044 0.009 0.034 0.162 1    
40:   0.100 0.036 0.022 0.035 0.010 0.012 0.018 0.283 0.063 0.005 0.033 0.014 0.010 0.362 1    
41:   0.043 0.092 0.166 0.047 0.012 0.019 0.085 0.265 0.059 0.013 0.024 0.015 0.028 0.132 1    
42:   0.011 0.013 0.010 0.009 0.008 0.006 0.007 0.081 0.009 0.007 0.010 0.007 0.006 0.817 1    
43:   0.332 0.011 0.014 0.023 0.008 0.012 0.103 0.156 0.101 0.010 0.048 0.031 0.011 0.141 1    
44:   0.061 0.051 0.021 0.033 0.009 0.007 0.013 0.330 0.048 0.005 0.016 0.010 0.020 0.375 1    
45:   0.404 0.151 0.013 0.060 0.021 0.010 0.018 0.151 0.066 0.006 0.032 0.013 0.016 0.038 1    
46:   0.013 0.033 0.017 0.015 0.005 0.007 0.011 0.236 0.034 0.006 0.011 0.007 0.009 0.597 1    
47:   0.006 0.011 0.012 0.037 0.020 0.026 0.011 0.016 0.010 0.042 0.027 0.712 0.055 0.014 1    
48:   0.012 0.020 0.043 0.059 0.027 0.024 0.005 0.006 0.027 0.014 0.005 0.723 0.026 0.010 1    
49:   0.006 0.008 0.007 0.013 0.017 0.030 0.010 0.005 0.013 0.007 0.007 0.861 0.009 0.007 1    
50:   0.007 0.006 0.005 0.006 0.014 0.019 0.018 0.010 0.008 0.025 0.011 0.831 0.022 0.017 1    
51:   0.007 0.008 0.004 0.009 0.016 0.014 0.022 0.009 0.007 0.023 0.015 0.836 0.017 0.013 1    
52:   0.021 0.050 0.442 0.021 0.005 0.007 0.006 0.190 0.011 0.006 0.012 0.029 0.176 0.025 1    
53:   0.111 0.085 0.547 0.006 0.017 0.006 0.011 0.023 0.015 0.024 0.029 0.011 0.106 0.007 1    
54:   0.197 0.085 0.459 0.025 0.010 0.010 0.016 0.050 0.007 0.008 0.036 0.024 0.062 0.012 1    
55:   0.180 0.025 0.113 0.010 0.010 0.007 0.015 0.019 0.009 0.027 0.507 0.014 0.051 0.012 1    
56:   0.156 0.029 0.118 0.009 0.010 0.006 0.018 0.023 0.010 0.022 0.513 0.018 0.054 0.015 1    
57:   0.116 0.124 0.332 0.012 0.032 0.005 0.012 0.070 0.007 0.086 0.063 0.046 0.087 0.007 1    
58:   0.368 0.111 0.179 0.045 0.010 0.014 0.013 0.096 0.013 0.013 0.042 0.021 0.060 0.014 1    
59:   0.124 0.013 0.287 0.017 0.032 0.178 0.014 0.041 0.015 0.087 0.104 0.011 0.030 0.048 1    
60:   0.016 0.009 0.006 0.006 0.016 0.013 0.012 0.027 0.013 0.008 0.031 0.780 0.010 0.053 1    
61:   0.025 0.011 0.030 0.007 0.007 0.013 0.012 0.008 0.010 0.010 0.023 0.786 0.020 0.036 1    
62:   0.041 0.011 0.013 0.011 0.044 0.006 0.011 0.012 0.011 0.008 0.016 0.759 0.013 0.042 1    
63:   0.033 0.019 0.015 0.009 0.020 0.009 0.014 0.008 0.011 0.007 0.011 0.638 0.007 0.197 1    
64:   0.043 0.019 0.033 0.012 0.029 0.017 0.010 0.018 0.009 0.007 0.026 0.448 0.006 0.324 1    
65:   0.043 0.014 0.015 0.006 0.012 0.017 0.015 0.011 0.018 0.008 0.019 0.789 0.009 0.024 1    
66:   0.011 0.028 0.007 0.018 0.006 0.008 0.005 0.015 0.012 0.062 0.015 0.009 0.011 0.794 1    
67:   0.011 0.052 0.006 0.007 0.005 0.008 0.004 0.011 0.005 0.013 0.009 0.012 0.009 0.847 1    
68:   0.016 0.158 0.047 0.022 0.025 0.009 0.007 0.010 0.074 0.060 0.023 0.016 0.110 0.422 1    
69:   0.017 0.125 0.014 0.023 0.009 0.011 0.005 0.015 0.013 0.013 0.025 0.037 0.015 0.677 1    
70:   0.005 0.010 0.008 0.011 0.010 0.011 0.005 0.010 0.012 0.031 0.015 0.054 0.007 0.812 1    
71:   0.006 0.042 0.005 0.008 0.004 0.009 0.004 0.011 0.005 0.010 0.009 0.014 0.008 0.867 1    
72:   0.013 0.010 0.006 0.006 0.005 0.008 0.005 0.008 0.005 0.038 0.006 0.011 0.003 0.875 1    
73:   0.012 0.071 0.010 0.008 0.005 0.011 0.006 0.012 0.006 0.020 0.012 0.013 0.010 0.804 1    
74:   0.009 0.007 0.008 0.010 0.009 0.010 0.005 0.011 0.012 0.044 0.059 0.009 0.007 0.800 1    
75:   0.232 0.008 0.021 0.025 0.020 0.010 0.032 0.550 0.031 0.005 0.022 0.017 0.008 0.019 1    
76:   0.180 0.019 0.017 0.024 0.032 0.009 0.080 0.470 0.065 0.013 0.040 0.017 0.007 0.026 1    
77:   0.308 0.014 0.029 0.050 0.019 0.025 0.209 0.079 0.033 0.030 0.020 0.110 0.009 0.065 1    
78:   0.057 0.011 0.537 0.010 0.014 0.044 0.014 0.070 0.008 0.008 0.024 0.012 0.019 0.172 1    
79:   0.338 0.049 0.036 0.071 0.022 0.015 0.234 0.051 0.032 0.015 0.037 0.063 0.018 0.019 1    
80:   0.479 0.029 0.049 0.008 0.008 0.007 0.088 0.122 0.016 0.005 0.034 0.089 0.012 0.055 1    
81:   0.033 0.030 0.226 0.007 0.006 0.011 0.009 0.014 0.007 0.012 0.023 0.534 0.006 0.081 1    
82:   0.085 0.300 0.015 0.016 0.008 0.018 0.100 0.063 0.093 0.021 0.020 0.156 0.021 0.086 1    
83:   0.052 0.129 0.013 0.008 0.008 0.046 0.036 0.042 0.012 0.020 0.038 0.490 0.006 0.099 1    
84:   0.013 0.061 0.216 0.006 0.018 0.010 0.019 0.033 0.009 0.009 0.007 0.562 0.004 0.031 1    
85:   0.039 0.019 0.645 0.005 0.041 0.016 0.086 0.020 0.019 0.009 0.013 0.049 0.011 0.027 1    
86:   0.039 0.093 0.011 0.010 0.005 0.032 0.016 0.021 0.011 0.015 0.064 0.616 0.005 0.063 1    
87:   0.011 0.807 0.033 0.038 0.018 0.010 0.011 0.004 0.009 0.005 0.013 0.014 0.009 0.018 1    
88:   0.034 0.719 0.023 0.097 0.011 0.018 0.021 0.007 0.017 0.005 0.010 0.015 0.005 0.018 1    
89:   0.041 0.576 0.145 0.037 0.017 0.010 0.035 0.015 0.040 0.007 0.025 0.011 0.026 0.016 1    
90:   0.038 0.467 0.030 0.023 0.014 0.010 0.017 0.017 0.036 0.006 0.007 0.278 0.025 0.031 1    
91:   0.840 0.019 0.009 0.013 0.012 0.009 0.012 0.005 0.005 0.016 0.013 0.007 0.034 0.006 1    
92:   0.789 0.013 0.012 0.007 0.030 0.006 0.006 0.007 0.006 0.020 0.024 0.015 0.055 0.009 1    
93:   0.543 0.005 0.008 0.054 0.015 0.010 0.029 0.016 0.064 0.036 0.191 0.010 0.013 0.006 1    
94:   0.575 0.038 0.018 0.012 0.139 0.039 0.020 0.009 0.027 0.027 0.018 0.024 0.043 0.011 1    
95:   0.715 0.023 0.027 0.011 0.028 0.022 0.024 0.012 0.027 0.035 0.023 0.014 0.031 0.009 1    
96:   0.105 0.010 0.010 0.013 0.021 0.060 0.007 0.045 0.582 0.051 0.029 0.018 0.039 0.012 1    
97:   0.014 0.148 0.010 0.010 0.010 0.013 0.143 0.045 0.010 0.017 0.009 0.242 0.287 0.040 1    
98:   0.017 0.522 0.021 0.017 0.015 0.034 0.021 0.044 0.009 0.016 0.013 0.098 0.121 0.054 1    
99:   0.008 0.666 0.032 0.005 0.008 0.016 0.015 0.020 0.010 0.014 0.008 0.040 0.118 0.041 1    
100:  0.058 0.076 0.031 0.010 0.014 0.036 0.322 0.037 0.016 0.005 0.068 0.203 0.084 0.041 1    
101:  0.005 0.771 0.025 0.017 0.013 0.026 0.016 0.007 0.010 0.017 0.005 0.020 0.056 0.012 1    
102:  0.026 0.662 0.030 0.060 0.036 0.022 0.019 0.016 0.011 0.007 0.026 0.037 0.016 0.032 1    
103:  0.014 0.801 0.011 0.015 0.017 0.010 0.019 0.014 0.017 0.010 0.013 0.033 0.015 0.013 1    
104:  0.094 0.005 0.020 0.014 0.013 0.076 0.015 0.535 0.022 0.007 0.022 0.150 0.006 0.021 1    
105:  0.031 0.007 0.263 0.007 0.005 0.103 0.014 0.440 0.009 0.034 0.010 0.038 0.008 0.031 1    
106:  0.007 0.009 0.019 0.008 0.009 0.026 0.007 0.080 0.009 0.009 0.006 0.787 0.005 0.019 1    
107:  0.011 0.010 0.189 0.010 0.009 0.020 0.007 0.437 0.011 0.032 0.009 0.210 0.008 0.038 1    
108:  0.010 0.010 0.021 0.010 0.016 0.027 0.010 0.082 0.019 0.007 0.012 0.735 0.007 0.034 1    
109:  0.011 0.010 0.201 0.009 0.007 0.035 0.008 0.027 0.011 0.008 0.012 0.620 0.008 0.032 1    
110:  0.022 0.006 0.034 0.009 0.015 0.056 0.020 0.619 0.092 0.009 0.011 0.082 0.014 0.012 1    
111:  0.014 0.010 0.270 0.012 0.014 0.066 0.014 0.112 0.019 0.015 0.014 0.392 0.011 0.037 1    
112:  0.017 0.006 0.034 0.010 0.019 0.094 0.021 0.493 0.134 0.019 0.018 0.104 0.013 0.017 1    
113:  0.037 0.011 0.078 0.018 0.563 0.034 0.009 0.092 0.008 0.006 0.011 0.061 0.014 0.058 1    
114:  0.016 0.063 0.009 0.007 0.014 0.086 0.014 0.615 0.006 0.046 0.011 0.052 0.036 0.025 1    
115:  0.035 0.013 0.062 0.016 0.072 0.010 0.007 0.616 0.026 0.012 0.030 0.017 0.012 0.072 1    
116:  0.012 0.011 0.011 0.009 0.016 0.015 0.007 0.822 0.014 0.033 0.006 0.021 0.015 0.008 1    
117:  0.058 0.018 0.082 0.010 0.392 0.018 0.010 0.248 0.018 0.007 0.065 0.010 0.017 0.047 1    
118:  0.007 0.010 0.006 0.007 0.016 0.016 0.007 0.796 0.007 0.015 0.005 0.080 0.011 0.017 1    
119:  0.018 0.013 0.024 0.024 0.232 0.140 0.011 0.407 0.009 0.005 0.011 0.064 0.008 0.035 1    
120:  0.005 0.008 0.012 0.007 0.006 0.008 0.006 0.886 0.013 0.008 0.004 0.011 0.020 0.006 1    
121:  0.026 0.009 0.037 0.009 0.698 0.052 0.008 0.038 0.008 0.005 0.013 0.030 0.024 0.042 1    
122:  0.006 0.016 0.005 0.007 0.014 0.017 0.007 0.830 0.006 0.031 0.007 0.016 0.030 0.009 1    
123:  0.015 0.008 0.009 0.007 0.124 0.009 0.007 0.743 0.007 0.010 0.020 0.008 0.013 0.020 1    
124:  0.008 0.011 0.008 0.009 0.015 0.014 0.005 0.866 0.008 0.022 0.004 0.015 0.008 0.009 1    
125:  0.040 0.019 0.606 0.024 0.035 0.012 0.009 0.161 0.017 0.004 0.008 0.024 0.015 0.025 1    
126:  0.015 0.029 0.007 0.004 0.021 0.026 0.013 0.612 0.007 0.197 0.013 0.014 0.036 0.008 1    
127:  0.008 0.011 0.006 0.006 0.009 0.027 0.010 0.821 0.007 0.014 0.008 0.008 0.057 0.007 1    
128:  0.010 0.009 0.009 0.006 0.010 0.011 0.007 0.870 0.009 0.006 0.004 0.030 0.009 0.009 1    
129:  0.019 0.008 0.019 0.531 0.019 0.023 0.012 0.011 0.031 0.100 0.103 0.093 0.008 0.023 1    
130:  0.046 0.020 0.019 0.093 0.009 0.009 0.013 0.011 0.008 0.019 0.031 0.190 0.003 0.527 1    
131:  0.024 0.027 0.014 0.757 0.010 0.016 0.019 0.005 0.009 0.009 0.007 0.078 0.004 0.022 1    
132:  0.016 0.004 0.010 0.743 0.009 0.023 0.011 0.008 0.023 0.015 0.045 0.069 0.009 0.014 1    
133:  0.031 0.015 0.016 0.558 0.016 0.022 0.014 0.006 0.006 0.013 0.008 0.272 0.004 0.020 1    
134:  0.012 0.004 0.009 0.714 0.012 0.040 0.011 0.008 0.021 0.019 0.052 0.075 0.009 0.016 1    
135:  0.020 0.044 0.018 0.342 0.009 0.018 0.016 0.010 0.008 0.024 0.016 0.057 0.005 0.414 1    
136:  0.005 0.841 0.006 0.019 0.014 0.005 0.010 0.004 0.008 0.009 0.005 0.051 0.014 0.008 1    
137:  0.004 0.903 0.005 0.009 0.005 0.005 0.005 0.006 0.004 0.005 0.005 0.033 0.004 0.008 1    
138:  0.007 0.861 0.010 0.018 0.011 0.007 0.007 0.005 0.010 0.030 0.005 0.014 0.009 0.006 1    
139:  0.007 0.846 0.014 0.025 0.012 0.006 0.012 0.008 0.010 0.016 0.006 0.021 0.010 0.006 1    
140:  0.005 0.879 0.005 0.015 0.007 0.003 0.004 0.005 0.005 0.008 0.005 0.040 0.006 0.011 1    
141:  0.007 0.871 0.014 0.011 0.008 0.005 0.015 0.010 0.010 0.015 0.011 0.007 0.008 0.009 1    
142:  0.004 0.878 0.006 0.009 0.010 0.005 0.004 0.006 0.007 0.006 0.004 0.045 0.008 0.009 1    
143:  0.010 0.861 0.005 0.011 0.010 0.005 0.008 0.004 0.007 0.013 0.004 0.047 0.010 0.006 1    
144:  0.007 0.846 0.004 0.016 0.007 0.005 0.008 0.005 0.006 0.016 0.004 0.062 0.008 0.006 1    
145:  0.023 0.768 0.006 0.014 0.006 0.006 0.045 0.006 0.009 0.010 0.011 0.078 0.008 0.010 1    
146:  0.054 0.522 0.009 0.025 0.010 0.008 0.021 0.029 0.011 0.021 0.012 0.239 0.025 0.015 1    
147:  0.022 0.030 0.018 0.013 0.010 0.035 0.016 0.028 0.012 0.005 0.020 0.740 0.006 0.045 1    
148:  0.010 0.069 0.021 0.006 0.018 0.014 0.022 0.064 0.058 0.004 0.005 0.631 0.063 0.015 1    
149:  0.015 0.057 0.023 0.006 0.071 0.011 0.026 0.042 0.056 0.007 0.015 0.542 0.111 0.018 1    
150:  0.007 0.004 0.006 0.007 0.016 0.008 0.007 0.006 0.006 0.005 0.004 0.908 0.010 0.007 1    
151:  0.013 0.007 0.015 0.009 0.009 0.007 0.010 0.013 0.006 0.004 0.005 0.889 0.006 0.006 1    
152:  0.017 0.042 0.160 0.006 0.006 0.084 0.023 0.130 0.022 0.005 0.021 0.426 0.021 0.035 1    
153:  0.008 0.010 0.011 0.008 0.019 0.005 0.009 0.011 0.010 0.006 0.008 0.885 0.006 0.005 1    
154:  0.009 0.011 0.105 0.006 0.024 0.007 0.009 0.018 0.024 0.007 0.008 0.738 0.027 0.006 1    
155:  0.015 0.022 0.008 0.007 0.049 0.020 0.012 0.027 0.014 0.012 0.036 0.738 0.015 0.026 1    
156:  0.005 0.003 0.003 0.004 0.004 0.005 0.004 0.005 0.005 0.006 0.943 0.003 0.004 0.005 1    
157:  0.662 0.012 0.018 0.020 0.011 0.009 0.013 0.012 0.023 0.015 0.152 0.010 0.026 0.017 1    
158:  0.025 0.010 0.025 0.005 0.011 0.015 0.008 0.067 0.028 0.028 0.738 0.009 0.013 0.017 1    
159:  0.017 0.008 0.007 0.007 0.010 0.004 0.010 0.005 0.008 0.013 0.895 0.005 0.005 0.006 1    
160:  0.009 0.004 0.004 0.005 0.003 0.005 0.005 0.008 0.012 0.007 0.923 0.005 0.004 0.007 1    
161:  0.015 0.004 0.006 0.008 0.004 0.008 0.006 0.008 0.015 0.007 0.898 0.005 0.006 0.010 1    
162:  0.009 0.004 0.007 0.004 0.004 0.007 0.005 0.005 0.004 0.005 0.932 0.004 0.004 0.007 1    
163:  0.022 0.010 0.050 0.009 0.034 0.014 0.016 0.013 0.012 0.054 0.710 0.017 0.023 0.017 1    
164:  0.006 0.005 0.004 0.005 0.006 0.004 0.005 0.006 0.007 0.011 0.929 0.004 0.005 0.005 1    
165:  0.029 0.012 0.008 0.007 0.005 0.007 0.027 0.014 0.009 0.009 0.831 0.013 0.005 0.024 1    
166:  0.010 0.006 0.008 0.006 0.004 0.008 0.011 0.008 0.006 0.005 0.905 0.005 0.003 0.015 1    
167:  0.011 0.015 0.026 0.012 0.008 0.060 0.039 0.007 0.005 0.188 0.548 0.012 0.015 0.053 1    
168:  0.025 0.022 0.015 0.010 0.006 0.021 0.023 0.008 0.006 0.004 0.832 0.008 0.006 0.014 1    
169:  0.010 0.010 0.014 0.008 0.005 0.010 0.016 0.007 0.008 0.018 0.858 0.014 0.009 0.013 1    
170:  0.017 0.022 0.017 0.010 0.005 0.021 0.040 0.015 0.018 0.015 0.749 0.012 0.023 0.035 1    
171:  0.019 0.007 0.005 0.012 0.006 0.007 0.017 0.007 0.011 0.004 0.872 0.012 0.006 0.016 1    
172:  0.153 0.012 0.011 0.007 0.007 0.020 0.045 0.016 0.008 0.010 0.635 0.045 0.004 0.027 1    
173:  0.013 0.008 0.007 0.006 0.006 0.007 0.004 0.010 0.005 0.007 0.910 0.004 0.004 0.009 1    
174:  0.008 0.010 0.013 0.009 0.010 0.005 0.006 0.009 0.011 0.007 0.891 0.004 0.007 0.011 1    
175:  0.006 0.005 0.007 0.014 0.014 0.007 0.010 0.011 0.015 0.012 0.878 0.005 0.008 0.008 1    
176:  0.031 0.010 0.008 0.007 0.005 0.005 0.008 0.006 0.005 0.008 0.892 0.005 0.004 0.006 1    
177:  0.016 0.007 0.010 0.012 0.010 0.005 0.016 0.004 0.005 0.013 0.883 0.006 0.007 0.006 1    
178:  0.007 0.007 0.013 0.008 0.011 0.010 0.046 0.007 0.068 0.012 0.789 0.007 0.004 0.011 1    
179:  0.009 0.024 0.009 0.018 0.005 0.005 0.015 0.006 0.017 0.006 0.010 0.833 0.006 0.036 1    
180:  0.004 0.010 0.006 0.018 0.007 0.009 0.010 0.007 0.017 0.008 0.008 0.880 0.009 0.007 1    
181:  0.006 0.004 0.005 0.010 0.004 0.004 0.006 0.005 0.004 0.004 0.005 0.935 0.004 0.004 1    
182:  0.007 0.005 0.006 0.013 0.005 0.005 0.008 0.005 0.008 0.006 0.006 0.914 0.006 0.006 1    
183:  0.009 0.007 0.007 0.010 0.008 0.005 0.008 0.005 0.011 0.003 0.009 0.896 0.007 0.016 1    
184:  0.004 0.006 0.005 0.010 0.005 0.007 0.011 0.006 0.006 0.008 0.006 0.914 0.005 0.008 1    
185:  0.006 0.005 0.006 0.008 0.004 0.004 0.005 0.005 0.006 0.005 0.005 0.933 0.004 0.005 1    
186:  0.006 0.007 0.006 0.022 0.006 0.005 0.013 0.004 0.008 0.008 0.005 0.896 0.007 0.007 1    
187:  0.008 0.007 0.006 0.009 0.007 0.007 0.006 0.010 0.013 0.006 0.016 0.886 0.006 0.013 1    
188:  0.022 0.011 0.008 0.008 0.021 0.014 0.011 0.007 0.809 0.007 0.046 0.008 0.016 0.011 1    
189:  0.108 0.066 0.023 0.018 0.265 0.012 0.023 0.036 0.126 0.107 0.087 0.024 0.077 0.029 1    
190:  0.233 0.080 0.065 0.023 0.118 0.026 0.037 0.057 0.098 0.076 0.026 0.030 0.111 0.019 1    
191:  0.013 0.011 0.022 0.029 0.020 0.020 0.011 0.015 0.732 0.050 0.027 0.013 0.012 0.025 1    
192:  0.019 0.013 0.044 0.010 0.023 0.012 0.014 0.015 0.783 0.016 0.014 0.017 0.011 0.009 1    
193:  0.039 0.028 0.033 0.027 0.196 0.013 0.024 0.024 0.353 0.152 0.045 0.017 0.008 0.041 1    
194:  0.027 0.039 0.042 0.025 0.093 0.037 0.012 0.014 0.430 0.117 0.039 0.030 0.051 0.045 1    
195:  0.034 0.039 0.011 0.012 0.021 0.010 0.010 0.027 0.166 0.016 0.597 0.011 0.021 0.025 1    
196:  0.046 0.029 0.029 0.012 0.213 0.029 0.018 0.036 0.046 0.377 0.035 0.023 0.016 0.091 1    
197:  0.010 0.016 0.074 0.036 0.006 0.014 0.010 0.005 0.728 0.024 0.032 0.007 0.015 0.022 1    
198:  0.023 0.032 0.478 0.012 0.010 0.012 0.016 0.014 0.330 0.020 0.015 0.017 0.007 0.013 1    
199:  0.008 0.021 0.047 0.007 0.014 0.008 0.008 0.018 0.672 0.034 0.007 0.104 0.033 0.019 1    
200:  0.025 0.050 0.308 0.009 0.012 0.008 0.028 0.022 0.367 0.032 0.010 0.091 0.009 0.030 1    
201:  0.014 0.130 0.050 0.012 0.007 0.008 0.021 0.025 0.427 0.155 0.010 0.088 0.040 0.011 1    
202:  0.007 0.023 0.153 0.008 0.021 0.008 0.011 0.006 0.717 0.009 0.006 0.016 0.007 0.007 1    
203:  0.007 0.012 0.033 0.009 0.006 0.008 0.008 0.006 0.855 0.022 0.006 0.006 0.018 0.004 1    
204:  0.028 0.031 0.542 0.013 0.017 0.007 0.017 0.012 0.232 0.026 0.045 0.009 0.014 0.009 1    
205:  0.005 0.009 0.060 0.013 0.013 0.013 0.007 0.004 0.828 0.007 0.007 0.007 0.014 0.011 1    
206:  0.020 0.014 0.282 0.009 0.013 0.007 0.009 0.007 0.597 0.011 0.010 0.008 0.007 0.008 1    
207:  0.008 0.020 0.186 0.010 0.005 0.009 0.006 0.011 0.665 0.041 0.006 0.008 0.021 0.006 1    
208:  0.022 0.100 0.073 0.007 0.037 0.017 0.026 0.015 0.544 0.010 0.018 0.087 0.014 0.030 1    
209:  0.008 0.014 0.027 0.007 0.007 0.006 0.005 0.025 0.802 0.026 0.007 0.028 0.025 0.013 1    
210:  0.024 0.030 0.154 0.009 0.065 0.019 0.581 0.010 0.039 0.006 0.008 0.013 0.014 0.028 1    
211:  0.021 0.010 0.022 0.210 0.031 0.028 0.256 0.007 0.107 0.066 0.016 0.007 0.203 0.016 1    
212:  0.006 0.007 0.008 0.007 0.004 0.005 0.006 0.010 0.892 0.026 0.010 0.005 0.005 0.009 1    
213:  0.006 0.006 0.010 0.010 0.009 0.014 0.007 0.004 0.892 0.006 0.005 0.015 0.007 0.010 1    
214:  0.010 0.008 0.006 0.024 0.014 0.013 0.051 0.009 0.769 0.040 0.019 0.013 0.009 0.015 1    
215:  0.007 0.007 0.005 0.014 0.014 0.025 0.018 0.009 0.834 0.029 0.012 0.008 0.009 0.012 1    
216:  0.011 0.013 0.009 0.007 0.007 0.010 0.030 0.006 0.834 0.026 0.017 0.011 0.014 0.005 1    
217:  0.009 0.006 0.010 0.007 0.006 0.004 0.008 0.004 0.902 0.012 0.012 0.009 0.005 0.007 1    
218:  0.008 0.008 0.006 0.016 0.010 0.005 0.021 0.004 0.872 0.012 0.014 0.009 0.003 0.012 1    
219:  0.007 0.008 0.005 0.017 0.009 0.015 0.040 0.006 0.751 0.095 0.010 0.013 0.010 0.013 1    
220:  0.012 0.011 0.179 0.022 0.183 0.027 0.019 0.045 0.304 0.037 0.011 0.022 0.112 0.015 1    
221:  0.007 0.009 0.574 0.067 0.093 0.020 0.010 0.010 0.129 0.024 0.009 0.015 0.008 0.025 1    
222:  0.010 0.019 0.296 0.019 0.033 0.027 0.011 0.040 0.427 0.030 0.025 0.015 0.018 0.029 1    
223:  0.009 0.010 0.263 0.069 0.024 0.032 0.015 0.067 0.346 0.017 0.074 0.013 0.021 0.039 1    
224:  0.022 0.006 0.742 0.046 0.006 0.028 0.009 0.017 0.013 0.018 0.049 0.010 0.012 0.021 1    
225:  0.046 0.018 0.052 0.079 0.286 0.035 0.042 0.019 0.067 0.091 0.106 0.019 0.015 0.125 1    
226:  0.021 0.012 0.516 0.168 0.010 0.031 0.008 0.016 0.118 0.048 0.013 0.015 0.013 0.009 1    
227:  0.014 0.008 0.460 0.061 0.036 0.074 0.015 0.023 0.149 0.007 0.072 0.021 0.004 0.056 1    
228:  0.036 0.011 0.481 0.285 0.009 0.038 0.012 0.029 0.010 0.018 0.038 0.016 0.006 0.010 1    
229:  0.100 0.016 0.258 0.271 0.021 0.034 0.020 0.031 0.053 0.034 0.081 0.011 0.052 0.018 1    
230:  0.006 0.006 0.813 0.008 0.009 0.042 0.009 0.008 0.017 0.015 0.014 0.021 0.013 0.019 1    
231:  0.008 0.006 0.750 0.007 0.011 0.013 0.009 0.015 0.050 0.005 0.042 0.008 0.018 0.060 1    
232:  0.007 0.004 0.912 0.006 0.010 0.008 0.005 0.012 0.005 0.003 0.008 0.006 0.006 0.009 1    
233:  0.027 0.005 0.822 0.016 0.005 0.008 0.007 0.021 0.016 0.011 0.030 0.007 0.010 0.014 1    
234:  0.016 0.009 0.513 0.188 0.016 0.139 0.007 0.024 0.029 0.007 0.020 0.008 0.010 0.014 1    
235:  0.016 0.007 0.750 0.069 0.020 0.028 0.005 0.035 0.011 0.021 0.015 0.007 0.006 0.010 1    
236:  0.047 0.013 0.062 0.222 0.034 0.033 0.010 0.060 0.067 0.040 0.276 0.012 0.008 0.116 1    
237:  0.044 0.011 0.073 0.222 0.028 0.020 0.012 0.058 0.081 0.031 0.284 0.012 0.008 0.116 1    
238:  0.021 0.011 0.010 0.011 0.022 0.004 0.013 0.007 0.021 0.032 0.807 0.016 0.014 0.012 1    
239:  0.006 0.006 0.005 0.005 0.006 0.005 0.006 0.011 0.014 0.023 0.897 0.007 0.003 0.005 1    
240:  0.014 0.016 0.011 0.052 0.014 0.005 0.015 0.013 0.208 0.016 0.592 0.015 0.005 0.025 1    
241:  0.010 0.007 0.009 0.019 0.012 0.004 0.007 0.018 0.039 0.023 0.811 0.014 0.006 0.020 1    
242:  0.007 0.012 0.006 0.013 0.009 0.006 0.007 0.006 0.031 0.054 0.830 0.007 0.005 0.007 1    
243:  0.006 0.009 0.008 0.015 0.004 0.005 0.009 0.006 0.050 0.044 0.824 0.008 0.004 0.008 1    
244:  0.004 0.007 0.005 0.012 0.010 0.004 0.010 0.009 0.012 0.010 0.896 0.005 0.004 0.012 1    
245:  0.008 0.023 0.006 0.016 0.012 0.006 0.036 0.007 0.021 0.010 0.826 0.013 0.009 0.007 1    
246:  0.014 0.018 0.017 0.018 0.019 0.005 0.017 0.009 0.072 0.024 0.745 0.012 0.017 0.014 1    
247:  0.029 0.005 0.006 0.051 0.301 0.006 0.009 0.009 0.431 0.007 0.121 0.011 0.007 0.008 1    
248:  0.009 0.010 0.009 0.012 0.762 0.013 0.010 0.007 0.099 0.005 0.010 0.013 0.015 0.028 1    
249:  0.011 0.023 0.018 0.032 0.697 0.020 0.009 0.015 0.099 0.005 0.018 0.009 0.027 0.017 1    
250:  0.012 0.012 0.035 0.075 0.459 0.024 0.008 0.011 0.272 0.005 0.019 0.020 0.007 0.042 1    
251:  0.013 0.012 0.012 0.084 0.626 0.017 0.012 0.033 0.121 0.004 0.026 0.012 0.008 0.020 1    
252:  0.004 0.007 0.026 0.042 0.822 0.011 0.007 0.007 0.030 0.005 0.010 0.010 0.009 0.012 1    
253:  0.017 0.005 0.014 0.194 0.196 0.009 0.005 0.007 0.422 0.011 0.088 0.015 0.009 0.008 1    
254:  0.015 0.009 0.039 0.068 0.706 0.011 0.007 0.015 0.069 0.004 0.024 0.011 0.011 0.012 1    
255:  0.028 0.007 0.012 0.123 0.230 0.027 0.011 0.053 0.401 0.005 0.040 0.025 0.009 0.029 1    
256:  0.007 0.005 0.006 0.007 0.005 0.006 0.008 0.008 0.900 0.005 0.018 0.015 0.004 0.009 1    
257:  0.012 0.006 0.015 0.011 0.015 0.009 0.039 0.056 0.730 0.011 0.031 0.038 0.005 0.022 1    
258:  0.006 0.010 0.005 0.012 0.003 0.005 0.026 0.005 0.892 0.007 0.006 0.006 0.011 0.005 1    
259:  0.009 0.010 0.006 0.009 0.008 0.007 0.008 0.015 0.879 0.009 0.018 0.010 0.004 0.006 1    
260:  0.004 0.004 0.005 0.004 0.004 0.005 0.005 0.006 0.935 0.004 0.008 0.006 0.004 0.006 1    
261:  0.007 0.008 0.006 0.010 0.029 0.007 0.034 0.007 0.858 0.008 0.006 0.006 0.009 0.005 1    
262:  0.009 0.010 0.009 0.016 0.005 0.015 0.015 0.009 0.851 0.017 0.011 0.014 0.012 0.006 1    
263:  0.008 0.006 0.005 0.006 0.008 0.005 0.010 0.005 0.926 0.003 0.004 0.005 0.004 0.004 1    
264:  0.005 0.005 0.006 0.007 0.004 0.004 0.008 0.005 0.927 0.006 0.007 0.005 0.007 0.005 1    
265:  0.012 0.007 0.005 0.012 0.010 0.007 0.025 0.010 0.876 0.004 0.012 0.007 0.005 0.010 1    
266:  0.010 0.011 0.006 0.021 0.005 0.005 0.010 0.008 0.895 0.006 0.006 0.006 0.005 0.006 1    
267:  0.008 0.005 0.006 0.009 0.006 0.004 0.021 0.005 0.904 0.003 0.008 0.005 0.005 0.009 1    
268:  0.005 0.005 0.004 0.010 0.007 0.004 0.005 0.006 0.929 0.004 0.009 0.005 0.003 0.005 1    
269:  0.010 0.006 0.006 0.009 0.006 0.008 0.027 0.009 0.880 0.004 0.012 0.010 0.005 0.008 1    
270:  0.007 0.009 0.007 0.006 0.011 0.007 0.005 0.015 0.898 0.006 0.011 0.007 0.004 0.007 1    
271:  0.011 0.043 0.015 0.023 0.014 0.019 0.026 0.015 0.764 0.017 0.019 0.011 0.012 0.010 1    
272:  0.006 0.005 0.006 0.007 0.005 0.008 0.007 0.013 0.908 0.005 0.009 0.007 0.008 0.007 1    
273:  0.011 0.052 0.118 0.033 0.014 0.022 0.100 0.012 0.071 0.257 0.041 0.035 0.016 0.219 1    
274:  0.005 0.007 0.007 0.006 0.007 0.007 0.005 0.032 0.883 0.005 0.012 0.006 0.005 0.012 1    
275:  0.014 0.012 0.015 0.007 0.008 0.009 0.793 0.031 0.026 0.011 0.026 0.007 0.027 0.014 1    
276:  0.006 0.011 0.011 0.006 0.014 0.008 0.012 0.037 0.851 0.008 0.012 0.007 0.006 0.011 1    
277:  0.017 0.039 0.020 0.012 0.012 0.016 0.488 0.029 0.017 0.012 0.275 0.026 0.015 0.023 1    
278:  0.007 0.007 0.006 0.008 0.006 0.005 0.014 0.005 0.907 0.004 0.007 0.012 0.005 0.007 1    
279:  0.020 0.039 0.132 0.014 0.007 0.018 0.568 0.021 0.017 0.013 0.045 0.034 0.015 0.057 1    
280:  0.006 0.007 0.008 0.008 0.008 0.005 0.016 0.011 0.897 0.004 0.008 0.007 0.006 0.008 1    
281:  0.010 0.037 0.160 0.029 0.019 0.021 0.295 0.061 0.061 0.027 0.101 0.040 0.013 0.126 1    
282:  0.006 0.005 0.005 0.010 0.004 0.005 0.007 0.012 0.909 0.005 0.011 0.008 0.004 0.009 1    
283:  0.006 0.007 0.009 0.006 0.009 0.011 0.012 0.088 0.815 0.005 0.012 0.007 0.005 0.008 1    
284:  0.010 0.015 0.015 0.012 0.010 0.016 0.070 0.018 0.774 0.014 0.008 0.016 0.015 0.007 1    
285:  0.007 0.015 0.016 0.013 0.006 0.005 0.008 0.007 0.871 0.007 0.006 0.013 0.018 0.007 1    
286:  0.012 0.017 0.014 0.013 0.035 0.010 0.009 0.014 0.794 0.009 0.015 0.014 0.030 0.015 1    
287:  0.014 0.041 0.008 0.009 0.013 0.012 0.005 0.031 0.730 0.019 0.013 0.006 0.093 0.007 1    
288:  0.008 0.012 0.023 0.010 0.012 0.010 0.007 0.014 0.797 0.021 0.008 0.011 0.060 0.008 1    
289:  0.009 0.029 0.016 0.008 0.006 0.017 0.010 0.020 0.786 0.010 0.004 0.015 0.063 0.005 1    
290:  0.015 0.017 0.007 0.008 0.012 0.023 0.006 0.021 0.662 0.012 0.009 0.006 0.192 0.010 1    
291:  0.015 0.014 0.008 0.009 0.077 0.011 0.006 0.015 0.766 0.009 0.015 0.014 0.029 0.012 1    
292:  0.005 0.010 0.018 0.007 0.010 0.007 0.006 0.010 0.798 0.008 0.005 0.009 0.100 0.007 1    
293:  0.011 0.013 0.022 0.010 0.016 0.021 0.757 0.008 0.010 0.089 0.011 0.009 0.013 0.011 1    
294:  0.011 0.028 0.045 0.007 0.007 0.005 0.748 0.006 0.011 0.087 0.013 0.009 0.009 0.014 1    
295:  0.012 0.014 0.016 0.032 0.013 0.116 0.442 0.006 0.008 0.253 0.009 0.043 0.016 0.020 1    
296:  0.013 0.017 0.061 0.034 0.036 0.042 0.464 0.008 0.009 0.251 0.011 0.016 0.008 0.031 1    
297:  0.005 0.013 0.008 0.126 0.024 0.030 0.706 0.010 0.007 0.034 0.007 0.014 0.007 0.010 1    
298:  0.005 0.010 0.007 0.037 0.033 0.061 0.656 0.010 0.006 0.097 0.008 0.017 0.045 0.007 1    
299:  0.008 0.024 0.032 0.011 0.006 0.008 0.845 0.007 0.011 0.018 0.009 0.007 0.008 0.007 1    
300:  0.007 0.011 0.011 0.025 0.029 0.081 0.686 0.013 0.006 0.093 0.005 0.012 0.011 0.009 1    
301:  0.008 0.012 0.057 0.012 0.008 0.009 0.017 0.664 0.119 0.022 0.017 0.014 0.023 0.016 1    
302:  0.013 0.049 0.065 0.014 0.028 0.018 0.027 0.126 0.549 0.020 0.008 0.013 0.062 0.007 1    
303:  0.011 0.021 0.042 0.017 0.006 0.017 0.020 0.665 0.026 0.048 0.019 0.015 0.055 0.037 1    
304:  0.013 0.030 0.049 0.010 0.052 0.010 0.025 0.024 0.706 0.011 0.009 0.012 0.029 0.020 1    
305:  0.006 0.007 0.033 0.007 0.011 0.009 0.009 0.859 0.014 0.006 0.009 0.006 0.012 0.014 1    
306:  0.020 0.012 0.020 0.006 0.022 0.012 0.036 0.049 0.787 0.005 0.010 0.006 0.007 0.009 1    
307:  0.013 0.020 0.038 0.019 0.006 0.014 0.029 0.527 0.158 0.054 0.047 0.024 0.037 0.013 1    
308:  0.007 0.006 0.085 0.050 0.014 0.025 0.030 0.011 0.673 0.007 0.022 0.016 0.007 0.045 1    
309:  0.008 0.006 0.014 0.005 0.007 0.009 0.008 0.891 0.013 0.005 0.014 0.006 0.005 0.009 1    
310:  0.015 0.019 0.026 0.005 0.014 0.007 0.017 0.016 0.833 0.007 0.006 0.006 0.023 0.008 1    
311:  0.006 0.010 0.052 0.008 0.014 0.008 0.012 0.807 0.019 0.013 0.012 0.008 0.010 0.021 1    
312:  0.022 0.029 0.087 0.022 0.199 0.051 0.094 0.109 0.148 0.009 0.037 0.022 0.007 0.165 1    
313:  0.011 0.009 0.116 0.011 0.029 0.008 0.018 0.632 0.042 0.014 0.009 0.012 0.020 0.070 1    
314:  0.016 0.019 0.028 0.014 0.021 0.019 0.022 0.019 0.785 0.010 0.013 0.013 0.011 0.010 1    
315:  0.011 0.009 0.016 0.009 0.008 0.014 0.025 0.822 0.017 0.012 0.018 0.007 0.009 0.024 1    
316:  0.013 0.028 0.350 0.039 0.026 0.031 0.030 0.030 0.224 0.016 0.017 0.014 0.100 0.082 1    
317:  0.010 0.010 0.049 0.013 0.008 0.009 0.018 0.692 0.086 0.035 0.017 0.008 0.014 0.033 1    
318:  0.031 0.015 0.816 0.006 0.009 0.043 0.008 0.014 0.010 0.009 0.010 0.007 0.012 0.010 1    
319:  0.008 0.012 0.872 0.011 0.008 0.014 0.008 0.014 0.005 0.006 0.005 0.011 0.009 0.015 1    
320:  0.006 0.010 0.904 0.008 0.009 0.008 0.006 0.010 0.007 0.005 0.006 0.007 0.006 0.008 1    
321:  0.008 0.008 0.910 0.007 0.005 0.005 0.015 0.005 0.009 0.005 0.009 0.005 0.003 0.006 1    
322:  0.006 0.006 0.931 0.005 0.004 0.006 0.007 0.005 0.005 0.004 0.006 0.005 0.004 0.006 1    
323:  0.008 0.009 0.896 0.007 0.010 0.014 0.009 0.006 0.011 0.005 0.006 0.007 0.007 0.007 1    
324:  0.005 0.008 0.886 0.011 0.014 0.010 0.009 0.007 0.017 0.006 0.004 0.006 0.007 0.009 1    
325:  0.017 0.011 0.851 0.008 0.016 0.012 0.012 0.006 0.024 0.007 0.008 0.011 0.007 0.009 1    
326:  0.008 0.017 0.809 0.020 0.010 0.009 0.013 0.010 0.037 0.006 0.011 0.024 0.020 0.006 1    
327:  0.016 0.030 0.723 0.023 0.020 0.029 0.007 0.013 0.059 0.005 0.016 0.025 0.026 0.008 1    
328:  0.033 0.145 0.011 0.071 0.224 0.030 0.108 0.028 0.023 0.036 0.061 0.013 0.202 0.017 1    
329:  0.017 0.042 0.012 0.056 0.039 0.025 0.590 0.012 0.085 0.012 0.044 0.014 0.033 0.017 1    
330:  0.023 0.032 0.037 0.027 0.533 0.024 0.119 0.021 0.045 0.016 0.025 0.077 0.009 0.014 1    
331:  0.153 0.064 0.025 0.047 0.114 0.027 0.300 0.023 0.048 0.039 0.097 0.017 0.029 0.019 1    
332:  0.013 0.020 0.134 0.044 0.145 0.031 0.093 0.019 0.332 0.006 0.013 0.115 0.006 0.027 1    
333:  0.023 0.120 0.015 0.058 0.103 0.038 0.380 0.020 0.044 0.018 0.101 0.027 0.022 0.032 1    
334:  0.102 0.041 0.035 0.243 0.014 0.024 0.011 0.086 0.009 0.011 0.328 0.020 0.012 0.063 1    
335:  0.131 0.022 0.018 0.039 0.020 0.011 0.020 0.066 0.424 0.065 0.140 0.012 0.014 0.019 1    
336:  0.015 0.047 0.051 0.371 0.009 0.009 0.004 0.041 0.374 0.013 0.030 0.007 0.019 0.009 1    
337:  0.137 0.025 0.028 0.030 0.016 0.011 0.015 0.036 0.036 0.011 0.584 0.030 0.033 0.010 1    
338:  0.103 0.012 0.014 0.140 0.008 0.008 0.012 0.020 0.206 0.005 0.385 0.034 0.012 0.041 1    
339:  0.008 0.020 0.016 0.113 0.009 0.005 0.007 0.082 0.648 0.005 0.028 0.032 0.011 0.017 1    
340:  0.027 0.009 0.034 0.014 0.007 0.006 0.009 0.027 0.832 0.004 0.011 0.007 0.006 0.007 1    
341:  0.052 0.016 0.078 0.006 0.016 0.016 0.016 0.010 0.008 0.007 0.062 0.010 0.011 0.692 1    
342:  0.029 0.080 0.036 0.007 0.053 0.017 0.590 0.016 0.028 0.009 0.020 0.011 0.033 0.070 1    
343:  0.140 0.111 0.052 0.005 0.040 0.012 0.131 0.008 0.034 0.006 0.014 0.012 0.008 0.427 1    
344:  0.168 0.104 0.046 0.009 0.019 0.029 0.053 0.023 0.010 0.031 0.091 0.042 0.027 0.349 1    
345:  0.021 0.029 0.162 0.007 0.014 0.016 0.183 0.018 0.069 0.006 0.030 0.009 0.024 0.413 1    
346:  0.049 0.265 0.064 0.017 0.078 0.011 0.090 0.026 0.044 0.117 0.063 0.018 0.014 0.146 1    
347:  0.016 0.041 0.072 0.025 0.144 0.007 0.152 0.035 0.025 0.011 0.238 0.081 0.009 0.144 1    
348:  0.033 0.109 0.267 0.027 0.031 0.018 0.066 0.105 0.110 0.117 0.012 0.051 0.013 0.040 1    
349:  0.016 0.141 0.015 0.015 0.403 0.010 0.044 0.019 0.017 0.055 0.125 0.047 0.011 0.083 1    
350:  0.034 0.551 0.142 0.010 0.012 0.005 0.056 0.056 0.012 0.019 0.034 0.033 0.008 0.029 1    
351:  0.034 0.154 0.286 0.021 0.016 0.010 0.109 0.033 0.012 0.010 0.236 0.021 0.016 0.042 1    
352:  0.012 0.039 0.028 0.030 0.405 0.052 0.039 0.040 0.044 0.098 0.055 0.043 0.011 0.105 1    
353:  0.043 0.180 0.040 0.077 0.197 0.011 0.038 0.110 0.023 0.093 0.076 0.019 0.031 0.062 1    
354:  0.080 0.361 0.079 0.014 0.058 0.012 0.059 0.024 0.024 0.112 0.048 0.013 0.019 0.096 1    
355:  0.005 0.008 0.068 0.061 0.075 0.040 0.176 0.065 0.395 0.018 0.021 0.011 0.033 0.022 1    
356:  0.005 0.006 0.015 0.015 0.008 0.009 0.027 0.010 0.859 0.005 0.014 0.006 0.006 0.015 1    
357:  0.006 0.005 0.006 0.007 0.008 0.008 0.017 0.045 0.856 0.004 0.012 0.007 0.006 0.012 1    
358:  0.005 0.005 0.008 0.008 0.016 0.008 0.035 0.020 0.848 0.018 0.005 0.006 0.011 0.006 1    
359:  0.013 0.013 0.112 0.012 0.035 0.019 0.111 0.018 0.602 0.009 0.012 0.013 0.019 0.012 1    
360:  0.015 0.015 0.115 0.016 0.064 0.010 0.252 0.020 0.407 0.009 0.018 0.021 0.027 0.011 1    
361:  0.006 0.007 0.006 0.012 0.022 0.011 0.044 0.016 0.819 0.021 0.006 0.008 0.016 0.008 1    
362:  0.006 0.018 0.043 0.014 0.070 0.007 0.075 0.009 0.692 0.023 0.005 0.008 0.025 0.004 1    
363:  0.007 0.005 0.005 0.007 0.009 0.007 0.021 0.015 0.889 0.005 0.008 0.005 0.007 0.009 1    
364:  0.011 0.204 0.034 0.070 0.018 0.186 0.124 0.012 0.018 0.083 0.072 0.010 0.027 0.132 1    
365:  0.009 0.077 0.010 0.052 0.015 0.556 0.036 0.019 0.027 0.061 0.048 0.011 0.022 0.059 1    
366:  0.009 0.015 0.010 0.017 0.014 0.721 0.011 0.119 0.007 0.021 0.014 0.022 0.009 0.011 1    
367:  0.009 0.095 0.021 0.090 0.018 0.284 0.019 0.035 0.025 0.042 0.062 0.011 0.009 0.281 1    
368:  0.010 0.025 0.016 0.021 0.015 0.804 0.020 0.009 0.009 0.027 0.012 0.009 0.013 0.010 1    
369:  0.006 0.029 0.019 0.027 0.010 0.624 0.017 0.019 0.017 0.105 0.019 0.008 0.026 0.073 1    
370:  0.020 0.117 0.020 0.029 0.055 0.635 0.021 0.009 0.010 0.024 0.015 0.013 0.011 0.019 1    
371:  0.006 0.012 0.015 0.011 0.009 0.827 0.009 0.010 0.006 0.017 0.012 0.009 0.006 0.052 1    
372:  0.025 0.086 0.009 0.127 0.054 0.339 0.021 0.070 0.012 0.146 0.041 0.014 0.025 0.032 1    
373:  0.004 0.006 0.825 0.009 0.014 0.011 0.017 0.015 0.016 0.013 0.005 0.007 0.049 0.009 1    
374:  0.013 0.022 0.556 0.021 0.057 0.016 0.127 0.026 0.059 0.013 0.008 0.021 0.034 0.026 1    
375:  0.014 0.027 0.720 0.006 0.018 0.023 0.012 0.005 0.006 0.006 0.006 0.008 0.134 0.016 1    
376:  0.012 0.021 0.885 0.007 0.008 0.006 0.013 0.005 0.006 0.006 0.004 0.008 0.010 0.009 1    
377:  0.006 0.025 0.821 0.007 0.010 0.008 0.061 0.006 0.009 0.005 0.004 0.015 0.015 0.009 1    
378:  0.011 0.008 0.743 0.009 0.060 0.009 0.026 0.007 0.011 0.026 0.009 0.015 0.035 0.031 1    
379:  0.023 0.841 0.007 0.006 0.011 0.006 0.035 0.005 0.007 0.021 0.020 0.005 0.006 0.007 1    
380:  0.009 0.025 0.343 0.017 0.037 0.010 0.193 0.025 0.024 0.008 0.019 0.051 0.113 0.126 1    
381:  0.009 0.024 0.135 0.053 0.026 0.049 0.043 0.013 0.062 0.480 0.047 0.039 0.011 0.010 1    
382:  0.007 0.116 0.013 0.020 0.033 0.017 0.019 0.084 0.053 0.409 0.021 0.145 0.048 0.015 1    
383:  0.005 0.022 0.026 0.048 0.021 0.022 0.012 0.011 0.062 0.561 0.015 0.174 0.012 0.008 1    
384:  0.009 0.025 0.013 0.020 0.058 0.027 0.012 0.059 0.044 0.675 0.005 0.023 0.020 0.010 1    
385:  0.014 0.084 0.043 0.025 0.022 0.029 0.040 0.015 0.024 0.608 0.031 0.033 0.013 0.019 1    
386:  0.009 0.019 0.024 0.119 0.024 0.035 0.006 0.011 0.041 0.608 0.015 0.058 0.016 0.014 1    
387:  0.032 0.015 0.580 0.031 0.011 0.099 0.014 0.015 0.015 0.010 0.010 0.105 0.021 0.043 1    
388:  0.027 0.065 0.096 0.148 0.062 0.141 0.111 0.033 0.117 0.016 0.016 0.040 0.009 0.118 1    
389:  0.036 0.015 0.350 0.013 0.015 0.049 0.010 0.270 0.023 0.008 0.013 0.023 0.048 0.128 1    
390:  0.006 0.009 0.918 0.006 0.006 0.005 0.007 0.006 0.010 0.004 0.005 0.006 0.007 0.005 1    
391:  0.014 0.015 0.852 0.011 0.012 0.006 0.022 0.007 0.023 0.007 0.007 0.008 0.006 0.009 1    
392:  0.024 0.015 0.051 0.087 0.032 0.056 0.025 0.007 0.010 0.005 0.018 0.031 0.024 0.614 1    
393:  0.006 0.010 0.804 0.040 0.013 0.006 0.034 0.007 0.037 0.006 0.006 0.008 0.008 0.012 1    
394:  0.006 0.011 0.007 0.009 0.907 0.006 0.008 0.004 0.005 0.006 0.006 0.007 0.007 0.010 1    
395:  0.008 0.006 0.017 0.014 0.809 0.033 0.010 0.011 0.007 0.026 0.025 0.010 0.007 0.017 1    
396:  0.016 0.016 0.008 0.009 0.881 0.006 0.011 0.007 0.006 0.006 0.007 0.011 0.010 0.005 1    
397:  0.009 0.027 0.018 0.013 0.798 0.013 0.017 0.006 0.007 0.011 0.008 0.007 0.049 0.017 1    
398:  0.005 0.006 0.014 0.009 0.862 0.011 0.009 0.008 0.008 0.021 0.019 0.008 0.011 0.009 1    
399:  0.006 0.007 0.017 0.014 0.868 0.010 0.012 0.011 0.006 0.011 0.008 0.008 0.011 0.010 1    
400:  0.008 0.010 0.007 0.011 0.831 0.006 0.014 0.007 0.011 0.028 0.008 0.005 0.049 0.006 1    
401:  0.013 0.011 0.005 0.007 0.895 0.003 0.013 0.004 0.007 0.014 0.011 0.006 0.006 0.004 1    
402:  0.018 0.010 0.016 0.010 0.022 0.705 0.009 0.007 0.008 0.020 0.018 0.012 0.019 0.127 1    
403:  0.016 0.006 0.098 0.052 0.039 0.635 0.011 0.012 0.011 0.023 0.010 0.011 0.025 0.050 1    
404:  0.011 0.005 0.092 0.053 0.029 0.666 0.010 0.013 0.011 0.021 0.013 0.012 0.022 0.044 1    
405:  0.141 0.011 0.134 0.007 0.039 0.131 0.012 0.073 0.008 0.036 0.088 0.010 0.263 0.046 1    
406:  0.021 0.004 0.203 0.019 0.017 0.636 0.013 0.015 0.010 0.007 0.027 0.007 0.013 0.007 1    
407:  0.019 0.004 0.187 0.020 0.022 0.655 0.013 0.016 0.009 0.008 0.020 0.006 0.015 0.006 1    
408:  0.042 0.022 0.015 0.015 0.091 0.127 0.020 0.133 0.024 0.018 0.065 0.169 0.033 0.227 1    
409:  0.096 0.048 0.185 0.021 0.027 0.029 0.042 0.032 0.019 0.018 0.014 0.017 0.065 0.386 1    
410:  0.022 0.034 0.035 0.026 0.505 0.015 0.097 0.020 0.059 0.025 0.056 0.041 0.006 0.059 1    
411:  0.097 0.030 0.133 0.012 0.253 0.032 0.204 0.023 0.041 0.005 0.019 0.073 0.016 0.063 1    
412:  0.022 0.061 0.098 0.045 0.040 0.017 0.015 0.021 0.017 0.057 0.020 0.033 0.007 0.546 1    
413:  0.023 0.146 0.147 0.018 0.142 0.010 0.075 0.055 0.100 0.014 0.022 0.043 0.089 0.116 1    
414:  0.041 0.085 0.106 0.011 0.119 0.013 0.137 0.051 0.327 0.010 0.042 0.010 0.020 0.029 1    
415:  0.076 0.054 0.038 0.063 0.401 0.015 0.031 0.078 0.040 0.023 0.017 0.044 0.008 0.113 1    
416:  0.007 0.006 0.012 0.006 0.826 0.018 0.006 0.034 0.007 0.041 0.009 0.009 0.009 0.010 1    
