1:    0.008 0.218 0.774 1    
2:    0.009 0.699 0.293 1    
3:    0.006 0.783 0.211 1    
4:    0.041 0.514 0.445 1    
5:    0.010 0.825 0.165 1    
6:    0.008 0.405 0.586 1    
7:    0.012 0.289 0.699 1    
8:    0.037 0.091 0.871 1    
9:    0.008 0.352 0.640 1    
10:   0.009 0.405 0.585 1    
11:   0.006 0.919 0.076 1    
12:   0.016 0.850 0.135 1    
13:   0.005 0.445 0.550 1    
14:   0.017 0.830 0.152 1    
15:   0.020 0.660 0.321 1    
16:   0.011 0.474 0.515 1    
17:   0.015 0.755 0.230 1    
18:   0.059 0.732 0.209 1    
19:   0.009 0.277 0.714 1    
20:   0.012 0.064 0.924 1    
21:   0.009 0.431 0.560 1    
22:   0.007 0.063 0.931 1    
23:   0.035 0.836 0.130 1    
24:   0.011 0.836 0.152 1    
25:   0.019 0.712 0.268 1    
26:   0.007 0.913 0.079 1    
27:   0.007 0.334 0.659 1    
28:   0.027 0.324 0.649 1    
29:   0.047 0.208 0.745 1    
30:   0.012 0.889 0.099 1    
31:   0.006 0.158 0.836 1    
32:   0.038 0.920 0.043 1    
33:   0.027 0.297 0.676 1    
34:   0.007 0.227 0.766 1    
35:   0.140 0.554 0.306 1    
36:   0.019 0.437 0.544 1    
37:   0.012 0.388 0.600 1    
38:   0.277 0.112 0.611 1    
39:   0.011 0.393 0.596 1    
40:   0.031 0.774 0.194 1    
41:   0.018 0.288 0.694 1    
42:   0.010 0.211 0.779 1    
43:   0.008 0.877 0.115 1    
44:   0.012 0.430 0.558 1    
45:   0.094 0.325 0.581 1    
46:   0.011 0.743 0.246 1    
47:   0.006 0.978 0.017 1    
48:   0.006 0.981 0.013 1    
49:   0.015 0.213 0.772 1    
50:   0.005 0.965 0.030 1    
51:   0.012 0.262 0.726 1    
52:   0.345 0.496 0.159 1    
53:   0.015 0.438 0.547 1    
54:   0.011 0.938 0.051 1    
55:   0.010 0.074 0.917 1    
56:   0.015 0.523 0.462 1    
57:   0.006 0.152 0.842 1    
58:   0.041 0.435 0.524 1    
59:   0.129 0.250 0.621 1    
60:   0.017 0.160 0.823 1    
61:   0.006 0.070 0.924 1    
62:   0.020 0.496 0.483 1    
63:   0.008 0.545 0.447 1    
64:   0.008 0.545 0.447 1    
65:   0.032 0.884 0.084 1    
66:   0.022 0.584 0.394 1    
67:   0.014 0.290 0.695 1    
68:   0.023 0.361 0.616 1    
69:   0.046 0.527 0.427 1    
70:   0.009 0.177 0.814 1    
71:   0.012 0.097 0.891 1    
72:   0.128 0.236 0.637 1    
73:   0.007 0.806 0.187 1    
74:   0.057 0.374 0.568 1    
75:   0.011 0.654 0.335 1    
76:   0.008 0.644 0.348 1    
77:   0.020 0.162 0.818 1    
78:   0.014 0.380 0.606 1    
79:   0.015 0.653 0.332 1    
80:   0.006 0.923 0.071 1    
81:   0.008 0.273 0.719 1    
82:   0.009 0.133 0.858 1    
83:   0.005 0.204 0.790 1    
84:   0.015 0.607 0.378 1    
85:   0.009 0.340 0.651 1    
86:   0.008 0.475 0.517 1    
87:   0.009 0.618 0.373 1    
88:   0.030 0.413 0.557 1    
89:   0.014 0.776 0.209 1    
90:   0.014 0.867 0.119 1    
91:   0.061 0.291 0.647 1    
92:   0.010 0.175 0.815 1    
93:   0.021 0.065 0.914 1    
94:   0.013 0.036 0.951 1    
95:   0.008 0.594 0.398 1    
96:   0.012 0.462 0.526 1    
97:   0.038 0.778 0.183 1    
98:   0.015 0.898 0.087 1    
99:   0.104 0.438 0.457 1    
100:  0.023 0.901 0.076 1    
101:  0.026 0.328 0.647 1    
102:  0.009 0.094 0.896 1    
103:  0.005 0.106 0.889 1    
104:  0.004 0.864 0.132 1    
105:  0.044 0.067 0.888 1    
106:  0.023 0.482 0.495 1    
107:  0.015 0.084 0.902 1    
108:  0.015 0.936 0.049 1    
109:  0.066 0.648 0.287 1    
110:  0.041 0.587 0.372 1    
111:  0.114 0.218 0.668 1    
112:  0.030 0.027 0.943 1    
113:  0.467 0.136 0.397 1    
114:  0.012 0.184 0.804 1    
115:  0.138 0.046 0.816 1    
116:  0.987 0.007 0.006 1    
117:  0.979 0.010 0.011 1    
118:  0.989 0.005 0.006 1    
119:  0.982 0.008 0.010 1    
120:  0.988 0.006 0.006 1    
121:  0.989 0.005 0.006 1    
122:  0.987 0.006 0.006 1    
123:  0.978 0.011 0.012 1    
124:  0.989 0.006 0.005 1    
125:  0.992 0.004 0.004 1    
126:  0.013 0.707 0.280 1    
127:  0.018 0.280 0.702 1    
128:  0.017 0.609 0.374 1    
129:  0.121 0.539 0.340 1    
130:  0.006 0.682 0.312 1    
131:  0.016 0.338 0.646 1    
132:  0.049 0.169 0.781 1    
133:  0.019 0.091 0.890 1    
134:  0.019 0.842 0.139 1    
135:  0.133 0.634 0.233 1    
136:  0.017 0.315 0.668 1    
137:  0.007 0.418 0.575 1    
138:  0.015 0.228 0.758 1    
139:  0.020 0.743 0.237 1    
140:  0.012 0.891 0.097 1    
141:  0.014 0.376 0.610 1    
142:  0.011 0.712 0.277 1    
143:  0.066 0.228 0.706 1    
144:  0.021 0.907 0.072 1    
145:  0.015 0.927 0.057 1    
146:  0.016 0.880 0.104 1    
147:  0.032 0.654 0.314 1    
148:  0.010 0.551 0.440 1    
149:  0.170 0.311 0.519 1    
150:  0.058 0.489 0.453 1    
151:  0.006 0.050 0.943 1    
152:  0.014 0.505 0.481 1    
153:  0.034 0.149 0.817 1    
154:  0.021 0.255 0.724 1    
155:  0.018 0.345 0.637 1    
156:  0.020 0.354 0.626 1    
157:  0.016 0.092 0.893 1    
158:  0.018 0.939 0.043 1    
159:  0.011 0.945 0.044 1    
160:  0.018 0.438 0.543 1    
161:  0.009 0.483 0.508 1    
162:  0.038 0.862 0.099 1    
163:  0.017 0.853 0.130 1    
164:  0.016 0.441 0.543 1    
165:  0.005 0.401 0.593 1    
166:  0.044 0.591 0.366 1    
167:  0.307 0.100 0.593 1    
168:  0.011 0.571 0.418 1    
              
              
1:    0.032 0.666 0.303 1    
2:    0.022 0.317 0.661 1    
3:    0.011 0.326 0.662 1    
4:    0.080 0.388 0.532 1    
5:    0.018 0.278 0.704 1    
6:    0.026 0.529 0.445 1    
7:    0.066 0.620 0.314 1    
8:    0.207 0.665 0.128 1    
9:    0.074 0.618 0.308 1    
10:   0.076 0.620 0.304 1    
11:   0.016 0.221 0.764 1    
12:   0.035 0.281 0.684 1    
13:   0.015 0.515 0.469 1    
14:   0.036 0.276 0.688 1    
15:   0.062 0.396 0.541 1    
16:   0.021 0.417 0.562 1    
17:   0.027 0.259 0.714 1    
18:   0.099 0.284 0.617 1    
19:   0.021 0.517 0.462 1    
20:   0.037 0.708 0.255 1    
21:   0.057 0.556 0.387 1    
22:   0.015 0.641 0.344 1    
23:   0.079 0.271 0.650 1    
24:   0.037 0.352 0.610 1    
25:   0.059 0.278 0.663 1    
26:   0.020 0.282 0.698 1    
27:   0.013 0.457 0.529 1    
28:   0.111 0.568 0.321 1    
29:   0.100 0.468 0.432 1    
30:   0.021 0.261 0.718 1    
31:   0.017 0.671 0.313 1    
32:   0.056 0.211 0.732 1    
33:   0.062 0.480 0.458 1    
34:   0.033 0.604 0.363 1    
35:   0.264 0.325 0.411 1    
36:   0.101 0.582 0.318 1    
37:   0.028 0.569 0.403 1    
38:   0.458 0.472 0.071 1    
39:   0.039 0.473 0.488 1    
40:   0.048 0.188 0.764 1    
41:   0.055 0.562 0.383 1    
42:   0.029 0.531 0.439 1    
43:   0.020 0.160 0.820 1    
44:   0.039 0.475 0.486 1    
45:   0.186 0.409 0.405 1    
46:   0.025 0.325 0.650 1    
47:   0.011 0.233 0.756 1    
48:   0.008 0.225 0.766 1    
49:   0.043 0.553 0.404 1    
50:   0.010 0.233 0.756 1    
51:   0.039 0.553 0.408 1    
52:   0.438 0.201 0.361 1    
53:   0.056 0.494 0.450 1    
54:   0.022 0.225 0.753 1    
55:   0.033 0.700 0.268 1    
56:   0.036 0.423 0.541 1    
57:   0.079 0.703 0.218 1    
58:   0.162 0.470 0.368 1    
59:   0.327 0.463 0.210 1    
60:   0.187 0.567 0.245 1    
61:   0.173 0.706 0.122 1    
62:   0.073 0.432 0.495 1    
63:   0.024 0.452 0.524 1    
64:   0.023 0.378 0.598 1    
65:   0.069 0.242 0.689 1    
66:   0.094 0.286 0.620 1    
67:   0.094 0.638 0.268 1    
68:   0.079 0.574 0.347 1    
69:   0.189 0.398 0.413 1    
70:   0.102 0.697 0.200 1    
71:   0.055 0.677 0.268 1    
72:   0.242 0.577 0.181 1    
73:   0.016 0.323 0.661 1    
74:   0.174 0.426 0.400 1    
75:   0.039 0.320 0.641 1    
76:   0.026 0.364 0.610 1    
77:   0.158 0.680 0.162 1    
78:   0.089 0.582 0.329 1    
79:   0.041 0.334 0.626 1    
80:   0.014 0.236 0.750 1    
81:   0.025 0.680 0.296 1    
82:   0.041 0.767 0.192 1    
83:   0.033 0.745 0.222 1    
84:   0.059 0.396 0.545 1    
85:   0.025 0.484 0.491 1    
86:   0.022 0.472 0.506 1    
87:   0.028 0.500 0.472 1    
88:   0.156 0.506 0.338 1    
89:   0.046 0.297 0.658 1    
90:   0.028 0.212 0.760 1    
91:   0.193 0.591 0.215 1    
92:   0.104 0.660 0.235 1    
93:   0.151 0.689 0.160 1    
94:   0.139 0.739 0.122 1    
95:   0.021 0.403 0.576 1    
96:   0.100 0.556 0.344 1    
97:   0.115 0.296 0.588 1    
98:   0.035 0.222 0.743 1    
99:   0.176 0.332 0.492 1    
100:  0.049 0.209 0.742 1    
101:  0.161 0.533 0.307 1    
102:  0.104 0.741 0.155 1    
103:  0.113 0.689 0.198 1    
104:  0.012 0.224 0.763 1    
105:  0.272 0.649 0.079 1    
106:  0.080 0.436 0.484 1    
107:  0.074 0.685 0.241 1    
108:  0.025 0.261 0.714 1    
109:  0.127 0.334 0.540 1    
110:  0.154 0.419 0.427 1    
111:  0.222 0.538 0.241 1    
112:  0.245 0.688 0.067 1    
113:  0.569 0.299 0.132 1    
114:  0.079 0.625 0.296 1    
115:  0.329 0.604 0.067 1    
116:  0.976 0.012 0.012 1    
117:  0.957 0.021 0.022 1    
118:  0.978 0.011 0.011 1    
119:  0.970 0.014 0.016 1    
120:  0.978 0.010 0.011 1    
121:  0.980 0.009 0.011 1    
122:  0.976 0.012 0.012 1    
123:  0.961 0.020 0.019 1    
124:  0.976 0.012 0.012 1    
125:  0.984 0.008 0.008 1    
126:  0.033 0.343 0.624 1    
127:  0.094 0.596 0.310 1    
128:  0.080 0.466 0.454 1    
129:  0.224 0.339 0.437 1    
130:  0.014 0.326 0.661 1    
131:  0.046 0.473 0.480 1    
132:  0.241 0.624 0.134 1    
133:  0.213 0.687 0.100 1    
134:  0.059 0.212 0.729 1    
135:  0.181 0.261 0.558 1    
136:  0.059 0.531 0.411 1    
137:  0.019 0.530 0.451 1    
138:  0.067 0.555 0.379 1    
139:  0.056 0.234 0.711 1    
140:  0.028 0.206 0.766 1    
141:  0.051 0.567 0.383 1    
142:  0.035 0.356 0.609 1    
143:  0.135 0.527 0.338 1    
144:  0.048 0.165 0.787 1    
145:  0.049 0.236 0.715 1    
146:  0.031 0.141 0.828 1    
147:  0.060 0.238 0.702 1    
148:  0.031 0.337 0.632 1    
149:  0.312 0.416 0.273 1    
150:  0.152 0.427 0.421 1    
151:  0.158 0.715 0.127 1    
152:  0.048 0.536 0.416 1    
153:  0.215 0.665 0.121 1    
154:  0.136 0.595 0.269 1    
155:  0.081 0.542 0.377 1    
156:  0.070 0.502 0.428 1    
157:  0.175 0.690 0.135 1    
158:  0.035 0.235 0.730 1    
159:  0.031 0.195 0.774 1    
160:  0.055 0.490 0.455 1    
161:  0.039 0.568 0.393 1    
162:  0.070 0.250 0.680 1    
163:  0.043 0.318 0.638 1    
164:  0.074 0.520 0.405 1    
165:  0.022 0.581 0.397 1    
166:  0.087 0.346 0.567 1    
167:  0.434 0.472 0.094 1    
168:  0.037 0.462 0.501 1    
              
              
1:    0.543 0.007 0.450 1    
2:    0.594 0.009 0.397 1    
3:    0.555 0.005 0.440 1    
4:    0.429 0.039 0.532 1    
5:    0.681 0.010 0.309 1    
6:    0.576 0.010 0.414 1    
7:    0.387 0.013 0.600 1    
8:    0.335 0.045 0.620 1    
9:    0.566 0.008 0.425 1    
10:   0.567 0.007 0.425 1    
11:   0.666 0.006 0.328 1    
12:   0.591 0.016 0.393 1    
13:   0.540 0.006 0.455 1    
14:   0.577 0.016 0.407 1    
15:   0.552 0.024 0.424 1    
16:   0.583 0.010 0.408 1    
17:   0.477 0.020 0.504 1    
18:   0.456 0.056 0.487 1    
19:   0.502 0.012 0.485 1    
20:   0.419 0.012 0.569 1    
21:   0.585 0.012 0.403 1    
22:   0.247 0.006 0.747 1    
23:   0.618 0.033 0.348 1    
24:   0.546 0.015 0.439 1    
25:   0.445 0.020 0.535 1    
26:   0.618 0.008 0.374 1    
27:   0.567 0.007 0.425 1    
28:   0.531 0.032 0.437 1    
29:   0.343 0.048 0.609 1    
30:   0.546 0.012 0.442 1    
31:   0.439 0.007 0.554 1    
32:   0.619 0.031 0.349 1    
33:   0.260 0.031 0.710 1    
34:   0.465 0.007 0.527 1    
35:   0.483 0.202 0.315 1    
36:   0.464 0.027 0.509 1    
37:   0.344 0.010 0.646 1    
38:   0.268 0.326 0.406 1    
39:   0.465 0.011 0.524 1    
40:   0.498 0.027 0.475 1    
41:   0.444 0.027 0.529 1    
42:   0.256 0.011 0.733 1    
43:   0.489 0.009 0.502 1    
44:   0.350 0.014 0.637 1    
45:   0.328 0.121 0.551 1    
46:   0.613 0.010 0.377 1    
47:   0.678 0.006 0.316 1    
48:   0.672 0.005 0.323 1    
49:   0.322 0.020 0.658 1    
50:   0.672 0.004 0.324 1    
51:   0.365 0.011 0.624 1    
52:   0.349 0.367 0.284 1    
53:   0.520 0.018 0.463 1    
54:   0.649 0.016 0.335 1    
55:   0.361 0.012 0.627 1    
56:   0.497 0.014 0.489 1    
57:   0.412 0.006 0.582 1    
58:   0.454 0.042 0.504 1    
59:   0.337 0.163 0.500 1    
60:   0.365 0.019 0.617 1    
61:   0.395 0.006 0.599 1    
62:   0.347 0.027 0.626 1    
63:   0.552 0.009 0.439 1    
64:   0.543 0.009 0.448 1    
65:   0.489 0.038 0.473 1    
66:   0.364 0.027 0.609 1    
67:   0.317 0.018 0.665 1    
68:   0.442 0.020 0.538 1    
69:   0.408 0.058 0.534 1    
70:   0.457 0.010 0.533 1    
71:   0.392 0.016 0.592 1    
72:   0.259 0.136 0.606 1    
73:   0.615 0.007 0.378 1    
74:   0.392 0.053 0.555 1    
75:   0.512 0.010 0.478 1    
76:   0.478 0.008 0.514 1    
77:   0.493 0.028 0.479 1    
78:   0.477 0.015 0.507 1    
79:   0.474 0.015 0.511 1    
80:   0.622 0.007 0.371 1    
81:   0.512 0.007 0.481 1    
82:   0.470 0.007 0.523 1    
83:   0.508 0.006 0.487 1    
84:   0.552 0.017 0.431 1    
85:   0.347 0.011 0.642 1    
86:   0.562 0.009 0.429 1    
87:   0.583 0.009 0.408 1    
88:   0.500 0.032 0.468 1    
89:   0.585 0.018 0.397 1    
90:   0.469 0.014 0.517 1    
91:   0.454 0.071 0.476 1    
92:   0.418 0.013 0.569 1    
93:   0.393 0.032 0.575 1    
94:   0.336 0.015 0.649 1    
95:   0.475 0.007 0.517 1    
96:   0.557 0.015 0.428 1    
97:   0.596 0.057 0.347 1    
98:   0.622 0.015 0.363 1    
99:   0.479 0.106 0.415 1    
100:  0.624 0.024 0.352 1    
101:  0.490 0.031 0.479 1    
102:  0.301 0.009 0.689 1    
103:  0.416 0.005 0.579 1    
104:  0.557 0.005 0.438 1    
105:  0.346 0.050 0.604 1    
106:  0.473 0.028 0.499 1    
107:  0.319 0.018 0.663 1    
108:  0.607 0.016 0.376 1    
109:  0.432 0.065 0.503 1    
110:  0.519 0.043 0.438 1    
111:  0.421 0.124 0.455 1    
112:  0.350 0.028 0.622 1    
113:  0.168 0.503 0.329 1    
114:  0.456 0.020 0.524 1    
115:  0.349 0.117 0.534 1    
116:  0.006 0.987 0.007 1    
117:  0.013 0.976 0.011 1    
118:  0.005 0.988 0.006 1    
119:  0.008 0.983 0.009 1    
120:  0.005 0.989 0.006 1    
121:  0.006 0.989 0.005 1    
122:  0.007 0.986 0.008 1    
123:  0.011 0.975 0.014 1    
124:  0.006 0.989 0.006 1    
125:  0.004 0.991 0.005 1    
126:  0.517 0.016 0.467 1    
127:  0.473 0.019 0.507 1    
128:  0.349 0.017 0.635 1    
129:  0.334 0.138 0.529 1    
130:  0.592 0.007 0.401 1    
131:  0.442 0.015 0.542 1    
132:  0.431 0.055 0.514 1    
133:  0.418 0.018 0.564 1    
134:  0.459 0.018 0.523 1    
135:  0.393 0.135 0.472 1    
136:  0.464 0.016 0.519 1    
137:  0.611 0.007 0.382 1    
138:  0.479 0.015 0.505 1    
139:  0.562 0.022 0.416 1    
140:  0.495 0.011 0.494 1    
141:  0.509 0.011 0.479 1    
142:  0.536 0.009 0.456 1    
143:  0.303 0.066 0.631 1    
144:  0.497 0.021 0.482 1    
145:  0.464 0.020 0.515 1    
146:  0.545 0.019 0.437 1    
147:  0.566 0.031 0.403 1    
148:  0.594 0.012 0.394 1    
149:  0.351 0.193 0.456 1    
150:  0.554 0.062 0.384 1    
151:  0.347 0.007 0.646 1    
152:  0.542 0.020 0.438 1    
153:  0.358 0.038 0.604 1    
154:  0.355 0.025 0.620 1    
155:  0.241 0.016 0.743 1    
156:  0.438 0.021 0.541 1    
157:  0.318 0.017 0.666 1    
158:  0.543 0.017 0.440 1    
159:  0.583 0.011 0.406 1    
160:  0.479 0.019 0.502 1    
161:  0.493 0.009 0.498 1    
162:  0.622 0.036 0.342 1    
163:  0.599 0.017 0.384 1    
164:  0.364 0.018 0.618 1    
165:  0.529 0.007 0.465 1    
166:  0.463 0.043 0.493 1    
167:  0.251 0.323 0.425 1    
168:  0.569 0.009 0.422 1    
              
              
1:    0.459 0.479 0.062 1    
2:    0.262 0.699 0.039 1    
3:    0.279 0.687 0.034 1    
4:    0.458 0.385 0.157 1    
5:    0.301 0.665 0.034 1    
6:    0.351 0.602 0.047 1    
7:    0.513 0.352 0.135 1    
8:    0.385 0.185 0.430 1    
9:    0.412 0.435 0.153 1    
10:   0.427 0.405 0.168 1    
11:   0.385 0.588 0.027 1    
12:   0.312 0.624 0.065 1    
13:   0.505 0.460 0.035 1    
14:   0.405 0.530 0.066 1    
15:   0.402 0.463 0.135 1    
16:   0.404 0.552 0.044 1    
17:   0.416 0.523 0.061 1    
18:   0.340 0.500 0.160 1    
19:   0.497 0.463 0.040 1    
20:   0.574 0.345 0.081 1    
21:   0.354 0.561 0.084 1    
22:   0.603 0.354 0.043 1    
23:   0.302 0.553 0.146 1    
24:   0.424 0.507 0.069 1    
25:   0.410 0.457 0.133 1    
26:   0.321 0.635 0.044 1    
27:   0.455 0.518 0.027 1    
28:   0.427 0.357 0.216 1    
29:   0.480 0.360 0.161 1    
30:   0.262 0.693 0.044 1    
31:   0.561 0.390 0.048 1    
32:   0.346 0.564 0.090 1    
33:   0.516 0.360 0.124 1    
34:   0.530 0.409 0.061 1    
35:   0.282 0.331 0.388 1    
36:   0.453 0.345 0.202 1    
37:   0.621 0.289 0.090 1    
38:   0.216 0.071 0.714 1    
39:   0.434 0.507 0.059 1    
40:   0.385 0.556 0.059 1    
41:   0.477 0.357 0.166 1    
42:   0.612 0.331 0.057 1    
43:   0.422 0.543 0.035 1    
44:   0.534 0.373 0.093 1    
45:   0.404 0.279 0.318 1    
46:   0.311 0.643 0.046 1    
47:   0.310 0.673 0.017 1    
48:   0.306 0.676 0.018 1    
49:   0.541 0.386 0.073 1    
50:   0.292 0.687 0.021 1    
51:   0.563 0.333 0.104 1    
52:   0.211 0.245 0.544 1    
53:   0.453 0.418 0.129 1    
54:   0.309 0.648 0.043 1    
55:   0.590 0.349 0.061 1    
56:   0.471 0.447 0.082 1    
57:   0.567 0.307 0.126 1    
58:   0.340 0.329 0.331 1    
59:   0.317 0.200 0.482 1    
60:   0.417 0.239 0.344 1    
61:   0.410 0.218 0.372 1    
62:   0.501 0.346 0.153 1    
63:   0.392 0.562 0.046 1    
64:   0.479 0.478 0.044 1    
65:   0.366 0.505 0.128 1    
66:   0.499 0.386 0.115 1    
67:   0.490 0.248 0.262 1    
68:   0.470 0.375 0.154 1    
69:   0.361 0.327 0.312 1    
70:   0.429 0.344 0.228 1    
71:   0.576 0.262 0.162 1    
72:   0.343 0.205 0.452 1    
73:   0.370 0.595 0.035 1    
74:   0.409 0.311 0.279 1    
75:   0.425 0.497 0.078 1    
76:   0.386 0.562 0.052 1    
77:   0.404 0.272 0.324 1    
78:   0.432 0.365 0.202 1    
79:   0.375 0.551 0.074 1    
80:   0.354 0.620 0.026 1    
81:   0.476 0.473 0.051 1    
82:   0.552 0.354 0.094 1    
83:   0.559 0.381 0.060 1    
84:   0.478 0.417 0.106 1    
85:   0.522 0.427 0.051 1    
86:   0.376 0.581 0.043 1    
87:   0.376 0.566 0.058 1    
88:   0.348 0.329 0.323 1    
89:   0.419 0.491 0.090 1    
90:   0.436 0.508 0.056 1    
91:   0.415 0.257 0.328 1    
92:   0.565 0.222 0.213 1    
93:   0.490 0.196 0.314 1    
94:   0.492 0.229 0.279 1    
95:   0.437 0.516 0.047 1    
96:   0.449 0.355 0.196 1    
97:   0.294 0.497 0.208 1    
98:   0.331 0.615 0.054 1    
99:   0.401 0.344 0.255 1    
100:  0.356 0.575 0.068 1    
101:  0.354 0.315 0.331 1    
102:  0.540 0.186 0.273 1    
103:  0.504 0.295 0.201 1    
104:  0.339 0.640 0.021 1    
105:  0.315 0.063 0.622 1    
106:  0.453 0.330 0.216 1    
107:  0.531 0.183 0.286 1    
108:  0.279 0.670 0.051 1    
109:  0.446 0.337 0.218 1    
110:  0.310 0.423 0.267 1    
111:  0.372 0.183 0.445 1    
112:  0.380 0.083 0.537 1    
113:  0.254 0.083 0.663 1    
114:  0.522 0.332 0.146 1    
115:  0.312 0.049 0.639 1    
116:  0.025 0.020 0.955 1    
117:  0.038 0.033 0.929 1    
118:  0.025 0.018 0.957 1    
119:  0.028 0.026 0.945 1    
120:  0.023 0.021 0.956 1    
121:  0.020 0.019 0.961 1    
122:  0.024 0.023 0.954 1    
123:  0.035 0.027 0.938 1    
124:  0.021 0.022 0.957 1    
125:  0.019 0.017 0.965 1    
126:  0.382 0.553 0.065 1    
127:  0.460 0.332 0.207 1    
128:  0.461 0.379 0.159 1    
129:  0.374 0.260 0.367 1    
130:  0.389 0.580 0.031 1    
131:  0.548 0.351 0.101 1    
132:  0.342 0.203 0.454 1    
133:  0.371 0.167 0.463 1    
134:  0.449 0.430 0.121 1    
135:  0.398 0.331 0.270 1    
136:  0.478 0.367 0.156 1    
137:  0.385 0.576 0.039 1    
138:  0.535 0.351 0.114 1    
139:  0.437 0.474 0.089 1    
140:  0.399 0.533 0.068 1    
141:  0.533 0.384 0.084 1    
142:  0.380 0.560 0.060 1    
143:  0.526 0.275 0.199 1    
144:  0.458 0.468 0.074 1    
145:  0.365 0.549 0.085 1    
146:  0.452 0.497 0.051 1    
147:  0.435 0.467 0.097 1    
148:  0.416 0.535 0.049 1    
149:  0.319 0.216 0.464 1    
150:  0.337 0.375 0.288 1    
151:  0.500 0.186 0.314 1    
152:  0.457 0.421 0.122 1    
153:  0.380 0.189 0.431 1    
154:  0.449 0.290 0.261 1    
155:  0.525 0.270 0.206 1    
156:  0.483 0.388 0.129 1    
157:  0.452 0.110 0.438 1    
158:  0.365 0.575 0.060 1    
159:  0.415 0.539 0.046 1    
160:  0.502 0.410 0.088 1    
161:  0.459 0.453 0.088 1    
162:  0.297 0.583 0.120 1    
163:  0.329 0.571 0.099 1    
164:  0.469 0.390 0.141 1    
165:  0.466 0.498 0.036 1    
166:  0.370 0.485 0.145 1    
167:  0.258 0.078 0.665 1    
168:  0.431 0.495 0.075 1    
              
              
1:    0.546 0.352 0.102 1    
2:    0.647 0.306 0.047 1    
3:    0.600 0.353 0.047 1    
4:    0.323 0.517 0.160 1    
5:    0.609 0.344 0.047 1    
6:    0.637 0.292 0.072 1    
7:    0.432 0.369 0.199 1    
8:    0.224 0.219 0.557 1    
9:    0.478 0.309 0.212 1    
10:   0.493 0.313 0.193 1    
11:   0.452 0.509 0.039 1    
12:   0.558 0.350 0.092 1    
13:   0.416 0.545 0.039 1    
14:   0.377 0.557 0.066 1    
15:   0.399 0.425 0.176 1    
16:   0.505 0.444 0.052 1    
17:   0.356 0.566 0.078 1    
18:   0.453 0.337 0.209 1    
19:   0.458 0.484 0.058 1    
20:   0.385 0.502 0.112 1    
21:   0.546 0.326 0.129 1    
22:   0.363 0.586 0.051 1    
23:   0.508 0.322 0.169 1    
24:   0.450 0.444 0.106 1    
25:   0.333 0.501 0.166 1    
26:   0.560 0.388 0.052 1    
27:   0.471 0.497 0.033 1    
28:   0.436 0.271 0.293 1    
29:   0.335 0.450 0.215 1    
30:   0.592 0.358 0.050 1    
31:   0.456 0.481 0.063 1    
32:   0.513 0.378 0.109 1    
33:   0.303 0.504 0.192 1    
34:   0.464 0.460 0.076 1    
35:   0.252 0.274 0.474 1    
36:   0.413 0.317 0.271 1    
37:   0.310 0.589 0.101 1    
38:   0.070 0.072 0.858 1    
39:   0.505 0.410 0.085 1    
40:   0.366 0.555 0.079 1    
41:   0.351 0.448 0.200 1    
42:   0.305 0.630 0.066 1    
43:   0.365 0.588 0.047 1    
44:   0.350 0.514 0.136 1    
45:   0.244 0.403 0.354 1    
46:   0.600 0.347 0.053 1    
47:   0.587 0.391 0.023 1    
48:   0.586 0.392 0.022 1    
49:   0.361 0.522 0.117 1    
50:   0.607 0.368 0.025 1    
51:   0.328 0.541 0.131 1    
52:   0.198 0.210 0.593 1    
53:   0.403 0.419 0.179 1    
54:   0.560 0.378 0.061 1    
55:   0.394 0.516 0.090 1    
56:   0.420 0.473 0.107 1    
57:   0.390 0.417 0.193 1    
58:   0.287 0.259 0.454 1    
59:   0.164 0.152 0.683 1    
60:   0.245 0.237 0.518 1    
61:   0.244 0.142 0.614 1    
62:   0.328 0.481 0.190 1    
63:   0.533 0.407 0.059 1    
64:   0.425 0.518 0.057 1    
65:   0.427 0.377 0.196 1    
66:   0.250 0.558 0.191 1    
67:   0.252 0.450 0.298 1    
68:   0.355 0.422 0.223 1    
69:   0.269 0.278 0.452 1    
70:   0.394 0.258 0.348 1    
71:   0.323 0.472 0.205 1    
72:   0.172 0.243 0.585 1    
73:   0.575 0.384 0.041 1    
74:   0.216 0.359 0.425 1    
75:   0.353 0.545 0.102 1    
76:   0.538 0.386 0.077 1    
77:   0.282 0.198 0.520 1    
78:   0.377 0.308 0.314 1    
79:   0.506 0.398 0.096 1    
80:   0.546 0.415 0.040 1    
81:   0.559 0.366 0.075 1    
82:   0.469 0.402 0.129 1    
83:   0.501 0.387 0.112 1    
84:   0.346 0.485 0.170 1    
85:   0.414 0.520 0.066 1    
86:   0.553 0.378 0.070 1    
87:   0.595 0.329 0.076 1    
88:   0.320 0.245 0.436 1    
89:   0.366 0.515 0.119 1    
90:   0.331 0.601 0.068 1    
91:   0.282 0.241 0.477 1    
92:   0.260 0.450 0.290 1    
93:   0.270 0.291 0.439 1    
94:   0.261 0.251 0.488 1    
95:   0.444 0.493 0.064 1    
96:   0.352 0.389 0.259 1    
97:   0.404 0.362 0.235 1    
98:   0.532 0.402 0.066 1    
99:   0.289 0.386 0.325 1    
100:  0.471 0.447 0.082 1    
101:  0.261 0.239 0.500 1    
102:  0.278 0.368 0.354 1    
103:  0.356 0.299 0.344 1    
104:  0.538 0.432 0.030 1    
105:  0.065 0.049 0.886 1    
106:  0.298 0.491 0.211 1    
107:  0.275 0.464 0.261 1    
108:  0.597 0.349 0.054 1    
109:  0.352 0.425 0.222 1    
110:  0.349 0.289 0.362 1    
111:  0.192 0.253 0.555 1    
112:  0.109 0.072 0.819 1    
113:  0.099 0.145 0.756 1    
114:  0.353 0.425 0.223 1    
115:  0.068 0.064 0.868 1    
116:  0.028 0.030 0.942 1    
117:  0.041 0.042 0.916 1    
118:  0.021 0.027 0.952 1    
119:  0.034 0.030 0.935 1    
120:  0.024 0.026 0.949 1    
121:  0.022 0.025 0.953 1    
122:  0.030 0.034 0.936 1    
123:  0.041 0.035 0.924 1    
124:  0.025 0.026 0.949 1    
125:  0.020 0.021 0.960 1    
126:  0.488 0.405 0.108 1    
127:  0.332 0.362 0.306 1    
128:  0.304 0.442 0.253 1    
129:  0.211 0.279 0.510 1    
130:  0.552 0.406 0.042 1    
131:  0.329 0.540 0.131 1    
132:  0.196 0.136 0.668 1    
133:  0.178 0.092 0.730 1    
134:  0.301 0.569 0.130 1    
135:  0.266 0.520 0.213 1    
136:  0.368 0.469 0.163 1    
137:  0.652 0.291 0.057 1    
138:  0.305 0.487 0.208 1    
139:  0.276 0.581 0.143 1    
140:  0.452 0.469 0.079 1    
141:  0.435 0.447 0.118 1    
142:  0.474 0.441 0.084 1    
143:  0.282 0.465 0.254 1    
144:  0.317 0.581 0.102 1    
145:  0.428 0.421 0.151 1    
146:  0.331 0.595 0.074 1    
147:  0.296 0.576 0.128 1    
148:  0.438 0.484 0.078 1    
149:  0.159 0.183 0.658 1    
150:  0.341 0.282 0.377 1    
151:  0.257 0.270 0.473 1    
152:  0.494 0.347 0.159 1    
153:  0.188 0.166 0.646 1    
154:  0.270 0.325 0.405 1    
155:  0.273 0.424 0.303 1    
156:  0.417 0.421 0.162 1    
157:  0.161 0.205 0.634 1    
158:  0.442 0.475 0.084 1    
159:  0.415 0.523 0.062 1    
160:  0.377 0.490 0.133 1    
161:  0.560 0.319 0.121 1    
162:  0.502 0.337 0.161 1    
163:  0.522 0.343 0.135 1    
164:  0.360 0.443 0.197 1    
165:  0.518 0.432 0.050 1    
166:  0.413 0.398 0.189 1    
167:  0.082 0.095 0.822 1    
168:  0.498 0.392 0.109 1    
              
              
1:    0.298 0.694 0.008 1    
2:    0.569 0.422 0.009 1    
3:    0.590 0.404 0.006 1    
4:    0.613 0.352 0.035 1    
5:    0.652 0.338 0.010 1    
6:    0.354 0.637 0.009 1    
7:    0.311 0.677 0.012 1    
8:    0.239 0.713 0.048 1    
9:    0.335 0.656 0.009 1    
10:   0.342 0.650 0.008 1    
11:   0.765 0.228 0.007 1    
12:   0.604 0.379 0.016 1    
13:   0.499 0.495 0.006 1    
14:   0.727 0.257 0.016 1    
15:   0.540 0.431 0.029 1    
16:   0.513 0.478 0.010 1    
17:   0.713 0.271 0.016 1    
18:   0.641 0.304 0.054 1    
19:   0.374 0.614 0.012 1    
20:   0.228 0.760 0.013 1    
21:   0.345 0.644 0.011 1    
22:   0.276 0.718 0.006 1    
23:   0.682 0.278 0.040 1    
24:   0.671 0.319 0.009 1    
25:   0.689 0.290 0.021 1    
26:   0.690 0.301 0.009 1    
27:   0.436 0.557 0.007 1    
28:   0.359 0.597 0.044 1    
29:   0.376 0.569 0.055 1    
30:   0.655 0.333 0.011 1    
31:   0.277 0.715 0.009 1    
32:   0.747 0.221 0.032 1    
33:   0.488 0.484 0.028 1    
34:   0.314 0.677 0.008 1    
35:   0.488 0.364 0.148 1    
36:   0.426 0.554 0.020 1    
37:   0.527 0.462 0.011 1    
38:   0.234 0.455 0.310 1    
39:   0.396 0.594 0.010 1    
40:   0.748 0.227 0.025 1    
41:   0.338 0.640 0.021 1    
42:   0.422 0.567 0.011 1    
43:   0.848 0.142 0.010 1    
44:   0.449 0.536 0.015 1    
45:   0.507 0.388 0.104 1    
46:   0.602 0.388 0.010 1    
47:   0.764 0.231 0.005 1    
48:   0.770 0.225 0.005 1    
49:   0.426 0.556 0.018 1    
50:   0.745 0.250 0.005 1    
51:   0.379 0.610 0.011 1    
52:   0.439 0.215 0.346 1    
53:   0.405 0.581 0.014 1    
54:   0.754 0.231 0.015 1    
55:   0.243 0.748 0.009 1    
56:   0.562 0.419 0.018 1    
57:   0.268 0.725 0.007 1    
58:   0.526 0.427 0.046 1    
59:   0.321 0.541 0.137 1    
60:   0.347 0.632 0.021 1    
61:   0.254 0.740 0.006 1    
62:   0.547 0.430 0.022 1    
63:   0.473 0.517 0.010 1    
64:   0.596 0.396 0.008 1    
65:   0.813 0.155 0.031 1    
66:   0.597 0.384 0.019 1    
67:   0.396 0.587 0.017 1    
68:   0.381 0.601 0.018 1    
69:   0.505 0.456 0.040 1    
70:   0.224 0.768 0.008 1    
71:   0.303 0.681 0.016 1    
72:   0.372 0.514 0.114 1    
73:   0.632 0.361 0.007 1    
74:   0.401 0.545 0.053 1    
75:   0.611 0.377 0.012 1    
76:   0.567 0.424 0.009 1    
77:   0.218 0.759 0.022 1    
78:   0.396 0.590 0.014 1    
79:   0.568 0.418 0.014 1    
80:   0.748 0.247 0.006 1    
81:   0.324 0.668 0.008 1    
82:   0.247 0.746 0.007 1    
83:   0.245 0.749 0.005 1    
84:   0.601 0.381 0.018 1    
85:   0.483 0.506 0.012 1    
86:   0.430 0.563 0.008 1    
87:   0.478 0.513 0.009 1    
88:   0.400 0.567 0.033 1    
89:   0.630 0.355 0.015 1    
90:   0.770 0.217 0.014 1    
91:   0.351 0.583 0.066 1    
92:   0.349 0.637 0.014 1    
93:   0.262 0.717 0.021 1    
94:   0.217 0.770 0.013 1    
95:   0.601 0.390 0.009 1    
96:   0.374 0.613 0.013 1    
97:   0.666 0.288 0.047 1    
98:   0.749 0.236 0.014 1    
99:   0.542 0.362 0.096 1    
100:  0.731 0.246 0.023 1    
101:  0.371 0.601 0.028 1    
102:  0.276 0.714 0.010 1    
103:  0.182 0.813 0.005 1    
104:  0.640 0.356 0.004 1    
105:  0.220 0.734 0.046 1    
106:  0.518 0.460 0.022 1    
107:  0.388 0.592 0.020 1    
108:  0.665 0.318 0.017 1    
109:  0.601 0.334 0.065 1    
110:  0.526 0.417 0.057 1    
111:  0.324 0.572 0.104 1    
112:  0.185 0.785 0.030 1    
113:  0.266 0.296 0.439 1    
114:  0.303 0.684 0.013 1    
115:  0.214 0.645 0.142 1    
116:  0.007 0.007 0.986 1    
117:  0.013 0.012 0.975 1    
118:  0.006 0.006 0.988 1    
119:  0.009 0.010 0.981 1    
120:  0.005 0.006 0.988 1    
121:  0.006 0.006 0.988 1    
122:  0.007 0.008 0.985 1    
123:  0.012 0.012 0.976 1    
124:  0.005 0.006 0.989 1    
125:  0.004 0.004 0.991 1    
126:  0.665 0.319 0.015 1    
127:  0.351 0.633 0.016 1    
128:  0.600 0.384 0.017 1    
129:  0.506 0.369 0.125 1    
130:  0.551 0.442 0.007 1    
131:  0.390 0.596 0.014 1    
132:  0.279 0.669 0.053 1    
133:  0.176 0.801 0.023 1    
134:  0.829 0.151 0.020 1    
135:  0.655 0.212 0.133 1    
136:  0.474 0.506 0.020 1    
137:  0.403 0.590 0.007 1    
138:  0.351 0.637 0.012 1    
139:  0.654 0.325 0.021 1    
140:  0.855 0.134 0.011 1    
141:  0.390 0.599 0.010 1    
142:  0.627 0.365 0.008 1    
143:  0.358 0.582 0.060 1    
144:  0.853 0.126 0.021 1    
145:  0.845 0.139 0.016 1    
146:  0.755 0.227 0.017 1    
147:  0.591 0.376 0.032 1    
148:  0.533 0.458 0.010 1    
149:  0.351 0.494 0.154 1    
150:  0.424 0.519 0.057 1    
151:  0.245 0.748 0.008 1    
152:  0.461 0.520 0.019 1    
153:  0.300 0.659 0.041 1    
154:  0.346 0.636 0.018 1    
155:  0.539 0.444 0.017 1    
156:  0.485 0.490 0.025 1    
157:  0.289 0.698 0.014 1    
158:  0.789 0.194 0.018 1    
159:  0.817 0.170 0.013 1    
160:  0.551 0.435 0.014 1    
161:  0.431 0.560 0.009 1    
162:  0.655 0.300 0.045 1    
163:  0.653 0.329 0.018 1    
164:  0.525 0.457 0.018 1    
165:  0.478 0.516 0.006 1    
166:  0.533 0.424 0.044 1    
167:  0.272 0.460 0.268 1    
168:  0.578 0.412 0.010 1    
              
              
1:    0.009 0.876 0.115 1    
2:    0.009 0.193 0.798 1    
3:    0.006 0.114 0.880 1    
4:    0.036 0.360 0.604 1    
5:    0.009 0.136 0.854 1    
6:    0.009 0.510 0.481 1    
7:    0.015 0.787 0.198 1    
8:    0.042 0.775 0.183 1    
9:    0.009 0.787 0.205 1    
10:   0.009 0.766 0.226 1    
11:   0.007 0.116 0.877 1    
12:   0.016 0.122 0.862 1    
13:   0.006 0.604 0.391 1    
14:   0.014 0.199 0.787 1    
15:   0.023 0.330 0.646 1    
16:   0.010 0.423 0.567 1    
17:   0.017 0.171 0.811 1    
18:   0.065 0.189 0.746 1    
19:   0.011 0.613 0.377 1    
20:   0.013 0.904 0.083 1    
21:   0.014 0.433 0.554 1    
22:   0.007 0.751 0.241 1    
23:   0.034 0.112 0.855 1    
24:   0.014 0.181 0.806 1    
25:   0.022 0.188 0.790 1    
26:   0.009 0.071 0.920 1    
27:   0.008 0.573 0.419 1    
28:   0.032 0.770 0.198 1    
29:   0.050 0.572 0.378 1    
30:   0.012 0.039 0.949 1    
31:   0.008 0.802 0.190 1    
32:   0.040 0.058 0.902 1    
33:   0.036 0.586 0.378 1    
34:   0.008 0.776 0.216 1    
35:   0.193 0.314 0.493 1    
36:   0.022 0.468 0.510 1    
37:   0.013 0.650 0.337 1    
38:   0.290 0.571 0.139 1    
39:   0.012 0.372 0.617 1    
40:   0.026 0.105 0.868 1    
41:   0.022 0.749 0.229 1    
42:   0.011 0.501 0.488 1    
43:   0.009 0.066 0.926 1    
44:   0.015 0.622 0.363 1    
45:   0.093 0.514 0.392 1    
46:   0.009 0.265 0.725 1    
47:   0.006 0.013 0.981 1    
48:   0.006 0.013 0.981 1    
49:   0.019 0.636 0.346 1    
50:   0.005 0.063 0.932 1    
51:   0.011 0.733 0.255 1    
52:   0.377 0.130 0.493 1    
53:   0.013 0.734 0.253 1    
54:   0.015 0.072 0.913 1    
55:   0.011 0.895 0.094 1    
56:   0.017 0.478 0.505 1    
57:   0.007 0.837 0.156 1    
58:   0.049 0.571 0.380 1    
59:   0.170 0.550 0.280 1    
60:   0.018 0.563 0.418 1    
61:   0.007 0.926 0.068 1    
62:   0.023 0.540 0.437 1    
63:   0.008 0.498 0.495 1    
64:   0.010 0.452 0.538 1    
65:   0.035 0.097 0.867 1    
66:   0.016 0.149 0.835 1    
67:   0.016 0.655 0.330 1    
68:   0.019 0.772 0.209 1    
69:   0.056 0.328 0.616 1    
70:   0.008 0.818 0.174 1    
71:   0.014 0.885 0.101 1    
72:   0.135 0.534 0.331 1    
73:   0.007 0.168 0.825 1    
74:   0.053 0.543 0.404 1    
75:   0.011 0.287 0.702 1    
76:   0.009 0.295 0.697 1    
77:   0.028 0.855 0.117 1    
78:   0.016 0.769 0.215 1    
79:   0.017 0.254 0.729 1    
80:   0.007 0.046 0.947 1    
81:   0.008 0.754 0.238 1    
82:   0.009 0.941 0.050 1    
83:   0.005 0.924 0.070 1    
84:   0.017 0.511 0.472 1    
85:   0.012 0.424 0.564 1    
86:   0.009 0.525 0.466 1    
87:   0.011 0.497 0.492 1    
88:   0.034 0.694 0.272 1    
89:   0.016 0.242 0.742 1    
90:   0.015 0.081 0.904 1    
91:   0.061 0.779 0.159 1    
92:   0.012 0.840 0.148 1    
93:   0.022 0.880 0.098 1    
94:   0.014 0.915 0.070 1    
95:   0.008 0.306 0.686 1    
96:   0.014 0.670 0.315 1    
97:   0.055 0.180 0.765 1    
98:   0.013 0.044 0.944 1    
99:   0.110 0.390 0.500 1    
100:  0.021 0.069 0.909 1    
101:  0.027 0.660 0.313 1    
102:  0.008 0.915 0.077 1    
103:  0.006 0.889 0.105 1    
104:  0.005 0.079 0.916 1    
105:  0.057 0.856 0.087 1    
106:  0.021 0.562 0.417 1    
107:  0.019 0.881 0.099 1    
108:  0.016 0.032 0.952 1    
109:  0.068 0.449 0.483 1    
110:  0.050 0.424 0.525 1    
111:  0.121 0.745 0.134 1    
112:  0.033 0.929 0.038 1    
113:  0.477 0.383 0.140 1    
114:  0.014 0.815 0.171 1    
115:  0.134 0.808 0.057 1    
116:  0.988 0.007 0.005 1    
117:  0.974 0.012 0.014 1    
118:  0.985 0.007 0.007 1    
119:  0.982 0.009 0.009 1    
120:  0.988 0.006 0.006 1    
121:  0.987 0.006 0.006 1    
122:  0.986 0.007 0.007 1    
123:  0.975 0.013 0.012 1    
124:  0.987 0.007 0.006 1    
125:  0.990 0.005 0.005 1    
126:  0.017 0.352 0.631 1    
127:  0.019 0.704 0.277 1    
128:  0.018 0.353 0.630 1    
129:  0.142 0.397 0.461 1    
130:  0.006 0.417 0.577 1    
131:  0.012 0.756 0.232 1    
132:  0.066 0.774 0.160 1    
133:  0.026 0.900 0.074 1    
134:  0.022 0.112 0.866 1    
135:  0.161 0.271 0.568 1    
136:  0.020 0.671 0.308 1    
137:  0.008 0.619 0.374 1    
138:  0.014 0.768 0.218 1    
139:  0.024 0.270 0.707 1    
140:  0.013 0.057 0.930 1    
141:  0.010 0.701 0.289 1    
142:  0.010 0.449 0.540 1    
143:  0.064 0.468 0.468 1    
144:  0.025 0.055 0.920 1    
145:  0.022 0.067 0.911 1    
146:  0.016 0.110 0.874 1    
147:  0.029 0.379 0.592 1    
148:  0.012 0.427 0.560 1    
149:  0.191 0.515 0.293 1    
150:  0.056 0.550 0.394 1    
151:  0.009 0.916 0.075 1    
152:  0.015 0.640 0.345 1    
153:  0.031 0.850 0.120 1    
154:  0.023 0.795 0.182 1    
155:  0.019 0.486 0.495 1    
156:  0.024 0.617 0.359 1    
157:  0.013 0.930 0.057 1    
158:  0.018 0.031 0.951 1    
159:  0.014 0.039 0.947 1    
160:  0.018 0.484 0.498 1    
161:  0.007 0.675 0.318 1    
162:  0.044 0.150 0.806 1    
163:  0.019 0.207 0.773 1    
164:  0.020 0.550 0.430 1    
165:  0.005 0.653 0.341 1    
166:  0.048 0.355 0.597 1    
167:  0.303 0.549 0.148 1    
168:  0.009 0.432 0.559 1    
              
              
1:    0.133 0.011 0.856 1    
2:    0.668 0.010 0.322 1    
3:    0.730 0.007 0.263 1    
4:    0.629 0.054 0.316 1    
5:    0.776 0.013 0.211 1    
6:    0.304 0.010 0.686 1    
7:    0.214 0.019 0.767 1    
8:    0.156 0.044 0.800 1    
9:    0.281 0.012 0.706 1    
10:   0.270 0.011 0.719 1    
11:   0.939 0.007 0.053 1    
12:   0.805 0.024 0.171 1    
13:   0.404 0.006 0.590 1    
14:   0.833 0.019 0.148 1    
15:   0.559 0.027 0.414 1    
16:   0.475 0.015 0.510 1    
17:   0.870 0.019 0.111 1    
18:   0.760 0.061 0.179 1    
19:   0.255 0.017 0.728 1    
20:   0.109 0.018 0.874 1    
21:   0.367 0.016 0.616 1    
22:   0.160 0.008 0.832 1    
23:   0.815 0.039 0.146 1    
24:   0.830 0.017 0.154 1    
25:   0.839 0.020 0.141 1    
26:   0.887 0.010 0.104 1    
27:   0.329 0.008 0.663 1    
28:   0.222 0.046 0.732 1    
29:   0.375 0.065 0.560 1    
30:   0.896 0.016 0.088 1    
31:   0.145 0.008 0.847 1    
32:   0.909 0.046 0.045 1    
33:   0.399 0.042 0.559 1    
34:   0.195 0.012 0.793 1    
35:   0.555 0.204 0.242 1    
36:   0.450 0.023 0.527 1    
37:   0.356 0.014 0.629 1    
38:   0.190 0.338 0.472 1    
39:   0.465 0.015 0.520 1    
40:   0.862 0.034 0.104 1    
41:   0.307 0.030 0.663 1    
42:   0.565 0.014 0.422 1    
43:   0.935 0.011 0.054 1    
44:   0.405 0.019 0.577 1    
45:   0.407 0.143 0.450 1    
46:   0.737 0.015 0.248 1    
47:   0.975 0.007 0.018 1    
48:   0.981 0.007 0.013 1    
49:   0.312 0.028 0.660 1    
50:   0.929 0.006 0.066 1    
51:   0.325 0.014 0.660 1    
52:   0.513 0.355 0.132 1    
53:   0.335 0.019 0.646 1    
54:   0.932 0.014 0.054 1    
55:   0.061 0.013 0.926 1    
56:   0.492 0.021 0.487 1    
57:   0.150 0.009 0.841 1    
58:   0.382 0.059 0.559 1    
59:   0.264 0.210 0.527 1    
60:   0.393 0.028 0.580 1    
61:   0.090 0.007 0.903 1    
62:   0.498 0.026 0.477 1    
63:   0.485 0.012 0.503 1    
64:   0.523 0.011 0.466 1    
65:   0.896 0.037 0.067 1    
66:   0.910 0.023 0.067 1    
67:   0.438 0.026 0.536 1    
68:   0.237 0.027 0.736 1    
69:   0.653 0.059 0.287 1    
70:   0.139 0.011 0.850 1    
71:   0.123 0.019 0.858 1    
72:   0.378 0.158 0.464 1    
73:   0.745 0.009 0.246 1    
74:   0.594 0.064 0.342 1    
75:   0.786 0.015 0.199 1    
76:   0.676 0.012 0.313 1    
77:   0.080 0.032 0.888 1    
78:   0.341 0.022 0.637 1    
79:   0.608 0.023 0.369 1    
80:   0.900 0.008 0.093 1    
81:   0.166 0.010 0.825 1    
82:   0.068 0.009 0.923 1    
83:   0.098 0.007 0.895 1    
84:   0.595 0.021 0.384 1    
85:   0.520 0.015 0.465 1    
86:   0.364 0.012 0.624 1    
87:   0.430 0.012 0.558 1    
88:   0.324 0.038 0.638 1    
89:   0.803 0.020 0.177 1    
90:   0.914 0.019 0.067 1    
91:   0.240 0.073 0.687 1    
92:   0.214 0.017 0.769 1    
93:   0.106 0.032 0.862 1    
94:   0.063 0.019 0.918 1    
95:   0.639 0.013 0.348 1    
96:   0.452 0.017 0.531 1    
97:   0.774 0.066 0.160 1    
98:   0.908 0.016 0.076 1    
99:   0.483 0.127 0.390 1    
100:  0.862 0.027 0.111 1    
101:  0.347 0.036 0.616 1    
102:  0.133 0.011 0.856 1    
103:  0.084 0.005 0.910 1    
104:  0.910 0.005 0.085 1    
105:  0.098 0.064 0.837 1    
106:  0.551 0.028 0.421 1    
107:  0.200 0.025 0.776 1    
108:  0.902 0.021 0.077 1    
109:  0.539 0.087 0.374 1    
110:  0.542 0.062 0.396 1    
111:  0.224 0.155 0.622 1    
112:  0.021 0.042 0.937 1    
113:  0.147 0.484 0.369 1    
114:  0.183 0.018 0.799 1    
115:  0.064 0.148 0.788 1    
116:  0.007 0.985 0.008 1    
117:  0.012 0.972 0.016 1    
118:  0.007 0.985 0.008 1    
119:  0.010 0.980 0.010 1    
120:  0.007 0.987 0.006 1    
121:  0.007 0.986 0.007 1    
122:  0.009 0.982 0.009 1    
123:  0.015 0.969 0.017 1    
124:  0.007 0.986 0.007 1    
125:  0.005 0.988 0.006 1    
126:  0.631 0.019 0.351 1    
127:  0.255 0.023 0.722 1    
128:  0.647 0.024 0.328 1    
129:  0.549 0.143 0.308 1    
130:  0.577 0.008 0.415 1    
131:  0.357 0.018 0.625 1    
132:  0.165 0.068 0.767 1    
133:  0.060 0.025 0.915 1    
134:  0.903 0.022 0.075 1    
135:  0.666 0.158 0.176 1    
136:  0.317 0.027 0.656 1    
137:  0.279 0.008 0.713 1    
138:  0.238 0.015 0.747 1    
139:  0.822 0.024 0.154 1    
140:  0.927 0.016 0.057 1    
141:  0.323 0.019 0.658 1    
142:  0.655 0.013 0.332 1    
143:  0.470 0.083 0.447 1    
144:  0.946 0.023 0.030 1    
145:  0.905 0.021 0.074 1    
146:  0.910 0.015 0.075 1    
147:  0.728 0.035 0.237 1    
148:  0.602 0.016 0.382 1    
149:  0.388 0.203 0.409 1    
150:  0.430 0.077 0.494 1    
