        H102  1 0.1622 0.1616 0.1643 0.1780 0.1661 0.1679 
        H103  1 0.1677 0.1709 0.1706 0.1614 0.1659 0.1635 
        H104  1 0.1677 0.1598 0.1642 0.1727 0.1656 0.1700 
        H105  1 0.1701 0.1643 0.1646 0.1604 0.1684 0.1723 
        H106  1 0.1712 0.1628 0.1620 0.1704 0.1665 0.1672 
        H112  1 0.1676 0.1651 0.1652 0.1649 0.1676 0.1696 
        H113  1 0.1704 0.1631 0.1619 0.1670 0.1699 0.1676 
        H114  1 0.1687 0.1617 0.1631 0.1645 0.1721 0.1699 
        H115  1 0.1654 0.1610 0.1625 0.1728 0.1671 0.1713 
        H143  1 0.1652 0.1674 0.1653 0.1688 0.1677 0.1656 
        H144  1 0.1632 0.1694 0.1664 0.1692 0.1656 0.1663 
        H145  1 0.1673 0.1729 0.1722 0.1584 0.1664 0.1628 
        H149  1 0.1649 0.1657 0.1635 0.1717 0.1668 0.1674 
        H150  1 0.1716 0.1665 0.1639 0.1637 0.1703 0.1640 
     H167542  1 0.1691 0.1575 0.1610 0.1804 0.1655 0.1665 
     H169604  1 0.1647 0.1656 0.1643 0.1704 0.1692 0.1657 
     H169607  1 0.1677 0.1684 0.1671 0.1640 0.1665 0.1663 
     H169608  1 0.1674 0.1666 0.1670 0.1683 0.1682 0.1624 
     H169633  1 0.1666 0.1661 0.1658 0.1674 0.1673 0.1668 
     H169688  1 0.1648 0.1702 0.1699 0.1677 0.1626 0.1648 
     H169714  1 0.1694 0.1647 0.1642 0.1697 0.1672 0.1648 
     H171802  1 0.1664 0.1670 0.1672 0.1636 0.1683 0.1674 
     H171805  1 0.1673 0.1668 0.1644 0.1686 0.1636 0.1694 
     H171807  1 0.1658 0.1647 0.1661 0.1685 0.1697 0.1652 
     H171814  1 0.1663 0.1752 0.1722 0.1635 0.1619 0.1609 
     H171816  1 0.1685 0.1643 0.1642 0.1653 0.1719 0.1657 
     H171817  1 0.1680 0.1578 0.1612 0.1745 0.1686 0.1699 
     H171818  1 0.1651 0.1632 0.1651 0.1709 0.1663 0.1693 
     H171819  1 0.1696 0.1638 0.1630 0.1669 0.1693 0.1673 
     H171834  1 0.1634 0.1631 0.1633 0.1706 0.1689 0.1706 
     H171835  1 0.1720 0.1641 0.1637 0.1664 0.1701 0.1637 
     H171836  1 0.1676 0.1691 0.1653 0.1630 0.1633 0.1717 
     H171837  1 0.1689 0.1623 0.1635 0.1715 0.1672 0.1666 
     H171838  1 0.1701 0.1666 0.1672 0.1626 0.1670 0.1666 
     H171839  1 0.1663 0.1643 0.1658 0.1691 0.1651 0.1694 
     H171841  1 0.1672 0.1696 0.1685 0.1601 0.1691 0.1656 
     H171860  1 0.1718 0.1622 0.1636 0.1643 0.1714 0.1667 
     H171861  1 0.1652 0.1658 0.1659 0.1691 0.1646 0.1694 
     H171862  1 0.1640 0.1675 0.1654 0.1753 0.1642 0.1637 
     H171868  1 0.1667 0.1618 0.1631 0.1718 0.1710 0.1656 
     H171869  1 0.1657 0.1694 0.1686 0.1657 0.1651 0.1654 
     H171870  1 0.1640 0.1664 0.1691 0.1706 0.1628 0.1672 
     H171871  1 0.1682 0.1676 0.1679 0.1660 0.1649 0.1653 
     H171872  1 0.1704 0.1595 0.1631 0.1712 0.1676 0.1682 
     H171873  1 0.1645 0.1675 0.1655 0.1745 0.1632 0.1647 
     H171874  1 0.1625 0.1684 0.1682 0.1647 0.1685 0.1678 
     H171875  1 0.1652 0.1672 0.1674 0.1637 0.1707 0.1658 
     H171876  1 0.1641 0.1661 0.1669 0.1674 0.1697 0.1658 
     H171877  1 0.1651 0.1628 0.1586 0.1739 0.1685 0.1710 
     H171878  1 0.1677 0.1676 0.1706 0.1605 0.1684 0.1652 
     H171901  1 0.1685 0.1612 0.1643 0.1696 0.1643 0.1721 
     H171902  1 0.1648 0.1740 0.1707 0.1627 0.1655 0.1623 
     H171903  1 0.1666 0.1650 0.1639 0.1653 0.1693 0.1698 
     H171935  1 0.1674 0.1674 0.1683 0.1665 0.1661 0.1643 
     H171936  1 0.1687 0.1623 0.1631 0.1686 0.1663 0.1709 
     H171940  1 0.1626 0.1629 0.1656 0.1716 0.1685 0.1688 
     H171945  1 0.1697 0.1672 0.1667 0.1665 0.1641 0.1658 
     H171948  1 0.1676 0.1623 0.1655 0.1615 0.1727 0.1704 
     H171949  1 0.1673 0.1649 0.1637 0.1698 0.1691 0.1652 
     H171950  1 0.1657 0.1617 0.1633 0.1801 0.1631 0.1662 
     H171963  1 0.1651 0.1678 0.1671 0.1647 0.1665 0.1689 
     H171964  1 0.1662 0.1783 0.1723 0.1608 0.1652 0.1571 
     H171966  1 0.1657 0.1672 0.1690 0.1620 0.1695 0.1666 
     H171968  1 0.1632 0.1672 0.1704 0.1693 0.1645 0.1655 
     H171971  1 0.1667 0.1679 0.1659 0.1684 0.1653 0.1658 
     H171972  1 0.1679 0.1696 0.1668 0.1629 0.1676 0.1652 
     H171977  1 0.1648 0.1715 0.1709 0.1652 0.1637 0.1639 
     H171978  1 0.1664 0.1681 0.1677 0.1649 0.1672 0.1657 
     H171979  1 0.1680 0.1678 0.1664 0.1616 0.1682 0.1681 
        H176  1 0.1685 0.1665 0.1654 0.1654 0.1694 0.1648 
        H177  1 0.1670 0.1606 0.1599 0.1812 0.1615 0.1698 
        H179  1 0.1653 0.1600 0.1646 0.1701 0.1687 0.1713 
        H181  1 0.1645 0.1686 0.1678 0.1625 0.1668 0.1698 
        H182  1 0.1699 0.1663 0.1686 0.1608 0.1665 0.1679 
        H183  1 0.1672 0.1725 0.1702 0.1597 0.1642 0.1661 
        H184  1 0.1687 0.1637 0.1648 0.1634 0.1706 0.1688 
        H185  1 0.1698 0.1684 0.1650 0.1625 0.1672 0.1671 
        H186  1 0.1648 0.1696 0.1695 0.1685 0.1659 0.1616 
        H187  1 0.1712 0.1672 0.1639 0.1677 0.1631 0.1670 
        H188  1 0.1646 0.1638 0.1640 0.1663 0.1697 0.1715 
        H192  1 0.1647 0.1631 0.1634 0.1706 0.1708 0.1675 
        H193  1 0.1621 0.1717 0.1717 0.1661 0.1637 0.1648 
        H194  1 0.1619 0.1660 0.1648 0.1681 0.1700 0.1692 
        H195  1 0.1648 0.1758 0.1727 0.1584 0.1670 0.1613 
        H199  1 0.1643 0.1711 0.1694 0.1658 0.1641 0.1653 
        H200  1 0.1635 0.1678 0.1657 0.1653 0.1676 0.1701 
        H414  1 0.1612 0.1713 0.1681 0.1693 0.1625 0.1677 
        H415  1 0.1653 0.1653 0.1660 0.1665 0.1663 0.1707 
        H422  1 0.1622 0.1745 0.1694 0.1693 0.1627 0.1618 
        H423  1 0.1681 0.1651 0.1656 0.1627 0.1711 0.1675 
        H424  1 0.1677 0.1669 0.1693 0.1675 0.1651 0.1636 
        H425  1 0.1664 0.1708 0.1680 0.1684 0.1628 0.1636 
        H426  1 0.1638 0.1777 0.1789 0.1599 0.1620 0.1577 
        H443  1 0.1637 0.1754 0.1727 0.1679 0.1616 0.1586 
        H466  1 0.1635 0.1667 0.1683 0.1657 0.1673 0.1684 
        H467  1 0.1635 0.1673 0.1688 0.1661 0.1683 0.1660 
        H472  1 0.1665 0.1672 0.1673 0.1633 0.1680 0.1678 
        H483  1 0.1628 0.1672 0.1656 0.1674 0.1681 0.1688 
        H504  1 0.1697 0.1718 0.1708 0.1603 0.1655 0.1619 
        H505  1 0.1629 0.1635 0.1633 0.1696 0.1672 0.1735 
        H506  1 0.1653 0.1693 0.1704 0.1633 0.1663 0.1654 
        H507  1 0.1675 0.1642 0.1640 0.1637 0.1670 0.1736 
        H508  1 0.1656 0.1703 0.1680 0.1654 0.1634 0.1673 
        H524  1 0.1710 0.1622 0.1620 0.1723 0.1647 0.1677 
        H525  1 0.1674 0.1676 0.1674 0.1645 0.1683 0.1647 
        H526  1 0.1665 0.1666 0.1655 0.1672 0.1667 0.1675 
        H527  1 0.1667 0.1637 0.1650 0.1713 0.1643 0.1691 
        H528  1 0.1668 0.1719 0.1707 0.1589 0.1679 0.1638 
        H529  1 0.1721 0.1654 0.1645 0.1720 0.1599 0.1660 
        H533  1 0.1664 0.1662 0.1650 0.1703 0.1633 0.1689 
        H538  1 0.1720 0.1618 0.1607 0.1699 0.1675 0.1680 
        H539  1 0.1707 0.1673 0.1659 0.1689 0.1629 0.1643 
        H540  1 0.1688 0.1640 0.1610 0.1712 0.1670 0.1680 
        H541  1 0.1652 0.1631 0.1636 0.1747 0.1659 0.1676 
        H558  1 0.1729 0.1725 0.1684 0.1601 0.1635 0.1627 
        H559  1 0.1624 0.1680 0.1679 0.1673 0.1663 0.1682 
        H579  1 0.1655 0.1723 0.1693 0.1605 0.1675 0.1648 
        H584  1 0.1652 0.1719 0.1740 0.1604 0.1674 0.1611 
        H585  1 0.1655 0.1691 0.1666 0.1617 0.1658 0.1713 
        H605  1 0.1676 0.1665 0.1641 0.1765 0.1604 0.1648 
        H606  1 0.1633 0.1632 0.1662 0.1723 0.1667 0.1683 
        H632  1 0.1647 0.1731 0.1725 0.1619 0.1645 0.1632 
        H634  1 0.1666 0.1675 0.1676 0.1700 0.1624 0.1659 
        H671  1 0.1683 0.1667 0.1673 0.1638 0.1684 0.1655 
        H672  1 0.1680 0.1654 0.1658 0.1692 0.1635 0.1681 
        H673  1 0.1718 0.1695 0.1684 0.1587 0.1695 0.1620 
        H689  1 0.1658 0.1686 0.1684 0.1610 0.1716 0.1646 
        H690  1 0.1692 0.1610 0.1637 0.1715 0.1650 0.1697 
        H691  1 0.1662 0.1635 0.1648 0.1687 0.1691 0.1676 
        H692  1 0.1685 0.1714 0.1689 0.1575 0.1651 0.1686 
        H709  1 0.1674 0.1672 0.1686 0.1670 0.1666 0.1632 
        H710  1 0.1693 0.1724 0.1696 0.1605 0.1660 0.1622 
       H7355  1 0.1735 0.1613 0.1635 0.1625 0.1715 0.1676 
       H7356  1 0.1688 0.1694 0.1661 0.1652 0.1675 0.1631 
       H7357  1 0.1622 0.1601 0.1633 0.1780 0.1638 0.1726 
       H7358  1 0.1646 0.1678 0.1678 0.1651 0.1677 0.1669 
       H7380  1 0.1644 0.1661 0.1652 0.1725 0.1686 0.1633 
       H7381  1 0.1696 0.1677 0.1681 0.1634 0.1680 0.1632 
       H7382  1 0.1664 0.1679 0.1676 0.1621 0.1672 0.1688 
        H904  1 0.1630 0.1604 0.1635 0.1761 0.1658 0.1713 
        H923  1 0.1654 0.1710 0.1667 0.1664 0.1662 0.1643 
        H924  1 0.1683 0.1634 0.1648 0.1755 0.1644 0.1636 
        H925  1 0.1691 0.1653 0.1642 0.1734 0.1646 0.1634 
       H9558  1 0.1710 0.1737 0.1729 0.1574 0.1633 0.1617 
        H111  3 0.1653 0.1694 0.1665 0.1688 0.1652 0.1649 
        H951  3 0.1704 0.1658 0.1668 0.1634 0.1679 0.1656 
        H952  3 0.1672 0.1707 0.1734 0.1622 0.1643 0.1623 
        H953  3 0.1679 0.1674 0.1669 0.1635 0.1674 0.1669 
        H954  3 0.1677 0.1599 0.1636 0.1749 0.1630 0.1709 
        H955  3 0.1653 0.1667 0.1674 0.1668 0.1636 0.1702 
        H956  3 0.1673 0.1662 0.1636 0.1708 0.1663 0.1658 
       H9563  3 0.1729 0.1598 0.1607 0.1701 0.1693 0.1673 
      H_PALI  6 0.1640 0.1649 0.1663 0.1718 0.1659 0.1671 
        H581  6 0.1702 0.1651 0.1661 0.1671 0.1643 0.1671 
        H582  6 0.1634 0.1696 0.1716 0.1614 0.1673 0.1666 
        H583  6 0.1677 0.1650 0.1650 0.1681 0.1641 0.1701 
        H595  6 0.1684 0.1667 0.1666 0.1647 0.1670 0.1666 
        H596  6 0.1718 0.1672 0.1672 0.1646 0.1661 0.1630 
        H597  6 0.1637 0.1719 0.1708 0.1650 0.1675 0.1611 
        H598  6 0.1665 0.1639 0.1652 0.1685 0.1676 0.1685 
        H599  6 0.1647 0.1655 0.1630 0.1668 0.1696 0.1703 
        H642  6 0.1667 0.1729 0.1735 0.1604 0.1639 0.1626 
        H643  6 0.1688 0.1634 0.1625 0.1718 0.1661 0.1674 
        H664  6 0.1677 0.1682 0.1701 0.1670 0.1602 0.1668 
        H665  6 0.1686 0.1608 0.1628 0.1655 0.1712 0.1710 
        H674  6 0.1677 0.1714 0.1726 0.1584 0.1677 0.1622 
        H675  6 0.1672 0.1676 0.1687 0.1661 0.1657 0.1647 
        H676  6 0.1666 0.1709 0.1717 0.1604 0.1656 0.1648 
        H686  6 0.1664 0.1703 0.1692 0.1628 0.1656 0.1657 
        H687  6 0.1660 0.1676 0.1669 0.1673 0.1633 0.1689 
        H917  6 0.1664 0.1610 0.1630 0.1770 0.1681 0.1645 
        H918  6 0.1673 0.1666 0.1629 0.1694 0.1666 0.1671 
        H919  6 0.1677 0.1593 0.1629 0.1714 0.1701 0.1686 
        H920  6 0.1641 0.1640 0.1623 0.1727 0.1670 0.1698 
        H631  7 0.1650 0.1640 0.1665 0.1688 0.1679 0.1678 
        H684  7 0.1667 0.1717 0.1755 0.1551 0.1672 0.1638 
        H685  7 0.1685 0.1685 0.1676 0.1681 0.1647 0.1625 
        H713  7 0.1657 0.1616 0.1621 0.1751 0.1640 0.1715 
        H715  7 0.1669 0.1695 0.1724 0.1584 0.1715 0.1614 
        H716  7 0.1631 0.1703 0.1677 0.1655 0.1657 0.1678 
        H717  7 0.1660 0.1669 0.1654 0.1669 0.1657 0.1690 
        H729  7 0.1659 0.1660 0.1650 0.1637 0.1694 0.1701 
        H730  7 0.1668 0.1625 0.1628 0.1704 0.1709 0.1666 
        H600  9 0.1640 0.1633 0.1646 0.1779 0.1618 0.1685 
        H648  9 0.1686 0.1706 0.1683 0.1606 0.1711 0.1607 
        H696  9 0.1683 0.1757 0.1722 0.1597 0.1636 0.1604 
        H697  9 0.1686 0.1681 0.1656 0.1628 0.1699 0.1651 
        H698  9 0.1697 0.1683 0.1675 0.1641 0.1663 0.1642 
        H699  9 0.1636 0.1648 0.1697 0.1641 0.1700 0.1678 
        H700  9 0.1668 0.1602 0.1621 0.1769 0.1631 0.1709 
        H732  9 0.1664 0.1669 0.1688 0.1675 0.1658 0.1647 
        H733  9 0.1702 0.1650 0.1625 0.1679 0.1644 0.1700 
        H734  9 0.1644 0.1696 0.1690 0.1605 0.1661 0.1703 
        H735  9 0.1693 0.1664 0.1681 0.1617 0.1688 0.1657 
        H736  9 0.1632 0.1701 0.1678 0.1667 0.1635 0.1686 
        H737  9 0.1683 0.1702 0.1654 0.1698 0.1641 0.1621 
        H905  9 0.1670 0.1632 0.1657 0.1644 0.1702 0.1693 
        H921  9 0.1693 0.1602 0.1620 0.1680 0.1712 0.1693 
        H922  9 0.1663 0.1656 0.1684 0.1626 0.1688 0.1684 
        H409 12 0.1666 0.1624 0.1617 0.1672 0.1710 0.1711 
        H413 12 0.1651 0.1741 0.1749 0.1630 0.1604 0.1625 
        H419 12 0.1695 0.1631 0.1649 0.1640 0.1713 0.1672 
        H420 12 0.1686 0.1659 0.1669 0.1682 0.1654 0.1650 
        H421 12 0.1660 0.1658 0.1683 0.1662 0.1670 0.1667 
        H435 12 0.1664 0.1686 0.1708 0.1616 0.1678 0.1647 
        H436 12 0.1662 0.1630 0.1638 0.1717 0.1664 0.1689 
        H437 12 0.1667 0.1643 0.1646 0.1694 0.1699 0.1651 
        H445 12 0.1661 0.1624 0.1644 0.1700 0.1702 0.1668 
        H449 12 0.1691 0.1743 0.1711 0.1610 0.1631 0.1614 
        H463 12 0.1648 0.1643 0.1653 0.1684 0.1700 0.1673 
        H464 12 0.1637 0.1696 0.1741 0.1636 0.1652 0.1638 
        H465 12 0.1651 0.1739 0.1730 0.1602 0.1668 0.1610 
        H490 12 0.1680 0.1712 0.1688 0.1626 0.1625 0.1669 
        H561 12 0.1722 0.1644 0.1642 0.1603 0.1674 0.1716 
        H562 12 0.1650 0.1626 0.1625 0.1711 0.1699 0.1690 
        H563 12 0.1742 0.1606 0.1609 0.1690 0.1686 0.1667 
        H570 12 0.1691 0.1604 0.1622 0.1729 0.1684 0.1670 
        H571 12 0.1624 0.1697 0.1731 0.1654 0.1649 0.1646 
        H572 12 0.1657 0.1662 0.1634 0.1669 0.1708 0.1671 
        H573 12 0.1655 0.1642 0.1643 0.1680 0.1658 0.1722 
       H7372 12 0.1661 0.1651 0.1662 0.1667 0.1679 0.1680 
       H7373 12 0.1641 0.1760 0.1711 0.1623 0.1654 0.1611 
       H7374 12 0.1647 0.1660 0.1653 0.1677 0.1683 0.1680 
       H7375 12 0.1676 0.1639 0.1643 0.1718 0.1666 0.1658 
       H7376 12 0.1673 0.1640 0.1636 0.1629 0.1710 0.1712 
       H7377 12 0.1667 0.1594 0.1627 0.1766 0.1672 0.1674 
