        H102  1 0.1920 0.1884 0.1996 0.2367 0.1834 
        H103  1 0.2100 0.2148 0.1721 0.1861 0.2171 
        H104  1 0.1827 0.1820 0.2280 0.2326 0.1747 
        H105  1 0.1966 0.1966 0.2043 0.2059 0.1966 
        H106  1 0.2061 0.1990 0.1984 0.1943 0.2023 
        H112  1 0.1897 0.1912 0.2139 0.2118 0.1934 
        H113  1 0.1846 0.1804 0.2411 0.2168 0.1771 
        H114  1 0.1906 0.1902 0.2238 0.2066 0.1888 
        H115  1 0.1872 0.1906 0.2094 0.2343 0.1786 
        H143  1 0.1947 0.1935 0.1999 0.2169 0.1950 
        H144  1 0.2039 0.2013 0.1865 0.2032 0.2051 
        H145  1 0.2094 0.2102 0.1905 0.1770 0.2129 
        H149  1 0.1957 0.1955 0.1950 0.2225 0.1913 
        H150  1 0.1861 0.1887 0.2231 0.2062 0.1960 
     H167542  1 0.1938 0.1869 0.2220 0.2120 0.1853 
     H169604  1 0.2020 0.1981 0.2011 0.2073 0.1915 
     H169607  1 0.2133 0.2002 0.1904 0.1858 0.2104 
     H169608  1 0.1941 0.1937 0.2142 0.2023 0.1956 
     H169633  1 0.2006 0.1973 0.2089 0.1974 0.1958 
     H169688  1 0.2086 0.2129 0.1737 0.1908 0.2140 
     H169714  1 0.1957 0.1987 0.2020 0.2058 0.1979 
     H171802  1 0.1975 0.2011 0.2062 0.1972 0.1979 
     H171805  1 0.2079 0.2010 0.1975 0.1970 0.1966 
     H171807  1 0.2041 0.2014 0.1957 0.2006 0.1982 
     H171814  1 0.1958 0.2060 0.1916 0.1903 0.2164 
     H171816  1 0.1908 0.1877 0.2259 0.2068 0.1888 
     H171817  1 0.1870 0.1811 0.2261 0.2284 0.1775 
     H171818  1 0.2028 0.1960 0.1963 0.2139 0.1910 
     H171819  1 0.1947 0.1881 0.2219 0.2032 0.1922 
     H171834  1 0.1949 0.2000 0.1960 0.2174 0.1917 
     H171835  1 0.1824 0.1848 0.2399 0.2104 0.1825 
     H171836  1 0.2001 0.2014 0.2002 0.1949 0.2034 
     H171837  1 0.1888 0.1844 0.2338 0.2108 0.1822 
     H171838  1 0.2100 0.2031 0.1915 0.1906 0.2049 
     H171839  1 0.1925 0.1916 0.2220 0.2059 0.1881 
     H171841  1 0.1968 0.1960 0.2232 0.1898 0.1941 
     H171860  1 0.1908 0.1904 0.2355 0.1951 0.1883 
     H171861  1 0.2005 0.1989 0.1918 0.2092 0.1996 
     H171862  1 0.1958 0.1971 0.1963 0.2161 0.1947 
     H171868  1 0.1881 0.1888 0.2089 0.2263 0.1879 
     H171869  1 0.2100 0.2106 0.1869 0.1816 0.2109 
     H171870  1 0.2083 0.2025 0.1760 0.2073 0.2059 
     H171871  1 0.2048 0.2093 0.1890 0.1910 0.2059 
     H171872  1 0.1882 0.1787 0.2313 0.2201 0.1817 
     H171873  1 0.2038 0.2044 0.1840 0.2019 0.2059 
     H171874  1 0.2137 0.2089 0.1794 0.1857 0.2123 
     H171875  1 0.2016 0.2068 0.1937 0.1932 0.2047 
     H171876  1 0.2072 0.2089 0.1861 0.1943 0.2033 
     H171877  1 0.1890 0.1896 0.2295 0.2027 0.1892 
     H171878  1 0.2092 0.2116 0.1847 0.1847 0.2098 
     H171901  1 0.2000 0.1958 0.2149 0.2048 0.1846 
     H171902  1 0.2006 0.2059 0.1875 0.1980 0.2080 
     H171903  1 0.2025 0.1982 0.1974 0.2052 0.1966 
     H171935  1 0.2043 0.2029 0.1987 0.1962 0.1979 
     H171936  1 0.1998 0.1983 0.2112 0.1991 0.1916 
     H171940  1 0.1994 0.1975 0.1944 0.2106 0.1980 
     H171945  1 0.1982 0.1961 0.2052 0.1996 0.2009 
     H171948  1 0.1955 0.1967 0.2118 0.2044 0.1916 
     H171949  1 0.1960 0.1975 0.1958 0.2186 0.1921 
     H171950  1 0.1940 0.1917 0.1969 0.2304 0.1869 
     H171963  1 0.2127 0.2045 0.1912 0.1861 0.2055 
     H171964  1 0.2005 0.2117 0.1847 0.1857 0.2175 
     H171966  1 0.2074 0.2027 0.1963 0.1895 0.2042 
     H171968  1 0.2049 0.1972 0.1842 0.2108 0.2029 
     H171971  1 0.1999 0.2076 0.1884 0.1967 0.2073 
     H171972  1 0.2016 0.2022 0.1936 0.1959 0.2067 
     H171977  1 0.2044 0.2033 0.1968 0.1866 0.2089 
     H171978  1 0.2039 0.2007 0.2054 0.1869 0.2031 
     H171979  1 0.2116 0.2024 0.1942 0.1836 0.2081 
        H176  1 0.1834 0.1876 0.2317 0.2093 0.1880 
        H177  1 0.2020 0.1976 0.2055 0.2058 0.1892 
        H179  1 0.1845 0.1798 0.2300 0.2300 0.1756 
        H181  1 0.2031 0.2104 0.1859 0.1926 0.2080 
        H182  1 0.2075 0.2045 0.1916 0.1932 0.2031 
        H183  1 0.2069 0.2111 0.1794 0.1876 0.2150 
        H184  1 0.1993 0.1998 0.2076 0.2029 0.1904 
        H185  1 0.2006 0.1990 0.2074 0.1939 0.1992 
        H186  1 0.1926 0.1974 0.2000 0.2080 0.2019 
        H187  1 0.2077 0.2039 0.2013 0.1871 0.2000 
        H188  1 0.1946 0.1917 0.2290 0.1968 0.1880 
        H192  1 0.1972 0.1912 0.2081 0.2150 0.1885 
        H193  1 0.2079 0.2101 0.1738 0.1918 0.2164 
        H194  1 0.1971 0.1943 0.2081 0.2093 0.1911 
        H195  1 0.2138 0.2160 0.1772 0.1698 0.2231 
        H199  1 0.2074 0.2021 0.1880 0.1940 0.2084 
        H200  1 0.2014 0.1987 0.2053 0.1955 0.1991 
        H414  1 0.2002 0.2070 0.1782 0.1999 0.2147 
        H415  1 0.1979 0.1938 0.2069 0.2078 0.1937 
        H422  1 0.2003 0.2016 0.1841 0.2044 0.2095 
        H423  1 0.1910 0.1915 0.2229 0.2026 0.1919 
        H424  1 0.1948 0.1969 0.2079 0.1982 0.2022 
        H425  1 0.1987 0.2030 0.1938 0.1912 0.2133 
        H426  1 0.2045 0.2163 0.1765 0.1730 0.2296 
        H443  1 0.2008 0.2061 0.1761 0.1932 0.2238 
        H466  1 0.2034 0.2037 0.1981 0.1980 0.1969 
        H467  1 0.2033 0.2032 0.1921 0.2018 0.1997 
        H472  1 0.1984 0.1952 0.2101 0.1989 0.1974 
        H483  1 0.2032 0.1983 0.1821 0.2165 0.1999 
        H504  1 0.2046 0.1995 0.1942 0.1897 0.2120 
        H505  1 0.1986 0.1995 0.1978 0.2124 0.1918 
        H506  1 0.2001 0.2060 0.1948 0.1907 0.2084 
        H507  1 0.2089 0.2085 0.1926 0.1842 0.2058 
        H508  1 0.2081 0.2116 0.1835 0.1880 0.2089 
        H524  1 0.2045 0.1998 0.1984 0.1932 0.2042 
        H525  1 0.1979 0.2003 0.2032 0.1983 0.2003 
        H526  1 0.1952 0.1913 0.2064 0.2117 0.1955 
        H527  1 0.2005 0.2001 0.2060 0.2018 0.1917 
        H528  1 0.1933 0.2098 0.1963 0.1880 0.2127 
        H529  1 0.1957 0.2022 0.2003 0.1947 0.2071 
        H533  1 0.2034 0.1984 0.1874 0.2079 0.2030 
        H538  1 0.1982 0.1916 0.2215 0.2019 0.1867 
        H539  1 0.2108 0.2061 0.1867 0.1888 0.2075 
        H540  1 0.2001 0.1923 0.2102 0.2055 0.1919 
        H541  1 0.1944 0.1943 0.2112 0.2054 0.1947 
        H558  1 0.2104 0.2208 0.1785 0.1764 0.2139 
        H559  1 0.1960 0.2000 0.1951 0.2101 0.1988 
        H579  1 0.2050 0.2105 0.1881 0.1903 0.2062 
        H584  1 0.1991 0.2064 0.1949 0.1847 0.2148 
        H585  1 0.1986 0.2037 0.1968 0.1974 0.2036 
        H605  1 0.2024 0.2003 0.1843 0.2116 0.2014 
        H606  1 0.1918 0.1883 0.2047 0.2288 0.1864 
        H632  1 0.2074 0.2090 0.1779 0.1844 0.2212 
        H634  1 0.2044 0.2071 0.1847 0.1953 0.2085 
        H671  1 0.1889 0.1877 0.2291 0.2084 0.1859 
        H672  1 0.1990 0.1994 0.2002 0.2017 0.1997 
        H673  1 0.2040 0.2080 0.1917 0.1816 0.2148 
        H689  1 0.1980 0.2046 0.2028 0.1851 0.2096 
        H690  1 0.1902 0.1914 0.2030 0.2305 0.1849 
        H691  1 0.1995 0.1973 0.2117 0.1943 0.1972 
        H692  1 0.2051 0.2059 0.1857 0.1854 0.2179 
        H709  1 0.2021 0.2063 0.1776 0.2066 0.2074 
        H710  1 0.2085 0.2109 0.1757 0.1833 0.2216 
       H7355  1 0.1871 0.1834 0.2366 0.2093 0.1836 
       H7356  1 0.2026 0.2044 0.1957 0.1908 0.2065 
       H7357  1 0.1929 0.1865 0.1941 0.2433 0.1831 
       H7358  1 0.2047 0.1988 0.2012 0.1844 0.2108 
       H7380  1 0.1899 0.1913 0.1988 0.2256 0.1944 
       H7381  1 0.1928 0.2028 0.2150 0.1900 0.1995 
       H7382  1 0.2036 0.2003 0.1995 0.1952 0.2014 
        H904  1 0.1889 0.1931 0.2057 0.2302 0.1821 
        H923  1 0.2019 0.2038 0.1959 0.1908 0.2075 
        H924  1 0.1946 0.1897 0.2202 0.2089 0.1866 
        H925  1 0.1961 0.1941 0.2111 0.2008 0.1979 
       H9558  1 0.2126 0.2198 0.1737 0.1712 0.2227 
        H111  3 0.2005 0.2030 0.1889 0.1987 0.2089 
        H951  3 0.1964 0.2018 0.2003 0.1990 0.2025 
        H952  3 0.2077 0.2120 0.1904 0.1812 0.2087 
        H953  3 0.1883 0.1940 0.2316 0.1906 0.1955 
        H954  3 0.1885 0.1916 0.2115 0.2265 0.1819 
        H955  3 0.2093 0.2076 0.1888 0.1917 0.2025 
        H956  3 0.1939 0.1914 0.2095 0.2114 0.1938 
       H9563  3 0.1887 0.1817 0.2436 0.2109 0.1750 
      H_PALI  6 0.1976 0.1961 0.1986 0.2174 0.1901 
        H581  6 0.2031 0.1988 0.2056 0.1976 0.1949 
        H582  6 0.2078 0.2151 0.1781 0.1846 0.2145 
        H583  6 0.2027 0.1995 0.1949 0.2094 0.1936 
        H595  6 0.2042 0.2036 0.1941 0.1988 0.1992 
        H596  6 0.1990 0.2013 0.1975 0.1935 0.2087 
        H597  6 0.1972 0.2041 0.1894 0.1979 0.2114 
        H598  6 0.1962 0.1939 0.2023 0.2168 0.1908 
        H599  6 0.2004 0.2029 0.2104 0.1893 0.1970 
        H642  6 0.2151 0.2179 0.1710 0.1734 0.2225 
        H643  6 0.1834 0.1859 0.2137 0.2276 0.1895 
        H664  6 0.2067 0.2066 0.1900 0.1920 0.2048 
        H665  6 0.1926 0.1892 0.2178 0.2173 0.1831 
        H674  6 0.2087 0.2184 0.1832 0.1668 0.2229 
        H675  6 0.2026 0.2090 0.1953 0.1854 0.2077 
        H676  6 0.2117 0.2057 0.1817 0.1884 0.2125 
        H686  6 0.2055 0.2083 0.1879 0.1872 0.2110 
        H687  6 0.1963 0.2003 0.1999 0.2049 0.1986 
        H917  6 0.2021 0.1913 0.2039 0.2112 0.1916 
        H918  6 0.2054 0.1990 0.1854 0.2036 0.2065 
        H919  6 0.1743 0.1682 0.2655 0.2188 0.1732 
        H920  6 0.1924 0.1957 0.1940 0.2228 0.1951 
        H631  7 0.1955 0.1941 0.2101 0.2067 0.1937 
        H684  7 0.2074 0.2114 0.1860 0.1748 0.2204 
        H685  7 0.1894 0.1901 0.2236 0.2025 0.1944 
        H713  7 0.1920 0.1935 0.1961 0.2283 0.1901 
        H715  7 0.2026 0.2058 0.1964 0.1849 0.2104 
        H716  7 0.1971 0.1983 0.1973 0.2021 0.2052 
        H717  7 0.2004 0.1993 0.2027 0.2042 0.1934 
        H729  7 0.2007 0.2037 0.2014 0.1886 0.2056 
        H730  7 0.1828 0.1849 0.2438 0.2072 0.1812 
        H600  9 0.2003 0.2003 0.1853 0.2141 0.2000 
        H648  9 0.1992 0.2070 0.2034 0.1843 0.2061 
        H696  9 0.2133 0.2101 0.1776 0.1856 0.2134 
        H697  9 0.1928 0.1922 0.2223 0.1995 0.1931 
        H698  9 0.1926 0.2010 0.2029 0.1998 0.2037 
        H699  9 0.1982 0.2066 0.1948 0.1913 0.2091 
        H700  9 0.1938 0.1921 0.1957 0.2301 0.1884 
        H732  9 0.2016 0.2065 0.1961 0.1913 0.2044 
        H733  9 0.1993 0.1987 0.2052 0.2043 0.1926 
        H734  9 0.2136 0.2073 0.1831 0.1839 0.2120 
        H735  9 0.1971 0.1980 0.2099 0.1957 0.1992 
        H736  9 0.2075 0.2039 0.1928 0.1967 0.1991 
        H737  9 0.1897 0.2015 0.1996 0.2035 0.2057 
        H905  9 0.1940 0.2001 0.2066 0.2066 0.1926 
        H921  9 0.1887 0.1866 0.2298 0.2097 0.1853 
        H922  9 0.2032 0.2036 0.2026 0.1898 0.2008 
        H409 12 0.1969 0.1893 0.2069 0.2176 0.1892 
        H413 12 0.2203 0.2159 0.1612 0.1767 0.2259 
        H419 12 0.1900 0.1933 0.2276 0.1997 0.1893 
        H420 12 0.1949 0.2011 0.2075 0.2003 0.1961 
        H421 12 0.2069 0.2054 0.1841 0.1971 0.2065 
        H435 12 0.2032 0.2055 0.1901 0.1929 0.2083 
        H436 12 0.1924 0.1950 0.1986 0.2199 0.1941 
        H437 12 0.1911 0.1957 0.2166 0.2092 0.1874 
        H445 12 0.1982 0.1925 0.2050 0.2129 0.1913 
        H449 12 0.2029 0.2084 0.1913 0.1835 0.2139 
        H463 12 0.2022 0.1977 0.1961 0.2067 0.1973 
        H464 12 0.2084 0.2119 0.1770 0.1828 0.2198 
        H465 12 0.2131 0.2180 0.1803 0.1701 0.2185 
        H490 12 0.2084 0.2097 0.1770 0.1894 0.2155 
        H561 12 0.2011 0.1946 0.2064 0.1997 0.1982 
        H562 12 0.1889 0.1912 0.2160 0.2196 0.1842 
        H563 12 0.1876 0.1798 0.2418 0.2156 0.1752 
        H570 12 0.1912 0.1931 0.2060 0.2233 0.1864 
        H571 12 0.2047 0.2059 0.1860 0.2004 0.2030 
        H572 12 0.2007 0.1996 0.2007 0.2002 0.1988 
        H573 12 0.2046 0.2008 0.1890 0.2066 0.1990 
       H7372 12 0.2005 0.1970 0.2028 0.1994 0.2003 
       H7373 12 0.2081 0.2146 0.1750 0.1774 0.2249 
       H7374 12 0.2019 0.2041 0.1886 0.2058 0.1996 
       H7375 12 0.2003 0.1930 0.2123 0.2034 0.1910 
       H7376 12 0.2026 0.1989 0.2116 0.1903 0.1966 
       H7377 12 0.1914 0.1881 0.2104 0.2278 0.1823 
