        H102  1 0.1104 0.1119 0.1114 0.1119 0.1109 0.1102 0.1113 0.1115 0.1106 
        H103  1 0.1119 0.1102 0.1131 0.1131 0.1091 0.1130 0.1073 0.1108 0.1115 
        H104  1 0.1105 0.1119 0.1086 0.1108 0.1126 0.1116 0.1126 0.1114 0.1099 
        H105  1 0.1115 0.1105 0.1110 0.1121 0.1109 0.1118 0.1092 0.1125 0.1104 
        H106  1 0.1109 0.1109 0.1116 0.1126 0.1116 0.1119 0.1086 0.1106 0.1113 
        H112  1 0.1105 0.1112 0.1098 0.1110 0.1108 0.1102 0.1129 0.1126 0.1110 
        H113  1 0.1100 0.1112 0.1099 0.1099 0.1139 0.1102 0.1123 0.1119 0.1108 
        H114  1 0.1109 0.1134 0.1099 0.1079 0.1138 0.1097 0.1136 0.1096 0.1112 
        H115  1 0.1096 0.1113 0.1098 0.1109 0.1125 0.1107 0.1142 0.1109 0.1101 
        H143  1 0.1101 0.1107 0.1114 0.1113 0.1112 0.1104 0.1113 0.1112 0.1123 
        H144  1 0.1128 0.1115 0.1122 0.1101 0.1097 0.1102 0.1116 0.1108 0.1110 
        H145  1 0.1126 0.1077 0.1143 0.1118 0.1086 0.1130 0.1099 0.1100 0.1122 
        H149  1 0.1096 0.1122 0.1099 0.1104 0.1111 0.1091 0.1172 0.1109 0.1096 
        H150  1 0.1111 0.1122 0.1105 0.1099 0.1111 0.1104 0.1121 0.1128 0.1099 
     H167542  1 0.1109 0.1116 0.1100 0.1121 0.1134 0.1086 0.1114 0.1116 0.1103 
     H169604  1 0.1100 0.1116 0.1101 0.1123 0.1118 0.1111 0.1116 0.1113 0.1103 
     H169607  1 0.1120 0.1100 0.1121 0.1131 0.1125 0.1107 0.1075 0.1102 0.1119 
     H169608  1 0.1098 0.1107 0.1111 0.1101 0.1100 0.1093 0.1145 0.1134 0.1112 
     H169633  1 0.1115 0.1118 0.1106 0.1106 0.1127 0.1087 0.1112 0.1127 0.1102 
     H169688  1 0.1117 0.1107 0.1118 0.1128 0.1084 0.1115 0.1097 0.1126 0.1109 
     H169714  1 0.1099 0.1100 0.1118 0.1118 0.1110 0.1111 0.1111 0.1120 0.1112 
     H171802  1 0.1121 0.1106 0.1110 0.1110 0.1107 0.1113 0.1117 0.1103 0.1114 
     H171805  1 0.1094 0.1113 0.1124 0.1129 0.1118 0.1115 0.1082 0.1122 0.1103 
     H171807  1 0.1107 0.1136 0.1097 0.1141 0.1091 0.1112 0.1123 0.1091 0.1102 
     H171814  1 0.1151 0.1095 0.1148 0.1105 0.1070 0.1112 0.1080 0.1110 0.1129 
     H171816  1 0.1114 0.1122 0.1109 0.1108 0.1107 0.1109 0.1121 0.1103 0.1106 
     H171817  1 0.1084 0.1134 0.1101 0.1102 0.1126 0.1108 0.1119 0.1109 0.1117 
     H171818  1 0.1096 0.1114 0.1099 0.1089 0.1143 0.1109 0.1119 0.1112 0.1120 
     H171819  1 0.1094 0.1144 0.1096 0.1103 0.1108 0.1097 0.1143 0.1115 0.1099 
     H171834  1 0.1094 0.1122 0.1086 0.1129 0.1124 0.1105 0.1135 0.1112 0.1092 
     H171835  1 0.1100 0.1137 0.1104 0.1098 0.1110 0.1102 0.1133 0.1111 0.1106 
     H171836  1 0.1120 0.1090 0.1130 0.1119 0.1105 0.1122 0.1090 0.1100 0.1124 
     H171837  1 0.1116 0.1137 0.1109 0.1099 0.1100 0.1104 0.1119 0.1115 0.1102 
     H171838  1 0.1116 0.1118 0.1123 0.1112 0.1100 0.1124 0.1099 0.1107 0.1101 
     H171839  1 0.1090 0.1112 0.1104 0.1095 0.1124 0.1128 0.1122 0.1127 0.1099 
     H171841  1 0.1106 0.1119 0.1103 0.1100 0.1083 0.1098 0.1157 0.1127 0.1105 
     H171860  1 0.1113 0.1130 0.1098 0.1104 0.1112 0.1122 0.1115 0.1108 0.1098 
     H171861  1 0.1113 0.1106 0.1112 0.1132 0.1118 0.1108 0.1078 0.1121 0.1111 
     H171862  1 0.1116 0.1134 0.1113 0.1104 0.1098 0.1111 0.1105 0.1121 0.1099 
     H171868  1 0.1097 0.1125 0.1100 0.1087 0.1111 0.1117 0.1131 0.1139 0.1094 
     H171869  1 0.1131 0.1083 0.1132 0.1112 0.1106 0.1113 0.1101 0.1099 0.1122 
     H171870  1 0.1110 0.1105 0.1114 0.1109 0.1102 0.1110 0.1101 0.1121 0.1128 
     H171871  1 0.1118 0.1107 0.1123 0.1100 0.1108 0.1103 0.1098 0.1119 0.1124 
     H171872  1 0.1091 0.1144 0.1109 0.1102 0.1127 0.1108 0.1119 0.1099 0.1102 
     H171873  1 0.1123 0.1111 0.1119 0.1106 0.1101 0.1109 0.1101 0.1118 0.1113 
     H171874  1 0.1118 0.1080 0.1114 0.1143 0.1087 0.1112 0.1103 0.1108 0.1134 
     H171875  1 0.1125 0.1087 0.1114 0.1117 0.1118 0.1113 0.1090 0.1113 0.1121 
     H171876  1 0.1108 0.1089 0.1104 0.1124 0.1114 0.1110 0.1143 0.1100 0.1108 
     H171877  1 0.1097 0.1129 0.1096 0.1106 0.1143 0.1108 0.1090 0.1136 0.1095 
     H171878  1 0.1115 0.1109 0.1101 0.1115 0.1116 0.1109 0.1116 0.1116 0.1103 
     H171901  1 0.1097 0.1108 0.1098 0.1127 0.1119 0.1101 0.1125 0.1121 0.1105 
     H171902  1 0.1132 0.1100 0.1135 0.1121 0.1095 0.1113 0.1100 0.1086 0.1118 
     H171903  1 0.1114 0.1096 0.1107 0.1127 0.1109 0.1119 0.1115 0.1098 0.1116 
     H171935  1 0.1109 0.1104 0.1114 0.1116 0.1097 0.1116 0.1120 0.1104 0.1120 
     H171936  1 0.1113 0.1105 0.1098 0.1112 0.1150 0.1109 0.1110 0.1107 0.1096 
     H171940  1 0.1091 0.1133 0.1104 0.1109 0.1125 0.1089 0.1101 0.1132 0.1118 
     H171945  1 0.1126 0.1105 0.1108 0.1104 0.1106 0.1113 0.1112 0.1121 0.1105 
     H171948  1 0.1093 0.1134 0.1103 0.1113 0.1112 0.1097 0.1161 0.1108 0.1080 
     H171949  1 0.1094 0.1149 0.1102 0.1095 0.1113 0.1087 0.1137 0.1129 0.1094 
     H171950  1 0.1113 0.1094 0.1107 0.1107 0.1114 0.1105 0.1143 0.1116 0.1100 
     H171963  1 0.1119 0.1104 0.1124 0.1110 0.1113 0.1127 0.1090 0.1099 0.1113 
     H171964  1 0.1134 0.1102 0.1121 0.1107 0.1078 0.1122 0.1136 0.1095 0.1106 
     H171966  1 0.1106 0.1123 0.1109 0.1124 0.1129 0.1119 0.1091 0.1106 0.1094 
     H171968  1 0.1113 0.1095 0.1126 0.1121 0.1106 0.1101 0.1132 0.1098 0.1107 
     H171971  1 0.1109 0.1112 0.1112 0.1102 0.1112 0.1115 0.1120 0.1105 0.1113 
     H171972  1 0.1102 0.1095 0.1105 0.1129 0.1100 0.1114 0.1139 0.1103 0.1113 
     H171977  1 0.1114 0.1103 0.1131 0.1114 0.1105 0.1104 0.1104 0.1105 0.1120 
     H171978  1 0.1115 0.1094 0.1110 0.1110 0.1114 0.1110 0.1117 0.1112 0.1118 
     H171979  1 0.1103 0.1126 0.1110 0.1115 0.1116 0.1114 0.1098 0.1104 0.1114 
        H176  1 0.1105 0.1132 0.1101 0.1107 0.1132 0.1090 0.1119 0.1116 0.1098 
        H177  1 0.1124 0.1116 0.1105 0.1098 0.1100 0.1120 0.1103 0.1123 0.1111 
        H179  1 0.1094 0.1137 0.1073 0.1096 0.1127 0.1108 0.1143 0.1124 0.1099 
        H181  1 0.1113 0.1136 0.1112 0.1114 0.1112 0.1119 0.1095 0.1104 0.1095 
        H182  1 0.1124 0.1093 0.1116 0.1127 0.1119 0.1112 0.1098 0.1106 0.1105 
        H183  1 0.1116 0.1099 0.1128 0.1103 0.1101 0.1136 0.1085 0.1112 0.1120 
        H184  1 0.1110 0.1122 0.1092 0.1117 0.1113 0.1111 0.1108 0.1120 0.1106 
        H185  1 0.1124 0.1102 0.1115 0.1092 0.1124 0.1119 0.1084 0.1123 0.1119 
        H186  1 0.1129 0.1098 0.1122 0.1111 0.1099 0.1107 0.1109 0.1109 0.1116 
        H187  1 0.1110 0.1108 0.1113 0.1112 0.1120 0.1099 0.1106 0.1120 0.1112 
        H188  1 0.1094 0.1120 0.1090 0.1105 0.1140 0.1112 0.1127 0.1108 0.1104 
        H192  1 0.1103 0.1122 0.1100 0.1099 0.1118 0.1106 0.1137 0.1116 0.1098 
        H193  1 0.1115 0.1108 0.1118 0.1113 0.1092 0.1130 0.1072 0.1116 0.1134 
        H194  1 0.1110 0.1115 0.1104 0.1088 0.1118 0.1113 0.1135 0.1110 0.1107 
        H195  1 0.1122 0.1096 0.1131 0.1116 0.1099 0.1115 0.1080 0.1114 0.1128 
        H199  1 0.1126 0.1102 0.1139 0.1106 0.1116 0.1113 0.1084 0.1102 0.1112 
        H200  1 0.1108 0.1106 0.1112 0.1132 0.1115 0.1115 0.1094 0.1114 0.1106 
        H414  1 0.1115 0.1096 0.1135 0.1107 0.1107 0.1116 0.1101 0.1105 0.1119 
        H415  1 0.1091 0.1115 0.1114 0.1132 0.1124 0.1105 0.1130 0.1085 0.1103 
        H422  1 0.1143 0.1091 0.1138 0.1118 0.1088 0.1110 0.1085 0.1098 0.1129 
        H423  1 0.1092 0.1127 0.1089 0.1101 0.1113 0.1099 0.1149 0.1121 0.1111 
        H424  1 0.1101 0.1115 0.1114 0.1121 0.1093 0.1116 0.1125 0.1103 0.1112 
        H425  1 0.1122 0.1102 0.1130 0.1105 0.1113 0.1124 0.1076 0.1122 0.1107 
        H426  1 0.1130 0.1079 0.1140 0.1110 0.1105 0.1106 0.1101 0.1111 0.1118 
        H443  1 0.1133 0.1081 0.1154 0.1107 0.1096 0.1124 0.1078 0.1117 0.1109 
        H466  1 0.1108 0.1117 0.1104 0.1105 0.1111 0.1120 0.1131 0.1103 0.1102 
        H467  1 0.1106 0.1112 0.1101 0.1116 0.1083 0.1116 0.1137 0.1121 0.1107 
        H472  1 0.1112 0.1115 0.1106 0.1108 0.1112 0.1115 0.1101 0.1120 0.1110 
        H483  1 0.1111 0.1129 0.1120 0.1112 0.1106 0.1106 0.1108 0.1097 0.1112 
        H504  1 0.1123 0.1095 0.1141 0.1120 0.1113 0.1116 0.1085 0.1086 0.1121 
        H505  1 0.1102 0.1128 0.1085 0.1110 0.1133 0.1125 0.1102 0.1117 0.1098 
        H506  1 0.1113 0.1110 0.1105 0.1113 0.1111 0.1108 0.1097 0.1112 0.1131 
        H507  1 0.1121 0.1111 0.1109 0.1123 0.1132 0.1109 0.1071 0.1103 0.1121 
        H508  1 0.1130 0.1096 0.1132 0.1116 0.1112 0.1109 0.1085 0.1105 0.1115 
        H524  1 0.1124 0.1091 0.1121 0.1124 0.1118 0.1125 0.1072 0.1094 0.1131 
        H525  1 0.1122 0.1119 0.1106 0.1107 0.1117 0.1103 0.1095 0.1113 0.1118 
        H526  1 0.1116 0.1104 0.1113 0.1106 0.1118 0.1126 0.1094 0.1123 0.1099 
        H527  1 0.1109 0.1093 0.1105 0.1118 0.1107 0.1109 0.1138 0.1121 0.1100 
        H528  1 0.1119 0.1107 0.1117 0.1126 0.1100 0.1120 0.1101 0.1102 0.1107 
        H529  1 0.1131 0.1118 0.1138 0.1101 0.1106 0.1109 0.1072 0.1110 0.1114 
        H533  1 0.1109 0.1115 0.1110 0.1120 0.1119 0.1115 0.1111 0.1098 0.1103 
        H538  1 0.1111 0.1109 0.1112 0.1125 0.1122 0.1098 0.1100 0.1123 0.1101 
        H539  1 0.1117 0.1096 0.1131 0.1112 0.1100 0.1115 0.1083 0.1111 0.1135 
        H540  1 0.1102 0.1109 0.1105 0.1105 0.1129 0.1112 0.1121 0.1102 0.1115 
        H541  1 0.1098 0.1110 0.1083 0.1103 0.1126 0.1108 0.1159 0.1105 0.1107 
        H558  1 0.1136 0.1085 0.1141 0.1111 0.1089 0.1112 0.1079 0.1121 0.1125 
        H559  1 0.1096 0.1109 0.1098 0.1117 0.1107 0.1100 0.1143 0.1109 0.1122 
        H579  1 0.1123 0.1075 0.1122 0.1102 0.1114 0.1114 0.1108 0.1128 0.1113 
        H584  1 0.1118 0.1076 0.1122 0.1123 0.1087 0.1124 0.1107 0.1121 0.1123 
        H585  1 0.1106 0.1113 0.1103 0.1112 0.1110 0.1124 0.1113 0.1101 0.1117 
        H605  1 0.1129 0.1096 0.1115 0.1125 0.1107 0.1116 0.1095 0.1120 0.1099 
        H606  1 0.1104 0.1111 0.1097 0.1107 0.1101 0.1097 0.1164 0.1119 0.1099 
        H632  1 0.1134 0.1101 0.1129 0.1122 0.1095 0.1114 0.1080 0.1097 0.1128 
        H634  1 0.1133 0.1096 0.1114 0.1111 0.1102 0.1118 0.1099 0.1114 0.1112 
        H671  1 0.1114 0.1123 0.1109 0.1112 0.1101 0.1106 0.1140 0.1100 0.1094 
        H672  1 0.1105 0.1102 0.1107 0.1080 0.1117 0.1129 0.1116 0.1122 0.1121 
        H673  1 0.1116 0.1083 0.1127 0.1125 0.1096 0.1118 0.1108 0.1114 0.1113 
        H689  1 0.1112 0.1106 0.1121 0.1106 0.1113 0.1099 0.1115 0.1121 0.1107 
        H690  1 0.1093 0.1119 0.1105 0.1127 0.1101 0.1101 0.1137 0.1112 0.1104 
        H691  1 0.1099 0.1118 0.1111 0.1095 0.1116 0.1103 0.1127 0.1126 0.1105 
        H692  1 0.1124 0.1079 0.1139 0.1119 0.1100 0.1130 0.1096 0.1102 0.1111 
        H709  1 0.1113 0.1092 0.1130 0.1129 0.1091 0.1125 0.1092 0.1110 0.1118 
        H710  1 0.1114 0.1097 0.1138 0.1135 0.1097 0.1111 0.1084 0.1113 0.1111 
       H7355  1 0.1104 0.1115 0.1116 0.1099 0.1127 0.1115 0.1123 0.1113 0.1087 
       H7356  1 0.1138 0.1107 0.1108 0.1115 0.1102 0.1093 0.1118 0.1114 0.1106 
       H7357  1 0.1108 0.1132 0.1096 0.1115 0.1126 0.1115 0.1086 0.1106 0.1117 
       H7358  1 0.1104 0.1104 0.1105 0.1114 0.1131 0.1112 0.1104 0.1127 0.1098 
       H7380  1 0.1098 0.1120 0.1106 0.1107 0.1104 0.1109 0.1138 0.1115 0.1103 
       H7381  1 0.1111 0.1107 0.1099 0.1101 0.1095 0.1123 0.1138 0.1117 0.1111 
       H7382  1 0.1111 0.1085 0.1114 0.1108 0.1106 0.1117 0.1123 0.1114 0.1122 
        H904  1 0.1097 0.1094 0.1087 0.1108 0.1109 0.1096 0.1178 0.1110 0.1122 
        H923  1 0.1110 0.1101 0.1128 0.1103 0.1104 0.1106 0.1088 0.1143 0.1116 
        H924  1 0.1097 0.1116 0.1104 0.1117 0.1112 0.1099 0.1135 0.1118 0.1102 
        H925  1 0.1117 0.1117 0.1117 0.1101 0.1123 0.1116 0.1097 0.1112 0.1101 
       H9558  1 0.1155 0.1080 0.1145 0.1116 0.1073 0.1112 0.1077 0.1116 0.1126 
        H111  3 0.1123 0.1098 0.1124 0.1108 0.1114 0.1111 0.1103 0.1112 0.1107 
        H951  3 0.1107 0.1114 0.1112 0.1128 0.1103 0.1124 0.1108 0.1117 0.1088 
        H952  3 0.1127 0.1082 0.1119 0.1117 0.1118 0.1122 0.1099 0.1094 0.1122 
        H953  3 0.1109 0.1129 0.1113 0.1092 0.1144 0.1104 0.1110 0.1112 0.1087 
        H954  3 0.1088 0.1120 0.1106 0.1088 0.1115 0.1100 0.1169 0.1117 0.1097 
        H955  3 0.1123 0.1090 0.1130 0.1113 0.1106 0.1113 0.1085 0.1120 0.1119 
        H956  3 0.1118 0.1111 0.1107 0.1114 0.1116 0.1116 0.1113 0.1104 0.1101 
       H9563  3 0.1095 0.1123 0.1089 0.1101 0.1135 0.1114 0.1125 0.1113 0.1106 
      H_PALI  6 0.1086 0.1118 0.1091 0.1118 0.1098 0.1116 0.1144 0.1133 0.1096 
        H581  6 0.1111 0.1114 0.1103 0.1079 0.1122 0.1108 0.1118 0.1138 0.1107 
        H582  6 0.1114 0.1119 0.1121 0.1107 0.1095 0.1109 0.1102 0.1111 0.1122 
        H583  6 0.1117 0.1098 0.1106 0.1113 0.1125 0.1119 0.1108 0.1101 0.1112 
        H595  6 0.1114 0.1118 0.1113 0.1111 0.1125 0.1112 0.1084 0.1104 0.1119 
        H596  6 0.1143 0.1103 0.1128 0.1113 0.1102 0.1117 0.1066 0.1114 0.1113 
        H597  6 0.1108 0.1118 0.1141 0.1131 0.1119 0.1101 0.1071 0.1104 0.1106 
        H598  6 0.1106 0.1117 0.1087 0.1118 0.1129 0.1121 0.1132 0.1094 0.1097 
        H599  6 0.1099 0.1120 0.1097 0.1114 0.1117 0.1116 0.1117 0.1114 0.1105 
        H642  6 0.1122 0.1089 0.1139 0.1113 0.1111 0.1105 0.1077 0.1105 0.1139 
        H643  6 0.1107 0.1133 0.1100 0.1103 0.1121 0.1101 0.1120 0.1114 0.1102 
        H664  6 0.1125 0.1080 0.1136 0.1111 0.1088 0.1117 0.1104 0.1111 0.1128 
        H665  6 0.1090 0.1128 0.1082 0.1109 0.1141 0.1103 0.1144 0.1113 0.1092 
        H674  6 0.1122 0.1112 0.1123 0.1111 0.1107 0.1114 0.1086 0.1103 0.1121 
        H675  6 0.1113 0.1096 0.1121 0.1111 0.1124 0.1110 0.1111 0.1109 0.1104 
        H676  6 0.1132 0.1099 0.1126 0.1103 0.1093 0.1121 0.1079 0.1125 0.1121 
        H686  6 0.1130 0.1107 0.1106 0.1117 0.1109 0.1092 0.1104 0.1113 0.1122 
        H687  6 0.1121 0.1093 0.1117 0.1119 0.1105 0.1110 0.1098 0.1107 0.1131 
        H917  6 0.1095 0.1136 0.1094 0.1112 0.1124 0.1113 0.1108 0.1118 0.1100 
        H918  6 0.1120 0.1126 0.1091 0.1114 0.1117 0.1108 0.1105 0.1116 0.1104 
        H919  6 0.1068 0.1159 0.1079 0.1093 0.1129 0.1099 0.1163 0.1126 0.1086 
        H920  6 0.1090 0.1121 0.1099 0.1112 0.1108 0.1106 0.1120 0.1126 0.1118 
        H631  7 0.1104 0.1140 0.1091 0.1110 0.1113 0.1113 0.1113 0.1106 0.1109 
        H684  7 0.1141 0.1089 0.1123 0.1133 0.1084 0.1116 0.1087 0.1113 0.1114 
        H685  7 0.1119 0.1126 0.1111 0.1084 0.1102 0.1114 0.1143 0.1102 0.1097 
        H713  7 0.1109 0.1105 0.1119 0.1108 0.1113 0.1116 0.1107 0.1107 0.1115 
        H715  7 0.1123 0.1105 0.1112 0.1124 0.1090 0.1113 0.1092 0.1111 0.1130 
        H716  7 0.1113 0.1120 0.1106 0.1110 0.1104 0.1111 0.1116 0.1114 0.1106 
        H717  7 0.1102 0.1123 0.1114 0.1112 0.1113 0.1122 0.1109 0.1107 0.1098 
        H729  7 0.1103 0.1114 0.1107 0.1102 0.1125 0.1108 0.1116 0.1123 0.1103 
        H730  7 0.1106 0.1144 0.1101 0.1098 0.1125 0.1103 0.1126 0.1106 0.1091 
        H600  9 0.1110 0.1095 0.1112 0.1120 0.1084 0.1133 0.1121 0.1118 0.1108 
        H648  9 0.1115 0.1119 0.1117 0.1119 0.1103 0.1104 0.1102 0.1109 0.1112 
        H696  9 0.1135 0.1100 0.1136 0.1110 0.1117 0.1110 0.1080 0.1093 0.1119 
        H697  9 0.1118 0.1116 0.1094 0.1111 0.1116 0.1135 0.1119 0.1102 0.1089 
        H698  9 0.1113 0.1127 0.1124 0.1103 0.1122 0.1095 0.1112 0.1100 0.1104 
        H699  9 0.1124 0.1124 0.1118 0.1103 0.1108 0.1107 0.1098 0.1104 0.1113 
        H700  9 0.1099 0.1113 0.1111 0.1102 0.1105 0.1122 0.1122 0.1115 0.1112 
        H732  9 0.1110 0.1100 0.1121 0.1116 0.1107 0.1117 0.1108 0.1114 0.1109 
        H733  9 0.1103 0.1105 0.1123 0.1108 0.1131 0.1115 0.1103 0.1102 0.1109 
        H734  9 0.1124 0.1099 0.1105 0.1136 0.1108 0.1109 0.1080 0.1116 0.1123 
        H735  9 0.1119 0.1112 0.1128 0.1110 0.1108 0.1107 0.1105 0.1114 0.1097 
        H736  9 0.1115 0.1094 0.1122 0.1125 0.1106 0.1114 0.1100 0.1114 0.1109 
        H737  9 0.1126 0.1102 0.1119 0.1102 0.1104 0.1093 0.1108 0.1118 0.1128 
        H905  9 0.1107 0.1120 0.1108 0.1109 0.1116 0.1094 0.1130 0.1115 0.1101 
        H921  9 0.1093 0.1135 0.1090 0.1096 0.1131 0.1099 0.1156 0.1104 0.1096 
        H922  9 0.1105 0.1121 0.1099 0.1090 0.1131 0.1107 0.1137 0.1113 0.1097 
        H409 12 0.1101 0.1129 0.1091 0.1126 0.1123 0.1108 0.1105 0.1113 0.1105 
        H413 12 0.1123 0.1095 0.1135 0.1130 0.1102 0.1128 0.1055 0.1096 0.1136 
        H419 12 0.1093 0.1148 0.1083 0.1095 0.1112 0.1096 0.1160 0.1116 0.1096 
        H420 12 0.1105 0.1114 0.1095 0.1097 0.1121 0.1114 0.1136 0.1119 0.1100 
        H421 12 0.1115 0.1094 0.1104 0.1106 0.1115 0.1107 0.1122 0.1114 0.1125 
        H435 12 0.1118 0.1112 0.1121 0.1117 0.1099 0.1114 0.1120 0.1104 0.1095 
        H436 12 0.1115 0.1102 0.1105 0.1095 0.1105 0.1116 0.1138 0.1111 0.1114 
        H437 12 0.1098 0.1108 0.1104 0.1109 0.1106 0.1106 0.1161 0.1115 0.1093 
        H445 12 0.1112 0.1114 0.1099 0.1111 0.1115 0.1113 0.1097 0.1128 0.1110 
        H449 12 0.1145 0.1070 0.1131 0.1118 0.1095 0.1095 0.1111 0.1116 0.1117 
        H463 12 0.1096 0.1114 0.1098 0.1123 0.1095 0.1111 0.1139 0.1117 0.1106 
        H464 12 0.1135 0.1094 0.1122 0.1112 0.1100 0.1127 0.1087 0.1118 0.1105 
        H465 12 0.1126 0.1101 0.1133 0.1110 0.1093 0.1118 0.1092 0.1110 0.1116 
        H490 12 0.1111 0.1109 0.1123 0.1128 0.1104 0.1107 0.1106 0.1097 0.1115 
        H561 12 0.1108 0.1136 0.1093 0.1108 0.1114 0.1114 0.1096 0.1120 0.1110 
        H562 12 0.1098 0.1133 0.1087 0.1095 0.1113 0.1107 0.1145 0.1114 0.1108 
        H563 12 0.1106 0.1134 0.1106 0.1095 0.1121 0.1111 0.1122 0.1102 0.1104 
        H570 12 0.1092 0.1135 0.1090 0.1098 0.1121 0.1098 0.1133 0.1126 0.1108 
        H571 12 0.1112 0.1096 0.1131 0.1119 0.1080 0.1122 0.1116 0.1095 0.1129 
        H572 12 0.1114 0.1153 0.1098 0.1112 0.1116 0.1095 0.1115 0.1093 0.1103 
        H573 12 0.1112 0.1096 0.1112 0.1115 0.1128 0.1114 0.1091 0.1113 0.1120 
       H7372 12 0.1104 0.1107 0.1104 0.1119 0.1128 0.1101 0.1121 0.1104 0.1113 
       H7373 12 0.1136 0.1079 0.1148 0.1136 0.1100 0.1115 0.1084 0.1093 0.1108 
       H7374 12 0.1113 0.1116 0.1117 0.1098 0.1104 0.1110 0.1109 0.1119 0.1113 
       H7375 12 0.1105 0.1125 0.1116 0.1106 0.1126 0.1098 0.1115 0.1101 0.1108 
       H7376 12 0.1100 0.1130 0.1093 0.1095 0.1122 0.1116 0.1123 0.1126 0.1094 
       H7377 12 0.1088 0.1129 0.1080 0.1084 0.1129 0.1108 0.1159 0.1120 0.1104 
