        H102  1 0.3151 0.3671 0.3178 
        H103  1 0.3633 0.2824 0.3544 
        H104  1 0.3137 0.3684 0.3179 
        H105  1 0.3201 0.3588 0.3210 
        H106  1 0.3371 0.3285 0.3344 
        H112  1 0.3117 0.3743 0.3139 
        H113  1 0.3026 0.3873 0.3102 
        H114  1 0.3105 0.3713 0.3183 
        H115  1 0.3148 0.3699 0.3153 
        H143  1 0.3236 0.3483 0.3281 
        H144  1 0.3359 0.3350 0.3291 
        H145  1 0.3583 0.2946 0.3471 
        H149  1 0.3157 0.3621 0.3222 
        H150  1 0.3156 0.3686 0.3158 
     H167542  1 0.3172 0.3588 0.3240 
     H169604  1 0.3306 0.3376 0.3318 
     H169607  1 0.3408 0.3166 0.3426 
     H169608  1 0.3217 0.3602 0.3181 
     H169633  1 0.3281 0.3394 0.3325 
     H169688  1 0.3516 0.2963 0.3521 
     H169714  1 0.3404 0.3237 0.3358 
     H171802  1 0.3220 0.3551 0.3228 
     H171805  1 0.3346 0.3272 0.3382 
     H171807  1 0.3277 0.3448 0.3275 
     H171814  1 0.3561 0.2990 0.3449 
     H171816  1 0.3136 0.3720 0.3144 
     H171817  1 0.3017 0.3893 0.3090 
     H171818  1 0.3278 0.3364 0.3358 
     H171819  1 0.3159 0.3660 0.3181 
     H171834  1 0.3083 0.3771 0.3145 
     H171835  1 0.3143 0.3626 0.3230 
     H171836  1 0.3441 0.3077 0.3482 
     H171837  1 0.3190 0.3557 0.3253 
     H171838  1 0.3335 0.3366 0.3299 
     H171839  1 0.3237 0.3456 0.3308 
     H171841  1 0.3180 0.3632 0.3188 
     H171860  1 0.3218 0.3464 0.3317 
     H171861  1 0.3384 0.3224 0.3393 
     H171862  1 0.3266 0.3493 0.3241 
     H171868  1 0.3207 0.3571 0.3222 
     H171869  1 0.3611 0.2931 0.3458 
     H171870  1 0.3524 0.2950 0.3526 
     H171871  1 0.3435 0.3154 0.3411 
     H171872  1 0.3170 0.3583 0.3247 
     H171873  1 0.3336 0.3368 0.3296 
     H171874  1 0.3511 0.3005 0.3484 
     H171875  1 0.3446 0.3095 0.3459 
     H171876  1 0.3367 0.3199 0.3434 
     H171877  1 0.3315 0.3285 0.3400 
     H171878  1 0.3381 0.3250 0.3370 
     H171901  1 0.3124 0.3660 0.3216 
     H171902  1 0.3382 0.3265 0.3353 
     H171903  1 0.3330 0.3322 0.3348 
     H171935  1 0.3296 0.3333 0.3371 
     H171936  1 0.3270 0.3453 0.3278 
     H171940  1 0.3277 0.3404 0.3319 
     H171945  1 0.3244 0.3535 0.3222 
     H171948  1 0.3062 0.3787 0.3150 
     H171949  1 0.3071 0.3772 0.3157 
     H171950  1 0.3345 0.3362 0.3293 
     H171963  1 0.3534 0.2908 0.3558 
     H171964  1 0.3553 0.3071 0.3376 
     H171966  1 0.3370 0.3290 0.3339 
     H171968  1 0.3378 0.3336 0.3286 
     H171971  1 0.3327 0.3397 0.3275 
     H171972  1 0.3335 0.3373 0.3292 
     H171977  1 0.3532 0.2882 0.3586 
     H171978  1 0.3391 0.3295 0.3314 
     H171979  1 0.3371 0.3219 0.3410 
        H176  1 0.3150 0.3696 0.3154 
        H177  1 0.3230 0.3520 0.3250 
        H179  1 0.3101 0.3747 0.3152 
        H181  1 0.3268 0.3382 0.3350 
        H182  1 0.3443 0.3136 0.3422 
        H183  1 0.3438 0.3116 0.3446 
        H184  1 0.3212 0.3528 0.3260 
        H185  1 0.3259 0.3433 0.3308 
        H186  1 0.3328 0.3460 0.3212 
        H187  1 0.3315 0.3330 0.3355 
        H188  1 0.3286 0.3355 0.3359 
        H192  1 0.3106 0.3803 0.3091 
        H193  1 0.3656 0.2725 0.3619 
        H194  1 0.3176 0.3571 0.3253 
        H195  1 0.3604 0.2838 0.3559 
        H199  1 0.3420 0.3188 0.3392 
        H200  1 0.3325 0.3354 0.3321 
        H414  1 0.3432 0.3181 0.3386 
        H415  1 0.3163 0.3653 0.3183 
        H422  1 0.3537 0.3065 0.3398 
        H423  1 0.3091 0.3818 0.3091 
        H424  1 0.3328 0.3340 0.3333 
        H425  1 0.3406 0.3253 0.3341 
        H426  1 0.3627 0.2916 0.3458 
        H443  1 0.3629 0.2849 0.3521 
        H466  1 0.3344 0.3310 0.3346 
        H467  1 0.3382 0.3239 0.3379 
        H472  1 0.3277 0.3436 0.3287 
        H483  1 0.3280 0.3482 0.3238 
        H504  1 0.3405 0.3155 0.3439 
        H505  1 0.3258 0.3424 0.3318 
        H506  1 0.3472 0.3144 0.3384 
        H507  1 0.3534 0.2963 0.3504 
        H508  1 0.3572 0.2826 0.3602 
        H524  1 0.3357 0.3317 0.3326 
        H525  1 0.3412 0.3092 0.3496 
        H526  1 0.3217 0.3505 0.3279 
        H527  1 0.3314 0.3400 0.3286 
        H528  1 0.3443 0.3225 0.3332 
        H529  1 0.3422 0.3190 0.3389 
        H533  1 0.3439 0.3176 0.3385 
        H538  1 0.3121 0.3692 0.3186 
        H539  1 0.3400 0.3162 0.3439 
        H540  1 0.3136 0.3670 0.3193 
        H541  1 0.3314 0.3356 0.3330 
        H558  1 0.3468 0.3116 0.3416 
        H559  1 0.3392 0.3299 0.3309 
        H579  1 0.3444 0.3176 0.3380 
        H584  1 0.3448 0.3195 0.3357 
        H585  1 0.3404 0.3223 0.3372 
        H605  1 0.3445 0.3147 0.3409 
        H606  1 0.3199 0.3625 0.3176 
        H632  1 0.3577 0.2897 0.3526 
        H634  1 0.3395 0.3267 0.3338 
        H671  1 0.3255 0.3457 0.3288 
        H672  1 0.3423 0.3171 0.3407 
        H673  1 0.3426 0.3123 0.3451 
        H689  1 0.3348 0.3301 0.3351 
        H690  1 0.3188 0.3530 0.3282 
        H691  1 0.3269 0.3477 0.3253 
        H692  1 0.3421 0.3080 0.3499 
        H709  1 0.3546 0.2942 0.3512 
        H710  1 0.3512 0.3020 0.3467 
       H7355  1 0.3190 0.3565 0.3245 
       H7356  1 0.3326 0.3334 0.3340 
       H7357  1 0.3193 0.3573 0.3234 
       H7358  1 0.3432 0.3198 0.3370 
       H7380  1 0.3151 0.3696 0.3153 
       H7381  1 0.3399 0.3292 0.3309 
       H7382  1 0.3403 0.3211 0.3386 
        H904  1 0.3129 0.3775 0.3095 
        H923  1 0.3381 0.3211 0.3409 
        H924  1 0.3155 0.3690 0.3155 
        H925  1 0.3310 0.3426 0.3263 
       H9558  1 0.3539 0.2999 0.3462 
        H111  3 0.3426 0.3172 0.3402 
        H951  3 0.3305 0.3334 0.3360 
        H952  3 0.3566 0.2935 0.3499 
        H953  3 0.3335 0.3336 0.3329 
        H954  3 0.3125 0.3723 0.3152 
        H955  3 0.3496 0.3048 0.3456 
        H956  3 0.3310 0.3339 0.3352 
       H9563  3 0.3122 0.3712 0.3166 
      H_PALI  6 0.3217 0.3555 0.3229 
        H581  6 0.3285 0.3423 0.3292 
        H582  6 0.3494 0.3023 0.3482 
        H583  6 0.3356 0.3294 0.3350 
        H595  6 0.3307 0.3356 0.3337 
        H596  6 0.3487 0.3045 0.3469 
        H597  6 0.3393 0.3320 0.3287 
        H598  6 0.3253 0.3526 0.3221 
        H599  6 0.3253 0.3457 0.3291 
        H642  6 0.3618 0.2800 0.3582 
        H643  6 0.3139 0.3701 0.3159 
        H664  6 0.3585 0.2936 0.3479 
        H665  6 0.3061 0.3823 0.3116 
        H674  6 0.3498 0.3040 0.3462 
        H675  6 0.3389 0.3270 0.3341 
        H676  6 0.3400 0.3175 0.3425 
        H686  6 0.3437 0.3135 0.3428 
        H687  6 0.3405 0.3221 0.3374 
        H917  6 0.3152 0.3600 0.3248 
        H918  6 0.3385 0.3181 0.3433 
        H919  6 0.2937 0.4056 0.3007 
        H920  6 0.3156 0.3672 0.3172 
        H631  7 0.3322 0.3444 0.3234 
        H684  7 0.3531 0.2975 0.3493 
        H685  7 0.3334 0.3280 0.3385 
        H713  7 0.3427 0.3190 0.3382 
        H715  7 0.3465 0.3170 0.3365 
        H716  7 0.3337 0.3353 0.3309 
        H717  7 0.3301 0.3359 0.3339 
        H729  7 0.3400 0.3185 0.3415 
        H730  7 0.3194 0.3582 0.3225 
        H600  9 0.3404 0.3179 0.3417 
        H648  9 0.3432 0.3248 0.3320 
        H696  9 0.3498 0.3065 0.3437 
        H697  9 0.3243 0.3501 0.3256 
        H698  9 0.3308 0.3334 0.3357 
        H699  9 0.3351 0.3364 0.3285 
        H700  9 0.3348 0.3329 0.3323 
        H732  9 0.3458 0.3178 0.3364 
        H733  9 0.3270 0.3412 0.3318 
        H734  9 0.3478 0.3047 0.3476 
        H735  9 0.3354 0.3257 0.3390 
        H736  9 0.3351 0.3263 0.3385 
        H737  9 0.3375 0.3321 0.3304 
        H905  9 0.3156 0.3676 0.3168 
        H921  9 0.3078 0.3806 0.3116 
        H922  9 0.3322 0.3310 0.3367 
        H409 12 0.3196 0.3579 0.3225 
        H413 12 0.3739 0.2603 0.3658 
        H419 12 0.3160 0.3661 0.3178 
        H420 12 0.3234 0.3511 0.3255 
        H421 12 0.3436 0.3194 0.3369 
        H435 12 0.3473 0.3041 0.3486 
        H436 12 0.3352 0.3346 0.3302 
        H437 12 0.3105 0.3809 0.3086 
        H445 12 0.3249 0.3399 0.3352 
        H449 12 0.3524 0.3031 0.3445 
        H463 12 0.3285 0.3434 0.3282 
        H464 12 0.3545 0.2908 0.3547 
        H465 12 0.3624 0.2784 0.3592 
        H490 12 0.3455 0.3169 0.3375 
        H561 12 0.3197 0.3529 0.3274 
        H562 12 0.3083 0.3784 0.3133 
        H563 12 0.3107 0.3738 0.3155 
        H570 12 0.3064 0.3743 0.3193 
        H571 12 0.3529 0.3008 0.3463 
        H572 12 0.3209 0.3563 0.3228 
        H573 12 0.3397 0.3224 0.3379 
       H7372 12 0.3387 0.3260 0.3353 
       H7373 12 0.3662 0.2807 0.3530 
       H7374 12 0.3370 0.3332 0.3298 
       H7375 12 0.3298 0.3390 0.3312 
       H7376 12 0.3330 0.3272 0.3398 
       H7377 12 0.3073 0.3837 0.3090 
