        H102  1 0.2922 0.2238 0.2197 0.2643 
        H103  1 0.2311 0.2815 0.2783 0.2091 
        H104  1 0.2576 0.2279 0.2122 0.3023 
        H105  1 0.2740 0.2544 0.2285 0.2430 
        H106  1 0.2450 0.2595 0.2520 0.2436 
        H112  1 0.2573 0.2378 0.2189 0.2860 
        H113  1 0.2425 0.2279 0.2101 0.3194 
        H114  1 0.2444 0.2416 0.2197 0.2943 
        H115  1 0.2802 0.2265 0.2127 0.2805 
        H143  1 0.2679 0.2379 0.2302 0.2640 
        H144  1 0.2674 0.2382 0.2705 0.2239 
        H145  1 0.2130 0.2618 0.2846 0.2406 
        H149  1 0.2905 0.2463 0.2215 0.2416 
        H150  1 0.2529 0.2350 0.2435 0.2686 
     H167542  1 0.2657 0.2328 0.2195 0.2820 
     H169604  1 0.2552 0.2473 0.2398 0.2577 
     H169607  1 0.2300 0.2659 0.2710 0.2332 
     H169608  1 0.2512 0.2378 0.2451 0.2659 
     H169633  1 0.2437 0.2434 0.2428 0.2701 
     H169688  1 0.2345 0.2704 0.2848 0.2103 
     H169714  1 0.2528 0.2442 0.2411 0.2619 
     H171802  1 0.2344 0.2584 0.2489 0.2583 
     H171805  1 0.2576 0.2606 0.2543 0.2274 
     H171807  1 0.2587 0.2534 0.2476 0.2402 
     H171814  1 0.2167 0.2427 0.2853 0.2553 
     H171816  1 0.2538 0.2414 0.2322 0.2727 
     H171817  1 0.2990 0.2254 0.2104 0.2652 
     H171818  1 0.2820 0.2379 0.2226 0.2575 
     H171819  1 0.2481 0.2449 0.2357 0.2714 
     H171834  1 0.2767 0.2374 0.2204 0.2655 
     H171835  1 0.2465 0.2241 0.2246 0.3049 
     H171836  1 0.2392 0.2675 0.2649 0.2284 
     H171837  1 0.2509 0.2249 0.2142 0.3100 
     H171838  1 0.2426 0.2666 0.2638 0.2269 
     H171839  1 0.2570 0.2420 0.2193 0.2817 
     H171841  1 0.2515 0.2556 0.2451 0.2478 
     H171860  1 0.2395 0.2378 0.2254 0.2973 
     H171861  1 0.2639 0.2531 0.2441 0.2390 
     H171862  1 0.2721 0.2346 0.2369 0.2564 
     H171868  1 0.2807 0.2381 0.2126 0.2686 
     H171869  1 0.2119 0.2598 0.2888 0.2395 
     H171870  1 0.2596 0.2568 0.2603 0.2233 
     H171871  1 0.2332 0.2607 0.2718 0.2343 
     H171872  1 0.2667 0.2264 0.2100 0.2970 
     H171873  1 0.2492 0.2530 0.2701 0.2277 
     H171874  1 0.2368 0.2744 0.2775 0.2114 
     H171875  1 0.2348 0.2638 0.2714 0.2300 
     H171876  1 0.2483 0.2648 0.2447 0.2422 
     H171877  1 0.2453 0.2279 0.2158 0.3110 
     H171878  1 0.2426 0.2587 0.2772 0.2215 
     H171901  1 0.2529 0.2518 0.2408 0.2545 
     H171902  1 0.2467 0.2416 0.2764 0.2353 
     H171903  1 0.2472 0.2528 0.2429 0.2570 
     H171935  1 0.2459 0.2615 0.2550 0.2376 
     H171936  1 0.2525 0.2506 0.2338 0.2631 
     H171940  1 0.2910 0.2381 0.2286 0.2422 
     H171945  1 0.2651 0.2418 0.2586 0.2345 
     H171948  1 0.2735 0.2492 0.2314 0.2459 
     H171949  1 0.2866 0.2370 0.2259 0.2504 
     H171950  1 0.2815 0.2371 0.2251 0.2563 
     H171963  1 0.2209 0.2627 0.2751 0.2413 
     H171964  1 0.2286 0.2405 0.2967 0.2342 
     H171966  1 0.2423 0.2652 0.2528 0.2397 
     H171968  1 0.2760 0.2373 0.2473 0.2394 
     H171971  1 0.2521 0.2493 0.2616 0.2370 
     H171972  1 0.2471 0.2554 0.2580 0.2394 
     H171977  1 0.2264 0.2534 0.2679 0.2524 
     H171978  1 0.2431 0.2619 0.2610 0.2340 
     H171979  1 0.2331 0.2749 0.2563 0.2356 
        H176  1 0.2526 0.2314 0.2228 0.2932 
        H177  1 0.2528 0.2591 0.2425 0.2455 
        H179  1 0.2857 0.2245 0.2061 0.2837 
        H181  1 0.2492 0.2604 0.2535 0.2368 
        H182  1 0.2305 0.2709 0.2587 0.2399 
        H183  1 0.2229 0.2735 0.2833 0.2203 
        H184  1 0.2762 0.2550 0.2267 0.2420 
        H185  1 0.2444 0.2485 0.2505 0.2566 
        H186  1 0.2468 0.2337 0.2676 0.2519 
        H187  1 0.2379 0.2753 0.2541 0.2327 
        H188  1 0.2428 0.2362 0.2173 0.3037 
        H192  1 0.2776 0.2448 0.2281 0.2495 
        H193  1 0.2368 0.2672 0.2730 0.2230 
        H194  1 0.2631 0.2399 0.2290 0.2680 
        H195  1 0.2044 0.2727 0.2984 0.2246 
        H199  1 0.2421 0.2553 0.2753 0.2273 
        H200  1 0.2465 0.2500 0.2559 0.2476 
        H414  1 0.2294 0.2576 0.2845 0.2286 
        H415  1 0.2476 0.2476 0.2493 0.2555 
        H422  1 0.2494 0.2385 0.2763 0.2358 
        H423  1 0.2639 0.2426 0.2382 0.2553 
        H424  1 0.2436 0.2505 0.2596 0.2462 
        H425  1 0.2483 0.2478 0.2802 0.2237 
        H426  1 0.2065 0.2712 0.3054 0.2169 
        H443  1 0.2324 0.2360 0.2945 0.2371 
        H466  1 0.2419 0.2702 0.2487 0.2391 
        H467  1 0.2536 0.2420 0.2551 0.2494 
        H472  1 0.2389 0.2622 0.2496 0.2493 
        H483  1 0.2928 0.2399 0.2386 0.2287 
        H504  1 0.2322 0.2481 0.2808 0.2389 
        H505  1 0.2695 0.2398 0.2351 0.2556 
        H506  1 0.2431 0.2560 0.2574 0.2435 
        H507  1 0.2157 0.2794 0.2704 0.2345 
        H508  1 0.2208 0.2844 0.2631 0.2317 
        H524  1 0.2301 0.2640 0.2559 0.2500 
        H525  1 0.2362 0.2442 0.2526 0.2669 
        H526  1 0.2684 0.2384 0.2365 0.2568 
        H527  1 0.2512 0.2577 0.2520 0.2390 
        H528  1 0.2279 0.2520 0.2868 0.2333 
        H529  1 0.2289 0.2490 0.2815 0.2406 
        H533  1 0.2524 0.2683 0.2516 0.2277 
        H538  1 0.2386 0.2585 0.2270 0.2760 
        H539  1 0.2307 0.2662 0.2761 0.2270 
        H540  1 0.2598 0.2501 0.2309 0.2591 
        H541  1 0.2748 0.2352 0.2326 0.2575 
        H558  1 0.2185 0.2724 0.3081 0.2011 
        H559  1 0.2848 0.2462 0.2366 0.2324 
        H579  1 0.2310 0.2615 0.2688 0.2387 
        H584  1 0.2157 0.2514 0.2914 0.2415 
        H585  1 0.2329 0.2520 0.2794 0.2357 
        H605  1 0.2646 0.2504 0.2459 0.2391 
        H606  1 0.2873 0.2215 0.2231 0.2681 
        H632  1 0.2184 0.2568 0.2961 0.2286 
        H634  1 0.2434 0.2640 0.2684 0.2243 
        H671  1 0.2518 0.2330 0.2431 0.2722 
        H672  1 0.2514 0.2546 0.2430 0.2510 
        H673  1 0.2295 0.2612 0.2748 0.2346 
        H689  1 0.2405 0.2508 0.2628 0.2459 
        H690  1 0.2656 0.2250 0.2270 0.2824 
        H691  1 0.2502 0.2541 0.2354 0.2603 
        H692  1 0.2276 0.2727 0.2836 0.2161 
        H709  1 0.2420 0.2622 0.2594 0.2364 
        H710  1 0.2236 0.2742 0.2844 0.2178 
       H7355  1 0.2534 0.2303 0.2166 0.2996 
       H7356  1 0.2443 0.2502 0.2693 0.2362 
       H7357  1 0.3098 0.2274 0.2102 0.2526 
       H7358  1 0.2308 0.2651 0.2527 0.2514 
       H7380  1 0.2802 0.2325 0.2367 0.2505 
       H7381  1 0.2282 0.2517 0.2570 0.2632 
       H7382  1 0.2496 0.2558 0.2462 0.2485 
        H904  1 0.2965 0.2261 0.2058 0.2715 
        H923  1 0.2385 0.2517 0.2616 0.2482 
        H924  1 0.2524 0.2400 0.2265 0.2811 
        H925  1 0.2446 0.2402 0.2496 0.2656 
       H9558  1 0.2089 0.2788 0.3160 0.1962 
        H111  3 0.2454 0.2547 0.2727 0.2273 
        H951  3 0.2476 0.2592 0.2581 0.2352 
        H952  3 0.2136 0.2460 0.2895 0.2508 
        H953  3 0.2297 0.2268 0.2370 0.3064 
        H954  3 0.2880 0.2350 0.2086 0.2684 
        H955  3 0.2198 0.2677 0.2745 0.2380 
        H956  3 0.2570 0.2394 0.2316 0.2721 
       H9563  3 0.2512 0.2248 0.2111 0.3128 
      H_PALI  6 0.2802 0.2496 0.2263 0.2439 
        H581  6 0.2515 0.2581 0.2491 0.2413 
        H582  6 0.2446 0.2654 0.2679 0.2221 
        H583  6 0.2707 0.2507 0.2450 0.2335 
        H595  6 0.2521 0.2648 0.2482 0.2349 
        H596  6 0.2274 0.2648 0.2654 0.2425 
        H597  6 0.2449 0.2349 0.2819 0.2383 
        H598  6 0.2600 0.2479 0.2353 0.2567 
        H599  6 0.2415 0.2583 0.2440 0.2562 
        H642  6 0.2207 0.2739 0.2838 0.2216 
        H643  6 0.2748 0.2325 0.2262 0.2664 
        H664  6 0.2312 0.2634 0.2784 0.2270 
        H665  6 0.2852 0.2322 0.2082 0.2744 
        H674  6 0.2113 0.2649 0.2938 0.2300 
        H675  6 0.2385 0.2543 0.2623 0.2449 
        H676  6 0.2428 0.2674 0.2689 0.2209 
        H686  6 0.2302 0.2735 0.2609 0.2353 
        H687  6 0.2382 0.2430 0.2677 0.2511 
        H917  6 0.2671 0.2413 0.2391 0.2526 
        H918  6 0.2732 0.2512 0.2530 0.2226 
        H919  6 0.2620 0.2223 0.1957 0.3200 
        H920  6 0.2847 0.2378 0.2366 0.2408 
        H631  7 0.2610 0.2422 0.2311 0.2658 
        H684  7 0.2111 0.2655 0.2984 0.2250 
        H685  7 0.2333 0.2447 0.2428 0.2792 
        H713  7 0.2697 0.2366 0.2395 0.2542 
        H715  7 0.2361 0.2612 0.2617 0.2411 
        H716  7 0.2594 0.2333 0.2495 0.2578 
        H717  7 0.2462 0.2491 0.2387 0.2660 
        H729  7 0.2348 0.2631 0.2435 0.2587 
        H730  7 0.2589 0.2165 0.2102 0.3143 
        H600  9 0.2575 0.2415 0.2459 0.2552 
        H648  9 0.2340 0.2458 0.2689 0.2514 
        H696  9 0.2325 0.2705 0.2797 0.2173 
        H697  9 0.2342 0.2448 0.2412 0.2798 
        H698  9 0.2575 0.2373 0.2530 0.2523 
        H699  9 0.2391 0.2549 0.2619 0.2442 
        H700  9 0.2867 0.2289 0.2209 0.2635 
        H732  9 0.2420 0.2441 0.2591 0.2548 
        H733  9 0.2487 0.2498 0.2396 0.2619 
        H734  9 0.2124 0.2754 0.2903 0.2218 
        H735  9 0.2322 0.2552 0.2559 0.2567 
        H736  9 0.2415 0.2660 0.2531 0.2394 
        H737  9 0.2381 0.2271 0.2596 0.2752 
        H905  9 0.2616 0.2406 0.2306 0.2672 
        H921  9 0.2659 0.2351 0.2115 0.2874 
        H922  9 0.2517 0.2631 0.2464 0.2388 
        H409 12 0.2713 0.2462 0.2242 0.2583 
        H413 12 0.2210 0.2732 0.2893 0.2165 
        H419 12 0.2589 0.2346 0.2232 0.2833 
        H420 12 0.2562 0.2443 0.2396 0.2600 
        H421 12 0.2652 0.2499 0.2521 0.2328 
        H435 12 0.2342 0.2547 0.2639 0.2472 
        H436 12 0.2837 0.2369 0.2265 0.2530 
        H437 12 0.2661 0.2423 0.2418 0.2498 
        H445 12 0.2784 0.2404 0.2236 0.2576 
        H449 12 0.2186 0.2533 0.2842 0.2440 
        H463 12 0.2795 0.2504 0.2308 0.2393 
        H464 12 0.2288 0.2768 0.2827 0.2118 
        H465 12 0.2105 0.2679 0.3030 0.2186 
        H490 12 0.2419 0.2617 0.2901 0.2063 
        H561 12 0.2633 0.2632 0.2417 0.2318 
        H562 12 0.2838 0.2293 0.2133 0.2736 
        H563 12 0.2492 0.2280 0.2060 0.3168 
        H570 12 0.2918 0.2232 0.2134 0.2716 
        H571 12 0.2390 0.2592 0.2730 0.2287 
        H572 12 0.2614 0.2475 0.2456 0.2455 
        H573 12 0.2595 0.2488 0.2416 0.2500 
       H7372 12 0.2529 0.2463 0.2520 0.2489 
       H7373 12 0.2069 0.2711 0.3070 0.2150 
       H7374 12 0.2789 0.2475 0.2326 0.2410 
       H7375 12 0.2533 0.2453 0.2308 0.2706 
       H7376 12 0.2534 0.2452 0.2280 0.2735 
       H7377 12 0.2923 0.2280 0.2220 0.2577 
