        H102  1 0.2519 0.2857 0.2393 0.2232 
        H103  1 0.2380 0.2251 0.2653 0.2717 
        H104  1 0.2484 0.2809 0.2402 0.2306 
        H105  1 0.2528 0.2588 0.2436 0.2448 
        H106  1 0.2520 0.2512 0.2463 0.2505 
        H112  1 0.2653 0.2569 0.2405 0.2374 
        H113  1 0.2761 0.2513 0.2375 0.2351 
        H114  1 0.2698 0.2558 0.2401 0.2343 
        H115  1 0.2661 0.2803 0.2318 0.2217 
        H143  1 0.2493 0.2695 0.2412 0.2401 
        H144  1 0.2516 0.2504 0.2456 0.2524 
        H145  1 0.2576 0.2085 0.2666 0.2673 
        H149  1 0.2402 0.2793 0.2425 0.2380 
        H150  1 0.2777 0.2524 0.2328 0.2370 
     H167542  1 0.2607 0.2795 0.2302 0.2296 
     H169604  1 0.2595 0.2506 0.2467 0.2432 
     H169607  1 0.2562 0.2306 0.2600 0.2532 
     H169608  1 0.2729 0.2445 0.2424 0.2402 
     H169633  1 0.2584 0.2460 0.2502 0.2453 
     H169688  1 0.2333 0.2331 0.2665 0.2670 
     H169714  1 0.2440 0.2684 0.2427 0.2449 
     H171802  1 0.2501 0.2453 0.2534 0.2512 
     H171805  1 0.2521 0.2554 0.2414 0.2511 
     H171807  1 0.2497 0.2485 0.2546 0.2471 
     H171814  1 0.2526 0.2199 0.2543 0.2732 
     H171816  1 0.2639 0.2486 0.2473 0.2402 
     H171817  1 0.2656 0.2742 0.2391 0.2211 
     H171818  1 0.2339 0.2820 0.2441 0.2400 
     H171819  1 0.2681 0.2494 0.2438 0.2388 
     H171834  1 0.2527 0.2754 0.2375 0.2345 
     H171835  1 0.2725 0.2469 0.2446 0.2360 
     H171836  1 0.2403 0.2347 0.2545 0.2705 
     H171837  1 0.2635 0.2549 0.2432 0.2384 
     H171838  1 0.2591 0.2334 0.2522 0.2553 
     H171839  1 0.2694 0.2412 0.2453 0.2441 
     H171841  1 0.2644 0.2355 0.2523 0.2478 
     H171860  1 0.2619 0.2510 0.2468 0.2403 
     H171861  1 0.2424 0.2586 0.2491 0.2499 
     H171862  1 0.2576 0.2556 0.2477 0.2391 
     H171868  1 0.2616 0.2743 0.2353 0.2288 
     H171869  1 0.2397 0.2343 0.2531 0.2729 
     H171870  1 0.2304 0.2592 0.2584 0.2520 
     H171871  1 0.2436 0.2331 0.2603 0.2630 
     H171872  1 0.2607 0.2739 0.2359 0.2295 
     H171873  1 0.2462 0.2365 0.2589 0.2585 
     H171874  1 0.2291 0.2353 0.2632 0.2723 
     H171875  1 0.2449 0.2419 0.2514 0.2618 
     H171876  1 0.2355 0.2446 0.2630 0.2569 
     H171877  1 0.2634 0.2734 0.2341 0.2291 
     H171878  1 0.2347 0.2442 0.2590 0.2621 
     H171901  1 0.2489 0.2614 0.2442 0.2456 
     H171902  1 0.2566 0.2365 0.2559 0.2509 
     H171903  1 0.2421 0.2556 0.2555 0.2468 
     H171935  1 0.2375 0.2371 0.2650 0.2604 
     H171936  1 0.2503 0.2603 0.2457 0.2438 
     H171940  1 0.2407 0.2837 0.2366 0.2390 
     H171945  1 0.2598 0.2384 0.2516 0.2502 
     H171948  1 0.2645 0.2618 0.2408 0.2329 
     H171949  1 0.2531 0.2733 0.2441 0.2296 
     H171950  1 0.2230 0.3073 0.2390 0.2307 
     H171963  1 0.2376 0.2358 0.2611 0.2655 
     H171964  1 0.2534 0.2256 0.2536 0.2674 
     H171966  1 0.2483 0.2293 0.2567 0.2657 
     H171968  1 0.2434 0.2692 0.2427 0.2448 
     H171971  1 0.2329 0.2633 0.2482 0.2556 
     H171972  1 0.2434 0.2402 0.2599 0.2565 
     H171977  1 0.2460 0.2312 0.2516 0.2712 
     H171978  1 0.2446 0.2435 0.2547 0.2572 
     H171979  1 0.2459 0.2297 0.2603 0.2641 
        H176  1 0.2688 0.2558 0.2403 0.2351 
        H177  1 0.2512 0.2623 0.2462 0.2402 
        H179  1 0.2567 0.2943 0.2316 0.2174 
        H181  1 0.2411 0.2440 0.2541 0.2607 
        H182  1 0.2587 0.2276 0.2491 0.2646 
        H183  1 0.2364 0.2226 0.2683 0.2727 
        H184  1 0.2536 0.2594 0.2444 0.2426 
        H185  1 0.2589 0.2408 0.2506 0.2497 
        H186  1 0.2597 0.2475 0.2414 0.2514 
        H187  1 0.2502 0.2412 0.2541 0.2545 
        H188  1 0.2428 0.2749 0.2417 0.2406 
        H192  1 0.2640 0.2580 0.2439 0.2341 
        H193  1 0.2448 0.2406 0.2483 0.2662 
        H194  1 0.2586 0.2522 0.2459 0.2433 
        H195  1 0.2433 0.2231 0.2584 0.2752 
        H199  1 0.2485 0.2295 0.2614 0.2607 
        H200  1 0.2565 0.2452 0.2493 0.2490 
        H414  1 0.2455 0.2400 0.2528 0.2617 
        H415  1 0.2633 0.2536 0.2459 0.2372 
        H422  1 0.2453 0.2497 0.2476 0.2573 
        H423  1 0.2686 0.2508 0.2455 0.2351 
        H424  1 0.2576 0.2330 0.2539 0.2555 
        H425  1 0.2574 0.2355 0.2493 0.2578 
        H426  1 0.2425 0.2209 0.2600 0.2766 
        H443  1 0.2396 0.2420 0.2524 0.2660 
        H466  1 0.2480 0.2464 0.2547 0.2509 
        H467  1 0.2456 0.2550 0.2506 0.2489 
        H472  1 0.2467 0.2445 0.2504 0.2585 
        H483  1 0.2451 0.2584 0.2534 0.2431 
        H504  1 0.2523 0.2306 0.2575 0.2596 
        H505  1 0.2345 0.2872 0.2401 0.2382 
        H506  1 0.2448 0.2443 0.2508 0.2601 
        H507  1 0.2454 0.2384 0.2510 0.2652 
        H508  1 0.2330 0.2368 0.2603 0.2698 
        H524  1 0.2483 0.2454 0.2505 0.2558 
        H525  1 0.2519 0.2457 0.2490 0.2534 
        H526  1 0.2644 0.2486 0.2439 0.2431 
        H527  1 0.2431 0.2666 0.2465 0.2438 
        H528  1 0.2588 0.2321 0.2544 0.2547 
        H529  1 0.2591 0.2339 0.2466 0.2605 
        H533  1 0.2509 0.2407 0.2550 0.2534 
        H538  1 0.2569 0.2431 0.2496 0.2504 
        H539  1 0.2421 0.2409 0.2514 0.2656 
        H540  1 0.2614 0.2488 0.2475 0.2422 
        H541  1 0.2504 0.2677 0.2399 0.2419 
        H558  1 0.2423 0.2238 0.2640 0.2699 
        H559  1 0.2407 0.2651 0.2492 0.2450 
        H579  1 0.2520 0.2316 0.2534 0.2629 
        H584  1 0.2582 0.2265 0.2550 0.2603 
        H585  1 0.2470 0.2443 0.2498 0.2590 
        H605  1 0.2441 0.2647 0.2480 0.2432 
        H606  1 0.2437 0.3010 0.2306 0.2248 
        H632  1 0.2458 0.2303 0.2591 0.2648 
        H634  1 0.2441 0.2546 0.2474 0.2539 
        H671  1 0.2576 0.2481 0.2512 0.2432 
        H672  1 0.2351 0.2667 0.2470 0.2511 
        H673  1 0.2397 0.2396 0.2509 0.2698 
        H689  1 0.2610 0.2327 0.2531 0.2532 
        H690  1 0.2623 0.2784 0.2362 0.2232 
        H691  1 0.2543 0.2538 0.2439 0.2480 
        H692  1 0.2432 0.2247 0.2586 0.2735 
        H709  1 0.2425 0.2389 0.2598 0.2588 
        H710  1 0.2504 0.2214 0.2601 0.2682 
       H7355  1 0.2913 0.2371 0.2354 0.2361 
       H7356  1 0.2611 0.2421 0.2448 0.2520 
       H7357  1 0.2526 0.2889 0.2362 0.2223 
       H7358  1 0.2462 0.2444 0.2526 0.2568 
       H7380  1 0.2673 0.2630 0.2388 0.2308 
       H7381  1 0.2480 0.2408 0.2516 0.2595 
       H7382  1 0.2453 0.2604 0.2422 0.2521 
        H904  1 0.2402 0.2902 0.2391 0.2305 
        H923  1 0.2589 0.2306 0.2561 0.2544 
        H924  1 0.2575 0.2553 0.2444 0.2428 
        H925  1 0.2622 0.2466 0.2432 0.2480 
       H9558  1 0.2424 0.2177 0.2601 0.2797 
        H111  3 0.2467 0.2391 0.2551 0.2590 
        H951  3 0.2603 0.2337 0.2497 0.2563 
        H952  3 0.2439 0.2235 0.2604 0.2722 
        H953  3 0.2697 0.2446 0.2418 0.2439 
        H954  3 0.2382 0.2919 0.2389 0.2310 
        H955  3 0.2307 0.2385 0.2604 0.2704 
        H956  3 0.2541 0.2465 0.2511 0.2484 
       H9563  3 0.2518 0.2722 0.2423 0.2338 
      H_PALI  6 0.2399 0.2764 0.2478 0.2359 
        H581  6 0.2417 0.2595 0.2476 0.2512 
        H582  6 0.2295 0.2544 0.2601 0.2560 
        H583  6 0.2291 0.2780 0.2454 0.2476 
        H595  6 0.2442 0.2411 0.2527 0.2621 
        H596  6 0.2558 0.2336 0.2492 0.2614 
        H597  6 0.2597 0.2332 0.2520 0.2551 
        H598  6 0.2562 0.2683 0.2384 0.2371 
        H599  6 0.2494 0.2420 0.2513 0.2572 
        H642  6 0.2282 0.2109 0.2779 0.2830 
        H643  6 0.2691 0.2632 0.2376 0.2300 
        H664  6 0.2269 0.2431 0.2642 0.2658 
        H665  6 0.2794 0.2584 0.2379 0.2242 
        H674  6 0.2524 0.2159 0.2541 0.2775 
        H675  6 0.2515 0.2338 0.2540 0.2607 
        H676  6 0.2516 0.2259 0.2563 0.2662 
        H686  6 0.2491 0.2389 0.2530 0.2590 
        H687  6 0.2508 0.2486 0.2487 0.2519 
        H917  6 0.2598 0.2666 0.2381 0.2355 
        H918  6 0.2470 0.2537 0.2505 0.2488 
        H919  6 0.2894 0.2503 0.2387 0.2215 
        H920  6 0.2427 0.2789 0.2434 0.2350 
        H631  7 0.2519 0.2654 0.2479 0.2348 
        H684  7 0.2515 0.2132 0.2635 0.2718 
        H685  7 0.2472 0.2416 0.2561 0.2551 
        H713  7 0.2271 0.2852 0.2485 0.2392 
        H715  7 0.2553 0.2235 0.2616 0.2596 
        H716  7 0.2597 0.2534 0.2422 0.2447 
        H717  7 0.2429 0.2563 0.2502 0.2506 
        H729  7 0.2548 0.2361 0.2513 0.2577 
        H730  7 0.2700 0.2621 0.2368 0.2310 
        H600  9 0.2466 0.2665 0.2456 0.2414 
        H648  9 0.2558 0.2271 0.2607 0.2563 
        H696  9 0.2346 0.2224 0.2677 0.2753 
        H697  9 0.2598 0.2420 0.2474 0.2508 
        H698  9 0.2453 0.2516 0.2525 0.2505 
        H699  9 0.2468 0.2449 0.2546 0.2537 
        H700  9 0.2419 0.2963 0.2350 0.2268 
        H732  9 0.2256 0.2597 0.2560 0.2587 
        H733  9 0.2469 0.2532 0.2489 0.2510 
        H734  9 0.2442 0.2288 0.2643 0.2627 
        H735  9 0.2495 0.2360 0.2571 0.2574 
        H736  9 0.2421 0.2366 0.2634 0.2579 
        H737  9 0.2585 0.2381 0.2499 0.2536 
        H905  9 0.2541 0.2595 0.2428 0.2435 
        H921  9 0.2600 0.2645 0.2427 0.2327 
        H922  9 0.2512 0.2423 0.2505 0.2560 
        H409 12 0.2557 0.2599 0.2472 0.2372 
        H413 12 0.2278 0.2270 0.2641 0.2811 
        H419 12 0.2600 0.2593 0.2404 0.2404 
        H420 12 0.2467 0.2549 0.2505 0.2479 
        H421 12 0.2350 0.2614 0.2500 0.2537 
        H435 12 0.2616 0.2351 0.2495 0.2538 
        H436 12 0.2353 0.2879 0.2404 0.2365 
        H437 12 0.2662 0.2602 0.2423 0.2313 
        H445 12 0.2504 0.2784 0.2381 0.2330 
        H449 12 0.2455 0.2293 0.2547 0.2704 
        H463 12 0.2446 0.2563 0.2554 0.2437 
        H464 12 0.2369 0.2328 0.2615 0.2688 
        H465 12 0.2283 0.2204 0.2696 0.2817 
        H490 12 0.2371 0.2333 0.2582 0.2714 
        H561 12 0.2521 0.2399 0.2533 0.2547 
        H562 12 0.2488 0.2771 0.2411 0.2330 
        H563 12 0.2521 0.2682 0.2386 0.2412 
        H570 12 0.2486 0.2966 0.2330 0.2219 
        H571 12 0.2360 0.2412 0.2625 0.2603 
        H572 12 0.2440 0.2621 0.2526 0.2413 
        H573 12 0.2367 0.2639 0.2508 0.2486 
       H7372 12 0.2482 0.2550 0.2452 0.2516 
       H7373 12 0.2417 0.2160 0.2683 0.2739 
       H7374 12 0.2352 0.2748 0.2446 0.2454 
       H7375 12 0.2325 0.2810 0.2435 0.2429 
       H7376 12 0.2587 0.2462 0.2460 0.2491 
       H7377 12 0.2475 0.2818 0.2430 0.2277 
