        H102  1 0.1312 0.1469 0.1542 0.1548 0.1380 0.1350 0.1400 
        H103  1 0.1494 0.1287 0.1405 0.1281 0.1521 0.1496 0.1515 
        H104  1 0.1310 0.1517 0.1482 0.1609 0.1371 0.1342 0.1369 
        H105  1 0.1375 0.1425 0.1464 0.1547 0.1412 0.1401 0.1375 
        H106  1 0.1406 0.1522 0.1412 0.1433 0.1408 0.1396 0.1423 
        H112  1 0.1356 0.1446 0.1489 0.1552 0.1396 0.1354 0.1408 
        H113  1 0.1316 0.1432 0.1400 0.1796 0.1394 0.1318 0.1345 
        H114  1 0.1348 0.1456 0.1460 0.1606 0.1392 0.1341 0.1397 
        H115  1 0.1339 0.1489 0.1473 0.1578 0.1385 0.1362 0.1374 
        H143  1 0.1399 0.1406 0.1604 0.1442 0.1369 0.1374 0.1406 
        H144  1 0.1465 0.1354 0.1378 0.1509 0.1441 0.1459 0.1393 
        H145  1 0.1548 0.1333 0.1294 0.1363 0.1587 0.1467 0.1408 
        H149  1 0.1399 0.1495 0.1536 0.1320 0.1420 0.1407 0.1424 
        H150  1 0.1466 0.1384 0.1354 0.1763 0.1382 0.1335 0.1315 
     H167542  1 0.1327 0.1507 0.1563 0.1675 0.1282 0.1315 0.1331 
     H169604  1 0.1348 0.1407 0.1445 0.1558 0.1402 0.1431 0.1409 
     H169607  1 0.1464 0.1331 0.1313 0.1500 0.1490 0.1477 0.1425 
     H169608  1 0.1410 0.1471 0.1388 0.1458 0.1453 0.1426 0.1395 
     H169633  1 0.1450 0.1443 0.1453 0.1392 0.1413 0.1440 0.1407 
     H169688  1 0.1469 0.1379 0.1329 0.1411 0.1450 0.1502 0.1460 
     H169714  1 0.1470 0.1444 0.1466 0.1332 0.1436 0.1424 0.1427 
     H171802  1 0.1438 0.1439 0.1363 0.1453 0.1428 0.1430 0.1449 
     H171805  1 0.1362 0.1414 0.1371 0.1593 0.1412 0.1408 0.1439 
     H171807  1 0.1435 0.1413 0.1355 0.1427 0.1430 0.1521 0.1420 
     H171814  1 0.1625 0.1379 0.1316 0.1245 0.1486 0.1490 0.1459 
     H171816  1 0.1367 0.1480 0.1335 0.1530 0.1437 0.1435 0.1416 
     H171817  1 0.1330 0.1486 0.1419 0.1700 0.1346 0.1365 0.1354 
     H171818  1 0.1345 0.1448 0.1595 0.1472 0.1362 0.1381 0.1397 
     H171819  1 0.1348 0.1446 0.1422 0.1563 0.1398 0.1368 0.1456 
     H171834  1 0.1364 0.1493 0.1521 0.1432 0.1386 0.1423 0.1382 
     H171835  1 0.1413 0.1519 0.1320 0.1546 0.1369 0.1402 0.1431 
     H171836  1 0.1411 0.1401 0.1405 0.1470 0.1430 0.1425 0.1459 
     H171837  1 0.1365 0.1459 0.1400 0.1608 0.1408 0.1350 0.1409 
     H171838  1 0.1454 0.1402 0.1331 0.1453 0.1492 0.1406 0.1463 
     H171839  1 0.1378 0.1467 0.1406 0.1605 0.1401 0.1404 0.1340 
     H171841  1 0.1421 0.1467 0.1374 0.1417 0.1438 0.1439 0.1444 
     H171860  1 0.1341 0.1461 0.1413 0.1633 0.1381 0.1388 0.1382 
     H171861  1 0.1359 0.1416 0.1597 0.1446 0.1377 0.1358 0.1447 
     H171862  1 0.1377 0.1447 0.1417 0.1517 0.1397 0.1421 0.1424 
     H171868  1 0.1300 0.1355 0.1581 0.1614 0.1363 0.1370 0.1417 
     H171869  1 0.1511 0.1450 0.1349 0.1157 0.1535 0.1485 0.1513 
     H171870  1 0.1415 0.1372 0.1492 0.1478 0.1392 0.1410 0.1441 
     H171871  1 0.1502 0.1393 0.1366 0.1267 0.1519 0.1466 0.1487 
     H171872  1 0.1344 0.1450 0.1497 0.1608 0.1356 0.1390 0.1354 
     H171873  1 0.1457 0.1377 0.1344 0.1439 0.1433 0.1477 0.1472 
     H171874  1 0.1504 0.1315 0.1483 0.1249 0.1456 0.1522 0.1470 
     H171875  1 0.1391 0.1324 0.1543 0.1468 0.1426 0.1396 0.1452 
     H171876  1 0.1418 0.1408 0.1454 0.1295 0.1442 0.1503 0.1480 
     H171877  1 0.1269 0.1621 0.1507 0.1569 0.1335 0.1308 0.1390 
     H171878  1 0.1460 0.1492 0.1376 0.1250 0.1461 0.1478 0.1482 
     H171901  1 0.1356 0.1446 0.1461 0.1495 0.1418 0.1395 0.1429 
     H171902  1 0.1574 0.1339 0.1324 0.1402 0.1512 0.1445 0.1403 
     H171903  1 0.1418 0.1455 0.1452 0.1442 0.1433 0.1413 0.1387 
     H171935  1 0.1399 0.1449 0.1334 0.1374 0.1448 0.1506 0.1491 
     H171936  1 0.1386 0.1549 0.1472 0.1408 0.1417 0.1391 0.1376 
     H171940  1 0.1371 0.1435 0.1515 0.1577 0.1350 0.1353 0.1400 
     H171945  1 0.1432 0.1389 0.1332 0.1594 0.1452 0.1430 0.1371 
     H171948  1 0.1328 0.1500 0.1508 0.1447 0.1442 0.1410 0.1364 
     H171949  1 0.1334 0.1428 0.1425 0.1561 0.1385 0.1417 0.1450 
     H171950  1 0.1359 0.1573 0.1629 0.1324 0.1389 0.1371 0.1354 
     H171963  1 0.1441 0.1482 0.1396 0.1324 0.1430 0.1469 0.1458 
     H171964  1 0.1653 0.1305 0.1321 0.1262 0.1516 0.1509 0.1433 
     H171966  1 0.1457 0.1372 0.1443 0.1318 0.1430 0.1460 0.1519 
     H171968  1 0.1451 0.1403 0.1445 0.1412 0.1453 0.1398 0.1440 
     H171971  1 0.1457 0.1510 0.1426 0.1260 0.1432 0.1451 0.1464 
     H171972  1 0.1500 0.1425 0.1367 0.1312 0.1480 0.1497 0.1420 
     H171977  1 0.1503 0.1453 0.1355 0.1367 0.1421 0.1437 0.1464 
     H171978  1 0.1424 0.1407 0.1462 0.1304 0.1469 0.1463 0.1471 
     H171979  1 0.1443 0.1388 0.1436 0.1349 0.1478 0.1432 0.1474 
        H176  1 0.1404 0.1479 0.1473 0.1505 0.1409 0.1345 0.1385 
        H177  1 0.1369 0.1470 0.1417 0.1514 0.1358 0.1436 0.1435 
        H179  1 0.1255 0.1479 0.1540 0.1812 0.1281 0.1313 0.1320 
        H181  1 0.1416 0.1401 0.1459 0.1416 0.1408 0.1466 0.1434 
        H182  1 0.1425 0.1330 0.1387 0.1438 0.1482 0.1433 0.1505 
        H183  1 0.1521 0.1355 0.1338 0.1352 0.1481 0.1495 0.1459 
        H184  1 0.1375 0.1396 0.1504 0.1599 0.1402 0.1350 0.1373 
        H185  1 0.1430 0.1379 0.1369 0.1585 0.1392 0.1422 0.1423 
        H186  1 0.1493 0.1352 0.1402 0.1468 0.1450 0.1428 0.1407 
        H187  1 0.1394 0.1491 0.1426 0.1392 0.1421 0.1425 0.1451 
        H188  1 0.1345 0.1540 0.1566 0.1429 0.1375 0.1359 0.1386 
        H192  1 0.1344 0.1433 0.1416 0.1678 0.1406 0.1361 0.1363 
        H193  1 0.1493 0.1305 0.1461 0.1413 0.1415 0.1459 0.1453 
        H194  1 0.1379 0.1494 0.1458 0.1431 0.1426 0.1431 0.1380 
        H195  1 0.1591 0.1317 0.1361 0.1176 0.1492 0.1552 0.1512 
        H199  1 0.1488 0.1355 0.1343 0.1480 0.1442 0.1455 0.1438 
        H200  1 0.1433 0.1411 0.1408 0.1503 0.1417 0.1398 0.1431 
        H414  1 0.1555 0.1347 0.1451 0.1242 0.1462 0.1474 0.1471 
        H415  1 0.1415 0.1487 0.1430 0.1393 0.1497 0.1413 0.1365 
        H422  1 0.1566 0.1361 0.1411 0.1309 0.1463 0.1457 0.1434 
        H423  1 0.1364 0.1459 0.1408 0.1567 0.1408 0.1370 0.1423 
        H424  1 0.1417 0.1328 0.1444 0.1566 0.1454 0.1390 0.1402 
        H425  1 0.1571 0.1352 0.1307 0.1545 0.1429 0.1436 0.1359 
        H426  1 0.1720 0.1398 0.1340 0.1073 0.1530 0.1474 0.1465 
        H443  1 0.1638 0.1287 0.1431 0.1342 0.1492 0.1412 0.1397 
        H466  1 0.1422 0.1498 0.1429 0.1251 0.1476 0.1473 0.1451 
        H467  1 0.1448 0.1347 0.1430 0.1375 0.1441 0.1472 0.1487 
        H472  1 0.1415 0.1464 0.1351 0.1465 0.1456 0.1420 0.1429 
        H483  1 0.1399 0.1375 0.1468 0.1540 0.1378 0.1408 0.1433 
        H504  1 0.1518 0.1350 0.1337 0.1391 0.1497 0.1461 0.1446 
        H505  1 0.1303 0.1490 0.1537 0.1506 0.1375 0.1377 0.1412 
        H506  1 0.1397 0.1473 0.1463 0.1436 0.1387 0.1426 0.1417 
        H507  1 0.1465 0.1416 0.1371 0.1298 0.1492 0.1462 0.1497 
        H508  1 0.1494 0.1386 0.1405 0.1319 0.1455 0.1458 0.1483 
        H524  1 0.1431 0.1419 0.1443 0.1460 0.1396 0.1408 0.1443 
        H525  1 0.1435 0.1483 0.1359 0.1468 0.1447 0.1407 0.1400 
        H526  1 0.1340 0.1383 0.1396 0.1794 0.1376 0.1358 0.1354 
        H527  1 0.1389 0.1540 0.1452 0.1300 0.1403 0.1474 0.1443 
        H528  1 0.1597 0.1342 0.1377 0.1350 0.1472 0.1425 0.1437 
        H529  1 0.1531 0.1351 0.1305 0.1549 0.1455 0.1400 0.1409 
        H533  1 0.1373 0.1424 0.1456 0.1384 0.1434 0.1437 0.1492 
        H538  1 0.1377 0.1384 0.1385 0.1605 0.1451 0.1395 0.1404 
        H539  1 0.1454 0.1363 0.1441 0.1362 0.1427 0.1429 0.1523 
        H540  1 0.1331 0.1454 0.1414 0.1613 0.1364 0.1405 0.1419 
        H541  1 0.1354 0.1459 0.1514 0.1426 0.1407 0.1395 0.1445 
        H558  1 0.1587 0.1396 0.1352 0.1173 0.1498 0.1499 0.1496 
        H559  1 0.1397 0.1450 0.1550 0.1441 0.1379 0.1376 0.1407 
        H579  1 0.1558 0.1362 0.1400 0.1252 0.1505 0.1471 0.1452 
        H584  1 0.1577 0.1359 0.1385 0.1299 0.1489 0.1455 0.1436 
        H585  1 0.1492 0.1463 0.1400 0.1355 0.1494 0.1392 0.1404 
        H605  1 0.1429 0.1486 0.1468 0.1407 0.1371 0.1408 0.1432 
        H606  1 0.1358 0.1473 0.1618 0.1525 0.1353 0.1375 0.1298 
        H632  1 0.1519 0.1348 0.1404 0.1231 0.1495 0.1481 0.1523 
        H634  1 0.1445 0.1413 0.1456 0.1365 0.1411 0.1433 0.1477 
        H671  1 0.1416 0.1511 0.1374 0.1428 0.1407 0.1440 0.1425 
        H672  1 0.1393 0.1465 0.1488 0.1409 0.1412 0.1423 0.1411 
        H673  1 0.1517 0.1437 0.1478 0.1253 0.1451 0.1424 0.1440 
        H689  1 0.1482 0.1383 0.1350 0.1416 0.1468 0.1468 0.1432 
        H690  1 0.1303 0.1477 0.1470 0.1718 0.1362 0.1336 0.1334 
        H691  1 0.1392 0.1482 0.1465 0.1396 0.1402 0.1441 0.1422 
        H692  1 0.1565 0.1313 0.1391 0.1327 0.1503 0.1455 0.1448 
        H709  1 0.1453 0.1315 0.1505 0.1358 0.1434 0.1443 0.1492 
        H710  1 0.1532 0.1272 0.1386 0.1301 0.1515 0.1494 0.1498 
       H7355  1 0.1312 0.1379 0.1321 0.1963 0.1389 0.1301 0.1335 
       H7356  1 0.1463 0.1387 0.1374 0.1449 0.1457 0.1462 0.1408 
       H7357  1 0.1295 0.1411 0.1549 0.1830 0.1304 0.1298 0.1313 
       H7358  1 0.1389 0.1417 0.1550 0.1361 0.1422 0.1429 0.1431 
       H7380  1 0.1424 0.1360 0.1476 0.1542 0.1403 0.1398 0.1397 
       H7381  1 0.1508 0.1515 0.1399 0.1265 0.1431 0.1491 0.1392 
       H7382  1 0.1426 0.1401 0.1519 0.1355 0.1441 0.1426 0.1433 
        H904  1 0.1337 0.1496 0.1611 0.1452 0.1359 0.1367 0.1377 
        H923  1 0.1421 0.1367 0.1379 0.1556 0.1403 0.1447 0.1427 
        H924  1 0.1378 0.1516 0.1457 0.1448 0.1397 0.1408 0.1396 
        H925  1 0.1457 0.1454 0.1343 0.1528 0.1429 0.1377 0.1411 
       H9558  1 0.1598 0.1356 0.1290 0.1161 0.1529 0.1576 0.1490 
        H111  3 0.1494 0.1396 0.1365 0.1416 0.1437 0.1453 0.1440 
        H951  3 0.1420 0.1433 0.1371 0.1477 0.1438 0.1406 0.1454 
        H952  3 0.1554 0.1402 0.1281 0.1189 0.1543 0.1522 0.1508 
        H953  3 0.1461 0.1523 0.1387 0.1465 0.1405 0.1357 0.1401 
        H954  3 0.1313 0.1567 0.1573 0.1419 0.1387 0.1381 0.1360 
        H955  3 0.1504 0.1443 0.1350 0.1295 0.1482 0.1453 0.1473 
        H956  3 0.1421 0.1440 0.1389 0.1463 0.1426 0.1439 0.1421 
       H9563  3 0.1303 0.1603 0.1455 0.1557 0.1352 0.1358 0.1370 
      H_PALI  6 0.1334 0.1524 0.1488 0.1439 0.1392 0.1430 0.1392 
        H581  6 0.1379 0.1558 0.1410 0.1382 0.1399 0.1452 0.1420 
        H582  6 0.1490 0.1414 0.1473 0.1226 0.1463 0.1467 0.1467 
        H583  6 0.1417 0.1457 0.1507 0.1358 0.1379 0.1428 0.1455 
        H595  6 0.1393 0.1459 0.1361 0.1467 0.1415 0.1458 0.1448 
        H596  6 0.1489 0.1429 0.1344 0.1432 0.1413 0.1433 0.1461 
        H597  6 0.1591 0.1308 0.1344 0.1481 0.1447 0.1418 0.1411 
        H598  6 0.1343 0.1391 0.1496 0.1523 0.1407 0.1410 0.1431 
        H599  6 0.1421 0.1519 0.1375 0.1394 0.1426 0.1433 0.1433 
        H642  6 0.1536 0.1338 0.1327 0.1188 0.1504 0.1548 0.1559 
        H643  6 0.1380 0.1408 0.1379 0.1685 0.1405 0.1359 0.1384 
        H664  6 0.1468 0.1456 0.1359 0.1239 0.1465 0.1525 0.1487 
        H665  6 0.1285 0.1457 0.1471 0.1669 0.1381 0.1350 0.1387 
        H674  6 0.1562 0.1408 0.1322 0.1239 0.1528 0.1462 0.1480 
        H675  6 0.1484 0.1438 0.1388 0.1249 0.1459 0.1510 0.1473 
        H676  6 0.1485 0.1290 0.1382 0.1386 0.1479 0.1499 0.1479 
        H686  6 0.1434 0.1386 0.1481 0.1331 0.1441 0.1444 0.1484 
        H687  6 0.1501 0.1398 0.1387 0.1399 0.1478 0.1419 0.1418 
        H917  6 0.1335 0.1473 0.1440 0.1604 0.1374 0.1371 0.1403 
        H918  6 0.1355 0.1402 0.1438 0.1575 0.1378 0.1446 0.1407 
        H919  6 0.1269 0.1477 0.1361 0.1801 0.1380 0.1341 0.1371 
        H920  6 0.1361 0.1440 0.1506 0.1505 0.1386 0.1415 0.1387 
        H631  7 0.1363 0.1429 0.1513 0.1523 0.1363 0.1395 0.1414 
        H684  7 0.1608 0.1390 0.1318 0.1229 0.1519 0.1486 0.1449 
        H685  7 0.1480 0.1594 0.1316 0.1298 0.1429 0.1468 0.1416 
        H713  7 0.1408 0.1411 0.1608 0.1412 0.1390 0.1399 0.1372 
        H715  7 0.1498 0.1365 0.1336 0.1394 0.1507 0.1460 0.1440 
        H716  7 0.1477 0.1354 0.1447 0.1517 0.1457 0.1374 0.1374 
        H717  7 0.1457 0.1448 0.1512 0.1343 0.1419 0.1409 0.1412 
        H729  7 0.1427 0.1530 0.1422 0.1345 0.1441 0.1428 0.1407 
        H730  7 0.1329 0.1566 0.1416 0.1530 0.1417 0.1378 0.1365 
        H600  9 0.1432 0.1403 0.1527 0.1425 0.1412 0.1421 0.1380 
        H648  9 0.1484 0.1416 0.1330 0.1252 0.1518 0.1519 0.1482 
        H696  9 0.1548 0.1389 0.1290 0.1249 0.1494 0.1516 0.1514 
        H697  9 0.1414 0.1510 0.1391 0.1384 0.1477 0.1393 0.1431 
        H698  9 0.1466 0.1422 0.1387 0.1418 0.1456 0.1443 0.1409 
        H699  9 0.1476 0.1400 0.1433 0.1421 0.1416 0.1416 0.1438 
        H700  9 0.1340 0.1453 0.1577 0.1587 0.1337 0.1367 0.1338 
        H732  9 0.1491 0.1498 0.1426 0.1288 0.1454 0.1430 0.1413 
        H733  9 0.1409 0.1521 0.1429 0.1476 0.1428 0.1395 0.1343 
        H734  9 0.1472 0.1380 0.1357 0.1303 0.1519 0.1471 0.1498 
        H735  9 0.1464 0.1455 0.1345 0.1371 0.1413 0.1465 0.1487 
        H736  9 0.1439 0.1390 0.1399 0.1392 0.1436 0.1496 0.1450 
        H737  9 0.1544 0.1381 0.1356 0.1330 0.1517 0.1462 0.1411 
        H905  9 0.1392 0.1464 0.1495 0.1406 0.1428 0.1403 0.1413 
        H921  9 0.1328 0.1644 0.1476 0.1458 0.1384 0.1358 0.1352 
        H922  9 0.1388 0.1480 0.1455 0.1374 0.1450 0.1411 0.1441 
        H409 12 0.1368 0.1421 0.1441 0.1596 0.1367 0.1402 0.1403 
        H413 12 0.1526 0.1338 0.1430 0.1109 0.1488 0.1533 0.1577 
        H419 12 0.1334 0.1500 0.1509 0.1537 0.1384 0.1377 0.1359 
        H420 12 0.1359 0.1450 0.1453 0.1426 0.1440 0.1415 0.1457 
        H421 12 0.1469 0.1471 0.1512 0.1284 0.1440 0.1417 0.1407 
        H435 12 0.1446 0.1359 0.1380 0.1468 0.1454 0.1458 0.1435 
        H436 12 0.1325 0.1461 0.1580 0.1496 0.1389 0.1371 0.1378 
        H437 12 0.1374 0.1492 0.1452 0.1404 0.1422 0.1459 0.1397 
        H445 12 0.1383 0.1454 0.1523 0.1506 0.1384 0.1392 0.1359 
        H449 12 0.1592 0.1364 0.1352 0.1223 0.1519 0.1483 0.1467 
        H463 12 0.1412 0.1374 0.1438 0.1460 0.1402 0.1440 0.1475 
        H464 12 0.1462 0.1284 0.1385 0.1394 0.1471 0.1497 0.1507 
        H465 12 0.1587 0.1417 0.1354 0.1095 0.1518 0.1527 0.1501 
        H490 12 0.1584 0.1351 0.1385 0.1292 0.1467 0.1479 0.1442 
        H561 12 0.1393 0.1429 0.1340 0.1639 0.1401 0.1367 0.1429 
        H562 12 0.1356 0.1517 0.1530 0.1437 0.1372 0.1395 0.1393 
        H563 12 0.1317 0.1585 0.1460 0.1550 0.1373 0.1361 0.1354 
        H570 12 0.1302 0.1478 0.1551 0.1576 0.1353 0.1346 0.1393 
        H571 12 0.1504 0.1409 0.1456 0.1197 0.1504 0.1463 0.1467 
        H572 12 0.1418 0.1493 0.1430 0.1387 0.1409 0.1449 0.1414 
        H573 12 0.1404 0.1459 0.1526 0.1379 0.1405 0.1425 0.1402 
       H7372 12 0.1433 0.1369 0.1466 0.1416 0.1406 0.1493 0.1416 
       H7373 12 0.1620 0.1350 0.1253 0.1209 0.1492 0.1558 0.1518 
       H7374 12 0.1375 0.1358 0.1628 0.1490 0.1370 0.1427 0.1352 
       H7375 12 0.1349 0.1583 0.1581 0.1361 0.1354 0.1369 0.1403 
       H7376 12 0.1326 0.1455 0.1446 0.1585 0.1393 0.1409 0.1387 
       H7377 12 0.1300 0.1590 0.1503 0.1501 0.1331 0.1386 0.1388 
