        H102  1 0.1244 0.1404 0.1261 0.1239 0.1210 0.1326 0.1181 0.1135 
        H103  1 0.1093 0.1194 0.1402 0.1317 0.1290 0.1078 0.1319 0.1307 
        H104  1 0.1267 0.1240 0.1225 0.1180 0.1254 0.1471 0.1215 0.1147 
        H105  1 0.1282 0.1287 0.1306 0.1267 0.1206 0.1192 0.1281 0.1179 
        H106  1 0.1242 0.1240 0.1234 0.1331 0.1222 0.1249 0.1211 0.1272 
        H112  1 0.1236 0.1333 0.1235 0.1151 0.1190 0.1342 0.1287 0.1227 
        H113  1 0.1343 0.1129 0.1236 0.1186 0.1168 0.1499 0.1282 0.1157 
        H114  1 0.1361 0.1214 0.1269 0.1204 0.1208 0.1272 0.1244 0.1228 
        H115  1 0.1300 0.1385 0.1220 0.1209 0.1134 0.1411 0.1208 0.1132 
        H143  1 0.1144 0.1253 0.1339 0.1215 0.1279 0.1252 0.1257 0.1262 
        H144  1 0.1315 0.1185 0.1302 0.1289 0.1268 0.1082 0.1247 0.1313 
        H145  1 0.1249 0.1198 0.1227 0.1273 0.1266 0.1237 0.1190 0.1360 
        H149  1 0.1324 0.1497 0.1201 0.1255 0.1223 0.1214 0.1130 0.1155 
        H150  1 0.1480 0.1129 0.1176 0.1234 0.1208 0.1382 0.1184 0.1207 
     H167542  1 0.1328 0.1311 0.1176 0.1248 0.1158 0.1409 0.1195 0.1175 
     H169604  1 0.1378 0.1204 0.1233 0.1251 0.1258 0.1269 0.1187 0.1220 
     H169607  1 0.1272 0.1183 0.1281 0.1246 0.1292 0.1116 0.1308 0.1303 
     H169608  1 0.1404 0.1277 0.1178 0.1200 0.1191 0.1390 0.1135 0.1225 
     H169633  1 0.1209 0.1233 0.1218 0.1241 0.1309 0.1316 0.1195 0.1279 
     H169688  1 0.1177 0.1252 0.1301 0.1263 0.1359 0.1077 0.1254 0.1318 
     H169714  1 0.1261 0.1315 0.1226 0.1317 0.1254 0.1183 0.1188 0.1256 
     H171802  1 0.1271 0.1194 0.1257 0.1282 0.1218 0.1200 0.1320 0.1257 
     H171805  1 0.1257 0.1311 0.1251 0.1315 0.1207 0.1150 0.1337 0.1170 
     H171807  1 0.1360 0.1200 0.1195 0.1288 0.1269 0.1199 0.1202 0.1287 
     H171814  1 0.1109 0.1074 0.1273 0.1278 0.1380 0.1210 0.1265 0.1412 
     H171816  1 0.1362 0.1245 0.1200 0.1285 0.1233 0.1309 0.1160 0.1206 
     H171817  1 0.1469 0.1315 0.1198 0.1211 0.1147 0.1394 0.1126 0.1141 
     H171818  1 0.1194 0.1316 0.1265 0.1225 0.1183 0.1281 0.1296 0.1240 
     H171819  1 0.1399 0.1248 0.1209 0.1196 0.1160 0.1315 0.1287 0.1186 
     H171834  1 0.1264 0.1353 0.1256 0.1259 0.1177 0.1238 0.1233 0.1220 
     H171835  1 0.1462 0.1163 0.1208 0.1151 0.1163 0.1584 0.1149 0.1119 
     H171836  1 0.1198 0.1272 0.1309 0.1255 0.1243 0.1177 0.1248 0.1298 
     H171837  1 0.1278 0.1173 0.1173 0.1195 0.1238 0.1638 0.1116 0.1190 
     H171838  1 0.1330 0.1233 0.1203 0.1277 0.1249 0.1147 0.1290 0.1271 
     H171839  1 0.1367 0.1219 0.1208 0.1214 0.1194 0.1422 0.1196 0.1181 
     H171841  1 0.1336 0.1285 0.1248 0.1167 0.1263 0.1264 0.1195 0.1243 
     H171860  1 0.1400 0.1203 0.1205 0.1215 0.1157 0.1468 0.1161 0.1192 
     H171861  1 0.1217 0.1298 0.1345 0.1277 0.1211 0.1220 0.1262 0.1170 
     H171862  1 0.1335 0.1200 0.1247 0.1237 0.1239 0.1280 0.1281 0.1181 
     H171868  1 0.1434 0.1301 0.1276 0.1241 0.1186 0.1235 0.1150 0.1178 
     H171869  1 0.1100 0.1231 0.1273 0.1282 0.1309 0.1156 0.1304 0.1345 
     H171870  1 0.1232 0.1254 0.1280 0.1285 0.1230 0.1195 0.1278 0.1247 
     H171871  1 0.1171 0.1292 0.1274 0.1279 0.1309 0.1160 0.1206 0.1310 
     H171872  1 0.1371 0.1174 0.1196 0.1203 0.1206 0.1566 0.1153 0.1130 
     H171873  1 0.1166 0.1183 0.1220 0.1317 0.1334 0.1161 0.1317 0.1301 
     H171874  1 0.1192 0.1227 0.1326 0.1314 0.1313 0.1096 0.1204 0.1329 
     H171875  1 0.1189 0.1250 0.1385 0.1257 0.1199 0.1142 0.1289 0.1289 
     H171876  1 0.1263 0.1219 0.1261 0.1275 0.1292 0.1085 0.1285 0.1319 
     H171877  1 0.1271 0.1280 0.1163 0.1164 0.1129 0.1687 0.1163 0.1143 
     H171878  1 0.1079 0.1366 0.1232 0.1311 0.1254 0.1136 0.1382 0.1241 
     H171901  1 0.1214 0.1372 0.1194 0.1256 0.1172 0.1304 0.1320 0.1167 
     H171902  1 0.1228 0.1214 0.1275 0.1283 0.1241 0.1209 0.1286 0.1264 
     H171903  1 0.1252 0.1264 0.1270 0.1238 0.1234 0.1215 0.1249 0.1279 
     H171935  1 0.1169 0.1264 0.1280 0.1244 0.1308 0.1235 0.1235 0.1264 
     H171936  1 0.1223 0.1257 0.1222 0.1221 0.1187 0.1259 0.1432 0.1199 
     H171940  1 0.1384 0.1261 0.1245 0.1227 0.1201 0.1221 0.1235 0.1226 
     H171945  1 0.1227 0.1189 0.1241 0.1232 0.1250 0.1207 0.1404 0.1250 
     H171948  1 0.1385 0.1359 0.1248 0.1195 0.1203 0.1230 0.1215 0.1165 
     H171949  1 0.1440 0.1358 0.1168 0.1191 0.1185 0.1299 0.1200 0.1159 
     H171950  1 0.1170 0.1442 0.1170 0.1236 0.1274 0.1333 0.1166 0.1210 
     H171963  1 0.1077 0.1248 0.1302 0.1312 0.1229 0.1246 0.1288 0.1299 
     H171964  1 0.1229 0.1137 0.1264 0.1253 0.1373 0.1119 0.1237 0.1390 
     H171966  1 0.1226 0.1210 0.1332 0.1250 0.1292 0.1163 0.1206 0.1323 
     H171968  1 0.1231 0.1200 0.1307 0.1238 0.1264 0.1211 0.1233 0.1315 
     H171971  1 0.1131 0.1325 0.1230 0.1365 0.1259 0.1221 0.1232 0.1237 
     H171972  1 0.1218 0.1365 0.1248 0.1249 0.1261 0.1120 0.1281 0.1259 
     H171977  1 0.1138 0.1144 0.1304 0.1195 0.1302 0.1279 0.1306 0.1332 
     H171978  1 0.1179 0.1311 0.1244 0.1289 0.1278 0.1179 0.1244 0.1276 
     H171979  1 0.1179 0.1303 0.1284 0.1267 0.1236 0.1176 0.1232 0.1323 
        H176  1 0.1283 0.1151 0.1149 0.1231 0.1217 0.1535 0.1198 0.1238 
        H177  1 0.1213 0.1287 0.1172 0.1309 0.1218 0.1275 0.1357 0.1168 
        H179  1 0.1412 0.1254 0.1177 0.1197 0.1132 0.1378 0.1355 0.1095 
        H181  1 0.1129 0.1205 0.1266 0.1298 0.1280 0.1147 0.1409 0.1267 
        H182  1 0.1251 0.1202 0.1261 0.1305 0.1242 0.1246 0.1210 0.1284 
        H183  1 0.1181 0.1152 0.1262 0.1359 0.1366 0.1027 0.1260 0.1393 
        H184  1 0.1384 0.1289 0.1290 0.1252 0.1177 0.1218 0.1235 0.1154 
        H185  1 0.1215 0.1140 0.1257 0.1276 0.1296 0.1235 0.1268 0.1313 
        H186  1 0.1337 0.1144 0.1266 0.1265 0.1285 0.1206 0.1201 0.1296 
        H187  1 0.1165 0.1345 0.1212 0.1331 0.1261 0.1180 0.1310 0.1196 
        H188  1 0.1323 0.1158 0.1201 0.1173 0.1223 0.1417 0.1245 0.1261 
        H192  1 0.1431 0.1313 0.1259 0.1252 0.1114 0.1227 0.1237 0.1169 
        H193  1 0.1175 0.1152 0.1425 0.1275 0.1331 0.1104 0.1238 0.1299 
        H194  1 0.1280 0.1371 0.1170 0.1254 0.1215 0.1339 0.1171 0.1202 
        H195  1 0.1054 0.1184 0.1353 0.1300 0.1352 0.1135 0.1205 0.1417 
        H199  1 0.1257 0.1159 0.1271 0.1215 0.1237 0.1204 0.1399 0.1258 
        H200  1 0.1236 0.1241 0.1260 0.1246 0.1241 0.1306 0.1241 0.1229 
        H414  1 0.1107 0.1243 0.1311 0.1280 0.1306 0.1191 0.1231 0.1330 
        H415  1 0.1240 0.1264 0.1241 0.1287 0.1200 0.1330 0.1189 0.1250 
        H422  1 0.1153 0.1216 0.1249 0.1298 0.1374 0.1184 0.1228 0.1297 
        H423  1 0.1371 0.1302 0.1173 0.1213 0.1188 0.1371 0.1190 0.1192 
        H424  1 0.1254 0.1170 0.1300 0.1286 0.1225 0.1214 0.1271 0.1281 
        H425  1 0.1274 0.1146 0.1207 0.1323 0.1230 0.1121 0.1374 0.1326 
        H426  1 0.1102 0.1164 0.1296 0.1301 0.1420 0.1037 0.1265 0.1415 
        H443  1 0.1242 0.1117 0.1293 0.1343 0.1341 0.1072 0.1184 0.1408 
        H466  1 0.1206 0.1321 0.1259 0.1264 0.1239 0.1235 0.1189 0.1288 
        H467  1 0.1300 0.1204 0.1204 0.1253 0.1299 0.1163 0.1226 0.1350 
        H472  1 0.1220 0.1256 0.1213 0.1226 0.1255 0.1344 0.1253 0.1233 
        H483  1 0.1323 0.1290 0.1233 0.1250 0.1218 0.1193 0.1301 0.1192 
        H504  1 0.1203 0.1134 0.1265 0.1220 0.1333 0.1171 0.1374 0.1301 
        H505  1 0.1193 0.1302 0.1235 0.1274 0.1162 0.1264 0.1363 0.1207 
        H506  1 0.1204 0.1204 0.1243 0.1273 0.1252 0.1177 0.1357 0.1291 
        H507  1 0.1148 0.1274 0.1239 0.1352 0.1225 0.1233 0.1210 0.1319 
        H508  1 0.1047 0.1234 0.1332 0.1247 0.1323 0.1163 0.1301 0.1353 
        H524  1 0.1180 0.1237 0.1238 0.1329 0.1205 0.1224 0.1329 0.1259 
        H525  1 0.1265 0.1207 0.1267 0.1277 0.1238 0.1256 0.1216 0.1273 
        H526  1 0.1329 0.1178 0.1220 0.1195 0.1142 0.1341 0.1363 0.1232 
        H527  1 0.1242 0.1419 0.1212 0.1304 0.1176 0.1245 0.1232 0.1171 
        H528  1 0.1247 0.1184 0.1183 0.1331 0.1327 0.1112 0.1256 0.1359 
        H529  1 0.1226 0.1159 0.1282 0.1325 0.1286 0.1192 0.1234 0.1296 
        H533  1 0.1235 0.1286 0.1408 0.1292 0.1211 0.1173 0.1217 0.1179 
        H538  1 0.1346 0.1223 0.1223 0.1319 0.1205 0.1282 0.1147 0.1254 
        H539  1 0.1180 0.1276 0.1285 0.1311 0.1257 0.1132 0.1287 0.1272 
        H540  1 0.1339 0.1310 0.1216 0.1273 0.1153 0.1263 0.1298 0.1149 
        H541  1 0.1333 0.1301 0.1247 0.1247 0.1231 0.1279 0.1152 0.1211 
        H558  1 0.1141 0.1209 0.1266 0.1317 0.1355 0.1032 0.1300 0.1381 
        H559  1 0.1295 0.1237 0.1297 0.1251 0.1250 0.1143 0.1329 0.1199 
        H579  1 0.1176 0.1230 0.1275 0.1320 0.1304 0.1147 0.1232 0.1316 
        H584  1 0.1200 0.1131 0.1278 0.1322 0.1373 0.1125 0.1210 0.1361 
        H585  1 0.1239 0.1241 0.1270 0.1251 0.1227 0.1191 0.1269 0.1311 
        H605  1 0.1168 0.1314 0.1248 0.1317 0.1206 0.1184 0.1264 0.1299 
        H606  1 0.1219 0.1338 0.1231 0.1220 0.1203 0.1367 0.1216 0.1206 
        H632  1 0.1094 0.1175 0.1316 0.1313 0.1323 0.1103 0.1286 0.1391 
        H634  1 0.1220 0.1265 0.1283 0.1316 0.1297 0.1108 0.1271 0.1240 
        H671  1 0.1324 0.1201 0.1211 0.1225 0.1214 0.1409 0.1229 0.1187 
        H672  1 0.1158 0.1255 0.1267 0.1258 0.1245 0.1260 0.1256 0.1301 
        H673  1 0.1313 0.1218 0.1249 0.1273 0.1302 0.1103 0.1200 0.1340 
        H689  1 0.1272 0.1191 0.1263 0.1285 0.1346 0.1216 0.1145 0.1281 
        H690  1 0.1289 0.1316 0.1281 0.1179 0.1154 0.1426 0.1242 0.1113 
        H691  1 0.1310 0.1237 0.1215 0.1327 0.1252 0.1223 0.1218 0.1218 
        H692  1 0.1253 0.1238 0.1315 0.1293 0.1311 0.1057 0.1220 0.1313 
        H709  1 0.1138 0.1193 0.1494 0.1286 0.1327 0.1094 0.1233 0.1234 
        H710  1 0.1213 0.1215 0.1363 0.1270 0.1308 0.1046 0.1288 0.1296 
       H7355  1 0.1492 0.1125 0.1182 0.1134 0.1111 0.1670 0.1175 0.1112 
       H7356  1 0.1294 0.1227 0.1238 0.1290 0.1252 0.1187 0.1256 0.1256 
       H7357  1 0.1391 0.1275 0.1209 0.1189 0.1184 0.1346 0.1297 0.1110 
       H7358  1 0.1177 0.1250 0.1252 0.1230 0.1305 0.1269 0.1242 0.1274 
       H7380  1 0.1365 0.1263 0.1277 0.1236 0.1208 0.1228 0.1179 0.1244 
       H7381  1 0.1255 0.1203 0.1223 0.1306 0.1309 0.1255 0.1160 0.1289 
       H7382  1 0.1248 0.1219 0.1213 0.1292 0.1291 0.1255 0.1187 0.1295 
        H904  1 0.1258 0.1444 0.1141 0.1247 0.1213 0.1346 0.1196 0.1156 
        H923  1 0.1268 0.1171 0.1235 0.1234 0.1295 0.1216 0.1331 0.1250 
        H924  1 0.1304 0.1222 0.1185 0.1245 0.1237 0.1338 0.1226 0.1243 
        H925  1 0.1223 0.1212 0.1227 0.1302 0.1251 0.1252 0.1317 0.1216 
       H9558  1 0.1071 0.1185 0.1252 0.1361 0.1401 0.1017 0.1305 0.1408 
        H111  3 0.1204 0.1201 0.1309 0.1308 0.1278 0.1147 0.1251 0.1302 
        H951  3 0.1267 0.1220 0.1265 0.1225 0.1251 0.1232 0.1325 0.1214 
        H952  3 0.1059 0.1206 0.1282 0.1236 0.1399 0.1210 0.1234 0.1374 
        H953  3 0.1249 0.1156 0.1184 0.1165 0.1207 0.1645 0.1184 0.1209 
        H954  3 0.1209 0.1442 0.1144 0.1198 0.1187 0.1407 0.1259 0.1154 
        H955  3 0.1104 0.1246 0.1284 0.1321 0.1310 0.1121 0.1272 0.1342 
        H956  3 0.1374 0.1172 0.1250 0.1214 0.1261 0.1332 0.1194 0.1205 
       H9563  3 0.1352 0.1196 0.1177 0.1116 0.1113 0.1723 0.1207 0.1116 
      H_PALI  6 0.1212 0.1448 0.1224 0.1206 0.1201 0.1257 0.1266 0.1187 
        H581  6 0.1275 0.1309 0.1124 0.1256 0.1192 0.1170 0.1471 0.1203 
        H582  6 0.1201 0.1368 0.1250 0.1262 0.1266 0.1142 0.1271 0.1240 
        H583  6 0.1189 0.1336 0.1213 0.1245 0.1195 0.1243 0.1361 0.1218 
        H595  6 0.1231 0.1164 0.1273 0.1213 0.1304 0.1173 0.1408 0.1234 
        H596  6 0.1316 0.1187 0.1239 0.1280 0.1298 0.1151 0.1235 0.1295 
        H597  6 0.1163 0.1165 0.1269 0.1314 0.1327 0.1161 0.1258 0.1343 
        H598  6 0.1318 0.1277 0.1279 0.1255 0.1203 0.1224 0.1244 0.1200 
        H599  6 0.1250 0.1307 0.1183 0.1248 0.1265 0.1245 0.1239 0.1263 
        H642  6 0.1069 0.1360 0.1334 0.1261 0.1347 0.1057 0.1239 0.1332 
        H643  6 0.1379 0.1271 0.1231 0.1208 0.1165 0.1389 0.1163 0.1195 
        H664  6 0.1060 0.1323 0.1245 0.1314 0.1319 0.1146 0.1262 0.1331 
        H665  6 0.1401 0.1285 0.1238 0.1193 0.1152 0.1379 0.1232 0.1119 
        H674  6 0.1122 0.1168 0.1274 0.1307 0.1302 0.1141 0.1245 0.1442 
        H675  6 0.1181 0.1323 0.1211 0.1282 0.1279 0.1209 0.1217 0.1299 
        H676  6 0.1258 0.1170 0.1302 0.1213 0.1340 0.1111 0.1267 0.1341 
        H686  6 0.1245 0.1227 0.1304 0.1275 0.1283 0.1147 0.1219 0.1301 
        H687  6 0.1194 0.1256 0.1242 0.1250 0.1321 0.1256 0.1183 0.1297 
        H917  6 0.1360 0.1330 0.1211 0.1252 0.1185 0.1244 0.1241 0.1178 
        H918  6 0.1322 0.1306 0.1252 0.1292 0.1230 0.1125 0.1238 0.1235 
        H919  6 0.1488 0.1125 0.1085 0.1148 0.1123 0.1794 0.1155 0.1082 
        H920  6 0.1220 0.1354 0.1215 0.1235 0.1247 0.1221 0.1277 0.1231 
        H631  7 0.1345 0.1281 0.1294 0.1215 0.1189 0.1313 0.1161 0.1202 
        H684  7 0.1183 0.1183 0.1318 0.1286 0.1311 0.1110 0.1238 0.1371 
        H685  7 0.1293 0.1232 0.1219 0.1227 0.1308 0.1339 0.1172 0.1210 
        H713  7 0.1147 0.1391 0.1207 0.1255 0.1241 0.1309 0.1202 0.1249 
        H715  7 0.1278 0.1213 0.1304 0.1216 0.1264 0.1187 0.1196 0.1343 
        H716  7 0.1358 0.1239 0.1184 0.1250 0.1269 0.1292 0.1173 0.1236 
        H717  7 0.1219 0.1238 0.1234 0.1253 0.1293 0.1251 0.1243 0.1268 
        H729  7 0.1229 0.1214 0.1296 0.1267 0.1241 0.1267 0.1257 0.1228 
        H730  7 0.1406 0.1150 0.1145 0.1154 0.1158 0.1693 0.1140 0.1154 
        H600  9 0.1191 0.1241 0.1291 0.1267 0.1242 0.1209 0.1246 0.1313 
        H648  9 0.1223 0.1285 0.1230 0.1202 0.1286 0.1231 0.1282 0.1262 
        H696  9 0.1124 0.1212 0.1282 0.1232 0.1334 0.1096 0.1375 0.1345 
        H697  9 0.1264 0.1143 0.1220 0.1217 0.1291 0.1424 0.1246 0.1194 
        H698  9 0.1266 0.1244 0.1177 0.1236 0.1301 0.1265 0.1260 0.1251 
        H699  9 0.1215 0.1210 0.1224 0.1320 0.1278 0.1212 0.1255 0.1285 
        H700  9 0.1243 0.1335 0.1258 0.1197 0.1194 0.1404 0.1184 0.1185 
        H732  9 0.1208 0.1274 0.1201 0.1237 0.1319 0.1224 0.1230 0.1307 
        H733  9 0.1166 0.1260 0.1261 0.1182 0.1227 0.1293 0.1374 0.1237 
        H734  9 0.1101 0.1291 0.1237 0.1331 0.1280 0.1172 0.1277 0.1310 
        H735  9 0.1228 0.1173 0.1245 0.1227 0.1274 0.1309 0.1242 0.1303 
        H736  9 0.1160 0.1304 0.1310 0.1308 0.1255 0.1189 0.1230 0.1245 
        H737  9 0.1247 0.1153 0.1212 0.1256 0.1302 0.1300 0.1240 0.1290 
        H905  9 0.1268 0.1334 0.1248 0.1215 0.1155 0.1257 0.1331 0.1192 
        H921  9 0.1348 0.1369 0.1145 0.1235 0.1169 0.1442 0.1216 0.1077 
        H922  9 0.1283 0.1255 0.1300 0.1237 0.1206 0.1242 0.1205 0.1272 
        H409 12 0.1355 0.1308 0.1295 0.1224 0.1217 0.1220 0.1211 0.1170 
        H413 12 0.1055 0.1292 0.1445 0.1232 0.1327 0.1062 0.1299 0.1289 
        H419 12 0.1397 0.1230 0.1227 0.1265 0.1197 0.1315 0.1175 0.1193 
        H420 12 0.1246 0.1343 0.1239 0.1245 0.1202 0.1273 0.1234 0.1218 
        H421 12 0.1163 0.1279 0.1292 0.1228 0.1333 0.1162 0.1268 0.1275 
        H435 12 0.1305 0.1194 0.1312 0.1235 0.1236 0.1244 0.1197 0.1278 
        H436 12 0.1314 0.1366 0.1240 0.1179 0.1200 0.1312 0.1234 0.1155 
        H437 12 0.1340 0.1345 0.1196 0.1261 0.1231 0.1243 0.1205 0.1179 
        H445 12 0.1351 0.1242 0.1295 0.1224 0.1236 0.1183 0.1281 0.1187 
        H449 12 0.1121 0.1122 0.1283 0.1304 0.1333 0.1164 0.1230 0.1443 
        H463 12 0.1295 0.1315 0.1233 0.1255 0.1260 0.1211 0.1192 0.1237 
        H464 12 0.1269 0.1118 0.1348 0.1287 0.1287 0.1036 0.1286 0.1369 
        H465 12 0.1028 0.1252 0.1267 0.1325 0.1337 0.1066 0.1335 0.1390 
        H490 12 0.1200 0.1267 0.1277 0.1318 0.1326 0.1059 0.1210 0.1343 
        H561 12 0.1399 0.1223 0.1201 0.1218 0.1207 0.1190 0.1446 0.1116 
        H562 12 0.1390 0.1328 0.1207 0.1225 0.1226 0.1279 0.1169 0.1175 
        H563 12 0.1355 0.1251 0.1130 0.1172 0.1144 0.1659 0.1153 0.1136 
        H570 12 0.1391 0.1412 0.1168 0.1194 0.1149 0.1344 0.1221 0.1122 
        H571 12 0.1068 0.1277 0.1321 0.1286 0.1336 0.1133 0.1262 0.1317 
        H572 12 0.1324 0.1347 0.1156 0.1219 0.1246 0.1252 0.1207 0.1248 
        H573 12 0.1143 0.1341 0.1288 0.1179 0.1223 0.1269 0.1387 0.1172 
       H7372 12 0.1210 0.1232 0.1244 0.1338 0.1269 0.1194 0.1183 0.1329 
       H7373 12 0.1112 0.1129 0.1323 0.1332 0.1367 0.1056 0.1280 0.1401 
       H7374 12 0.1315 0.1301 0.1227 0.1251 0.1274 0.1200 0.1225 0.1208 
       H7375 12 0.1232 0.1312 0.1194 0.1271 0.1237 0.1324 0.1228 0.1203 
       H7376 12 0.1468 0.1214 0.1242 0.1194 0.1173 0.1333 0.1149 0.1229 
       H7377 12 0.1315 0.1389 0.1131 0.1225 0.1171 0.1330 0.1344 0.1096 
