        H102  1 0.0905 0.0905 0.0912 0.0907 0.0898 0.0904 0.0913 0.0905 0.0916 0.0902 0.0932 
        H103  1 0.0914 0.0912 0.0913 0.0910 0.0916 0.0918 0.0902 0.0907 0.0903 0.0915 0.0891 
        H104  1 0.0904 0.0912 0.0902 0.0906 0.0903 0.0911 0.0912 0.0909 0.0919 0.0907 0.0914 
        H105  1 0.0905 0.0911 0.0911 0.0898 0.0909 0.0907 0.0920 0.0912 0.0920 0.0904 0.0902 
        H106  1 0.0914 0.0907 0.0895 0.0901 0.0909 0.0915 0.0921 0.0908 0.0907 0.0902 0.0922 
        H112  1 0.0903 0.0912 0.0908 0.0904 0.0894 0.0913 0.0921 0.0908 0.0915 0.0910 0.0912 
        H113  1 0.0897 0.0907 0.0913 0.0915 0.0902 0.0899 0.0917 0.0908 0.0917 0.0914 0.0911 
        H114  1 0.0898 0.0905 0.0916 0.0903 0.0905 0.0903 0.0932 0.0904 0.0909 0.0904 0.0921 
        H115  1 0.0906 0.0906 0.0920 0.0897 0.0896 0.0904 0.0923 0.0910 0.0920 0.0895 0.0922 
        H143  1 0.0904 0.0913 0.0916 0.0900 0.0903 0.0916 0.0892 0.0911 0.0910 0.0909 0.0925 
        H144  1 0.0911 0.0913 0.0909 0.0907 0.0916 0.0906 0.0900 0.0906 0.0916 0.0902 0.0913 
        H145  1 0.0919 0.0898 0.0901 0.0911 0.0907 0.0913 0.0892 0.0916 0.0910 0.0922 0.0911 
        H149  1 0.0912 0.0904 0.0913 0.0909 0.0902 0.0918 0.0904 0.0909 0.0919 0.0906 0.0903 
        H150  1 0.0903 0.0894 0.0909 0.0901 0.0915 0.0902 0.0931 0.0908 0.0903 0.0910 0.0924 
     H167542  1 0.0904 0.0905 0.0904 0.0912 0.0893 0.0906 0.0904 0.0920 0.0915 0.0912 0.0924 
     H169604  1 0.0906 0.0887 0.0909 0.0911 0.0902 0.0903 0.0927 0.0908 0.0916 0.0911 0.0920 
     H169607  1 0.0913 0.0908 0.0910 0.0902 0.0915 0.0921 0.0900 0.0917 0.0908 0.0910 0.0895 
     H169608  1 0.0906 0.0906 0.0915 0.0908 0.0905 0.0909 0.0913 0.0905 0.0913 0.0903 0.0916 
     H169633  1 0.0913 0.0911 0.0913 0.0906 0.0912 0.0911 0.0906 0.0911 0.0905 0.0899 0.0913 
     H169688  1 0.0909 0.0908 0.0909 0.0904 0.0912 0.0930 0.0900 0.0907 0.0898 0.0915 0.0908 
     H169714  1 0.0901 0.0915 0.0912 0.0914 0.0905 0.0907 0.0901 0.0902 0.0904 0.0914 0.0925 
     H171802  1 0.0910 0.0912 0.0908 0.0911 0.0909 0.0908 0.0898 0.0914 0.0909 0.0916 0.0906 
     H171805  1 0.0903 0.0914 0.0900 0.0915 0.0912 0.0910 0.0930 0.0905 0.0908 0.0899 0.0906 
     H171807  1 0.0920 0.0901 0.0914 0.0902 0.0906 0.0912 0.0898 0.0912 0.0911 0.0909 0.0916 
     H171814  1 0.0922 0.0919 0.0898 0.0914 0.0925 0.0916 0.0892 0.0905 0.0892 0.0917 0.0900 
     H171816  1 0.0902 0.0915 0.0909 0.0905 0.0909 0.0910 0.0923 0.0904 0.0910 0.0903 0.0911 
     H171817  1 0.0897 0.0898 0.0915 0.0901 0.0894 0.0901 0.0941 0.0910 0.0924 0.0899 0.0920 
     H171818  1 0.0911 0.0906 0.0914 0.0907 0.0907 0.0895 0.0905 0.0917 0.0920 0.0911 0.0908 
     H171819  1 0.0904 0.0900 0.0918 0.0909 0.0902 0.0897 0.0951 0.0903 0.0900 0.0901 0.0914 
     H171834  1 0.0907 0.0912 0.0907 0.0906 0.0898 0.0914 0.0922 0.0906 0.0913 0.0900 0.0917 
     H171835  1 0.0909 0.0906 0.0914 0.0905 0.0909 0.0914 0.0927 0.0901 0.0887 0.0895 0.0933 
     H171836  1 0.0914 0.0912 0.0909 0.0912 0.0908 0.0918 0.0910 0.0911 0.0911 0.0905 0.0890 
     H171837  1 0.0896 0.0901 0.0915 0.0909 0.0898 0.0904 0.0918 0.0912 0.0915 0.0903 0.0929 
     H171838  1 0.0906 0.0911 0.0904 0.0904 0.0906 0.0912 0.0922 0.0910 0.0914 0.0910 0.0902 
     H171839  1 0.0904 0.0906 0.0918 0.0905 0.0898 0.0906 0.0923 0.0911 0.0906 0.0903 0.0920 
     H171841  1 0.0902 0.0916 0.0914 0.0914 0.0909 0.0915 0.0919 0.0898 0.0906 0.0911 0.0895 
     H171860  1 0.0901 0.0911 0.0914 0.0911 0.0895 0.0909 0.0910 0.0917 0.0901 0.0910 0.0920 
     H171861  1 0.0910 0.0911 0.0917 0.0911 0.0902 0.0906 0.0909 0.0909 0.0909 0.0915 0.0902 
     H171862  1 0.0908 0.0906 0.0921 0.0899 0.0897 0.0901 0.0922 0.0909 0.0901 0.0908 0.0929 
     H171868  1 0.0900 0.0892 0.0905 0.0910 0.0892 0.0899 0.0935 0.0910 0.0923 0.0905 0.0928 
     H171869  1 0.0913 0.0921 0.0906 0.0918 0.0924 0.0908 0.0884 0.0905 0.0905 0.0920 0.0896 
     H171870  1 0.0903 0.0916 0.0907 0.0915 0.0913 0.0912 0.0913 0.0907 0.0904 0.0906 0.0904 
     H171871  1 0.0919 0.0912 0.0904 0.0909 0.0908 0.0915 0.0902 0.0901 0.0906 0.0918 0.0904 
     H171872  1 0.0902 0.0899 0.0911 0.0910 0.0903 0.0905 0.0921 0.0909 0.0916 0.0905 0.0918 
     H171873  1 0.0909 0.0923 0.0905 0.0907 0.0911 0.0926 0.0910 0.0900 0.0908 0.0905 0.0896 
     H171874  1 0.0911 0.0919 0.0907 0.0922 0.0919 0.0923 0.0883 0.0908 0.0902 0.0910 0.0896 
     H171875  1 0.0913 0.0911 0.0909 0.0900 0.0912 0.0910 0.0908 0.0909 0.0901 0.0923 0.0902 
     H171876  1 0.0918 0.0911 0.0916 0.0911 0.0911 0.0905 0.0894 0.0908 0.0903 0.0909 0.0915 
     H171877  1 0.0906 0.0905 0.0917 0.0905 0.0900 0.0899 0.0911 0.0926 0.0907 0.0895 0.0930 
     H171878  1 0.0914 0.0916 0.0911 0.0909 0.0904 0.0925 0.0888 0.0909 0.0905 0.0917 0.0900 
     H171901  1 0.0917 0.0900 0.0902 0.0909 0.0910 0.0908 0.0926 0.0908 0.0913 0.0901 0.0906 
     H171902  1 0.0913 0.0916 0.0899 0.0914 0.0913 0.0910 0.0897 0.0903 0.0903 0.0915 0.0916 
     H171903  1 0.0917 0.0912 0.0920 0.0907 0.0907 0.0896 0.0894 0.0908 0.0913 0.0908 0.0917 
     H171935  1 0.0915 0.0910 0.0910 0.0913 0.0913 0.0922 0.0892 0.0911 0.0913 0.0913 0.0887 
     H171936  1 0.0910 0.0907 0.0909 0.0910 0.0906 0.0911 0.0904 0.0909 0.0912 0.0912 0.0910 
     H171940  1 0.0904 0.0912 0.0905 0.0911 0.0902 0.0904 0.0919 0.0909 0.0910 0.0904 0.0919 
     H171945  1 0.0901 0.0916 0.0907 0.0908 0.0910 0.0912 0.0910 0.0897 0.0914 0.0912 0.0913 
     H171948  1 0.0906 0.0911 0.0918 0.0913 0.0908 0.0905 0.0914 0.0900 0.0917 0.0906 0.0901 
     H171949  1 0.0899 0.0911 0.0913 0.0908 0.0902 0.0891 0.0923 0.0914 0.0915 0.0907 0.0918 
     H171950  1 0.0905 0.0915 0.0898 0.0916 0.0905 0.0913 0.0897 0.0913 0.0904 0.0908 0.0926 
     H171963  1 0.0899 0.0914 0.0908 0.0914 0.0907 0.0901 0.0916 0.0920 0.0916 0.0897 0.0907 
     H171964  1 0.0920 0.0909 0.0912 0.0905 0.0919 0.0912 0.0903 0.0900 0.0897 0.0923 0.0900 
     H171966  1 0.0901 0.0905 0.0915 0.0907 0.0906 0.0916 0.0905 0.0921 0.0909 0.0901 0.0911 
     H171968  1 0.0919 0.0902 0.0900 0.0915 0.0916 0.0911 0.0904 0.0915 0.0894 0.0909 0.0916 
     H171971  1 0.0909 0.0921 0.0899 0.0913 0.0908 0.0914 0.0897 0.0914 0.0910 0.0913 0.0900 
     H171972  1 0.0910 0.0916 0.0921 0.0906 0.0906 0.0913 0.0896 0.0909 0.0914 0.0920 0.0889 
     H171977  1 0.0911 0.0909 0.0897 0.0906 0.0920 0.0903 0.0907 0.0916 0.0898 0.0916 0.0916 
     H171978  1 0.0911 0.0913 0.0907 0.0915 0.0918 0.0920 0.0901 0.0916 0.0901 0.0906 0.0894 
     H171979  1 0.0906 0.0907 0.0916 0.0919 0.0911 0.0912 0.0914 0.0912 0.0905 0.0906 0.0894 
        H176  1 0.0907 0.0902 0.0905 0.0901 0.0907 0.0914 0.0918 0.0905 0.0914 0.0909 0.0918 
        H177  1 0.0915 0.0905 0.0891 0.0913 0.0898 0.0915 0.0922 0.0911 0.0916 0.0906 0.0909 
        H179  1 0.0908 0.0903 0.0913 0.0909 0.0897 0.0902 0.0925 0.0906 0.0916 0.0899 0.0923 
        H181  1 0.0904 0.0909 0.0907 0.0914 0.0909 0.0910 0.0911 0.0911 0.0906 0.0914 0.0904 
        H182  1 0.0911 0.0907 0.0906 0.0910 0.0906 0.0902 0.0918 0.0903 0.0910 0.0901 0.0925 
        H183  1 0.0916 0.0908 0.0919 0.0903 0.0922 0.0917 0.0887 0.0902 0.0914 0.0911 0.0899 
        H184  1 0.0902 0.0905 0.0918 0.0904 0.0899 0.0911 0.0910 0.0910 0.0921 0.0922 0.0899 
        H185  1 0.0911 0.0911 0.0907 0.0910 0.0912 0.0909 0.0904 0.0911 0.0920 0.0904 0.0901 
        H186  1 0.0905 0.0910 0.0906 0.0910 0.0910 0.0915 0.0897 0.0898 0.0917 0.0916 0.0915 
        H187  1 0.0902 0.0912 0.0910 0.0914 0.0915 0.0911 0.0901 0.0917 0.0919 0.0908 0.0892 
        H188  1 0.0897 0.0903 0.0909 0.0914 0.0910 0.0903 0.0899 0.0919 0.0904 0.0913 0.0929 
        H192  1 0.0903 0.0909 0.0900 0.0901 0.0915 0.0906 0.0938 0.0913 0.0898 0.0912 0.0904 
        H193  1 0.0899 0.0907 0.0901 0.0909 0.0903 0.0916 0.0908 0.0906 0.0907 0.0915 0.0930 
        H194  1 0.0912 0.0916 0.0910 0.0903 0.0904 0.0899 0.0910 0.0911 0.0923 0.0910 0.0902 
        H195  1 0.0922 0.0915 0.0891 0.0913 0.0923 0.0916 0.0890 0.0914 0.0899 0.0916 0.0901 
        H199  1 0.0908 0.0903 0.0906 0.0912 0.0907 0.0911 0.0903 0.0909 0.0921 0.0913 0.0906 
        H200  1 0.0904 0.0903 0.0911 0.0910 0.0907 0.0908 0.0918 0.0912 0.0911 0.0904 0.0910 
        H414  1 0.0901 0.0918 0.0914 0.0903 0.0916 0.0914 0.0898 0.0903 0.0904 0.0917 0.0911 
        H415  1 0.0908 0.0910 0.0912 0.0913 0.0895 0.0912 0.0924 0.0895 0.0911 0.0917 0.0902 
        H422  1 0.0914 0.0905 0.0903 0.0904 0.0913 0.0918 0.0894 0.0911 0.0906 0.0917 0.0914 
        H423  1 0.0903 0.0905 0.0909 0.0904 0.0911 0.0921 0.0927 0.0906 0.0899 0.0907 0.0907 
        H424  1 0.0910 0.0909 0.0912 0.0906 0.0906 0.0908 0.0926 0.0903 0.0906 0.0906 0.0908 
        H425  1 0.0910 0.0908 0.0903 0.0912 0.0917 0.0912 0.0910 0.0906 0.0908 0.0909 0.0904 
        H426  1 0.0921 0.0924 0.0908 0.0904 0.0940 0.0926 0.0879 0.0905 0.0890 0.0921 0.0881 
        H443  1 0.0921 0.0922 0.0903 0.0906 0.0921 0.0916 0.0879 0.0904 0.0899 0.0917 0.0913 
        H466  1 0.0907 0.0907 0.0913 0.0917 0.0908 0.0910 0.0895 0.0921 0.0910 0.0911 0.0900 
        H467  1 0.0909 0.0912 0.0914 0.0903 0.0916 0.0910 0.0913 0.0904 0.0896 0.0902 0.0922 
        H472  1 0.0917 0.0913 0.0905 0.0909 0.0909 0.0898 0.0909 0.0919 0.0924 0.0909 0.0887 
        H483  1 0.0901 0.0902 0.0919 0.0905 0.0902 0.0912 0.0924 0.0911 0.0909 0.0906 0.0908 
        H504  1 0.0910 0.0918 0.0904 0.0909 0.0922 0.0905 0.0892 0.0912 0.0900 0.0918 0.0909 
        H505  1 0.0903 0.0907 0.0910 0.0917 0.0905 0.0909 0.0901 0.0915 0.0914 0.0906 0.0910 
        H506  1 0.0916 0.0912 0.0907 0.0915 0.0909 0.0909 0.0900 0.0909 0.0905 0.0917 0.0901 
        H507  1 0.0908 0.0913 0.0906 0.0902 0.0903 0.0912 0.0922 0.0918 0.0906 0.0905 0.0905 
        H508  1 0.0914 0.0907 0.0910 0.0918 0.0914 0.0915 0.0896 0.0915 0.0900 0.0913 0.0898 
        H524  1 0.0920 0.0904 0.0902 0.0914 0.0908 0.0909 0.0913 0.0912 0.0910 0.0910 0.0898 
        H525  1 0.0907 0.0908 0.0905 0.0911 0.0904 0.0908 0.0903 0.0916 0.0899 0.0910 0.0930 
        H526  1 0.0912 0.0894 0.0914 0.0899 0.0911 0.0911 0.0920 0.0910 0.0922 0.0902 0.0903 
        H527  1 0.0921 0.0911 0.0917 0.0909 0.0904 0.0908 0.0904 0.0914 0.0915 0.0904 0.0894 
        H528  1 0.0911 0.0913 0.0903 0.0907 0.0918 0.0913 0.0911 0.0905 0.0905 0.0909 0.0904 
        H529  1 0.0909 0.0908 0.0905 0.0913 0.0916 0.0909 0.0916 0.0891 0.0910 0.0908 0.0915 
        H533  1 0.0903 0.0898 0.0915 0.0912 0.0905 0.0901 0.0920 0.0911 0.0909 0.0907 0.0920 
        H538  1 0.0900 0.0899 0.0911 0.0912 0.0903 0.0910 0.0911 0.0908 0.0922 0.0900 0.0925 
        H539  1 0.0909 0.0901 0.0908 0.0908 0.0914 0.0909 0.0900 0.0908 0.0906 0.0915 0.0921 
        H540  1 0.0906 0.0898 0.0918 0.0912 0.0908 0.0901 0.0927 0.0902 0.0916 0.0907 0.0905 
        H541  1 0.0904 0.0906 0.0909 0.0904 0.0905 0.0910 0.0924 0.0903 0.0902 0.0907 0.0925 
        H558  1 0.0927 0.0908 0.0900 0.0911 0.0910 0.0918 0.0898 0.0913 0.0901 0.0926 0.0887 
        H559  1 0.0909 0.0908 0.0904 0.0910 0.0907 0.0913 0.0907 0.0907 0.0916 0.0906 0.0912 
        H579  1 0.0910 0.0918 0.0899 0.0909 0.0913 0.0921 0.0908 0.0912 0.0902 0.0905 0.0904 
        H584  1 0.0913 0.0915 0.0898 0.0911 0.0919 0.0917 0.0896 0.0910 0.0903 0.0909 0.0908 
        H585  1 0.0912 0.0912 0.0906 0.0902 0.0915 0.0908 0.0897 0.0911 0.0907 0.0917 0.0913 
        H605  1 0.0911 0.0909 0.0911 0.0915 0.0908 0.0911 0.0908 0.0915 0.0904 0.0903 0.0905 
        H606  1 0.0902 0.0909 0.0908 0.0914 0.0897 0.0907 0.0911 0.0903 0.0910 0.0907 0.0932 
        H632  1 0.0917 0.0911 0.0899 0.0907 0.0908 0.0906 0.0899 0.0909 0.0908 0.0915 0.0922 
        H634  1 0.0914 0.0921 0.0912 0.0908 0.0902 0.0915 0.0898 0.0905 0.0912 0.0912 0.0901 
        H671  1 0.0917 0.0903 0.0913 0.0901 0.0910 0.0913 0.0915 0.0909 0.0905 0.0904 0.0913 
        H672  1 0.0916 0.0919 0.0910 0.0909 0.0912 0.0908 0.0913 0.0902 0.0904 0.0904 0.0903 
        H673  1 0.0909 0.0920 0.0902 0.0917 0.0922 0.0914 0.0887 0.0898 0.0902 0.0918 0.0912 
        H689  1 0.0907 0.0910 0.0913 0.0908 0.0906 0.0915 0.0910 0.0910 0.0902 0.0906 0.0914 
        H690  1 0.0895 0.0899 0.0909 0.0897 0.0903 0.0904 0.0931 0.0903 0.0902 0.0903 0.0953 
        H691  1 0.0905 0.0905 0.0923 0.0909 0.0903 0.0903 0.0894 0.0915 0.0914 0.0909 0.0921 
        H692  1 0.0911 0.0924 0.0906 0.0916 0.0923 0.0907 0.0879 0.0913 0.0905 0.0916 0.0901 
        H709  1 0.0908 0.0897 0.0902 0.0907 0.0902 0.0907 0.0904 0.0914 0.0910 0.0920 0.0928 
        H710  1 0.0911 0.0906 0.0917 0.0908 0.0916 0.0903 0.0913 0.0922 0.0900 0.0902 0.0902 
       H7355  1 0.0899 0.0894 0.0914 0.0905 0.0896 0.0908 0.0923 0.0911 0.0920 0.0895 0.0934 
       H7356  1 0.0908 0.0910 0.0913 0.0906 0.0905 0.0907 0.0905 0.0908 0.0909 0.0917 0.0913 
       H7357  1 0.0906 0.0901 0.0912 0.0902 0.0895 0.0892 0.0939 0.0909 0.0927 0.0900 0.0916 
       H7358  1 0.0918 0.0904 0.0913 0.0909 0.0909 0.0917 0.0903 0.0909 0.0912 0.0915 0.0890 
       H7380  1 0.0906 0.0904 0.0911 0.0907 0.0911 0.0899 0.0924 0.0902 0.0916 0.0898 0.0921 
       H7381  1 0.0914 0.0907 0.0903 0.0912 0.0918 0.0919 0.0899 0.0909 0.0903 0.0909 0.0907 
       H7382  1 0.0906 0.0904 0.0906 0.0908 0.0915 0.0918 0.0899 0.0916 0.0912 0.0902 0.0913 
        H904  1 0.0910 0.0910 0.0921 0.0901 0.0903 0.0905 0.0904 0.0915 0.0906 0.0905 0.0921 
        H923  1 0.0904 0.0910 0.0917 0.0906 0.0917 0.0915 0.0905 0.0909 0.0908 0.0909 0.0900 
        H924  1 0.0911 0.0899 0.0906 0.0910 0.0916 0.0907 0.0902 0.0907 0.0910 0.0917 0.0915 
        H925  1 0.0912 0.0907 0.0902 0.0915 0.0916 0.0909 0.0912 0.0899 0.0913 0.0909 0.0907 
       H9558  1 0.0921 0.0927 0.0903 0.0917 0.0915 0.0920 0.0884 0.0917 0.0887 0.0923 0.0885 
        H111  3 0.0904 0.0912 0.0909 0.0918 0.0911 0.0919 0.0912 0.0912 0.0896 0.0908 0.0899 
        H951  3 0.0900 0.0911 0.0917 0.0904 0.0912 0.0901 0.0930 0.0914 0.0906 0.0909 0.0896 
        H952  3 0.0916 0.0915 0.0907 0.0919 0.0912 0.0918 0.0893 0.0909 0.0905 0.0906 0.0901 
        H953  3 0.0906 0.0906 0.0902 0.0903 0.0906 0.0910 0.0918 0.0906 0.0908 0.0915 0.0920 
        H954  3 0.0908 0.0917 0.0920 0.0907 0.0898 0.0911 0.0913 0.0918 0.0903 0.0903 0.0900 
        H955  3 0.0916 0.0913 0.0907 0.0917 0.0922 0.0905 0.0892 0.0910 0.0898 0.0914 0.0905 
        H956  3 0.0912 0.0908 0.0913 0.0895 0.0912 0.0903 0.0908 0.0915 0.0898 0.0910 0.0926 
       H9563  3 0.0905 0.0908 0.0915 0.0901 0.0904 0.0906 0.0905 0.0916 0.0913 0.0911 0.0914 
      H_PALI  6 0.0905 0.0912 0.0919 0.0904 0.0896 0.0904 0.0914 0.0910 0.0919 0.0916 0.0902 
        H581  6 0.0911 0.0907 0.0913 0.0917 0.0908 0.0913 0.0913 0.0913 0.0903 0.0902 0.0901 
        H582  6 0.0915 0.0907 0.0908 0.0922 0.0915 0.0918 0.0896 0.0905 0.0903 0.0913 0.0898 
        H583  6 0.0912 0.0917 0.0908 0.0911 0.0907 0.0914 0.0891 0.0909 0.0912 0.0912 0.0907 
        H595  6 0.0913 0.0907 0.0917 0.0913 0.0908 0.0899 0.0914 0.0908 0.0910 0.0909 0.0901 
        H596  6 0.0910 0.0920 0.0899 0.0905 0.0917 0.0912 0.0900 0.0911 0.0908 0.0904 0.0915 
        H597  6 0.0911 0.0913 0.0900 0.0904 0.0916 0.0917 0.0918 0.0901 0.0908 0.0901 0.0911 
        H598  6 0.0902 0.0906 0.0929 0.0901 0.0897 0.0902 0.0919 0.0910 0.0919 0.0908 0.0907 
        H599  6 0.0914 0.0901 0.0909 0.0915 0.0899 0.0924 0.0907 0.0916 0.0905 0.0901 0.0908 
        H642  6 0.0916 0.0918 0.0921 0.0918 0.0909 0.0916 0.0896 0.0915 0.0898 0.0913 0.0882 
        H643  6 0.0909 0.0911 0.0916 0.0902 0.0904 0.0903 0.0918 0.0902 0.0919 0.0900 0.0918 
        H664  6 0.0912 0.0913 0.0905 0.0909 0.0923 0.0909 0.0893 0.0905 0.0910 0.0918 0.0902 
        H665  6 0.0899 0.0897 0.0916 0.0904 0.0891 0.0907 0.0933 0.0907 0.0922 0.0897 0.0927 
        H674  6 0.0921 0.0910 0.0906 0.0907 0.0908 0.0912 0.0898 0.0904 0.0906 0.0917 0.0911 
        H675  6 0.0906 0.0920 0.0907 0.0902 0.0914 0.0917 0.0915 0.0901 0.0917 0.0902 0.0899 
        H676  6 0.0905 0.0913 0.0901 0.0910 0.0911 0.0919 0.0907 0.0900 0.0916 0.0922 0.0897 
        H686  6 0.0907 0.0905 0.0912 0.0920 0.0901 0.0915 0.0898 0.0913 0.0901 0.0913 0.0915 
        H687  6 0.0920 0.0904 0.0905 0.0903 0.0919 0.0907 0.0916 0.0907 0.0898 0.0905 0.0916 
        H917  6 0.0901 0.0910 0.0916 0.0902 0.0899 0.0910 0.0929 0.0903 0.0916 0.0909 0.0904 
        H918  6 0.0916 0.0898 0.0898 0.0905 0.0905 0.0916 0.0904 0.0913 0.0908 0.0910 0.0925 
        H919  6 0.0895 0.0907 0.0904 0.0906 0.0890 0.0902 0.0943 0.0900 0.0918 0.0904 0.0929 
        H920  6 0.0904 0.0906 0.0904 0.0909 0.0909 0.0907 0.0930 0.0907 0.0913 0.0908 0.0903 
        H631  7 0.0907 0.0893 0.0911 0.0901 0.0897 0.0900 0.0935 0.0908 0.0904 0.0902 0.0942 
        H684  7 0.0920 0.0916 0.0909 0.0914 0.0916 0.0908 0.0890 0.0912 0.0906 0.0918 0.0891 
        H685  7 0.0903 0.0907 0.0907 0.0908 0.0919 0.0909 0.0908 0.0916 0.0897 0.0913 0.0914 
        H713  7 0.0905 0.0904 0.0904 0.0915 0.0911 0.0896 0.0916 0.0909 0.0920 0.0909 0.0910 
        H715  7 0.0905 0.0911 0.0904 0.0904 0.0911 0.0911 0.0901 0.0915 0.0915 0.0910 0.0913 
        H716  7 0.0917 0.0903 0.0901 0.0909 0.0914 0.0911 0.0900 0.0909 0.0903 0.0904 0.0929 
        H717  7 0.0908 0.0910 0.0909 0.0904 0.0913 0.0920 0.0898 0.0916 0.0907 0.0907 0.0909 
        H729  7 0.0910 0.0912 0.0908 0.0913 0.0913 0.0910 0.0916 0.0916 0.0903 0.0908 0.0891 
        H730  7 0.0906 0.0910 0.0915 0.0899 0.0904 0.0908 0.0905 0.0913 0.0912 0.0912 0.0917 
        H600  9 0.0903 0.0907 0.0911 0.0913 0.0902 0.0901 0.0912 0.0907 0.0906 0.0915 0.0922 
        H648  9 0.0902 0.0906 0.0915 0.0912 0.0923 0.0918 0.0903 0.0908 0.0892 0.0913 0.0907 
        H696  9 0.0903 0.0919 0.0910 0.0906 0.0924 0.0910 0.0894 0.0907 0.0908 0.0929 0.0889 
        H697  9 0.0920 0.0908 0.0907 0.0900 0.0900 0.0898 0.0916 0.0913 0.0913 0.0913 0.0913 
        H698  9 0.0905 0.0903 0.0903 0.0910 0.0919 0.0919 0.0914 0.0908 0.0902 0.0912 0.0905 
        H699  9 0.0908 0.0903 0.0915 0.0901 0.0901 0.0920 0.0916 0.0907 0.0916 0.0912 0.0901 
        H700  9 0.0903 0.0892 0.0910 0.0908 0.0903 0.0896 0.0926 0.0915 0.0898 0.0904 0.0944 
        H732  9 0.0914 0.0914 0.0909 0.0905 0.0914 0.0921 0.0892 0.0896 0.0907 0.0916 0.0911 
        H733  9 0.0899 0.0914 0.0907 0.0905 0.0899 0.0915 0.0912 0.0919 0.0914 0.0914 0.0903 
        H734  9 0.0912 0.0914 0.0901 0.0915 0.0923 0.0903 0.0916 0.0905 0.0906 0.0908 0.0897 
        H735  9 0.0910 0.0910 0.0905 0.0919 0.0915 0.0908 0.0908 0.0909 0.0913 0.0898 0.0905 
        H736  9 0.0907 0.0915 0.0909 0.0918 0.0928 0.0911 0.0897 0.0907 0.0910 0.0912 0.0885 
        H737  9 0.0906 0.0914 0.0910 0.0906 0.0916 0.0913 0.0896 0.0907 0.0905 0.0915 0.0912 
        H905  9 0.0913 0.0901 0.0916 0.0900 0.0906 0.0912 0.0910 0.0911 0.0914 0.0903 0.0915 
        H921  9 0.0906 0.0905 0.0915 0.0916 0.0906 0.0900 0.0921 0.0907 0.0922 0.0895 0.0908 
        H922  9 0.0911 0.0906 0.0917 0.0910 0.0893 0.0905 0.0917 0.0913 0.0921 0.0902 0.0905 
        H409 12 0.0908 0.0906 0.0903 0.0915 0.0901 0.0902 0.0922 0.0908 0.0916 0.0894 0.0925 
        H413 12 0.0910 0.0912 0.0917 0.0916 0.0911 0.0920 0.0896 0.0907 0.0901 0.0913 0.0897 
        H419 12 0.0902 0.0908 0.0918 0.0907 0.0901 0.0906 0.0922 0.0898 0.0914 0.0911 0.0914 
        H420 12 0.0916 0.0917 0.0906 0.0905 0.0912 0.0910 0.0911 0.0910 0.0901 0.0917 0.0895 
        H421 12 0.0919 0.0908 0.0917 0.0916 0.0914 0.0908 0.0895 0.0904 0.0908 0.0913 0.0898 
        H435 12 0.0909 0.0900 0.0900 0.0904 0.0911 0.0897 0.0921 0.0908 0.0902 0.0903 0.0943 
        H436 12 0.0905 0.0892 0.0914 0.0915 0.0907 0.0902 0.0901 0.0908 0.0917 0.0916 0.0923 
        H437 12 0.0903 0.0908 0.0907 0.0908 0.0902 0.0911 0.0913 0.0907 0.0916 0.0910 0.0915 
        H445 12 0.0907 0.0902 0.0909 0.0914 0.0896 0.0910 0.0909 0.0913 0.0922 0.0909 0.0908 
        H449 12 0.0916 0.0917 0.0898 0.0920 0.0917 0.0907 0.0893 0.0910 0.0896 0.0910 0.0916 
        H463 12 0.0913 0.0905 0.0906 0.0916 0.0906 0.0924 0.0907 0.0910 0.0911 0.0907 0.0895 
        H464 12 0.0911 0.0910 0.0913 0.0907 0.0914 0.0911 0.0900 0.0910 0.0917 0.0906 0.0901 
        H465 12 0.0910 0.0919 0.0915 0.0924 0.0927 0.0915 0.0886 0.0915 0.0887 0.0911 0.0890 
        H490 12 0.0921 0.0911 0.0915 0.0915 0.0921 0.0913 0.0902 0.0905 0.0899 0.0910 0.0889 
        H561 12 0.0903 0.0895 0.0912 0.0910 0.0905 0.0898 0.0938 0.0908 0.0911 0.0914 0.0905 
        H562 12 0.0900 0.0895 0.0913 0.0907 0.0906 0.0907 0.0919 0.0906 0.0915 0.0905 0.0926 
        H563 12 0.0906 0.0906 0.0920 0.0910 0.0895 0.0899 0.0901 0.0913 0.0932 0.0906 0.0911 
        H570 12 0.0909 0.0908 0.0916 0.0909 0.0907 0.0901 0.0917 0.0912 0.0903 0.0903 0.0915 
        H571 12 0.0908 0.0905 0.0913 0.0911 0.0919 0.0914 0.0900 0.0914 0.0899 0.0912 0.0904 
        H572 12 0.0915 0.0902 0.0913 0.0910 0.0901 0.0905 0.0911 0.0908 0.0909 0.0920 0.0906 
        H573 12 0.0910 0.0903 0.0914 0.0914 0.0903 0.0900 0.0915 0.0916 0.0910 0.0906 0.0909 
       H7372 12 0.0902 0.0915 0.0908 0.0907 0.0907 0.0901 0.0924 0.0909 0.0901 0.0903 0.0923 
       H7373 12 0.0924 0.0920 0.0900 0.0907 0.0923 0.0916 0.0893 0.0899 0.0904 0.0922 0.0893 
       H7374 12 0.0916 0.0918 0.0907 0.0912 0.0899 0.0908 0.0907 0.0907 0.0909 0.0903 0.0914 
       H7375 12 0.0905 0.0919 0.0907 0.0915 0.0914 0.0905 0.0902 0.0911 0.0901 0.0912 0.0910 
       H7376 12 0.0901 0.0900 0.0909 0.0901 0.0896 0.0905 0.0926 0.0921 0.0916 0.0902 0.0923 
       H7377 12 0.0906 0.0905 0.0911 0.0907 0.0903 0.0904 0.0918 0.0904 0.0918 0.0911 0.0913 
