        H102  1 0.1021 0.0999 0.0990 0.0982 0.0983 0.0965 0.0998 0.0978 0.1044 0.1039 
        H103  1 0.1017 0.0987 0.1012 0.1009 0.1013 0.1010 0.1000 0.1019 0.0974 0.0960 
        H104  1 0.1005 0.1014 0.1005 0.0996 0.0992 0.0979 0.0994 0.0979 0.1018 0.1018 
        H105  1 0.0980 0.0991 0.1005 0.0995 0.1036 0.1002 0.0994 0.0973 0.1010 0.1013 
        H106  1 0.1017 0.0998 0.0988 0.1004 0.0994 0.0992 0.1009 0.0993 0.1005 0.1000 
        H112  1 0.0989 0.1014 0.0990 0.0997 0.1001 0.0991 0.0985 0.0990 0.1022 0.1021 
        H113  1 0.0989 0.0996 0.0992 0.1004 0.1014 0.1004 0.0993 0.0985 0.0986 0.1037 
        H114  1 0.0967 0.1024 0.0990 0.0998 0.1018 0.0975 0.0998 0.0990 0.1014 0.1025 
        H115  1 0.0969 0.0994 0.0998 0.0994 0.1037 0.0984 0.0994 0.0988 0.1030 0.1012 
        H143  1 0.0992 0.1021 0.0995 0.1007 0.1017 0.0972 0.0995 0.1010 0.1006 0.0985 
        H144  1 0.0994 0.0955 0.1005 0.1006 0.1019 0.1011 0.0996 0.0990 0.1016 0.1008 
        H145  1 0.1002 0.0992 0.0999 0.0995 0.0980 0.1033 0.0993 0.1028 0.0993 0.0984 
        H149  1 0.0984 0.1001 0.0980 0.0968 0.1064 0.0988 0.0996 0.0976 0.1073 0.0969 
        H150  1 0.0982 0.0985 0.0990 0.1007 0.1016 0.0991 0.0976 0.0993 0.1021 0.1039 
     H167542  1 0.0987 0.1014 0.0998 0.0980 0.0979 0.0981 0.0973 0.0980 0.1007 0.1101 
     H169604  1 0.1001 0.1001 0.0974 0.0992 0.0986 0.1004 0.0982 0.0988 0.1037 0.1035 
     H169607  1 0.1000 0.0998 0.1007 0.1011 0.0978 0.0998 0.0999 0.1012 0.1004 0.0993 
     H169608  1 0.1015 0.1008 0.1007 0.1000 0.0968 0.0984 0.0992 0.0990 0.1041 0.0995 
     H169633  1 0.0987 0.1020 0.1007 0.1012 0.0986 0.0989 0.0989 0.1002 0.0994 0.1013 
     H169688  1 0.1019 0.1004 0.0989 0.1019 0.0970 0.1017 0.1002 0.0999 0.1005 0.0976 
     H169714  1 0.0997 0.0988 0.1006 0.1009 0.1018 0.1011 0.0988 0.0986 0.0997 0.1000 
     H171802  1 0.1008 0.0997 0.1000 0.1006 0.1004 0.1004 0.0997 0.0987 0.0996 0.1001 
     H171805  1 0.0992 0.0979 0.0987 0.0995 0.1013 0.0999 0.1011 0.1002 0.1001 0.1020 
     H171807  1 0.1008 0.0996 0.0998 0.0997 0.0986 0.1009 0.0987 0.0987 0.1023 0.1009 
     H171814  1 0.1003 0.0978 0.1014 0.1014 0.0950 0.1039 0.1011 0.1029 0.0974 0.0988 
     H171816  1 0.1006 0.1018 0.0986 0.0996 0.1002 0.1001 0.0973 0.1006 0.1025 0.0988 
     H171817  1 0.1014 0.0998 0.0969 0.0974 0.1020 0.0985 0.0982 0.0974 0.1038 0.1046 
     H171818  1 0.1015 0.1032 0.0992 0.0994 0.1015 0.0984 0.0998 0.0989 0.1009 0.0970 
     H171819  1 0.1007 0.0992 0.0970 0.0982 0.0995 0.0985 0.1005 0.1022 0.1010 0.1031 
     H171834  1 0.0997 0.1017 0.0970 0.0987 0.1015 0.0977 0.0989 0.0996 0.1063 0.0989 
     H171835  1 0.0987 0.1002 0.0983 0.0988 0.0990 0.0993 0.0983 0.0984 0.1009 0.1080 
     H171836  1 0.1005 0.1010 0.0996 0.1005 0.0990 0.1000 0.1008 0.1012 0.0982 0.0992 
     H171837  1 0.0981 0.0986 0.0991 0.0985 0.1001 0.1005 0.0992 0.1004 0.1022 0.1034 
     H171838  1 0.1005 0.0996 0.1020 0.0974 0.1001 0.1007 0.1003 0.0996 0.1000 0.0996 
     H171839  1 0.0981 0.0988 0.0996 0.0984 0.1017 0.0999 0.0994 0.0987 0.1036 0.1020 
     H171841  1 0.1001 0.0994 0.1000 0.1000 0.0997 0.0994 0.0990 0.1003 0.1023 0.0998 
     H171860  1 0.1004 0.0989 0.1000 0.0992 0.1008 0.0993 0.1003 0.0984 0.0998 0.1029 
     H171861  1 0.1011 0.1017 0.0986 0.1002 0.0999 0.0999 0.1003 0.1010 0.0973 0.0999 
     H171862  1 0.0999 0.1015 0.0986 0.0994 0.0972 0.0990 0.0988 0.0995 0.1029 0.1033 
     H171868  1 0.0975 0.0985 0.0983 0.0979 0.1077 0.0988 0.0985 0.0987 0.1039 0.1004 
     H171869  1 0.1009 0.0983 0.1008 0.1001 0.0951 0.1024 0.1020 0.1008 0.0996 0.1001 
     H171870  1 0.0996 0.1004 0.0990 0.1003 0.0997 0.1009 0.1022 0.1015 0.0999 0.0966 
     H171871  1 0.1004 0.1007 0.1003 0.1004 0.0973 0.1024 0.1009 0.1017 0.0979 0.0981 
     H171872  1 0.0994 0.0981 0.0992 0.0986 0.1004 0.0982 0.0989 0.1000 0.1033 0.1039 
     H171873  1 0.1013 0.0967 0.0999 0.0987 0.0997 0.1005 0.1015 0.0989 0.1013 0.1015 
     H171874  1 0.1030 0.0995 0.1010 0.1024 0.0994 0.1014 0.0990 0.0985 0.0982 0.0976 
     H171875  1 0.0993 0.0986 0.1030 0.1008 0.0984 0.0996 0.1015 0.0998 0.0971 0.1018 
     H171876  1 0.1021 0.0994 0.0988 0.1004 0.1006 0.0979 0.1004 0.0992 0.1029 0.0984 
     H171877  1 0.1005 0.0999 0.0986 0.0971 0.0987 0.0989 0.0995 0.0991 0.1020 0.1058 
     H171878  1 0.1002 0.1002 0.1021 0.1016 0.0987 0.1008 0.1007 0.0993 0.0993 0.0971 
     H171901  1 0.0989 0.0985 0.0978 0.0976 0.1008 0.1004 0.1007 0.0989 0.1024 0.1040 
     H171902  1 0.0984 0.0981 0.1016 0.1022 0.0993 0.1017 0.0999 0.1002 0.1016 0.0971 
     H171903  1 0.0998 0.1008 0.0988 0.0994 0.1016 0.1012 0.1003 0.0994 0.0980 0.1007 
     H171935  1 0.1029 0.1020 0.0999 0.0993 0.0982 0.0994 0.1002 0.0989 0.1022 0.0971 
     H171936  1 0.0991 0.1007 0.0987 0.0984 0.0987 0.1002 0.0990 0.1013 0.0999 0.1039 
     H171940  1 0.0995 0.0976 0.0984 0.0976 0.1038 0.0999 0.1008 0.0985 0.1028 0.1011 
     H171945  1 0.0999 0.0970 0.1010 0.1012 0.0979 0.1001 0.0985 0.1001 0.1017 0.1026 
     H171948  1 0.0996 0.1004 0.0975 0.0984 0.1048 0.0993 0.0997 0.0976 0.1022 0.1005 
     H171949  1 0.1010 0.0999 0.1001 0.0990 0.1022 0.0997 0.0983 0.0980 0.1028 0.0991 
     H171950  1 0.1002 0.0982 0.1014 0.0997 0.1047 0.0984 0.1001 0.1009 0.1022 0.0941 
     H171963  1 0.1020 0.1026 0.1005 0.1006 0.0979 0.1013 0.1027 0.0999 0.0959 0.0967 
     H171964  1 0.1018 0.0968 0.1036 0.1023 0.0962 0.1034 0.1001 0.1021 0.0978 0.0958 
     H171966  1 0.0996 0.1013 0.1011 0.0998 0.1012 0.0995 0.1006 0.1001 0.0986 0.0980 
     H171968  1 0.1000 0.0990 0.0994 0.1002 0.1001 0.1018 0.0989 0.0999 0.1031 0.0977 
     H171971  1 0.1013 0.1016 0.0987 0.1002 0.0987 0.1004 0.1016 0.0997 0.1006 0.0972 
     H171972  1 0.1031 0.1025 0.0990 0.1009 0.0968 0.1012 0.0998 0.0992 0.1005 0.0971 
     H171977  1 0.1007 0.0989 0.1008 0.0990 0.0949 0.1010 0.1020 0.1025 0.1001 0.1002 
     H171978  1 0.0993 0.1012 0.0990 0.1013 0.0998 0.0989 0.1005 0.0986 0.1011 0.1003 
     H171979  1 0.1004 0.1010 0.0972 0.0984 0.0993 0.1018 0.1019 0.1013 0.1008 0.0979 
        H176  1 0.0985 0.0981 0.0982 0.1015 0.1010 0.0996 0.1006 0.1001 0.1003 0.1023 
        H177  1 0.1000 0.1012 0.0969 0.0966 0.0970 0.0984 0.0996 0.0991 0.1056 0.1056 
        H179  1 0.0967 0.0982 0.0999 0.0984 0.1031 0.0966 0.0990 0.0987 0.1045 0.1048 
        H181  1 0.1006 0.1006 0.1004 0.1024 0.0998 0.0986 0.1009 0.0999 0.1006 0.0962 
        H182  1 0.0987 0.0996 0.0999 0.1000 0.1003 0.1018 0.0997 0.1022 0.0978 0.0999 
        H183  1 0.1007 0.0973 0.1014 0.1011 0.0994 0.1032 0.1014 0.1000 0.0985 0.0969 
        H184  1 0.1004 0.1012 0.0969 0.0979 0.1046 0.0969 0.0989 0.0997 0.1027 0.1009 
        H185  1 0.0992 0.0983 0.1015 0.1001 0.1022 0.0998 0.0992 0.1000 0.0986 0.1011 
        H186  1 0.0989 0.0984 0.1002 0.0998 0.0986 0.1031 0.0995 0.1019 0.0984 0.1013 
        H187  1 0.0988 0.0987 0.1007 0.0994 0.0981 0.1006 0.1016 0.0990 0.1015 0.1015 
        H188  1 0.1022 0.0990 0.0981 0.0986 0.1019 0.0992 0.0982 0.0995 0.1012 0.1021 
        H192  1 0.1001 0.0963 0.0991 0.1004 0.1018 0.0988 0.0990 0.0967 0.1049 0.1029 
        H193  1 0.0998 0.1008 0.0999 0.0996 0.0960 0.1017 0.0999 0.1016 0.1005 0.1002 
        H194  1 0.1004 0.0979 0.0982 0.1005 0.1014 0.0995 0.0997 0.0991 0.1030 0.1003 
        H195  1 0.1021 0.0989 0.1018 0.1031 0.0967 0.1005 0.1024 0.1003 0.0974 0.0968 
        H199  1 0.0994 0.0993 0.1011 0.1020 0.0962 0.0993 0.1012 0.1001 0.1002 0.1013 
        H200  1 0.0999 0.0994 0.0976 0.1016 0.0990 0.1003 0.0997 0.1007 0.1002 0.1014 
        H414  1 0.0995 0.0977 0.1010 0.1009 0.0962 0.1036 0.1010 0.1019 0.0994 0.0988 
        H415  1 0.0986 0.1015 0.1006 0.0975 0.1005 0.1009 0.0992 0.0980 0.0997 0.1036 
        H422  1 0.1013 0.0995 0.1008 0.1009 0.0980 0.1018 0.1028 0.0995 0.0983 0.0972 
        H423  1 0.1002 0.0988 0.0980 0.0982 0.1014 0.0992 0.1003 0.0979 0.1009 0.1050 
        H424  1 0.0996 0.0998 0.1001 0.1011 0.0992 0.1003 0.1003 0.1003 0.0999 0.0996 
        H425  1 0.0995 0.0977 0.1018 0.1019 0.0980 0.1003 0.0999 0.1000 0.1008 0.1002 
        H426  1 0.0987 0.0981 0.1033 0.1043 0.0969 0.1033 0.1016 0.1034 0.0960 0.0943 
        H443  1 0.1014 0.0980 0.1032 0.1015 0.0995 0.1014 0.0981 0.1035 0.0971 0.0962 
        H466  1 0.1001 0.0996 0.0987 0.1004 0.1000 0.1001 0.1019 0.0990 0.1010 0.0992 
        H467  1 0.1010 0.0967 0.0989 0.0988 0.1046 0.0989 0.0997 0.1004 0.1020 0.0989 
        H472  1 0.0999 0.0984 0.0995 0.1028 0.0980 0.0988 0.1013 0.0997 0.1005 0.1011 
        H483  1 0.0997 0.0982 0.0998 0.0982 0.1011 0.0999 0.1000 0.0999 0.1034 0.0999 
        H504  1 0.0992 0.0999 0.1019 0.0988 0.0981 0.1035 0.0991 0.1023 0.0972 0.1001 
        H505  1 0.1022 0.0960 0.0999 0.0987 0.1008 0.0979 0.0981 0.1007 0.1037 0.1021 
        H506  1 0.1000 0.1013 0.1009 0.1011 0.0984 0.0992 0.1022 0.1001 0.0984 0.0984 
        H507  1 0.1014 0.1001 0.1005 0.1014 0.0973 0.1010 0.1004 0.0996 0.0981 0.1001 
        H508  1 0.1006 0.0989 0.1010 0.1017 0.0983 0.1027 0.1001 0.1024 0.0974 0.0966 
        H524  1 0.0986 0.1001 0.1018 0.0994 0.0996 0.0996 0.1002 0.1002 0.0991 0.1013 
        H525  1 0.1004 0.0988 0.1003 0.1006 0.1000 0.0986 0.0988 0.0981 0.0996 0.1049 
        H526  1 0.0993 0.0979 0.1014 0.1007 0.0987 0.0984 0.0985 0.0976 0.1019 0.1056 
        H527  1 0.1020 0.1041 0.0977 0.0983 0.0966 0.1002 0.1000 0.0988 0.1005 0.1018 
        H528  1 0.0993 0.1002 0.1033 0.1003 0.0999 0.1009 0.0979 0.1034 0.0966 0.0983 
        H529  1 0.1000 0.0990 0.0992 0.1005 0.0982 0.1018 0.0994 0.1012 0.0982 0.1024 
        H533  1 0.0994 0.1017 0.1010 0.1004 0.0959 0.1024 0.1003 0.0998 0.0994 0.0997 
        H538  1 0.1002 0.0982 0.0990 0.0986 0.1024 0.1006 0.0983 0.0994 0.1015 0.1019 
        H539  1 0.1009 0.1026 0.1008 0.0995 0.0964 0.1015 0.1013 0.1008 0.0976 0.0987 
        H540  1 0.0992 0.1022 0.0990 0.0983 0.1002 0.0971 0.1001 0.0979 0.1035 0.1027 
        H541  1 0.1020 0.0994 0.1002 0.0987 0.0987 0.0976 0.0979 0.0975 0.1034 0.1046 
        H558  1 0.1008 0.0984 0.1019 0.1009 0.0982 0.1018 0.1031 0.1010 0.0964 0.0975 
        H559  1 0.0999 0.0986 0.0986 0.0994 0.1013 0.0995 0.1007 0.1008 0.1038 0.0973 
        H579  1 0.1007 0.1026 0.1023 0.1006 0.1002 0.1012 0.1001 0.1005 0.0967 0.0952 
        H584  1 0.0996 0.1004 0.1024 0.1024 0.0988 0.1022 0.0997 0.1020 0.0955 0.0971 
        H585  1 0.1003 0.0999 0.0994 0.1033 0.0997 0.0999 0.0994 0.1005 0.0981 0.0995 
        H605  1 0.1012 0.1001 0.0982 0.0990 0.1002 0.1007 0.0999 0.1010 0.1000 0.0997 
        H606  1 0.0998 0.0986 0.0980 0.0998 0.1039 0.0974 0.0991 0.1005 0.0992 0.1037 
        H632  1 0.0987 0.0985 0.1020 0.1015 0.0968 0.1025 0.1027 0.1026 0.0968 0.0979 
        H634  1 0.0993 0.0989 0.0995 0.0979 0.1031 0.1003 0.1001 0.1008 0.0995 0.1006 
        H671  1 0.1011 0.0997 0.0989 0.1000 0.0983 0.0987 0.0991 0.1000 0.1017 0.1027 
        H672  1 0.1001 0.0975 0.1007 0.1003 0.1013 0.1005 0.1011 0.1008 0.1002 0.0975 
        H673  1 0.0984 0.0996 0.1009 0.1030 0.0991 0.1008 0.1016 0.1007 0.0987 0.0972 
        H689  1 0.0990 0.0978 0.1015 0.0988 0.0991 0.1007 0.1004 0.1020 0.0997 0.1010 
        H690  1 0.0989 0.1013 0.0982 0.0980 0.0996 0.0986 0.1000 0.0987 0.1013 0.1054 
        H691  1 0.0988 0.0999 0.0995 0.0987 0.1026 0.0982 0.0989 0.0984 0.1039 0.1011 
        H692  1 0.0983 0.1009 0.1024 0.1007 0.1004 0.1021 0.0994 0.1021 0.0980 0.0956 
        H709  1 0.0986 0.1009 0.1011 0.0991 0.1029 0.0999 0.1010 0.1000 0.0999 0.0966 
        H710  1 0.0990 0.0992 0.1014 0.1009 0.0994 0.1011 0.1026 0.1042 0.0959 0.0963 
       H7355  1 0.0984 0.0989 0.0986 0.0990 0.1005 0.0997 0.0986 0.0986 0.0999 0.1079 
       H7356  1 0.0994 0.1001 0.1000 0.1004 0.0992 0.0996 0.0993 0.0988 0.1021 0.1012 
       H7357  1 0.0982 0.0994 0.0993 0.0985 0.1040 0.0958 0.0983 0.0993 0.1053 0.1019 
       H7358  1 0.0980 0.1031 0.1017 0.1001 0.0990 0.1008 0.0993 0.0982 0.0992 0.1007 
       H7380  1 0.1002 0.1000 0.0990 0.0983 0.1006 0.0991 0.1006 0.1012 0.1009 0.1002 
       H7381  1 0.1011 0.1012 0.1017 0.1005 0.0963 0.0994 0.0997 0.0986 0.1015 0.1001 
       H7382  1 0.1002 0.0973 0.1002 0.1003 0.1026 0.0996 0.0993 0.1006 0.1008 0.0990 
        H904  1 0.1001 0.1018 0.0982 0.0971 0.1051 0.0957 0.0989 0.0973 0.1040 0.1018 
        H923  1 0.1001 0.1000 0.0986 0.1000 0.0972 0.1009 0.1011 0.1006 0.0991 0.1023 
        H924  1 0.0996 0.1007 0.0982 0.0981 0.0997 0.0990 0.0999 0.0992 0.1002 0.1054 
        H925  1 0.0991 0.1006 0.1006 0.1008 0.0974 0.0989 0.0996 0.1000 0.0996 0.1035 
       H9558  1 0.1014 0.0979 0.1015 0.1037 0.0954 0.1036 0.1011 0.1046 0.0947 0.0960 
        H111  3 0.1014 0.1018 0.1003 0.1005 0.0961 0.1018 0.0989 0.0999 0.1010 0.0984 
        H951  3 0.0992 0.1009 0.1000 0.1002 0.1006 0.0992 0.1008 0.1025 0.0967 0.0999 
        H952  3 0.1010 0.1008 0.1021 0.1008 0.0975 0.1013 0.1003 0.1008 0.0987 0.0967 
        H953  3 0.0994 0.0983 0.1010 0.0986 0.0989 0.1020 0.0995 0.1013 0.0991 0.1020 
        H954  3 0.1014 0.1014 0.0982 0.0980 0.1005 0.0981 0.0993 0.0983 0.1027 0.1020 
        H955  3 0.0998 0.1006 0.0998 0.0994 0.0989 0.1001 0.1014 0.1020 0.0990 0.0988 
        H956  3 0.1009 0.0979 0.1002 0.1015 0.0989 0.0990 0.0989 0.1001 0.1005 0.1022 
       H9563  3 0.1003 0.1008 0.0981 0.0966 0.1003 0.0984 0.0997 0.0983 0.1039 0.1036 
      H_PALI  6 0.1012 0.1009 0.0982 0.0979 0.0985 0.0995 0.0979 0.0973 0.1081 0.1004 
        H581  6 0.0995 0.0996 0.1006 0.0994 0.1003 0.0993 0.0997 0.1000 0.1033 0.0983 
        H582  6 0.1001 0.1003 0.0988 0.1020 0.1019 0.0986 0.1007 0.1012 0.1013 0.0950 
        H583  6 0.1003 0.0993 0.0996 0.0998 0.1021 0.1004 0.1004 0.1010 0.0986 0.0984 
        H595  6 0.1019 0.1008 0.1013 0.1010 0.0980 0.0997 0.1004 0.0991 0.0978 0.0999 
        H596  6 0.0966 0.0973 0.1008 0.1011 0.0998 0.1027 0.1037 0.1020 0.0953 0.1007 
        H597  6 0.0993 0.0988 0.1006 0.1029 0.1002 0.1018 0.0999 0.1014 0.0982 0.0969 
        H598  6 0.1000 0.0987 0.0994 0.1008 0.1021 0.0993 0.0999 0.0984 0.1020 0.0993 
        H599  6 0.1007 0.0994 0.0987 0.1000 0.1015 0.0995 0.1012 0.0983 0.1013 0.0994 
        H642  6 0.1010 0.1033 0.1016 0.1048 0.0974 0.0996 0.1022 0.1001 0.0959 0.0941 
        H643  6 0.0985 0.0994 0.0984 0.0989 0.1024 0.0982 0.1001 0.0994 0.1000 0.1048 
        H664  6 0.1002 0.1009 0.1023 0.0996 0.0979 0.1012 0.1011 0.1013 0.0974 0.0981 
        H665  6 0.0990 0.1002 0.0997 0.0981 0.1013 0.0976 0.0982 0.0973 0.1027 0.1060 
        H674  6 0.1019 0.0993 0.1015 0.1010 0.0992 0.1019 0.1017 0.1000 0.0970 0.0964 
        H675  6 0.0998 0.1014 0.1021 0.1012 0.1003 0.0992 0.0994 0.1012 0.0983 0.0972 
        H676  6 0.0981 0.1014 0.1016 0.1029 0.1013 0.1028 0.1006 0.1003 0.0964 0.0946 
        H686  6 0.0991 0.0992 0.1009 0.0998 0.0995 0.1003 0.0998 0.1002 0.1021 0.0991 
        H687  6 0.1007 0.0993 0.1003 0.1008 0.0998 0.1011 0.1008 0.1000 0.0991 0.0981 
        H917  6 0.0989 0.1008 0.0981 0.0993 0.0996 0.0974 0.0997 0.0985 0.1017 0.1061 
        H918  6 0.0999 0.1018 0.0991 0.0977 0.0981 0.0988 0.0981 0.0987 0.1013 0.1067 
        H919  6 0.0977 0.0998 0.0962 0.0973 0.1031 0.0963 0.0991 0.0968 0.1055 0.1080 
        H920  6 0.1006 0.0988 0.1008 0.0977 0.1016 0.1006 0.1006 0.0971 0.1012 0.1010 
        H631  7 0.1016 0.0986 0.0979 0.0983 0.1041 0.0975 0.1000 0.1005 0.1005 0.1011 
        H684  7 0.1018 0.0988 0.1030 0.1004 0.0969 0.1032 0.1007 0.1026 0.0965 0.0962 
        H685  7 0.0996 0.0991 0.1012 0.1012 0.0998 0.1020 0.0992 0.1002 0.0988 0.0989 
        H713  7 0.1032 0.1019 0.0996 0.1003 0.1018 0.0997 0.1000 0.0998 0.0986 0.0950 
        H715  7 0.0997 0.1002 0.1001 0.1004 0.1003 0.1013 0.0997 0.1018 0.0973 0.0992 
        H716  7 0.0995 0.0996 0.1004 0.1000 0.1021 0.0988 0.1006 0.0979 0.1006 0.1006 
        H717  7 0.1007 0.0981 0.0995 0.1004 0.1025 0.0987 0.1023 0.1009 0.1002 0.0967 
        H729  7 0.0956 0.1040 0.0978 0.1002 0.1004 0.1006 0.1001 0.1005 0.1015 0.0993 
        H730  7 0.0986 0.1007 0.0988 0.0989 0.0992 0.1014 0.0974 0.0986 0.1034 0.1029 
        H600  9 0.1007 0.0994 0.0982 0.0993 0.1017 0.1003 0.1012 0.0991 0.1014 0.0986 
        H648  9 0.1001 0.1003 0.1019 0.1013 0.0975 0.1023 0.0999 0.1010 0.0964 0.0992 
        H696  9 0.1023 0.0986 0.1006 0.1002 0.0970 0.1016 0.1006 0.1023 0.1009 0.0958 
        H697  9 0.0996 0.0995 0.1005 0.1016 0.0998 0.0987 0.1002 0.1011 0.0993 0.0996 
        H698  9 0.1003 0.0986 0.1019 0.0992 0.0989 0.1002 0.0988 0.1004 0.1018 0.0998 
        H699  9 0.1000 0.1012 0.1010 0.0992 0.0996 0.1010 0.1001 0.1001 0.0992 0.0984 
        H700  9 0.1008 0.1003 0.0988 0.0988 0.0997 0.0996 0.0986 0.0984 0.1046 0.1005 
        H732  9 0.1016 0.1003 0.1002 0.1009 0.0999 0.1000 0.1016 0.1000 0.0999 0.0956 
        H733  9 0.1009 0.1019 0.1009 0.1001 0.0985 0.0997 0.1017 0.1002 0.0974 0.0986 
        H734  9 0.0977 0.1010 0.1023 0.0993 0.0984 0.1015 0.1016 0.1014 0.0970 0.0998 
        H735  9 0.1005 0.0998 0.1023 0.1021 0.0994 0.1010 0.1005 0.0993 0.0958 0.0993 
        H736  9 0.1003 0.1013 0.0989 0.0997 0.1012 0.1012 0.1000 0.0999 0.0994 0.0983 
        H737  9 0.0998 0.0993 0.1000 0.0997 0.1012 0.1002 0.1001 0.1015 0.0989 0.0993 
        H905  9 0.1000 0.1023 0.0998 0.0982 0.0992 0.0986 0.1006 0.0990 0.1019 0.1005 
        H921  9 0.0996 0.1021 0.0988 0.0997 0.1008 0.0987 0.0981 0.0988 0.1038 0.0995 
        H922  9 0.0988 0.1017 0.1006 0.1000 0.1001 0.0994 0.1008 0.1000 0.1004 0.0982 
        H409 12 0.0982 0.1016 0.0989 0.0984 0.1040 0.0987 0.1000 0.0974 0.1008 0.1021 
        H413 12 0.0991 0.1015 0.1023 0.1031 0.0997 0.1001 0.1008 0.1019 0.0971 0.0943 
        H419 12 0.1018 0.1008 0.1005 0.0986 0.1023 0.0996 0.0976 0.0988 0.0998 0.1001 
        H420 12 0.1031 0.1016 0.1000 0.0974 0.0993 0.0980 0.0991 0.1001 0.1009 0.1006 
        H421 12 0.0995 0.1002 0.1005 0.0996 0.1010 0.1006 0.1013 0.0991 0.1006 0.0974 
        H435 12 0.1008 0.1002 0.0993 0.1003 0.0978 0.0990 0.1003 0.0979 0.0994 0.1049 
        H436 12 0.1001 0.0993 0.0980 0.0989 0.1017 0.1002 0.1001 0.0982 0.1023 0.1012 
        H437 12 0.1002 0.1017 0.0990 0.0989 0.1013 0.0988 0.0981 0.0980 0.1028 0.1013 
        H445 12 0.1007 0.0972 0.1000 0.0981 0.1050 0.0986 0.1002 0.0994 0.0998 0.1010 
        H449 12 0.1002 0.0977 0.1030 0.1014 0.0995 0.1026 0.0993 0.1018 0.0967 0.0979 
        H463 12 0.0996 0.0997 0.1007 0.0975 0.1023 0.0982 0.1001 0.0988 0.1020 0.1011 
        H464 12 0.0987 0.0973 0.1011 0.1026 0.1004 0.1000 0.1011 0.1002 0.0998 0.0988 
        H465 12 0.1016 0.1014 0.1050 0.1000 0.0959 0.1010 0.1018 0.1020 0.0962 0.0951 
        H490 12 0.0999 0.0995 0.1016 0.1019 0.0977 0.1000 0.1013 0.1021 0.0987 0.0972 
        H561 12 0.0987 0.0998 0.0990 0.0985 0.1005 0.1006 0.1000 0.0994 0.1018 0.1016 
        H562 12 0.0988 0.0983 0.0993 0.0997 0.1030 0.1017 0.0966 0.0975 0.1049 0.1003 
        H563 12 0.1001 0.1009 0.0996 0.0982 0.1005 0.0988 0.0976 0.0972 0.1028 0.1042 
        H570 12 0.1005 0.0987 0.0984 0.0976 0.1037 0.0986 0.1000 0.0998 0.1013 0.1014 
        H571 12 0.1002 0.0993 0.1022 0.1015 0.1004 0.1014 0.1023 0.0998 0.0970 0.0958 
        H572 12 0.1013 0.1017 0.0999 0.1007 0.0999 0.1000 0.1012 0.0982 0.0997 0.0974 
        H573 12 0.0993 0.1013 0.0997 0.0996 0.1003 0.1001 0.1008 0.0990 0.0994 0.1004 
       H7372 12 0.0998 0.1001 0.0992 0.1008 0.1015 0.1001 0.1009 0.1009 0.0979 0.0989 
       H7373 12 0.1006 0.0981 0.1036 0.1015 0.0948 0.1031 0.1030 0.1028 0.0957 0.0969 
       H7374 12 0.1004 0.0982 0.0989 0.0993 0.1062 0.0979 0.0986 0.0997 0.1017 0.0992 
       H7375 12 0.1005 0.0988 0.0992 0.1005 0.1030 0.0990 0.0983 0.0982 0.1027 0.0998 
       H7376 12 0.1007 0.0989 0.0995 0.0993 0.1016 0.0982 0.1014 0.0982 0.1003 0.1019 
       H7377 12 0.0977 0.1018 0.0986 0.0983 0.0999 0.0983 0.1005 0.0998 0.1035 0.1016 
