        H102  1 0.1278 0.1254 0.1272 0.1264 0.1248 0.1290 0.1095 0.1300 
        H103  1 0.1350 0.1218 0.1324 0.1295 0.1300 0.1288 0.0884 0.1341 
        H104  1 0.1239 0.1210 0.1231 0.1226 0.1239 0.1272 0.1350 0.1233 
        H105  1 0.1228 0.1250 0.1221 0.1216 0.1214 0.1315 0.1261 0.1295 
        H106  1 0.1273 0.1234 0.1250 0.1265 0.1246 0.1272 0.1209 0.1250 
        H112  1 0.1239 0.1254 0.1234 0.1234 0.1244 0.1279 0.1251 0.1264 
        H113  1 0.1183 0.1262 0.1172 0.1169 0.1180 0.1199 0.1647 0.1187 
        H114  1 0.1191 0.1271 0.1181 0.1200 0.1190 0.1227 0.1494 0.1247 
        H115  1 0.1241 0.1285 0.1235 0.1241 0.1255 0.1337 0.1144 0.1261 
        H143  1 0.1265 0.1219 0.1256 0.1267 0.1285 0.1250 0.1170 0.1288 
        H144  1 0.1280 0.1248 0.1293 0.1295 0.1309 0.1241 0.1082 0.1253 
        H145  1 0.1314 0.1250 0.1312 0.1279 0.1316 0.1266 0.1006 0.1257 
        H149  1 0.1245 0.1263 0.1229 0.1246 0.1235 0.1296 0.1219 0.1268 
        H150  1 0.1160 0.1307 0.1202 0.1178 0.1229 0.1201 0.1546 0.1176 
     H167542  1 0.1197 0.1200 0.1169 0.1249 0.1191 0.1254 0.1532 0.1209 
     H169604  1 0.1252 0.1281 0.1236 0.1241 0.1250 0.1288 0.1210 0.1242 
     H169607  1 0.1276 0.1259 0.1284 0.1302 0.1289 0.1298 0.1015 0.1278 
     H169608  1 0.1238 0.1314 0.1223 0.1227 0.1226 0.1213 0.1346 0.1213 
     H169633  1 0.1212 0.1212 0.1205 0.1195 0.1196 0.1236 0.1556 0.1189 
     H169688  1 0.1328 0.1218 0.1299 0.1344 0.1310 0.1334 0.0879 0.1288 
     H169714  1 0.1242 0.1268 0.1222 0.1239 0.1229 0.1242 0.1341 0.1217 
     H171802  1 0.1249 0.1254 0.1244 0.1269 0.1254 0.1218 0.1293 0.1219 
     H171805  1 0.1278 0.1259 0.1261 0.1325 0.1247 0.1327 0.0995 0.1308 
     H171807  1 0.1240 0.1271 0.1248 0.1238 0.1239 0.1234 0.1285 0.1245 
     H171814  1 0.1282 0.1212 0.1309 0.1232 0.1300 0.1177 0.1302 0.1186 
     H171816  1 0.1214 0.1292 0.1196 0.1210 0.1207 0.1218 0.1486 0.1177 
     H171817  1 0.1186 0.1324 0.1165 0.1191 0.1192 0.1217 0.1530 0.1196 
     H171818  1 0.1269 0.1217 0.1269 0.1264 0.1263 0.1298 0.1140 0.1281 
     H171819  1 0.1188 0.1301 0.1171 0.1203 0.1167 0.1228 0.1533 0.1210 
     H171834  1 0.1260 0.1226 0.1254 0.1239 0.1250 0.1280 0.1255 0.1236 
     H171835  1 0.1129 0.1324 0.1112 0.1108 0.1120 0.1107 0.1991 0.1108 
     H171836  1 0.1285 0.1233 0.1259 0.1296 0.1279 0.1336 0.0990 0.1323 
     H171837  1 0.1206 0.1237 0.1191 0.1176 0.1199 0.1178 0.1606 0.1207 
     H171838  1 0.1262 0.1299 0.1257 0.1257 0.1269 0.1248 0.1141 0.1267 
     H171839  1 0.1212 0.1285 0.1204 0.1228 0.1225 0.1256 0.1324 0.1264 
     H171841  1 0.1186 0.1315 0.1174 0.1186 0.1174 0.1188 0.1605 0.1173 
     H171860  1 0.1147 0.1241 0.1165 0.1149 0.1145 0.1202 0.1792 0.1157 
     H171861  1 0.1295 0.1226 0.1258 0.1252 0.1259 0.1339 0.1067 0.1304 
     H171862  1 0.1264 0.1280 0.1261 0.1252 0.1266 0.1245 0.1195 0.1238 
     H171868  1 0.1210 0.1288 0.1223 0.1195 0.1213 0.1297 0.1306 0.1268 
     H171869  1 0.1287 0.1182 0.1282 0.1291 0.1321 0.1208 0.1164 0.1265 
     H171870  1 0.1320 0.1256 0.1293 0.1313 0.1296 0.1327 0.0915 0.1280 
     H171871  1 0.1292 0.1240 0.1286 0.1281 0.1292 0.1273 0.1054 0.1282 
     H171872  1 0.1204 0.1245 0.1189 0.1193 0.1194 0.1202 0.1553 0.1219 
     H171873  1 0.1333 0.1226 0.1306 0.1321 0.1298 0.1257 0.1007 0.1251 
     H171874  1 0.1295 0.1197 0.1275 0.1357 0.1294 0.1320 0.0952 0.1310 
     H171875  1 0.1296 0.1199 0.1268 0.1301 0.1288 0.1273 0.1079 0.1296 
     H171876  1 0.1276 0.1221 0.1259 0.1272 0.1282 0.1292 0.1104 0.1294 
     H171877  1 0.1182 0.1233 0.1181 0.1139 0.1185 0.1255 0.1580 0.1245 
     H171878  1 0.1267 0.1253 0.1300 0.1304 0.1312 0.1226 0.1097 0.1240 
     H171901  1 0.1206 0.1233 0.1230 0.1293 0.1212 0.1331 0.1209 0.1284 
     H171902  1 0.1254 0.1275 0.1286 0.1240 0.1274 0.1223 0.1251 0.1196 
     H171903  1 0.1253 0.1240 0.1251 0.1289 0.1232 0.1298 0.1146 0.1291 
     H171935  1 0.1259 0.1246 0.1250 0.1272 0.1261 0.1264 0.1184 0.1265 
     H171936  1 0.1219 0.1216 0.1227 0.1270 0.1221 0.1255 0.1375 0.1218 
     H171940  1 0.1258 0.1278 0.1235 0.1240 0.1257 0.1284 0.1177 0.1272 
     H171945  1 0.1244 0.1283 0.1250 0.1316 0.1256 0.1236 0.1197 0.1219 
     H171948  1 0.1201 0.1305 0.1179 0.1210 0.1188 0.1256 0.1441 0.1220 
     H171949  1 0.1242 0.1302 0.1229 0.1212 0.1211 0.1249 0.1338 0.1218 
     H171950  1 0.1223 0.1242 0.1257 0.1213 0.1240 0.1235 0.1307 0.1284 
     H171963  1 0.1272 0.1241 0.1291 0.1259 0.1286 0.1248 0.1084 0.1319 
     H171964  1 0.1284 0.1283 0.1300 0.1227 0.1295 0.1129 0.1299 0.1183 
     H171966  1 0.1235 0.1234 0.1217 0.1215 0.1213 0.1168 0.1456 0.1261 
     H171968  1 0.1290 0.1270 0.1289 0.1262 0.1289 0.1237 0.1107 0.1256 
     H171971  1 0.1278 0.1222 0.1271 0.1267 0.1283 0.1246 0.1148 0.1285 
     H171972  1 0.1270 0.1292 0.1259 0.1246 0.1256 0.1272 0.1146 0.1259 
     H171977  1 0.1270 0.1260 0.1269 0.1249 0.1265 0.1221 0.1256 0.1210 
     H171978  1 0.1272 0.1204 0.1270 0.1322 0.1283 0.1272 0.1097 0.1279 
     H171979  1 0.1274 0.1239 0.1250 0.1267 0.1254 0.1301 0.1099 0.1317 
        H176  1 0.1167 0.1191 0.1177 0.1145 0.1166 0.1138 0.1864 0.1152 
        H177  1 0.1263 0.1225 0.1252 0.1378 0.1253 0.1325 0.0997 0.1307 
        H179  1 0.1180 0.1236 0.1196 0.1226 0.1176 0.1315 0.1464 0.1206 
        H181  1 0.1274 0.1198 0.1273 0.1278 0.1301 0.1261 0.1153 0.1262 
        H182  1 0.1284 0.1243 0.1292 0.1261 0.1294 0.1285 0.1038 0.1303 
        H183  1 0.1284 0.1256 0.1307 0.1317 0.1287 0.1225 0.1059 0.1265 
        H184  1 0.1203 0.1283 0.1206 0.1240 0.1230 0.1313 0.1251 0.1274 
        H185  1 0.1235 0.1229 0.1237 0.1262 0.1248 0.1229 0.1339 0.1221 
        H186  1 0.1314 0.1219 0.1306 0.1257 0.1314 0.1225 0.1158 0.1207 
        H187  1 0.1259 0.1233 0.1280 0.1344 0.1274 0.1310 0.0992 0.1308 
        H188  1 0.1147 0.1226 0.1161 0.1142 0.1145 0.1187 0.1803 0.1189 
        H192  1 0.1204 0.1326 0.1201 0.1208 0.1204 0.1256 0.1345 0.1256 
        H193  1 0.1316 0.1249 0.1312 0.1255 0.1323 0.1284 0.0935 0.1327 
        H194  1 0.1236 0.1277 0.1252 0.1234 0.1229 0.1289 0.1232 0.1251 
        H195  1 0.1306 0.1154 0.1301 0.1269 0.1340 0.1216 0.1195 0.1218 
        H199  1 0.1279 0.1235 0.1273 0.1303 0.1291 0.1222 0.1156 0.1240 
        H200  1 0.1239 0.1242 0.1231 0.1244 0.1250 0.1268 0.1255 0.1271 
        H414  1 0.1311 0.1211 0.1302 0.1281 0.1314 0.1307 0.0988 0.1286 
        H415  1 0.1258 0.1255 0.1268 0.1269 0.1271 0.1260 0.1175 0.1244 
        H422  1 0.1286 0.1237 0.1303 0.1267 0.1312 0.1220 0.1134 0.1240 
        H423  1 0.1190 0.1313 0.1176 0.1160 0.1169 0.1196 0.1666 0.1130 
        H424  1 0.1259 0.1264 0.1267 0.1274 0.1254 0.1238 0.1215 0.1230 
        H425  1 0.1280 0.1239 0.1273 0.1333 0.1330 0.1254 0.1070 0.1221 
        H426  1 0.1302 0.1214 0.1359 0.1237 0.1321 0.1193 0.1185 0.1190 
        H443  1 0.1296 0.1221 0.1339 0.1257 0.1348 0.1239 0.1079 0.1222 
        H466  1 0.1237 0.1259 0.1271 0.1248 0.1286 0.1291 0.1126 0.1282 
        H467  1 0.1244 0.1291 0.1248 0.1236 0.1235 0.1198 0.1307 0.1241 
        H472  1 0.1228 0.1246 0.1241 0.1217 0.1240 0.1255 0.1322 0.1250 
        H483  1 0.1250 0.1264 0.1271 0.1290 0.1274 0.1272 0.1111 0.1269 
        H504  1 0.1246 0.1255 0.1250 0.1227 0.1259 0.1179 0.1423 0.1161 
        H505  1 0.1269 0.1224 0.1276 0.1289 0.1260 0.1321 0.1070 0.1291 
        H506  1 0.1260 0.1221 0.1309 0.1272 0.1280 0.1260 0.1154 0.1243 
        H507  1 0.1284 0.1225 0.1245 0.1257 0.1292 0.1287 0.1089 0.1321 
        H508  1 0.1297 0.1264 0.1289 0.1263 0.1299 0.1271 0.0975 0.1341 
        H524  1 0.1251 0.1181 0.1231 0.1325 0.1259 0.1308 0.1184 0.1261 
        H525  1 0.1255 0.1246 0.1246 0.1244 0.1224 0.1238 0.1285 0.1263 
        H526  1 0.1252 0.1264 0.1237 0.1279 0.1285 0.1252 0.1179 0.1252 
        H527  1 0.1259 0.1230 0.1254 0.1306 0.1270 0.1291 0.1110 0.1278 
        H528  1 0.1250 0.1235 0.1267 0.1247 0.1278 0.1206 0.1313 0.1204 
        H529  1 0.1286 0.1208 0.1255 0.1324 0.1299 0.1289 0.1050 0.1289 
        H533  1 0.1263 0.1266 0.1259 0.1260 0.1284 0.1329 0.1039 0.1301 
        H538  1 0.1207 0.1253 0.1213 0.1298 0.1209 0.1272 0.1292 0.1256 
        H539  1 0.1281 0.1212 0.1284 0.1342 0.1290 0.1307 0.0979 0.1304 
        H540  1 0.1243 0.1267 0.1257 0.1326 0.1234 0.1276 0.1122 0.1275 
        H541  1 0.1227 0.1284 0.1258 0.1226 0.1226 0.1234 0.1336 0.1209 
        H558  1 0.1281 0.1216 0.1303 0.1342 0.1320 0.1205 0.1057 0.1276 
        H559  1 0.1264 0.1226 0.1290 0.1263 0.1244 0.1272 0.1175 0.1265 
        H579  1 0.1311 0.1244 0.1284 0.1247 0.1284 0.1243 0.1138 0.1248 
        H584  1 0.1259 0.1235 0.1234 0.1200 0.1247 0.1192 0.1461 0.1173 
        H585  1 0.1292 0.1210 0.1300 0.1282 0.1287 0.1317 0.1038 0.1275 
        H605  1 0.1279 0.1236 0.1265 0.1319 0.1277 0.1302 0.1043 0.1279 
        H606  1 0.1222 0.1217 0.1226 0.1240 0.1248 0.1255 0.1346 0.1246 
        H632  1 0.1297 0.1215 0.1313 0.1279 0.1311 0.1206 0.1121 0.1258 
        H634  1 0.1283 0.1209 0.1270 0.1306 0.1264 0.1332 0.1034 0.1301 
        H671  1 0.1167 0.1282 0.1169 0.1146 0.1171 0.1155 0.1787 0.1123 
        H672  1 0.1253 0.1209 0.1256 0.1288 0.1241 0.1279 0.1185 0.1289 
        H673  1 0.1265 0.1185 0.1266 0.1264 0.1262 0.1237 0.1285 0.1237 
        H689  1 0.1254 0.1247 0.1253 0.1240 0.1253 0.1207 0.1375 0.1171 
        H690  1 0.1256 0.1286 0.1253 0.1254 0.1254 0.1307 0.1119 0.1271 
        H691  1 0.1220 0.1240 0.1229 0.1246 0.1244 0.1251 0.1350 0.1220 
        H692  1 0.1276 0.1212 0.1296 0.1292 0.1322 0.1284 0.1026 0.1292 
        H709  1 0.1314 0.1228 0.1300 0.1286 0.1310 0.1273 0.0951 0.1339 
        H710  1 0.1303 0.1234 0.1344 0.1286 0.1315 0.1245 0.0959 0.1314 
       H7355  1 0.1226 0.1321 0.1202 0.1197 0.1230 0.1210 0.1358 0.1255 
       H7356  1 0.1252 0.1273 0.1255 0.1290 0.1265 0.1289 0.1162 0.1214 
       H7357  1 0.1262 0.1290 0.1228 0.1258 0.1268 0.1312 0.1082 0.1299 
       H7358  1 0.1188 0.1204 0.1206 0.1201 0.1216 0.1254 0.1508 0.1224 
       H7380  1 0.1259 0.1276 0.1250 0.1194 0.1240 0.1259 0.1268 0.1254 
       H7381  1 0.1201 0.1238 0.1202 0.1190 0.1220 0.1180 0.1611 0.1159 
       H7382  1 0.1268 0.1218 0.1261 0.1264 0.1271 0.1269 0.1170 0.1280 
        H904  1 0.1224 0.1255 0.1231 0.1264 0.1239 0.1276 0.1219 0.1292 
        H923  1 0.1249 0.1238 0.1251 0.1272 0.1240 0.1245 0.1259 0.1246 
        H924  1 0.1157 0.1232 0.1185 0.1230 0.1163 0.1217 0.1626 0.1190 
        H925  1 0.1209 0.1222 0.1225 0.1309 0.1242 0.1250 0.1361 0.1182 
       H9558  1 0.1316 0.1208 0.1315 0.1351 0.1296 0.1209 0.1045 0.1259 
        H111  3 0.1287 0.1261 0.1308 0.1259 0.1288 0.1264 0.1044 0.1288 
        H951  3 0.1244 0.1301 0.1261 0.1226 0.1263 0.1223 0.1227 0.1255 
        H952  3 0.1294 0.1215 0.1304 0.1246 0.1303 0.1174 0.1239 0.1223 
        H953  3 0.1175 0.1220 0.1168 0.1138 0.1161 0.1147 0.1841 0.1148 
        H954  3 0.1216 0.1259 0.1203 0.1231 0.1204 0.1264 0.1377 0.1246 
        H955  3 0.1290 0.1210 0.1278 0.1286 0.1269 0.1308 0.0997 0.1362 
        H956  3 0.1217 0.1299 0.1200 0.1186 0.1229 0.1233 0.1418 0.1218 
       H9563  3 0.1121 0.1254 0.1115 0.1118 0.1112 0.1162 0.1976 0.1143 
      H_PALI  6 0.1265 0.1249 0.1262 0.1302 0.1243 0.1335 0.1038 0.1306 
        H581  6 0.1209 0.1296 0.1235 0.1283 0.1218 0.1261 0.1297 0.1200 
        H582  6 0.1317 0.1247 0.1279 0.1299 0.1285 0.1256 0.1019 0.1298 
        H583  6 0.1271 0.1213 0.1264 0.1300 0.1254 0.1264 0.1143 0.1290 
        H595  6 0.1242 0.1261 0.1257 0.1264 0.1260 0.1253 0.1179 0.1284 
        H596  6 0.1229 0.1262 0.1250 0.1255 0.1270 0.1215 0.1269 0.1250 
        H597  6 0.1252 0.1246 0.1291 0.1214 0.1288 0.1211 0.1268 0.1231 
        H598  6 0.1252 0.1295 0.1251 0.1244 0.1242 0.1327 0.1108 0.1281 
        H599  6 0.1237 0.1253 0.1242 0.1258 0.1234 0.1220 0.1264 0.1292 
        H642  6 0.1327 0.1251 0.1321 0.1290 0.1334 0.1234 0.0911 0.1332 
        H643  6 0.1215 0.1316 0.1231 0.1195 0.1224 0.1242 0.1366 0.1211 
        H664  6 0.1287 0.1201 0.1298 0.1333 0.1300 0.1233 0.1058 0.1292 
        H665  6 0.1219 0.1311 0.1239 0.1219 0.1233 0.1287 0.1274 0.1219 
        H674  6 0.1274 0.1220 0.1277 0.1251 0.1267 0.1200 0.1303 0.1208 
        H675  6 0.1268 0.1262 0.1267 0.1239 0.1263 0.1194 0.1254 0.1252 
        H676  6 0.1280 0.1283 0.1258 0.1261 0.1272 0.1265 0.1068 0.1314 
        H686  6 0.1307 0.1224 0.1288 0.1297 0.1288 0.1258 0.1050 0.1288 
        H687  6 0.1277 0.1236 0.1295 0.1271 0.1307 0.1268 0.1088 0.1258 
        H917  6 0.1239 0.1258 0.1233 0.1262 0.1205 0.1320 0.1201 0.1282 
        H918  6 0.1258 0.1255 0.1279 0.1315 0.1274 0.1375 0.0971 0.1273 
        H919  6 0.1123 0.1328 0.1140 0.1134 0.1131 0.1177 0.1806 0.1161 
        H920  6 0.1270 0.1239 0.1257 0.1275 0.1252 0.1252 0.1164 0.1290 
        H631  7 0.1231 0.1267 0.1244 0.1203 0.1226 0.1276 0.1311 0.1242 
        H684  7 0.1320 0.1265 0.1298 0.1237 0.1276 0.1202 0.1159 0.1243 
        H685  7 0.1157 0.1314 0.1161 0.1135 0.1175 0.1153 0.1740 0.1164 
        H713  7 0.1303 0.1228 0.1291 0.1252 0.1289 0.1291 0.1034 0.1314 
        H715  7 0.1280 0.1287 0.1258 0.1231 0.1264 0.1190 0.1276 0.1215 
        H716  7 0.1250 0.1268 0.1248 0.1207 0.1274 0.1271 0.1241 0.1241 
        H717  7 0.1196 0.1199 0.1196 0.1216 0.1197 0.1216 0.1546 0.1233 
        H729  7 0.1277 0.1240 0.1243 0.1277 0.1249 0.1294 0.1133 0.1286 
        H730  7 0.1123 0.1266 0.1123 0.1095 0.1127 0.1126 0.2011 0.1129 
        H600  9 0.1305 0.1237 0.1293 0.1287 0.1290 0.1305 0.0996 0.1286 
        H648  9 0.1212 0.1271 0.1225 0.1180 0.1212 0.1126 0.1595 0.1179 
        H696  9 0.1319 0.1234 0.1319 0.1275 0.1316 0.1190 0.1136 0.1213 
        H697  9 0.1201 0.1245 0.1194 0.1183 0.1201 0.1175 0.1614 0.1186 
        H698  9 0.1206 0.1256 0.1227 0.1223 0.1222 0.1184 0.1475 0.1206 
        H699  9 0.1257 0.1238 0.1241 0.1249 0.1271 0.1249 0.1192 0.1302 
        H700  9 0.1267 0.1261 0.1245 0.1247 0.1260 0.1337 0.1062 0.1321 
        H732  9 0.1257 0.1200 0.1268 0.1219 0.1256 0.1227 0.1353 0.1221 
        H733  9 0.1241 0.1228 0.1244 0.1257 0.1246 0.1230 0.1281 0.1274 
        H734  9 0.1269 0.1268 0.1306 0.1291 0.1270 0.1325 0.1001 0.1270 
        H735  9 0.1212 0.1264 0.1220 0.1202 0.1206 0.1113 0.1592 0.1190 
        H736  9 0.1286 0.1276 0.1267 0.1246 0.1252 0.1300 0.1051 0.1321 
        H737  9 0.1256 0.1283 0.1247 0.1252 0.1271 0.1159 0.1359 0.1174 
        H905  9 0.1234 0.1292 0.1214 0.1247 0.1226 0.1268 0.1286 0.1232 
        H921  9 0.1193 0.1287 0.1180 0.1165 0.1194 0.1253 0.1494 0.1232 
        H922  9 0.1226 0.1254 0.1236 0.1212 0.1241 0.1258 0.1295 0.1278 
        H409 12 0.1234 0.1274 0.1212 0.1245 0.1233 0.1263 0.1282 0.1256 
        H413 12 0.1298 0.1221 0.1300 0.1255 0.1294 0.1273 0.1024 0.1336 
        H419 12 0.1169 0.1256 0.1183 0.1184 0.1173 0.1219 0.1643 0.1173 
        H420 12 0.1242 0.1243 0.1225 0.1259 0.1257 0.1236 0.1323 0.1215 
        H421 12 0.1266 0.1204 0.1275 0.1251 0.1267 0.1286 0.1188 0.1264 
        H435 12 0.1279 0.1266 0.1261 0.1248 0.1274 0.1270 0.1122 0.1281 
        H436 12 0.1249 0.1275 0.1264 0.1210 0.1246 0.1311 0.1171 0.1273 
        H437 12 0.1207 0.1262 0.1219 0.1239 0.1217 0.1219 0.1439 0.1198 
        H445 12 0.1221 0.1270 0.1237 0.1210 0.1204 0.1259 0.1322 0.1278 
        H449 12 0.1285 0.1242 0.1298 0.1259 0.1329 0.1233 0.1119 0.1234 
        H463 12 0.1251 0.1317 0.1204 0.1229 0.1216 0.1257 0.1212 0.1315 
        H464 12 0.1297 0.1243 0.1279 0.1288 0.1299 0.1283 0.1029 0.1282 
        H465 12 0.1285 0.1216 0.1299 0.1257 0.1294 0.1179 0.1225 0.1245 
        H490 12 0.1290 0.1242 0.1285 0.1299 0.1293 0.1281 0.1002 0.1308 
        H561 12 0.1212 0.1310 0.1210 0.1257 0.1203 0.1249 0.1289 0.1270 
        H562 12 0.1216 0.1258 0.1224 0.1207 0.1215 0.1251 0.1370 0.1258 
        H563 12 0.1122 0.1267 0.1106 0.1122 0.1120 0.1159 0.1962 0.1142 
        H570 12 0.1218 0.1269 0.1236 0.1216 0.1225 0.1240 0.1336 0.1261 
        H571 12 0.1296 0.1254 0.1285 0.1258 0.1294 0.1234 0.1075 0.1304 
        H572 12 0.1196 0.1247 0.1178 0.1198 0.1197 0.1197 0.1587 0.1201 
        H573 12 0.1276 0.1215 0.1278 0.1249 0.1247 0.1294 0.1110 0.1331 
       H7372 12 0.1240 0.1227 0.1274 0.1256 0.1272 0.1271 0.1177 0.1284 
       H7373 12 0.1321 0.1234 0.1324 0.1290 0.1345 0.1227 0.1008 0.1250 
       H7374 12 0.1266 0.1251 0.1252 0.1241 0.1263 0.1282 0.1167 0.1278 
       H7375 12 0.1200 0.1191 0.1202 0.1220 0.1179 0.1273 0.1516 0.1219 
       H7376 12 0.1231 0.1243 0.1198 0.1217 0.1202 0.1293 0.1332 0.1283 
       H7377 12 0.1219 0.1325 0.1194 0.1222 0.1211 0.1262 0.1315 0.1253 
