        H102  1 0.1232 0.1240 0.1271 0.1246 0.1237 0.1255 0.1282 0.1236 
        H103  1 0.1266 0.1257 0.1220 0.1277 0.1261 0.1257 0.1203 0.1259 
        H104  1 0.1243 0.1249 0.1258 0.1235 0.1249 0.1232 0.1277 0.1256 
        H105  1 0.1225 0.1227 0.1266 0.1234 0.1256 0.1242 0.1312 0.1237 
        H106  1 0.1252 0.1245 0.1265 0.1234 0.1253 0.1231 0.1259 0.1262 
        H112  1 0.1235 0.1247 0.1272 0.1239 0.1227 0.1258 0.1271 0.1252 
        H113  1 0.1235 0.1245 0.1274 0.1234 0.1244 0.1262 0.1255 0.1252 
        H114  1 0.1234 0.1249 0.1271 0.1249 0.1254 0.1242 0.1255 0.1246 
        H115  1 0.1237 0.1243 0.1250 0.1231 0.1235 0.1252 0.1288 0.1265 
        H143  1 0.1254 0.1244 0.1263 0.1249 0.1235 0.1263 0.1245 0.1248 
        H144  1 0.1260 0.1257 0.1231 0.1263 0.1258 0.1244 0.1250 0.1237 
        H145  1 0.1279 0.1262 0.1228 0.1271 0.1268 0.1266 0.1172 0.1253 
        H149  1 0.1232 0.1245 0.1255 0.1224 0.1252 0.1244 0.1318 0.1231 
        H150  1 0.1256 0.1247 0.1249 0.1260 0.1247 0.1242 0.1266 0.1231 
     H167542  1 0.1250 0.1266 0.1241 0.1235 0.1245 0.1253 0.1263 0.1246 
     H169604  1 0.1257 0.1250 0.1248 0.1253 0.1249 0.1258 0.1239 0.1246 
     H169607  1 0.1253 0.1265 0.1242 0.1258 0.1260 0.1259 0.1200 0.1263 
     H169608  1 0.1249 0.1244 0.1261 0.1242 0.1236 0.1247 0.1278 0.1242 
     H169633  1 0.1241 0.1258 0.1258 0.1251 0.1251 0.1246 0.1260 0.1234 
     H169688  1 0.1263 0.1263 0.1216 0.1254 0.1257 0.1256 0.1223 0.1268 
     H169714  1 0.1242 0.1255 0.1221 0.1265 0.1272 0.1246 0.1251 0.1248 
     H171802  1 0.1251 0.1252 0.1250 0.1263 0.1252 0.1238 0.1238 0.1257 
     H171805  1 0.1252 0.1249 0.1240 0.1248 0.1258 0.1248 0.1247 0.1256 
     H171807  1 0.1243 0.1253 0.1252 0.1251 0.1266 0.1244 0.1236 0.1256 
     H171814  1 0.1271 0.1261 0.1259 0.1262 0.1252 0.1235 0.1207 0.1253 
     H171816  1 0.1248 0.1244 0.1268 0.1254 0.1245 0.1239 0.1246 0.1255 
     H171817  1 0.1243 0.1233 0.1283 0.1229 0.1239 0.1244 0.1287 0.1242 
     H171818  1 0.1247 0.1251 0.1267 0.1235 0.1249 0.1243 0.1265 0.1243 
     H171819  1 0.1230 0.1235 0.1284 0.1239 0.1251 0.1243 0.1281 0.1237 
     H171834  1 0.1234 0.1238 0.1262 0.1217 0.1243 0.1246 0.1317 0.1243 
     H171835  1 0.1236 0.1241 0.1276 0.1251 0.1254 0.1247 0.1247 0.1249 
     H171836  1 0.1258 0.1263 0.1233 0.1250 0.1258 0.1250 0.1238 0.1249 
     H171837  1 0.1246 0.1243 0.1261 0.1236 0.1239 0.1247 0.1272 0.1256 
     H171838  1 0.1256 0.1253 0.1248 0.1230 0.1256 0.1249 0.1260 0.1248 
     H171839  1 0.1240 0.1244 0.1251 0.1241 0.1239 0.1254 0.1281 0.1250 
     H171841  1 0.1235 0.1246 0.1292 0.1244 0.1236 0.1240 0.1267 0.1239 
     H171860  1 0.1232 0.1244 0.1244 0.1250 0.1254 0.1259 0.1260 0.1257 
     H171861  1 0.1245 0.1240 0.1262 0.1236 0.1246 0.1256 0.1261 0.1254 
     H171862  1 0.1247 0.1244 0.1271 0.1238 0.1245 0.1246 0.1263 0.1246 
     H171868  1 0.1239 0.1235 0.1253 0.1227 0.1230 0.1249 0.1323 0.1243 
     H171869  1 0.1274 0.1258 0.1241 0.1264 0.1248 0.1248 0.1203 0.1264 
     H171870  1 0.1245 0.1263 0.1223 0.1268 0.1250 0.1249 0.1248 0.1253 
     H171871  1 0.1262 0.1262 0.1218 0.1252 0.1257 0.1276 0.1222 0.1251 
     H171872  1 0.1230 0.1230 0.1279 0.1252 0.1247 0.1234 0.1285 0.1243 
     H171873  1 0.1251 0.1249 0.1239 0.1255 0.1247 0.1236 0.1271 0.1252 
     H171874  1 0.1251 0.1253 0.1217 0.1254 0.1258 0.1255 0.1241 0.1271 
     H171875  1 0.1265 0.1269 0.1218 0.1270 0.1246 0.1249 0.1223 0.1260 
     H171876  1 0.1260 0.1251 0.1239 0.1247 0.1231 0.1242 0.1266 0.1265 
     H171877  1 0.1240 0.1244 0.1264 0.1249 0.1247 0.1248 0.1246 0.1262 
     H171878  1 0.1257 0.1254 0.1235 0.1263 0.1252 0.1263 0.1203 0.1273 
     H171901  1 0.1235 0.1237 0.1254 0.1230 0.1251 0.1230 0.1307 0.1256 
     H171902  1 0.1250 0.1260 0.1237 0.1262 0.1251 0.1260 0.1212 0.1268 
     H171903  1 0.1251 0.1253 0.1216 0.1248 0.1263 0.1266 0.1242 0.1260 
     H171935  1 0.1251 0.1243 0.1266 0.1252 0.1249 0.1233 0.1265 0.1241 
     H171936  1 0.1244 0.1255 0.1258 0.1234 0.1254 0.1256 0.1237 0.1261 
     H171940  1 0.1234 0.1242 0.1248 0.1246 0.1241 0.1246 0.1288 0.1255 
     H171945  1 0.1242 0.1236 0.1242 0.1260 0.1253 0.1250 0.1261 0.1255 
     H171948  1 0.1234 0.1239 0.1273 0.1228 0.1235 0.1249 0.1292 0.1249 
     H171949  1 0.1239 0.1233 0.1285 0.1238 0.1233 0.1241 0.1281 0.1248 
     H171950  1 0.1252 0.1242 0.1254 0.1236 0.1238 0.1236 0.1311 0.1231 
     H171963  1 0.1249 0.1251 0.1245 0.1256 0.1266 0.1249 0.1230 0.1255 
     H171964  1 0.1271 0.1261 0.1230 0.1279 0.1264 0.1247 0.1198 0.1251 
     H171966  1 0.1256 0.1258 0.1260 0.1237 0.1256 0.1256 0.1230 0.1246 
     H171968  1 0.1253 0.1255 0.1260 0.1252 0.1240 0.1251 0.1251 0.1238 
     H171971  1 0.1247 0.1250 0.1268 0.1258 0.1245 0.1236 0.1243 0.1254 
     H171972  1 0.1263 0.1262 0.1230 0.1267 0.1269 0.1250 0.1210 0.1249 
     H171977  1 0.1267 0.1265 0.1244 0.1265 0.1244 0.1246 0.1224 0.1245 
     H171978  1 0.1249 0.1249 0.1266 0.1242 0.1254 0.1264 0.1228 0.1248 
     H171979  1 0.1247 0.1252 0.1263 0.1242 0.1253 0.1244 0.1237 0.1262 
        H176  1 0.1235 0.1245 0.1245 0.1250 0.1240 0.1263 0.1266 0.1256 
        H177  1 0.1242 0.1238 0.1241 0.1244 0.1253 0.1238 0.1291 0.1253 
        H179  1 0.1238 0.1247 0.1265 0.1233 0.1240 0.1256 0.1290 0.1232 
        H181  1 0.1252 0.1251 0.1235 0.1243 0.1241 0.1245 0.1276 0.1257 
        H182  1 0.1265 0.1248 0.1255 0.1250 0.1251 0.1255 0.1222 0.1254 
        H183  1 0.1260 0.1265 0.1261 0.1243 0.1244 0.1258 0.1223 0.1246 
        H184  1 0.1239 0.1233 0.1255 0.1239 0.1248 0.1245 0.1298 0.1242 
        H185  1 0.1252 0.1259 0.1245 0.1254 0.1255 0.1251 0.1230 0.1254 
        H186  1 0.1280 0.1254 0.1220 0.1264 0.1261 0.1247 0.1221 0.1254 
        H187  1 0.1243 0.1248 0.1247 0.1262 0.1248 0.1253 0.1232 0.1266 
        H188  1 0.1245 0.1255 0.1236 0.1238 0.1260 0.1255 0.1258 0.1253 
        H192  1 0.1244 0.1233 0.1263 0.1233 0.1240 0.1240 0.1299 0.1247 
        H193  1 0.1259 0.1263 0.1227 0.1274 0.1258 0.1256 0.1198 0.1265 
        H194  1 0.1237 0.1244 0.1260 0.1240 0.1255 0.1262 0.1272 0.1230 
        H195  1 0.1284 0.1250 0.1224 0.1258 0.1252 0.1255 0.1211 0.1266 
        H199  1 0.1262 0.1257 0.1251 0.1254 0.1255 0.1257 0.1234 0.1230 
        H200  1 0.1241 0.1234 0.1243 0.1252 0.1260 0.1247 0.1282 0.1241 
        H414  1 0.1266 0.1251 0.1252 0.1250 0.1236 0.1252 0.1256 0.1237 
        H415  1 0.1263 0.1246 0.1255 0.1249 0.1243 0.1258 0.1232 0.1254 
        H422  1 0.1267 0.1255 0.1230 0.1257 0.1255 0.1249 0.1248 0.1240 
        H423  1 0.1234 0.1233 0.1282 0.1249 0.1237 0.1235 0.1285 0.1245 
        H424  1 0.1249 0.1270 0.1266 0.1245 0.1238 0.1247 0.1246 0.1240 
        H425  1 0.1268 0.1254 0.1236 0.1266 0.1242 0.1250 0.1249 0.1236 
        H426  1 0.1273 0.1262 0.1244 0.1287 0.1264 0.1235 0.1182 0.1253 
        H443  1 0.1288 0.1267 0.1193 0.1288 0.1249 0.1233 0.1228 0.1255 
        H466  1 0.1244 0.1251 0.1253 0.1242 0.1236 0.1251 0.1262 0.1262 
        H467  1 0.1243 0.1252 0.1239 0.1249 0.1248 0.1241 0.1276 0.1252 
        H472  1 0.1248 0.1243 0.1260 0.1250 0.1252 0.1245 0.1245 0.1256 
        H483  1 0.1254 0.1232 0.1251 0.1238 0.1244 0.1239 0.1301 0.1240 
        H504  1 0.1263 0.1253 0.1268 0.1263 0.1265 0.1226 0.1215 0.1248 
        H505  1 0.1240 0.1254 0.1241 0.1252 0.1258 0.1262 0.1248 0.1246 
        H506  1 0.1250 0.1249 0.1239 0.1273 0.1251 0.1255 0.1222 0.1261 
        H507  1 0.1255 0.1257 0.1218 0.1257 0.1263 0.1257 0.1237 0.1256 
        H508  1 0.1242 0.1263 0.1242 0.1255 0.1251 0.1250 0.1235 0.1260 
        H524  1 0.1238 0.1246 0.1233 0.1255 0.1254 0.1264 0.1263 0.1247 
        H525  1 0.1244 0.1241 0.1248 0.1256 0.1251 0.1260 0.1243 0.1257 
        H526  1 0.1240 0.1243 0.1246 0.1244 0.1245 0.1257 0.1269 0.1256 
        H527  1 0.1230 0.1246 0.1232 0.1257 0.1258 0.1264 0.1247 0.1265 
        H528  1 0.1275 0.1249 0.1242 0.1287 0.1250 0.1249 0.1211 0.1237 
        H529  1 0.1275 0.1256 0.1228 0.1263 0.1247 0.1241 0.1237 0.1253 
        H533  1 0.1251 0.1255 0.1249 0.1244 0.1245 0.1257 0.1256 0.1242 
        H538  1 0.1238 0.1238 0.1262 0.1232 0.1239 0.1247 0.1295 0.1249 
        H539  1 0.1241 0.1251 0.1249 0.1251 0.1244 0.1262 0.1231 0.1271 
        H540  1 0.1237 0.1243 0.1260 0.1233 0.1244 0.1256 0.1269 0.1257 
        H541  1 0.1241 0.1267 0.1240 0.1251 0.1240 0.1267 0.1246 0.1248 
        H558  1 0.1273 0.1254 0.1232 0.1260 0.1269 0.1259 0.1190 0.1263 
        H559  1 0.1248 0.1245 0.1266 0.1243 0.1247 0.1244 0.1258 0.1249 
        H579  1 0.1260 0.1266 0.1252 0.1256 0.1261 0.1247 0.1218 0.1241 
        H584  1 0.1260 0.1267 0.1241 0.1270 0.1264 0.1242 0.1211 0.1245 
        H585  1 0.1260 0.1265 0.1235 0.1259 0.1246 0.1271 0.1214 0.1251 
        H605  1 0.1245 0.1243 0.1249 0.1249 0.1243 0.1261 0.1269 0.1242 
        H606  1 0.1252 0.1246 0.1248 0.1236 0.1237 0.1262 0.1280 0.1240 
        H632  1 0.1264 0.1266 0.1236 0.1253 0.1254 0.1254 0.1213 0.1260 
        H634  1 0.1258 0.1260 0.1231 0.1254 0.1256 0.1254 0.1252 0.1237 
        H671  1 0.1244 0.1253 0.1245 0.1244 0.1257 0.1254 0.1252 0.1250 
        H672  1 0.1255 0.1248 0.1234 0.1250 0.1253 0.1236 0.1260 0.1263 
        H673  1 0.1265 0.1256 0.1238 0.1262 0.1248 0.1247 0.1243 0.1242 
        H689  1 0.1262 0.1255 0.1242 0.1271 0.1255 0.1249 0.1218 0.1247 
        H690  1 0.1254 0.1258 0.1234 0.1252 0.1247 0.1268 0.1244 0.1242 
        H691  1 0.1231 0.1230 0.1262 0.1244 0.1237 0.1247 0.1284 0.1264 
        H692  1 0.1265 0.1247 0.1252 0.1256 0.1254 0.1239 0.1258 0.1228 
        H709  1 0.1255 0.1247 0.1236 0.1254 0.1258 0.1260 0.1248 0.1242 
        H710  1 0.1260 0.1248 0.1249 0.1261 0.1250 0.1256 0.1229 0.1247 
       H7355  1 0.1249 0.1249 0.1258 0.1249 0.1253 0.1255 0.1236 0.1250 
       H7356  1 0.1259 0.1247 0.1251 0.1239 0.1256 0.1255 0.1248 0.1246 
       H7357  1 0.1225 0.1247 0.1263 0.1235 0.1227 0.1251 0.1309 0.1243 
       H7358  1 0.1255 0.1255 0.1226 0.1256 0.1247 0.1263 0.1250 0.1249 
       H7380  1 0.1240 0.1238 0.1254 0.1242 0.1250 0.1247 0.1287 0.1244 
       H7381  1 0.1246 0.1253 0.1246 0.1267 0.1245 0.1246 0.1247 0.1250 
       H7382  1 0.1251 0.1248 0.1244 0.1252 0.1239 0.1271 0.1250 0.1246 
        H904  1 0.1233 0.1231 0.1273 0.1239 0.1240 0.1250 0.1299 0.1234 
        H923  1 0.1264 0.1262 0.1232 0.1247 0.1251 0.1251 0.1242 0.1251 
        H924  1 0.1237 0.1236 0.1266 0.1237 0.1239 0.1246 0.1291 0.1249 
        H925  1 0.1252 0.1245 0.1256 0.1240 0.1250 0.1264 0.1249 0.1243 
       H9558  1 0.1260 0.1253 0.1236 0.1285 0.1268 0.1247 0.1188 0.1263 
        H111  3 0.1254 0.1256 0.1242 0.1248 0.1265 0.1249 0.1234 0.1253 
        H951  3 0.1232 0.1252 0.1257 0.1260 0.1244 0.1252 0.1252 0.1250 
        H952  3 0.1254 0.1272 0.1248 0.1276 0.1249 0.1259 0.1177 0.1263 
        H953  3 0.1251 0.1268 0.1255 0.1242 0.1255 0.1231 0.1253 0.1245 
        H954  3 0.1244 0.1223 0.1280 0.1222 0.1233 0.1248 0.1305 0.1245 
        H955  3 0.1255 0.1252 0.1242 0.1259 0.1255 0.1243 0.1237 0.1257 
        H956  3 0.1256 0.1248 0.1259 0.1244 0.1248 0.1245 0.1257 0.1243 
       H9563  3 0.1240 0.1238 0.1287 0.1243 0.1242 0.1231 0.1278 0.1241 
      H_PALI  6 0.1235 0.1242 0.1261 0.1231 0.1246 0.1266 0.1280 0.1239 
        H581  6 0.1252 0.1244 0.1248 0.1254 0.1259 0.1248 0.1238 0.1257 
        H582  6 0.1243 0.1246 0.1260 0.1264 0.1258 0.1254 0.1236 0.1238 
        H583  6 0.1243 0.1258 0.1257 0.1237 0.1249 0.1251 0.1261 0.1245 
        H595  6 0.1248 0.1252 0.1283 0.1247 0.1240 0.1249 0.1222 0.1259 
        H596  6 0.1262 0.1258 0.1235 0.1266 0.1254 0.1257 0.1205 0.1264 
        H597  6 0.1260 0.1263 0.1260 0.1260 0.1245 0.1236 0.1228 0.1248 
        H598  6 0.1239 0.1236 0.1260 0.1238 0.1257 0.1253 0.1279 0.1238 
        H599  6 0.1244 0.1246 0.1257 0.1245 0.1242 0.1241 0.1274 0.1251 
        H642  6 0.1255 0.1272 0.1244 0.1263 0.1263 0.1266 0.1189 0.1247 
        H643  6 0.1238 0.1237 0.1239 0.1243 0.1247 0.1252 0.1292 0.1252 
        H664  6 0.1258 0.1267 0.1224 0.1257 0.1260 0.1275 0.1207 0.1253 
        H665  6 0.1244 0.1237 0.1276 0.1247 0.1245 0.1246 0.1268 0.1236 
        H674  6 0.1275 0.1267 0.1249 0.1266 0.1255 0.1245 0.1187 0.1256 
        H675  6 0.1246 0.1252 0.1270 0.1261 0.1238 0.1254 0.1232 0.1249 
        H676  6 0.1272 0.1259 0.1230 0.1253 0.1263 0.1248 0.1220 0.1255 
        H686  6 0.1258 0.1260 0.1243 0.1254 0.1254 0.1260 0.1215 0.1256 
        H687  6 0.1253 0.1254 0.1235 0.1262 0.1259 0.1243 0.1246 0.1247 
        H917  6 0.1240 0.1237 0.1266 0.1242 0.1245 0.1259 0.1267 0.1243 
        H918  6 0.1254 0.1256 0.1234 0.1248 0.1247 0.1244 0.1260 0.1257 
        H919  6 0.1211 0.1218 0.1316 0.1229 0.1221 0.1237 0.1335 0.1234 
        H920  6 0.1251 0.1238 0.1263 0.1243 0.1249 0.1244 0.1264 0.1249 
        H631  7 0.1247 0.1227 0.1263 0.1231 0.1256 0.1241 0.1298 0.1237 
        H684  7 0.1283 0.1252 0.1237 0.1275 0.1262 0.1255 0.1177 0.1259 
        H685  7 0.1247 0.1249 0.1257 0.1251 0.1258 0.1259 0.1230 0.1249 
        H713  7 0.1250 0.1247 0.1244 0.1252 0.1246 0.1239 0.1272 0.1251 
        H715  7 0.1272 0.1254 0.1236 0.1256 0.1260 0.1248 0.1206 0.1268 
        H716  7 0.1267 0.1250 0.1239 0.1239 0.1241 0.1241 0.1285 0.1237 
        H717  7 0.1243 0.1233 0.1263 0.1235 0.1234 0.1255 0.1292 0.1245 
        H729  7 0.1255 0.1258 0.1243 0.1244 0.1264 0.1254 0.1228 0.1254 
        H730  7 0.1234 0.1244 0.1270 0.1236 0.1240 0.1239 0.1279 0.1257 
        H600  9 0.1240 0.1246 0.1242 0.1250 0.1238 0.1253 0.1278 0.1252 
        H648  9 0.1248 0.1258 0.1266 0.1255 0.1253 0.1268 0.1205 0.1245 
        H696  9 0.1260 0.1265 0.1248 0.1261 0.1273 0.1253 0.1179 0.1260 
        H697  9 0.1250 0.1247 0.1275 0.1244 0.1239 0.1250 0.1259 0.1236 
        H698  9 0.1250 0.1258 0.1245 0.1256 0.1244 0.1244 0.1246 0.1257 
        H699  9 0.1265 0.1253 0.1233 0.1241 0.1265 0.1244 0.1242 0.1257 
        H700  9 0.1230 0.1248 0.1254 0.1240 0.1229 0.1261 0.1298 0.1240 
        H732  9 0.1257 0.1266 0.1235 0.1249 0.1252 0.1241 0.1262 0.1237 
        H733  9 0.1247 0.1256 0.1249 0.1243 0.1263 0.1259 0.1223 0.1259 
        H734  9 0.1256 0.1254 0.1237 0.1270 0.1263 0.1248 0.1227 0.1244 
        H735  9 0.1263 0.1258 0.1256 0.1248 0.1255 0.1247 0.1216 0.1257 
        H736  9 0.1249 0.1255 0.1230 0.1238 0.1255 0.1263 0.1253 0.1258 
        H737  9 0.1257 0.1256 0.1253 0.1282 0.1243 0.1229 0.1232 0.1249 
        H905  9 0.1239 0.1234 0.1284 0.1229 0.1246 0.1255 0.1273 0.1241 
        H921  9 0.1229 0.1247 0.1283 0.1231 0.1243 0.1239 0.1276 0.1253 
        H922  9 0.1237 0.1253 0.1261 0.1242 0.1250 0.1250 0.1240 0.1268 
        H409 12 0.1230 0.1244 0.1268 0.1241 0.1255 0.1242 0.1280 0.1240 
        H413 12 0.1265 0.1253 0.1258 0.1249 0.1251 0.1262 0.1223 0.1240 
        H419 12 0.1243 0.1249 0.1252 0.1244 0.1248 0.1246 0.1271 0.1248 
        H420 12 0.1255 0.1251 0.1245 0.1249 0.1253 0.1257 0.1239 0.1251 
        H421 12 0.1254 0.1245 0.1238 0.1252 0.1263 0.1257 0.1231 0.1259 
        H435 12 0.1256 0.1252 0.1231 0.1269 0.1251 0.1248 0.1239 0.1253 
        H436 12 0.1229 0.1243 0.1242 0.1246 0.1251 0.1254 0.1291 0.1244 
        H437 12 0.1250 0.1239 0.1257 0.1238 0.1242 0.1252 0.1276 0.1246 
        H445 12 0.1255 0.1241 0.1259 0.1239 0.1239 0.1257 0.1265 0.1244 
        H449 12 0.1277 0.1252 0.1239 0.1262 0.1267 0.1246 0.1203 0.1256 
        H463 12 0.1235 0.1239 0.1254 0.1251 0.1240 0.1247 0.1298 0.1236 
        H464 12 0.1263 0.1254 0.1224 0.1256 0.1264 0.1255 0.1225 0.1260 
        H465 12 0.1265 0.1265 0.1231 0.1260 0.1254 0.1267 0.1196 0.1262 
        H490 12 0.1273 0.1253 0.1262 0.1263 0.1237 0.1236 0.1243 0.1232 
        H561 12 0.1248 0.1255 0.1246 0.1240 0.1252 0.1250 0.1251 0.1258 
        H562 12 0.1228 0.1235 0.1283 0.1229 0.1237 0.1226 0.1315 0.1247 
        H563 12 0.1230 0.1238 0.1287 0.1241 0.1236 0.1244 0.1282 0.1243 
        H570 12 0.1227 0.1240 0.1265 0.1240 0.1238 0.1253 0.1291 0.1245 
        H571 12 0.1258 0.1256 0.1235 0.1260 0.1246 0.1261 0.1225 0.1259 
        H572 12 0.1235 0.1250 0.1262 0.1241 0.1253 0.1252 0.1261 0.1247 
        H573 12 0.1241 0.1241 0.1247 0.1249 0.1235 0.1268 0.1271 0.1249 
       H7372 12 0.1261 0.1250 0.1242 0.1247 0.1256 0.1253 0.1240 0.1251 
       H7373 12 0.1281 0.1279 0.1213 0.1278 0.1262 0.1248 0.1175 0.1264 
       H7374 12 0.1255 0.1247 0.1234 0.1249 0.1253 0.1234 0.1278 0.1249 
       H7375 12 0.1233 0.1250 0.1262 0.1249 0.1248 0.1236 0.1265 0.1257 
       H7376 12 0.1256 0.1250 0.1241 0.1244 0.1240 0.1259 0.1259 0.1250 
       H7377 12 0.1236 0.1234 0.1291 0.1233 0.1245 0.1229 0.1290 0.1242 
