        H102  1 0.1086 0.1160 0.1119 0.1118 0.1089 0.1092 0.1138 0.1076 0.1123 
        H103  1 0.1146 0.1117 0.1108 0.1131 0.1102 0.1113 0.1092 0.1120 0.1070 
        H104  1 0.1097 0.1125 0.1111 0.1096 0.1122 0.1119 0.1125 0.1093 0.1112 
        H105  1 0.1103 0.1123 0.1121 0.1120 0.1119 0.1092 0.1098 0.1096 0.1128 
        H106  1 0.1124 0.1105 0.1108 0.1102 0.1122 0.1104 0.1115 0.1115 0.1105 
        H112  1 0.1101 0.1108 0.1117 0.1108 0.1118 0.1104 0.1104 0.1077 0.1162 
        H113  1 0.1098 0.1102 0.1119 0.1096 0.1123 0.1100 0.1125 0.1097 0.1138 
        H114  1 0.1103 0.1117 0.1114 0.1111 0.1133 0.1086 0.1122 0.1110 0.1104 
        H115  1 0.1094 0.1121 0.1128 0.1122 0.1104 0.1084 0.1118 0.1085 0.1144 
        H143  1 0.1116 0.1129 0.1119 0.1122 0.1094 0.1114 0.1110 0.1098 0.1097 
        H144  1 0.1120 0.1091 0.1110 0.1112 0.1128 0.1114 0.1097 0.1126 0.1101 
        H145  1 0.1148 0.1107 0.1111 0.1114 0.1089 0.1149 0.1088 0.1133 0.1060 
        H149  1 0.1108 0.1108 0.1120 0.1090 0.1094 0.1108 0.1123 0.1102 0.1146 
        H150  1 0.1085 0.1092 0.1120 0.1091 0.1126 0.1094 0.1109 0.1115 0.1169 
     H167542  1 0.1106 0.1101 0.1116 0.1106 0.1109 0.1100 0.1134 0.1103 0.1125 
     H169604  1 0.1110 0.1106 0.1102 0.1119 0.1089 0.1102 0.1136 0.1094 0.1142 
     H169607  1 0.1118 0.1106 0.1110 0.1127 0.1106 0.1122 0.1115 0.1120 0.1075 
     H169608  1 0.1103 0.1102 0.1121 0.1122 0.1117 0.1107 0.1102 0.1108 0.1118 
     H169633  1 0.1123 0.1110 0.1104 0.1091 0.1120 0.1105 0.1099 0.1102 0.1146 
     H169688  1 0.1101 0.1101 0.1103 0.1134 0.1108 0.1117 0.1119 0.1113 0.1105 
     H169714  1 0.1100 0.1108 0.1113 0.1112 0.1103 0.1116 0.1117 0.1114 0.1118 
     H171802  1 0.1097 0.1120 0.1097 0.1126 0.1152 0.1106 0.1090 0.1118 0.1092 
     H171805  1 0.1114 0.1143 0.1120 0.1114 0.1089 0.1093 0.1110 0.1105 0.1111 
     H171807  1 0.1096 0.1094 0.1113 0.1120 0.1099 0.1127 0.1138 0.1105 0.1108 
     H171814  1 0.1139 0.1106 0.1087 0.1096 0.1134 0.1134 0.1108 0.1144 0.1052 
     H171816  1 0.1092 0.1102 0.1111 0.1102 0.1158 0.1101 0.1107 0.1096 0.1131 
     H171817  1 0.1087 0.1106 0.1127 0.1102 0.1092 0.1078 0.1147 0.1074 0.1187 
     H171818  1 0.1106 0.1123 0.1114 0.1107 0.1113 0.1124 0.1106 0.1112 0.1095 
     H171819  1 0.1084 0.1095 0.1125 0.1100 0.1116 0.1098 0.1106 0.1098 0.1179 
     H171834  1 0.1079 0.1085 0.1138 0.1107 0.1108 0.1094 0.1106 0.1110 0.1175 
     H171835  1 0.1097 0.1126 0.1107 0.1090 0.1138 0.1083 0.1132 0.1078 0.1148 
     H171836  1 0.1129 0.1110 0.1124 0.1126 0.1107 0.1100 0.1115 0.1111 0.1078 
     H171837  1 0.1101 0.1113 0.1110 0.1106 0.1133 0.1097 0.1120 0.1107 0.1113 
     H171838  1 0.1111 0.1100 0.1117 0.1095 0.1101 0.1122 0.1106 0.1108 0.1138 
     H171839  1 0.1103 0.1101 0.1128 0.1093 0.1125 0.1091 0.1137 0.1092 0.1131 
     H171841  1 0.1111 0.1109 0.1114 0.1085 0.1134 0.1110 0.1096 0.1104 0.1136 
     H171860  1 0.1086 0.1131 0.1110 0.1117 0.1118 0.1102 0.1110 0.1082 0.1145 
     H171861  1 0.1103 0.1141 0.1114 0.1126 0.1088 0.1105 0.1131 0.1088 0.1104 
     H171862  1 0.1108 0.1117 0.1090 0.1119 0.1118 0.1105 0.1104 0.1104 0.1136 
     H171868  1 0.1101 0.1092 0.1136 0.1121 0.1105 0.1096 0.1116 0.1087 0.1146 
     H171869  1 0.1131 0.1105 0.1095 0.1112 0.1122 0.1127 0.1098 0.1148 0.1062 
     H171870  1 0.1108 0.1104 0.1113 0.1144 0.1089 0.1119 0.1122 0.1103 0.1099 
     H171871  1 0.1129 0.1095 0.1105 0.1130 0.1105 0.1128 0.1100 0.1128 0.1079 
     H171872  1 0.1113 0.1141 0.1114 0.1113 0.1098 0.1080 0.1112 0.1093 0.1136 
     H171873  1 0.1128 0.1100 0.1094 0.1110 0.1099 0.1131 0.1108 0.1112 0.1118 
     H171874  1 0.1114 0.1096 0.1121 0.1122 0.1086 0.1116 0.1126 0.1113 0.1105 
     H171875  1 0.1112 0.1123 0.1096 0.1124 0.1105 0.1112 0.1117 0.1109 0.1103 
     H171876  1 0.1100 0.1107 0.1123 0.1132 0.1087 0.1100 0.1123 0.1101 0.1127 
     H171877  1 0.1095 0.1120 0.1121 0.1105 0.1103 0.1117 0.1135 0.1078 0.1126 
     H171878  1 0.1106 0.1131 0.1112 0.1110 0.1135 0.1104 0.1083 0.1104 0.1115 
     H171901  1 0.1092 0.1118 0.1113 0.1095 0.1107 0.1089 0.1124 0.1099 0.1163 
     H171902  1 0.1126 0.1086 0.1096 0.1106 0.1109 0.1114 0.1130 0.1127 0.1107 
     H171903  1 0.1087 0.1129 0.1112 0.1126 0.1094 0.1110 0.1124 0.1102 0.1116 
     H171935  1 0.1138 0.1113 0.1107 0.1114 0.1099 0.1114 0.1105 0.1104 0.1105 
     H171936  1 0.1091 0.1126 0.1127 0.1107 0.1120 0.1096 0.1112 0.1089 0.1132 
     H171940  1 0.1083 0.1126 0.1132 0.1092 0.1104 0.1096 0.1118 0.1103 0.1146 
     H171945  1 0.1116 0.1126 0.1115 0.1105 0.1115 0.1106 0.1096 0.1098 0.1123 
     H171948  1 0.1090 0.1113 0.1143 0.1112 0.1098 0.1083 0.1103 0.1073 0.1187 
     H171949  1 0.1086 0.1109 0.1109 0.1099 0.1088 0.1094 0.1112 0.1110 0.1192 
     H171950  1 0.1098 0.1169 0.1102 0.1097 0.1115 0.1088 0.1137 0.1088 0.1107 
     H171963  1 0.1123 0.1112 0.1114 0.1123 0.1120 0.1109 0.1109 0.1123 0.1067 
     H171964  1 0.1150 0.1076 0.1093 0.1091 0.1139 0.1125 0.1088 0.1151 0.1086 
     H171966  1 0.1110 0.1106 0.1131 0.1101 0.1113 0.1104 0.1126 0.1092 0.1117 
     H171968  1 0.1098 0.1124 0.1105 0.1101 0.1122 0.1119 0.1122 0.1113 0.1097 
     H171971  1 0.1095 0.1100 0.1113 0.1120 0.1094 0.1124 0.1093 0.1129 0.1131 
     H171972  1 0.1106 0.1095 0.1126 0.1149 0.1101 0.1122 0.1095 0.1112 0.1095 
     H171977  1 0.1134 0.1106 0.1096 0.1096 0.1119 0.1122 0.1124 0.1126 0.1078 
     H171978  1 0.1110 0.1140 0.1105 0.1113 0.1088 0.1108 0.1093 0.1105 0.1139 
     H171979  1 0.1123 0.1116 0.1118 0.1106 0.1097 0.1120 0.1102 0.1115 0.1104 
        H176  1 0.1131 0.1107 0.1112 0.1086 0.1129 0.1082 0.1106 0.1102 0.1146 
        H177  1 0.1108 0.1137 0.1095 0.1106 0.1087 0.1118 0.1098 0.1115 0.1136 
        H179  1 0.1102 0.1101 0.1108 0.1118 0.1143 0.1088 0.1107 0.1085 0.1148 
        H181  1 0.1103 0.1105 0.1104 0.1108 0.1106 0.1129 0.1119 0.1125 0.1100 
        H182  1 0.1107 0.1092 0.1110 0.1117 0.1118 0.1115 0.1097 0.1129 0.1115 
        H183  1 0.1133 0.1118 0.1084 0.1119 0.1135 0.1120 0.1088 0.1135 0.1069 
        H184  1 0.1107 0.1119 0.1108 0.1119 0.1107 0.1102 0.1085 0.1100 0.1154 
        H185  1 0.1115 0.1100 0.1111 0.1106 0.1121 0.1124 0.1108 0.1123 0.1092 
        H186  1 0.1114 0.1069 0.1098 0.1126 0.1124 0.1109 0.1128 0.1106 0.1126 
        H187  1 0.1095 0.1109 0.1114 0.1144 0.1096 0.1112 0.1125 0.1109 0.1096 
        H188  1 0.1084 0.1106 0.1107 0.1096 0.1137 0.1109 0.1139 0.1111 0.1111 
        H192  1 0.1093 0.1092 0.1124 0.1101 0.1108 0.1102 0.1112 0.1102 0.1167 
        H193  1 0.1113 0.1109 0.1095 0.1135 0.1103 0.1117 0.1104 0.1144 0.1081 
        H194  1 0.1104 0.1087 0.1140 0.1089 0.1099 0.1113 0.1099 0.1104 0.1164 
        H195  1 0.1123 0.1103 0.1099 0.1103 0.1107 0.1131 0.1090 0.1162 0.1082 
        H199  1 0.1124 0.1113 0.1114 0.1104 0.1126 0.1125 0.1102 0.1115 0.1077 
        H200  1 0.1120 0.1114 0.1108 0.1100 0.1112 0.1112 0.1117 0.1101 0.1115 
        H414  1 0.1104 0.1111 0.1092 0.1124 0.1110 0.1113 0.1102 0.1145 0.1098 
        H415  1 0.1093 0.1104 0.1115 0.1122 0.1108 0.1099 0.1119 0.1103 0.1137 
        H422  1 0.1125 0.1128 0.1093 0.1103 0.1115 0.1130 0.1115 0.1123 0.1068 
        H423  1 0.1089 0.1108 0.1111 0.1095 0.1134 0.1088 0.1110 0.1096 0.1168 
        H424  1 0.1129 0.1106 0.1090 0.1123 0.1128 0.1107 0.1115 0.1111 0.1090 
        H425  1 0.1125 0.1095 0.1115 0.1105 0.1120 0.1114 0.1095 0.1122 0.1107 
        H426  1 0.1131 0.1078 0.1096 0.1102 0.1131 0.1135 0.1094 0.1165 0.1067 
        H443  1 0.1139 0.1090 0.1095 0.1101 0.1123 0.1121 0.1098 0.1158 0.1076 
        H466  1 0.1102 0.1113 0.1104 0.1091 0.1109 0.1124 0.1119 0.1135 0.1102 
        H467  1 0.1095 0.1107 0.1118 0.1109 0.1092 0.1122 0.1106 0.1130 0.1121 
        H472  1 0.1115 0.1109 0.1122 0.1091 0.1128 0.1114 0.1096 0.1115 0.1111 
        H483  1 0.1097 0.1118 0.1127 0.1097 0.1113 0.1099 0.1115 0.1090 0.1144 
        H504  1 0.1132 0.1101 0.1129 0.1090 0.1126 0.1120 0.1095 0.1116 0.1090 
        H505  1 0.1120 0.1118 0.1113 0.1111 0.1106 0.1107 0.1120 0.1095 0.1109 
        H506  1 0.1106 0.1102 0.1104 0.1132 0.1102 0.1124 0.1127 0.1113 0.1092 
        H507  1 0.1131 0.1108 0.1122 0.1106 0.1096 0.1123 0.1102 0.1124 0.1089 
        H508  1 0.1128 0.1106 0.1112 0.1113 0.1113 0.1124 0.1134 0.1124 0.1046 
        H524  1 0.1110 0.1119 0.1090 0.1117 0.1118 0.1129 0.1132 0.1103 0.1082 
        H525  1 0.1119 0.1093 0.1113 0.1113 0.1119 0.1097 0.1128 0.1107 0.1111 
        H526  1 0.1117 0.1093 0.1101 0.1113 0.1128 0.1109 0.1098 0.1109 0.1132 
        H527  1 0.1096 0.1126 0.1114 0.1123 0.1106 0.1112 0.1106 0.1091 0.1127 
        H528  1 0.1134 0.1092 0.1095 0.1124 0.1130 0.1112 0.1101 0.1127 0.1084 
        H529  1 0.1126 0.1103 0.1111 0.1107 0.1120 0.1122 0.1098 0.1136 0.1076 
        H533  1 0.1108 0.1103 0.1114 0.1118 0.1073 0.1127 0.1103 0.1121 0.1133 
        H538  1 0.1097 0.1104 0.1109 0.1120 0.1128 0.1100 0.1106 0.1106 0.1131 
        H539  1 0.1126 0.1123 0.1103 0.1133 0.1108 0.1115 0.1104 0.1100 0.1088 
        H540  1 0.1101 0.1100 0.1130 0.1103 0.1112 0.1099 0.1116 0.1097 0.1142 
        H541  1 0.1109 0.1106 0.1135 0.1098 0.1077 0.1109 0.1134 0.1112 0.1120 
        H558  1 0.1129 0.1109 0.1106 0.1127 0.1113 0.1121 0.1083 0.1132 0.1079 
        H559  1 0.1087 0.1131 0.1104 0.1110 0.1126 0.1103 0.1114 0.1106 0.1119 
        H579  1 0.1112 0.1105 0.1105 0.1099 0.1123 0.1124 0.1108 0.1118 0.1107 
        H584  1 0.1146 0.1088 0.1097 0.1116 0.1115 0.1131 0.1093 0.1146 0.1069 
        H585  1 0.1110 0.1100 0.1115 0.1133 0.1110 0.1106 0.1105 0.1141 0.1080 
        H605  1 0.1100 0.1110 0.1113 0.1117 0.1103 0.1092 0.1131 0.1110 0.1125 
        H606  1 0.1100 0.1136 0.1121 0.1117 0.1102 0.1093 0.1116 0.1089 0.1126 
        H632  1 0.1122 0.1116 0.1121 0.1103 0.1117 0.1130 0.1099 0.1131 0.1060 
        H634  1 0.1112 0.1102 0.1102 0.1122 0.1114 0.1088 0.1129 0.1124 0.1108 
        H671  1 0.1105 0.1109 0.1088 0.1088 0.1154 0.1110 0.1100 0.1104 0.1141 
        H672  1 0.1110 0.1147 0.1102 0.1103 0.1108 0.1112 0.1120 0.1093 0.1106 
        H673  1 0.1115 0.1094 0.1116 0.1115 0.1099 0.1106 0.1106 0.1132 0.1115 
        H689  1 0.1104 0.1110 0.1105 0.1103 0.1116 0.1132 0.1112 0.1113 0.1106 
        H690  1 0.1109 0.1116 0.1139 0.1121 0.1097 0.1094 0.1122 0.1087 0.1113 
        H691  1 0.1103 0.1102 0.1114 0.1121 0.1110 0.1106 0.1115 0.1095 0.1132 
        H692  1 0.1135 0.1105 0.1101 0.1118 0.1111 0.1117 0.1089 0.1121 0.1102 
        H709  1 0.1130 0.1110 0.1122 0.1127 0.1102 0.1110 0.1111 0.1105 0.1081 
        H710  1 0.1131 0.1097 0.1095 0.1120 0.1109 0.1123 0.1087 0.1150 0.1087 
       H7355  1 0.1108 0.1088 0.1132 0.1118 0.1106 0.1123 0.1104 0.1095 0.1125 
       H7356  1 0.1105 0.1117 0.1105 0.1101 0.1105 0.1111 0.1110 0.1117 0.1128 
       H7357  1 0.1096 0.1133 0.1116 0.1096 0.1092 0.1092 0.1150 0.1071 0.1153 
       H7358  1 0.1115 0.1094 0.1094 0.1111 0.1123 0.1111 0.1120 0.1107 0.1125 
       H7380  1 0.1105 0.1090 0.1106 0.1105 0.1112 0.1091 0.1140 0.1095 0.1156 
       H7381  1 0.1112 0.1118 0.1083 0.1101 0.1127 0.1112 0.1105 0.1126 0.1117 
       H7382  1 0.1114 0.1124 0.1125 0.1110 0.1095 0.1104 0.1110 0.1102 0.1115 
        H904  1 0.1094 0.1142 0.1134 0.1097 0.1104 0.1088 0.1111 0.1082 0.1148 
        H923  1 0.1100 0.1105 0.1097 0.1113 0.1120 0.1113 0.1095 0.1124 0.1133 
        H924  1 0.1100 0.1114 0.1109 0.1109 0.1110 0.1102 0.1114 0.1099 0.1143 
        H925  1 0.1119 0.1102 0.1102 0.1118 0.1137 0.1111 0.1106 0.1119 0.1087 
       H9558  1 0.1129 0.1102 0.1117 0.1117 0.1072 0.1142 0.1091 0.1155 0.1075 
        H111  3 0.1127 0.1112 0.1080 0.1116 0.1108 0.1136 0.1112 0.1125 0.1084 
        H951  3 0.1116 0.1107 0.1119 0.1114 0.1102 0.1105 0.1120 0.1108 0.1108 
        H952  3 0.1130 0.1111 0.1088 0.1114 0.1112 0.1132 0.1121 0.1142 0.1049 
        H953  3 0.1116 0.1089 0.1099 0.1091 0.1144 0.1124 0.1125 0.1122 0.1091 
        H954  3 0.1080 0.1150 0.1108 0.1104 0.1100 0.1104 0.1097 0.1089 0.1169 
        H955  3 0.1110 0.1133 0.1094 0.1132 0.1118 0.1105 0.1120 0.1122 0.1067 
        H956  3 0.1100 0.1117 0.1098 0.1101 0.1103 0.1115 0.1151 0.1102 0.1113 
       H9563  3 0.1095 0.1114 0.1109 0.1100 0.1142 0.1103 0.1091 0.1103 0.1143 
      H_PALI  6 0.1094 0.1115 0.1122 0.1136 0.1091 0.1106 0.1106 0.1078 0.1151 
        H581  6 0.1088 0.1113 0.1122 0.1112 0.1145 0.1104 0.1097 0.1093 0.1126 
        H582  6 0.1107 0.1134 0.1119 0.1111 0.1098 0.1118 0.1092 0.1112 0.1109 
        H583  6 0.1104 0.1157 0.1123 0.1095 0.1095 0.1101 0.1100 0.1099 0.1125 
        H595  6 0.1110 0.1116 0.1112 0.1114 0.1108 0.1104 0.1113 0.1119 0.1103 
        H596  6 0.1133 0.1114 0.1109 0.1116 0.1102 0.1130 0.1109 0.1110 0.1077 
        H597  6 0.1134 0.1121 0.1089 0.1094 0.1111 0.1132 0.1103 0.1129 0.1087 
        H598  6 0.1099 0.1120 0.1118 0.1104 0.1112 0.1101 0.1112 0.1095 0.1139 
        H599  6 0.1115 0.1109 0.1104 0.1118 0.1136 0.1108 0.1101 0.1108 0.1100 
        H642  6 0.1152 0.1124 0.1115 0.1127 0.1090 0.1119 0.1109 0.1127 0.1037 
        H643  6 0.1101 0.1121 0.1098 0.1089 0.1112 0.1098 0.1131 0.1091 0.1159 
        H664  6 0.1124 0.1130 0.1095 0.1105 0.1107 0.1137 0.1120 0.1122 0.1061 
        H665  6 0.1096 0.1102 0.1122 0.1115 0.1118 0.1090 0.1106 0.1080 0.1173 
        H674  6 0.1137 0.1101 0.1086 0.1105 0.1126 0.1127 0.1095 0.1148 0.1075 
        H675  6 0.1113 0.1131 0.1122 0.1084 0.1119 0.1111 0.1100 0.1117 0.1104 
        H676  6 0.1139 0.1101 0.1107 0.1103 0.1107 0.1135 0.1095 0.1129 0.1084 
        H686  6 0.1128 0.1102 0.1116 0.1117 0.1087 0.1126 0.1106 0.1124 0.1095 
        H687  6 0.1099 0.1116 0.1111 0.1101 0.1097 0.1128 0.1109 0.1128 0.1111 
        H917  6 0.1107 0.1111 0.1096 0.1118 0.1104 0.1088 0.1131 0.1107 0.1138 
        H918  6 0.1110 0.1098 0.1128 0.1109 0.1082 0.1110 0.1116 0.1103 0.1144 
        H919  6 0.1093 0.1114 0.1126 0.1098 0.1143 0.1102 0.1092 0.1079 0.1154 
        H920  6 0.1103 0.1142 0.1135 0.1105 0.1078 0.1095 0.1094 0.1097 0.1151 
        H631  7 0.1111 0.1100 0.1119 0.1115 0.1109 0.1109 0.1117 0.1098 0.1123 
        H684  7 0.1123 0.1093 0.1114 0.1124 0.1094 0.1132 0.1110 0.1137 0.1075 
        H685  7 0.1114 0.1114 0.1114 0.1100 0.1114 0.1113 0.1107 0.1116 0.1108 
        H713  7 0.1105 0.1139 0.1117 0.1102 0.1094 0.1097 0.1143 0.1104 0.1098 
        H715  7 0.1118 0.1126 0.1115 0.1114 0.1110 0.1120 0.1097 0.1111 0.1090 
        H716  7 0.1117 0.1090 0.1118 0.1092 0.1113 0.1111 0.1112 0.1119 0.1127 
        H717  7 0.1113 0.1111 0.1114 0.1118 0.1112 0.1115 0.1106 0.1104 0.1107 
        H729  7 0.1118 0.1096 0.1111 0.1127 0.1095 0.1107 0.1110 0.1121 0.1114 
        H730  7 0.1103 0.1105 0.1102 0.1077 0.1111 0.1108 0.1134 0.1114 0.1146 
        H600  9 0.1112 0.1107 0.1110 0.1119 0.1115 0.1115 0.1122 0.1096 0.1104 
        H648  9 0.1136 0.1102 0.1094 0.1113 0.1110 0.1123 0.1086 0.1137 0.1098 
        H696  9 0.1121 0.1095 0.1116 0.1105 0.1095 0.1131 0.1114 0.1141 0.1082 
        H697  9 0.1122 0.1118 0.1097 0.1109 0.1158 0.1098 0.1082 0.1116 0.1099 
        H698  9 0.1108 0.1118 0.1092 0.1096 0.1124 0.1098 0.1126 0.1096 0.1142 
        H699  9 0.1113 0.1103 0.1112 0.1106 0.1100 0.1125 0.1129 0.1112 0.1101 
        H700  9 0.1091 0.1167 0.1108 0.1108 0.1080 0.1105 0.1137 0.1082 0.1120 
        H732  9 0.1121 0.1101 0.1108 0.1120 0.1124 0.1110 0.1098 0.1138 0.1080 
        H733  9 0.1118 0.1123 0.1110 0.1120 0.1122 0.1112 0.1091 0.1107 0.1097 
        H734  9 0.1123 0.1107 0.1112 0.1101 0.1106 0.1120 0.1110 0.1143 0.1080 
        H735  9 0.1108 0.1121 0.1121 0.1113 0.1114 0.1110 0.1116 0.1114 0.1083 
        H736  9 0.1102 0.1104 0.1105 0.1116 0.1114 0.1111 0.1125 0.1118 0.1106 
        H737  9 0.1121 0.1083 0.1107 0.1105 0.1140 0.1117 0.1103 0.1124 0.1100 
        H905  9 0.1084 0.1125 0.1112 0.1093 0.1099 0.1106 0.1109 0.1098 0.1173 
        H921  9 0.1081 0.1084 0.1123 0.1094 0.1148 0.1104 0.1111 0.1087 0.1167 
        H922  9 0.1113 0.1103 0.1107 0.1118 0.1111 0.1128 0.1111 0.1107 0.1102 
        H409 12 0.1122 0.1112 0.1117 0.1120 0.1091 0.1099 0.1093 0.1088 0.1159 
        H413 12 0.1131 0.1109 0.1103 0.1099 0.1111 0.1109 0.1129 0.1146 0.1064 
        H419 12 0.1098 0.1090 0.1124 0.1102 0.1109 0.1102 0.1125 0.1108 0.1141 
        H420 12 0.1099 0.1110 0.1121 0.1089 0.1120 0.1098 0.1122 0.1097 0.1142 
        H421 12 0.1111 0.1147 0.1092 0.1107 0.1106 0.1115 0.1112 0.1100 0.1108 
        H435 12 0.1103 0.1097 0.1111 0.1108 0.1099 0.1115 0.1111 0.1120 0.1137 
        H436 12 0.1105 0.1128 0.1112 0.1121 0.1093 0.1096 0.1132 0.1084 0.1129 
        H437 12 0.1091 0.1114 0.1113 0.1110 0.1105 0.1086 0.1114 0.1104 0.1163 
        H445 12 0.1094 0.1144 0.1121 0.1094 0.1125 0.1102 0.1107 0.1098 0.1116 
        H449 12 0.1120 0.1094 0.1103 0.1115 0.1118 0.1132 0.1107 0.1129 0.1082 
        H463 12 0.1109 0.1150 0.1141 0.1090 0.1071 0.1103 0.1121 0.1101 0.1114 
        H464 12 0.1126 0.1099 0.1096 0.1131 0.1117 0.1115 0.1105 0.1115 0.1097 
        H465 12 0.1137 0.1127 0.1093 0.1100 0.1118 0.1146 0.1104 0.1131 0.1043 
        H490 12 0.1124 0.1119 0.1113 0.1104 0.1099 0.1125 0.1103 0.1134 0.1077 
        H561 12 0.1100 0.1096 0.1132 0.1118 0.1115 0.1120 0.1075 0.1109 0.1135 
        H562 12 0.1079 0.1115 0.1105 0.1124 0.1121 0.1096 0.1130 0.1082 0.1147 
        H563 12 0.1099 0.1106 0.1114 0.1115 0.1140 0.1098 0.1084 0.1106 0.1137 
        H570 12 0.1087 0.1128 0.1137 0.1121 0.1107 0.1093 0.1084 0.1070 0.1172 
        H571 12 0.1129 0.1138 0.1103 0.1102 0.1100 0.1130 0.1115 0.1116 0.1067 
        H572 12 0.1115 0.1101 0.1137 0.1113 0.1096 0.1104 0.1129 0.1086 0.1119 
        H573 12 0.1100 0.1124 0.1087 0.1125 0.1111 0.1113 0.1120 0.1096 0.1126 
       H7372 12 0.1119 0.1108 0.1108 0.1127 0.1091 0.1116 0.1133 0.1103 0.1094 
       H7373 12 0.1124 0.1084 0.1106 0.1131 0.1121 0.1137 0.1118 0.1143 0.1036 
       H7374 12 0.1114 0.1144 0.1113 0.1113 0.1095 0.1106 0.1094 0.1108 0.1113 
       H7375 12 0.1087 0.1105 0.1101 0.1096 0.1127 0.1116 0.1129 0.1097 0.1143 
       H7376 12 0.1124 0.1082 0.1130 0.1111 0.1109 0.1108 0.1104 0.1090 0.1141 
       H7377 12 0.1080 0.1141 0.1114 0.1115 0.1116 0.1084 0.1128 0.1082 0.1140 
