        H102  1 0.2655 0.4607 0.2738 
        H103  1 0.3745 0.2506 0.3749 
        H104  1 0.2722 0.4501 0.2777 
        H105  1 0.3114 0.3773 0.3113 
        H106  1 0.3425 0.3085 0.3490 
        H112  1 0.2909 0.4131 0.2960 
        H113  1 0.2891 0.4115 0.2994 
        H114  1 0.2943 0.4089 0.2968 
        H115  1 0.2720 0.4609 0.2671 
        H143  1 0.2976 0.4128 0.2896 
        H144  1 0.3412 0.3274 0.3314 
        H145  1 0.3799 0.2334 0.3868 
        H149  1 0.2924 0.4123 0.2953 
        H150  1 0.3324 0.3649 0.3027 
     H167542  1 0.2807 0.4342 0.2850 
     H169604  1 0.3070 0.3665 0.3265 
     H169607  1 0.3509 0.2827 0.3664 
     H169608  1 0.3079 0.3717 0.3204 
     H169633  1 0.3357 0.3239 0.3403 
     H169688  1 0.3680 0.2747 0.3574 
     H169714  1 0.3270 0.3507 0.3223 
     H171802  1 0.3354 0.3325 0.3322 
     H171805  1 0.3456 0.3136 0.3408 
     H171807  1 0.3439 0.3145 0.3416 
     H171814  1 0.3832 0.2627 0.3541 
     H171816  1 0.3075 0.3692 0.3233 
     H171817  1 0.2700 0.4601 0.2699 
     H171818  1 0.2910 0.4220 0.2870 
     H171819  1 0.3231 0.3386 0.3383 
     H171834  1 0.2902 0.4047 0.3050 
     H171835  1 0.3224 0.3659 0.3117 
     H171836  1 0.3491 0.2941 0.3567 
     H171837  1 0.3001 0.3823 0.3175 
     H171838  1 0.3640 0.2823 0.3537 
     H171839  1 0.3108 0.3812 0.3080 
     H171841  1 0.3452 0.3088 0.3459 
     H171860  1 0.3171 0.3705 0.3124 
     H171861  1 0.3097 0.3675 0.3228 
     H171862  1 0.3074 0.3956 0.2970 
     H171868  1 0.2764 0.4423 0.2813 
     H171869  1 0.3730 0.2403 0.3867 
     H171870  1 0.3175 0.3571 0.3255 
     H171871  1 0.3699 0.2677 0.3624 
     H171872  1 0.2845 0.4283 0.2872 
     H171873  1 0.3430 0.3045 0.3525 
     H171874  1 0.3631 0.2669 0.3699 
     H171875  1 0.3383 0.3023 0.3594 
     H171876  1 0.3508 0.2916 0.3576 
     H171877  1 0.3043 0.3951 0.3006 
     H171878  1 0.3561 0.2848 0.3591 
     H171901  1 0.3183 0.3469 0.3349 
     H171902  1 0.3503 0.3311 0.3186 
     H171903  1 0.3069 0.3800 0.3130 
     H171935  1 0.3442 0.2987 0.3571 
     H171936  1 0.3250 0.3528 0.3221 
     H171940  1 0.3002 0.4034 0.2964 
     H171945  1 0.3391 0.3337 0.3271 
     H171948  1 0.3055 0.3867 0.3078 
     H171949  1 0.2924 0.4150 0.2925 
     H171950  1 0.2775 0.4415 0.2810 
     H171963  1 0.3572 0.2623 0.3805 
     H171964  1 0.3989 0.2515 0.3496 
     H171966  1 0.3549 0.2773 0.3678 
     H171968  1 0.3074 0.3962 0.2965 
     H171971  1 0.3498 0.2990 0.3512 
     H171972  1 0.3532 0.2907 0.3561 
     H171977  1 0.3681 0.2737 0.3582 
     H171978  1 0.3540 0.2954 0.3506 
     H171979  1 0.3517 0.2709 0.3774 
        H176  1 0.3061 0.3736 0.3202 
        H177  1 0.3131 0.3523 0.3347 
        H179  1 0.2512 0.4869 0.2619 
        H181  1 0.3447 0.3164 0.3389 
        H182  1 0.3568 0.2803 0.3629 
        H183  1 0.3841 0.2509 0.3650 
        H184  1 0.3125 0.3774 0.3101 
        H185  1 0.3450 0.3107 0.3443 
        H186  1 0.3343 0.3456 0.3201 
        H187  1 0.3519 0.2869 0.3612 
        H188  1 0.3027 0.3835 0.3138 
        H192  1 0.2968 0.3973 0.3058 
        H193  1 0.3529 0.2825 0.3646 
        H194  1 0.3087 0.3742 0.3171 
        H195  1 0.3793 0.2233 0.3974 
        H199  1 0.3581 0.2815 0.3604 
        H200  1 0.3409 0.3227 0.3364 
        H414  1 0.3605 0.2985 0.3409 
        H415  1 0.3199 0.3624 0.3177 
        H422  1 0.3473 0.3305 0.3222 
        H423  1 0.3261 0.3654 0.3085 
        H424  1 0.3414 0.3134 0.3453 
        H425  1 0.3780 0.2895 0.3325 
        H426  1 0.4118 0.2145 0.3737 
        H443  1 0.3636 0.2982 0.3382 
        H466  1 0.3311 0.3279 0.3410 
        H467  1 0.3285 0.3277 0.3438 
        H472  1 0.3387 0.2963 0.3651 
        H483  1 0.3076 0.3837 0.3087 
        H504  1 0.3867 0.2642 0.3491 
        H505  1 0.2848 0.4135 0.3017 
        H506  1 0.3510 0.2997 0.3493 
        H507  1 0.3824 0.2418 0.3759 
        H508  1 0.3530 0.2700 0.3770 
        H524  1 0.3460 0.3108 0.3432 
        H525  1 0.3432 0.3149 0.3419 
        H526  1 0.3133 0.3794 0.3073 
        H527  1 0.3226 0.3463 0.3311 
        H528  1 0.3637 0.2859 0.3504 
        H529  1 0.3742 0.2908 0.3350 
        H533  1 0.3319 0.3155 0.3527 
        H538  1 0.3310 0.3238 0.3452 
        H539  1 0.3554 0.2821 0.3625 
        H540  1 0.3156 0.3588 0.3256 
        H541  1 0.3106 0.3693 0.3201 
        H558  1 0.3998 0.2246 0.3756 
        H559  1 0.3123 0.3833 0.3044 
        H579  1 0.3567 0.2760 0.3673 
        H584  1 0.3829 0.2701 0.3470 
        H585  1 0.3529 0.3135 0.3336 
        H605  1 0.3241 0.3551 0.3208 
        H606  1 0.2644 0.4705 0.2651 
        H632  1 0.3920 0.2439 0.3641 
        H634  1 0.3521 0.3058 0.3420 
        H671  1 0.3045 0.3829 0.3126 
        H672  1 0.3320 0.3471 0.3209 
        H673  1 0.3754 0.2791 0.3456 
        H689  1 0.3538 0.2937 0.3525 
        H690  1 0.2560 0.4835 0.2605 
        H691  1 0.3208 0.3528 0.3264 
        H692  1 0.3884 0.2520 0.3596 
        H709  1 0.3564 0.2966 0.3470 
        H710  1 0.3795 0.2530 0.3675 
       H7355  1 0.3183 0.3695 0.3122 
       H7356  1 0.3522 0.3184 0.3294 
       H7357  1 0.2522 0.4831 0.2646 
       H7358  1 0.3398 0.3032 0.3570 
       H7380  1 0.2965 0.4064 0.2971 
       H7381  1 0.3609 0.2974 0.3418 
       H7382  1 0.3441 0.3237 0.3322 
        H904  1 0.2706 0.4535 0.2759 
        H923  1 0.3415 0.3071 0.3515 
        H924  1 0.3172 0.3591 0.3237 
        H925  1 0.3291 0.3359 0.3350 
       H9558  1 0.3954 0.2180 0.3866 
        H111  3 0.3561 0.3069 0.3370 
        H951  3 0.3533 0.2972 0.3495 
        H952  3 0.3802 0.2475 0.3723 
        H953  3 0.3404 0.3219 0.3376 
        H954  3 0.2819 0.4247 0.2934 
        H955  3 0.3579 0.2744 0.3677 
        H956  3 0.3195 0.3531 0.3274 
       H9563  3 0.2923 0.3992 0.3084 
      H_PALI  6 0.3036 0.3898 0.3066 
        H581  6 0.3403 0.3305 0.3292 
        H582  6 0.3425 0.2968 0.3607 
        H583  6 0.3233 0.3543 0.3224 
        H595  6 0.3367 0.3062 0.3570 
        H596  6 0.3619 0.2830 0.3551 
        H597  6 0.3571 0.3198 0.3231 
        H598  6 0.3042 0.3964 0.2994 
        H599  6 0.3578 0.2908 0.3513 
        H642  6 0.4021 0.2291 0.3689 
        H643  6 0.2882 0.4216 0.2902 
        H664  6 0.3635 0.2738 0.3627 
        H665  6 0.2760 0.4410 0.2830 
        H674  6 0.3857 0.2325 0.3818 
        H675  6 0.3568 0.2755 0.3677 
        H676  6 0.3496 0.2812 0.3692 
        H686  6 0.3525 0.2799 0.3676 
        H687  6 0.3412 0.3238 0.3350 
        H917  6 0.3027 0.3888 0.3086 
        H918  6 0.3148 0.3657 0.3195 
        H919  6 0.2939 0.4047 0.3013 
        H920  6 0.3057 0.3888 0.3054 
        H631  7 0.3073 0.3886 0.3041 
        H684  7 0.3891 0.2260 0.3849 
        H685  7 0.3473 0.3072 0.3456 
        H713  7 0.2886 0.4126 0.2989 
        H715  7 0.3559 0.2870 0.3571 
        H716  7 0.3344 0.3460 0.3196 
        H717  7 0.3439 0.3199 0.3362 
        H729  7 0.3442 0.3028 0.3530 
        H730  7 0.3010 0.3970 0.3020 
        H600  9 0.3250 0.3513 0.3238 
        H648  9 0.3774 0.2646 0.3581 
        H696  9 0.3835 0.2374 0.3791 
        H697  9 0.3431 0.3115 0.3454 
        H698  9 0.3332 0.3276 0.3392 
        H699  9 0.3349 0.3192 0.3459 
        H700  9 0.2650 0.4687 0.2663 
        H732  9 0.3462 0.3161 0.3377 
        H733  9 0.3191 0.3482 0.3327 
        H734  9 0.3594 0.2558 0.3848 
        H735  9 0.3557 0.2896 0.3547 
        H736  9 0.3379 0.3013 0.3607 
        H737  9 0.3435 0.3282 0.3283 
        H905  9 0.2950 0.3974 0.3076 
        H921  9 0.2944 0.4046 0.3011 
        H922  9 0.3471 0.3000 0.3529 
        H409 12 0.2938 0.3963 0.3100 
        H413 12 0.3861 0.2315 0.3824 
        H419 12 0.2929 0.4089 0.2981 
        H420 12 0.3243 0.3438 0.3319 
        H421 12 0.3335 0.3374 0.3292 
        H435 12 0.3584 0.2971 0.3444 
        H436 12 0.2816 0.4322 0.2862 
        H437 12 0.3152 0.3684 0.3163 
        H445 12 0.2901 0.4170 0.2929 
        H449 12 0.3903 0.2535 0.3562 
        H463 12 0.3150 0.3528 0.3322 
        H464 12 0.3723 0.2669 0.3608 
        H465 12 0.3982 0.2131 0.3887 
        H490 12 0.3857 0.2765 0.3377 
        H561 12 0.3455 0.3176 0.3370 
        H562 12 0.2887 0.4255 0.2859 
        H563 12 0.2971 0.4029 0.3000 
        H570 12 0.2655 0.4722 0.2623 
        H571 12 0.3408 0.3049 0.3543 
        H572 12 0.3131 0.3573 0.3296 
        H573 12 0.3207 0.3676 0.3117 
       H7372 12 0.3357 0.3412 0.3231 
       H7373 12 0.4022 0.2252 0.3726 
       H7374 12 0.3060 0.3804 0.3135 
       H7375 12 0.3147 0.3777 0.3077 
       H7376 12 0.3197 0.3395 0.3407 
       H7377 12 0.2680 0.4604 0.2716 
