        H102  1 0.2784 0.2332 0.2497 0.2387 
        H103  1 0.2433 0.2660 0.2267 0.2640 
        H104  1 0.2663 0.2343 0.2584 0.2409 
        H105  1 0.2552 0.2395 0.2622 0.2431 
        H106  1 0.2631 0.2453 0.2420 0.2495 
        H112  1 0.2633 0.2361 0.2585 0.2420 
        H113  1 0.2492 0.2310 0.2855 0.2343 
        H114  1 0.2492 0.2359 0.2756 0.2394 
        H115  1 0.2699 0.2305 0.2683 0.2313 
        H143  1 0.2624 0.2477 0.2413 0.2487 
        H144  1 0.2480 0.2565 0.2478 0.2476 
        H145  1 0.2218 0.2688 0.2454 0.2640 
        H149  1 0.2634 0.2446 0.2451 0.2469 
        H150  1 0.2343 0.2420 0.2881 0.2355 
     H167542  1 0.2676 0.2313 0.2652 0.2359 
     H169604  1 0.2448 0.2405 0.2710 0.2436 
     H169607  1 0.2401 0.2518 0.2526 0.2555 
     H169608  1 0.2498 0.2459 0.2596 0.2447 
     H169633  1 0.2495 0.2488 0.2533 0.2485 
     H169688  1 0.2457 0.2625 0.2302 0.2617 
     H169714  1 0.2598 0.2460 0.2492 0.2450 
     H171802  1 0.2540 0.2479 0.2457 0.2524 
     H171805  1 0.2592 0.2401 0.2537 0.2471 
     H171807  1 0.2461 0.2522 0.2491 0.2526 
     H171814  1 0.2264 0.2743 0.2363 0.2630 
     H171816  1 0.2594 0.2354 0.2704 0.2348 
     H171817  1 0.2589 0.2262 0.2853 0.2297 
     H171818  1 0.2701 0.2422 0.2467 0.2410 
     H171819  1 0.2427 0.2360 0.2802 0.2411 
     H171834  1 0.2788 0.2336 0.2519 0.2357 
     H171835  1 0.2340 0.2438 0.2772 0.2450 
     H171836  1 0.2449 0.2511 0.2518 0.2522 
     H171837  1 0.2477 0.2405 0.2704 0.2414 
     H171838  1 0.2477 0.2521 0.2537 0.2465 
     H171839  1 0.2402 0.2390 0.2777 0.2431 
     H171841  1 0.2426 0.2513 0.2528 0.2532 
     H171860  1 0.2375 0.2380 0.2798 0.2447 
     H171861  1 0.2525 0.2538 0.2405 0.2532 
     H171862  1 0.2577 0.2449 0.2535 0.2440 
     H171868  1 0.2536 0.2334 0.2698 0.2432 
     H171869  1 0.2477 0.2676 0.2251 0.2595 
     H171870  1 0.2535 0.2539 0.2366 0.2560 
     H171871  1 0.2462 0.2533 0.2422 0.2584 
     H171872  1 0.2456 0.2380 0.2753 0.2410 
     H171873  1 0.2552 0.2503 0.2387 0.2559 
     H171874  1 0.2473 0.2603 0.2298 0.2626 
     H171875  1 0.2405 0.2560 0.2534 0.2500 
     H171876  1 0.2493 0.2523 0.2415 0.2569 
     H171877  1 0.2525 0.2347 0.2738 0.2390 
     H171878  1 0.2555 0.2547 0.2332 0.2567 
     H171901  1 0.2697 0.2363 0.2531 0.2409 
     H171902  1 0.2318 0.2591 0.2519 0.2572 
     H171903  1 0.2601 0.2400 0.2539 0.2460 
     H171935  1 0.2454 0.2573 0.2389 0.2584 
     H171936  1 0.2661 0.2406 0.2524 0.2410 
     H171940  1 0.2601 0.2402 0.2559 0.2438 
     H171945  1 0.2477 0.2467 0.2571 0.2485 
     H171948  1 0.2641 0.2382 0.2560 0.2417 
     H171949  1 0.2629 0.2377 0.2601 0.2394 
     H171950  1 0.2729 0.2487 0.2284 0.2500 
     H171963  1 0.2478 0.2559 0.2384 0.2578 
     H171964  1 0.2175 0.2754 0.2447 0.2624 
     H171966  1 0.2368 0.2598 0.2407 0.2627 
     H171968  1 0.2525 0.2542 0.2434 0.2499 
     H171971  1 0.2708 0.2491 0.2327 0.2475 
     H171972  1 0.2467 0.2504 0.2512 0.2518 
     H171977  1 0.2222 0.2661 0.2498 0.2618 
     H171978  1 0.2562 0.2540 0.2348 0.2549 
     H171979  1 0.2452 0.2499 0.2461 0.2588 
        H176  1 0.2428 0.2413 0.2708 0.2451 
        H177  1 0.2825 0.2343 0.2452 0.2380 
        H179  1 0.2633 0.2257 0.2794 0.2317 
        H181  1 0.2491 0.2568 0.2383 0.2559 
        H182  1 0.2384 0.2534 0.2542 0.2540 
        H183  1 0.2470 0.2608 0.2282 0.2641 
        H184  1 0.2530 0.2422 0.2600 0.2449 
        H185  1 0.2494 0.2495 0.2544 0.2467 
        H186  1 0.2518 0.2546 0.2482 0.2454 
        H187  1 0.2659 0.2428 0.2437 0.2477 
        H188  1 0.2486 0.2475 0.2579 0.2460 
        H192  1 0.2563 0.2370 0.2663 0.2404 
        H193  1 0.2375 0.2633 0.2336 0.2656 
        H194  1 0.2536 0.2399 0.2656 0.2410 
        H195  1 0.2349 0.2734 0.2211 0.2706 
        H199  1 0.2385 0.2593 0.2416 0.2607 
        H200  1 0.2461 0.2454 0.2565 0.2521 
        H414  1 0.2511 0.2624 0.2319 0.2545 
        H415  1 0.2631 0.2403 0.2548 0.2418 
        H422  1 0.2445 0.2656 0.2310 0.2589 
        H423  1 0.2429 0.2446 0.2682 0.2443 
        H424  1 0.2351 0.2536 0.2590 0.2523 
        H425  1 0.2390 0.2560 0.2578 0.2473 
        H426  1 0.2249 0.2862 0.2172 0.2717 
        H443  1 0.2327 0.2721 0.2367 0.2586 
        H466  1 0.2566 0.2545 0.2326 0.2564 
        H467  1 0.2424 0.2555 0.2485 0.2536 
        H472  1 0.2407 0.2486 0.2577 0.2530 
        H483  1 0.2586 0.2436 0.2536 0.2442 
        H504  1 0.2257 0.2655 0.2499 0.2590 
        H505  1 0.2729 0.2392 0.2465 0.2414 
        H506  1 0.2506 0.2532 0.2478 0.2484 
        H507  1 0.2463 0.2527 0.2436 0.2573 
        H508  1 0.2333 0.2665 0.2301 0.2700 
        H524  1 0.2646 0.2455 0.2424 0.2474 
        H525  1 0.2377 0.2506 0.2576 0.2541 
        H526  1 0.2426 0.2430 0.2738 0.2406 
        H527  1 0.2827 0.2363 0.2413 0.2397 
        H528  1 0.2349 0.2638 0.2499 0.2513 
        H529  1 0.2502 0.2539 0.2479 0.2480 
        H533  1 0.2488 0.2504 0.2519 0.2489 
        H538  1 0.2539 0.2386 0.2652 0.2423 
        H539  1 0.2549 0.2498 0.2362 0.2592 
        H540  1 0.2660 0.2302 0.2702 0.2336 
        H541  1 0.2511 0.2429 0.2644 0.2417 
        H558  1 0.2468 0.2670 0.2225 0.2636 
        H559  1 0.2575 0.2507 0.2460 0.2458 
        H579  1 0.2394 0.2626 0.2397 0.2583 
        H584  1 0.2308 0.2664 0.2462 0.2566 
        H585  1 0.2599 0.2538 0.2386 0.2478 
        H605  1 0.2623 0.2513 0.2372 0.2492 
        H606  1 0.2725 0.2376 0.2485 0.2414 
        H632  1 0.2293 0.2741 0.2316 0.2650 
        H634  1 0.2599 0.2559 0.2359 0.2483 
        H671  1 0.2392 0.2422 0.2717 0.2469 
        H672  1 0.2537 0.2507 0.2442 0.2514 
        H673  1 0.2419 0.2636 0.2402 0.2543 
        H689  1 0.2287 0.2548 0.2625 0.2540 
        H690  1 0.2713 0.2311 0.2653 0.2323 
        H691  1 0.2532 0.2460 0.2545 0.2463 
        H692  1 0.2442 0.2655 0.2349 0.2554 
        H709  1 0.2448 0.2626 0.2312 0.2615 
        H710  1 0.2312 0.2685 0.2338 0.2664 
       H7355  1 0.2311 0.2324 0.3021 0.2344 
       H7356  1 0.2505 0.2492 0.2504 0.2498 
       H7357  1 0.2636 0.2312 0.2671 0.2381 
       H7358  1 0.2442 0.2555 0.2395 0.2608 
       H7380  1 0.2477 0.2422 0.2690 0.2411 
       H7381  1 0.2447 0.2578 0.2459 0.2516 
       H7382  1 0.2552 0.2492 0.2448 0.2508 
        H904  1 0.2812 0.2344 0.2451 0.2393 
        H923  1 0.2406 0.2552 0.2530 0.2512 
        H924  1 0.2620 0.2418 0.2545 0.2417 
        H925  1 0.2617 0.2432 0.2494 0.2457 
       H9558  1 0.2427 0.2737 0.2174 0.2662 
        H111  3 0.2436 0.2579 0.2459 0.2526 
        H951  3 0.2418 0.2528 0.2557 0.2496 
        H952  3 0.2288 0.2676 0.2366 0.2670 
        H953  3 0.2308 0.2500 0.2728 0.2463 
        H954  3 0.2798 0.2382 0.2442 0.2378 
        H955  3 0.2548 0.2556 0.2328 0.2567 
        H956  3 0.2414 0.2475 0.2619 0.2492 
       H9563  3 0.2622 0.2352 0.2662 0.2364 
      H_PALI  6 0.2780 0.2402 0.2393 0.2425 
        H581  6 0.2631 0.2433 0.2521 0.2415 
        H582  6 0.2484 0.2632 0.2264 0.2621 
        H583  6 0.2700 0.2489 0.2341 0.2470 
        H595  6 0.2495 0.2504 0.2464 0.2537 
        H596  6 0.2421 0.2559 0.2516 0.2504 
        H597  6 0.2374 0.2672 0.2389 0.2565 
        H598  6 0.2574 0.2385 0.2605 0.2436 
        H599  6 0.2539 0.2483 0.2450 0.2528 
        H642  6 0.2322 0.2685 0.2252 0.2741 
        H643  6 0.2461 0.2385 0.2798 0.2356 
        H664  6 0.2564 0.2624 0.2220 0.2592 
        H665  6 0.2587 0.2238 0.2877 0.2297 
        H674  6 0.2300 0.2713 0.2312 0.2675 
        H675  6 0.2443 0.2592 0.2356 0.2609 
        H676  6 0.2342 0.2645 0.2376 0.2637 
        H686  6 0.2442 0.2596 0.2405 0.2557 
        H687  6 0.2460 0.2539 0.2496 0.2505 
        H917  6 0.2685 0.2367 0.2585 0.2362 
        H918  6 0.2622 0.2432 0.2491 0.2456 
        H919  6 0.2409 0.2289 0.2957 0.2345 
        H920  6 0.2746 0.2422 0.2415 0.2417 
        H631  7 0.2470 0.2443 0.2641 0.2446 
        H684  7 0.2210 0.2723 0.2360 0.2708 
        H685  7 0.2362 0.2564 0.2532 0.2543 
        H713  7 0.2664 0.2490 0.2349 0.2497 
        H715  7 0.2275 0.2603 0.2489 0.2633 
        H716  7 0.2410 0.2549 0.2556 0.2485 
        H717  7 0.2469 0.2547 0.2409 0.2574 
        H729  7 0.2522 0.2448 0.2558 0.2472 
        H730  7 0.2405 0.2370 0.2842 0.2382 
        H600  9 0.2584 0.2490 0.2453 0.2473 
        H648  9 0.2316 0.2600 0.2469 0.2614 
        H696  9 0.2256 0.2712 0.2297 0.2735 
        H697  9 0.2421 0.2508 0.2572 0.2498 
        H698  9 0.2422 0.2532 0.2526 0.2520 
        H699  9 0.2530 0.2517 0.2483 0.2471 
        H700  9 0.2673 0.2371 0.2529 0.2426 
        H732  9 0.2510 0.2651 0.2277 0.2562 
        H733  9 0.2627 0.2423 0.2449 0.2501 
        H734  9 0.2485 0.2561 0.2381 0.2574 
        H735  9 0.2310 0.2560 0.2530 0.2600 
        H736  9 0.2466 0.2489 0.2447 0.2598 
        H737  9 0.2389 0.2554 0.2563 0.2494 
        H905  9 0.2705 0.2363 0.2532 0.2399 
        H921  9 0.2693 0.2282 0.2683 0.2341 
        H922  9 0.2508 0.2473 0.2492 0.2527 
        H409 12 0.2573 0.2366 0.2643 0.2418 
        H413 12 0.2283 0.2821 0.2098 0.2798 
        H419 12 0.2495 0.2378 0.2734 0.2393 
        H420 12 0.2473 0.2470 0.2551 0.2505 
        H421 12 0.2554 0.2521 0.2398 0.2527 
        H435 12 0.2304 0.2569 0.2559 0.2567 
        H436 12 0.2532 0.2413 0.2615 0.2440 
        H437 12 0.2704 0.2414 0.2487 0.2395 
        H445 12 0.2550 0.2429 0.2587 0.2433 
        H449 12 0.2312 0.2703 0.2365 0.2620 
        H463 12 0.2483 0.2492 0.2443 0.2581 
        H464 12 0.2340 0.2663 0.2357 0.2640 
        H465 12 0.2293 0.2858 0.2154 0.2695 
        H490 12 0.2440 0.2623 0.2361 0.2577 
        H561 12 0.2482 0.2409 0.2678 0.2430 
        H562 12 0.2638 0.2368 0.2588 0.2406 
        H563 12 0.2590 0.2361 0.2694 0.2355 
        H570 12 0.2664 0.2338 0.2614 0.2385 
        H571 12 0.2428 0.2710 0.2189 0.2673 
        H572 12 0.2590 0.2471 0.2450 0.2489 
        H573 12 0.2625 0.2459 0.2490 0.2426 
       H7372 12 0.2446 0.2479 0.2545 0.2529 
       H7373 12 0.2315 0.2737 0.2311 0.2637 
       H7374 12 0.2472 0.2515 0.2443 0.2570 
       H7375 12 0.2639 0.2432 0.2486 0.2443 
       H7376 12 0.2422 0.2375 0.2763 0.2439 
       H7377 12 0.2728 0.2307 0.2630 0.2335 
