        H102  1 0.1378 0.1366 0.1326 0.1505 0.1325 0.1550 0.1550 
        H103  1 0.1391 0.1433 0.1497 0.1390 0.1521 0.1474 0.1294 
        H104  1 0.1381 0.1372 0.1378 0.1506 0.1391 0.1452 0.1520 
        H105  1 0.1401 0.1409 0.1399 0.1478 0.1394 0.1492 0.1425 
        H106  1 0.1450 0.1416 0.1416 0.1455 0.1412 0.1450 0.1402 
        H112  1 0.1401 0.1426 0.1402 0.1462 0.1398 0.1471 0.1440 
        H113  1 0.1427 0.1466 0.1341 0.1496 0.1355 0.1465 0.1448 
        H114  1 0.1481 0.1470 0.1364 0.1488 0.1411 0.1390 0.1397 
        H115  1 0.1407 0.1412 0.1386 0.1468 0.1307 0.1470 0.1549 
        H143  1 0.1383 0.1393 0.1443 0.1453 0.1383 0.1483 0.1463 
        H144  1 0.1428 0.1440 0.1501 0.1400 0.1465 0.1458 0.1308 
        H145  1 0.1468 0.1526 0.1508 0.1360 0.1489 0.1365 0.1284 
        H149  1 0.1354 0.1394 0.1377 0.1452 0.1415 0.1436 0.1572 
        H150  1 0.1470 0.1440 0.1449 0.1386 0.1443 0.1423 0.1389 
     H167542  1 0.1529 0.1419 0.1348 0.1484 0.1318 0.1457 0.1446 
     H169604  1 0.1483 0.1425 0.1406 0.1495 0.1368 0.1426 0.1396 
     H169607  1 0.1464 0.1492 0.1459 0.1423 0.1446 0.1423 0.1293 
     H169608  1 0.1435 0.1383 0.1371 0.1447 0.1374 0.1444 0.1546 
     H169633  1 0.1485 0.1465 0.1442 0.1403 0.1425 0.1396 0.1383 
     H169688  1 0.1430 0.1465 0.1454 0.1397 0.1510 0.1454 0.1289 
     H169714  1 0.1415 0.1442 0.1423 0.1422 0.1415 0.1413 0.1469 
     H171802  1 0.1368 0.1419 0.1419 0.1446 0.1403 0.1437 0.1509 
     H171805  1 0.1460 0.1439 0.1421 0.1433 0.1439 0.1460 0.1350 
     H171807  1 0.1422 0.1437 0.1405 0.1443 0.1412 0.1413 0.1468 
     H171814  1 0.1387 0.1446 0.1565 0.1355 0.1530 0.1414 0.1303 
     H171816  1 0.1413 0.1434 0.1404 0.1422 0.1357 0.1429 0.1541 
     H171817  1 0.1478 0.1410 0.1339 0.1449 0.1330 0.1486 0.1507 
     H171818  1 0.1405 0.1410 0.1392 0.1489 0.1415 0.1449 0.1440 
     H171819  1 0.1453 0.1467 0.1370 0.1459 0.1388 0.1404 0.1459 
     H171834  1 0.1428 0.1367 0.1388 0.1497 0.1389 0.1426 0.1505 
     H171835  1 0.1452 0.1428 0.1413 0.1441 0.1384 0.1363 0.1520 
     H171836  1 0.1497 0.1462 0.1486 0.1418 0.1439 0.1446 0.1252 
     H171837  1 0.1437 0.1448 0.1382 0.1392 0.1428 0.1442 0.1470 
     H171838  1 0.1414 0.1473 0.1418 0.1401 0.1450 0.1448 0.1396 
     H171839  1 0.1460 0.1439 0.1435 0.1383 0.1429 0.1486 0.1368 
     H171841  1 0.1400 0.1400 0.1413 0.1367 0.1401 0.1411 0.1608 
     H171860  1 0.1530 0.1450 0.1395 0.1408 0.1396 0.1404 0.1417 
     H171861  1 0.1443 0.1349 0.1371 0.1513 0.1417 0.1486 0.1420 
     H171862  1 0.1384 0.1439 0.1412 0.1396 0.1427 0.1535 0.1405 
     H171868  1 0.1405 0.1453 0.1382 0.1466 0.1357 0.1527 0.1410 
     H171869  1 0.1442 0.1405 0.1492 0.1408 0.1446 0.1379 0.1428 
     H171870  1 0.1378 0.1411 0.1461 0.1388 0.1452 0.1468 0.1444 
     H171871  1 0.1376 0.1459 0.1488 0.1431 0.1464 0.1396 0.1386 
     H171872  1 0.1458 0.1409 0.1376 0.1466 0.1371 0.1390 0.1529 
     H171873  1 0.1362 0.1464 0.1467 0.1341 0.1470 0.1495 0.1401 
     H171874  1 0.1413 0.1431 0.1455 0.1457 0.1480 0.1428 0.1336 
     H171875  1 0.1507 0.1437 0.1420 0.1447 0.1445 0.1452 0.1291 
     H171876  1 0.1397 0.1453 0.1441 0.1423 0.1470 0.1413 0.1404 
     H171877  1 0.1666 0.1378 0.1333 0.1500 0.1332 0.1391 0.1400 
     H171878  1 0.1366 0.1442 0.1468 0.1439 0.1412 0.1423 0.1450 
     H171901  1 0.1403 0.1434 0.1396 0.1487 0.1392 0.1415 0.1473 
     H171902  1 0.1433 0.1440 0.1485 0.1369 0.1495 0.1433 0.1345 
     H171903  1 0.1467 0.1441 0.1383 0.1474 0.1392 0.1455 0.1388 
     H171935  1 0.1387 0.1446 0.1482 0.1386 0.1466 0.1408 0.1425 
     H171936  1 0.1452 0.1410 0.1414 0.1470 0.1367 0.1391 0.1496 
     H171940  1 0.1459 0.1401 0.1399 0.1468 0.1393 0.1457 0.1422 
     H171945  1 0.1394 0.1454 0.1437 0.1387 0.1458 0.1455 0.1416 
     H171948  1 0.1386 0.1414 0.1350 0.1451 0.1375 0.1415 0.1609 
     H171949  1 0.1387 0.1404 0.1321 0.1483 0.1357 0.1452 0.1596 
     H171950  1 0.1349 0.1316 0.1311 0.1489 0.1319 0.1358 0.1859 
     H171963  1 0.1487 0.1454 0.1457 0.1443 0.1417 0.1410 0.1332 
     H171964  1 0.1375 0.1500 0.1550 0.1269 0.1575 0.1390 0.1341 
     H171966  1 0.1435 0.1420 0.1425 0.1415 0.1440 0.1443 0.1421 
     H171968  1 0.1388 0.1413 0.1407 0.1405 0.1418 0.1458 0.1511 
     H171971  1 0.1365 0.1412 0.1429 0.1485 0.1417 0.1421 0.1471 
     H171972  1 0.1431 0.1431 0.1448 0.1422 0.1442 0.1381 0.1444 
     H171977  1 0.1511 0.1457 0.1501 0.1379 0.1440 0.1372 0.1340 
     H171978  1 0.1376 0.1465 0.1443 0.1405 0.1431 0.1398 0.1483 
     H171979  1 0.1450 0.1480 0.1443 0.1445 0.1446 0.1394 0.1341 
        H176  1 0.1497 0.1409 0.1383 0.1453 0.1348 0.1430 0.1480 
        H177  1 0.1373 0.1437 0.1411 0.1444 0.1380 0.1494 0.1462 
        H179  1 0.1410 0.1408 0.1385 0.1506 0.1331 0.1459 0.1502 
        H181  1 0.1369 0.1460 0.1451 0.1474 0.1442 0.1396 0.1407 
        H182  1 0.1476 0.1429 0.1425 0.1454 0.1440 0.1444 0.1331 
        H183  1 0.1365 0.1455 0.1508 0.1424 0.1483 0.1428 0.1336 
        H184  1 0.1447 0.1403 0.1389 0.1430 0.1385 0.1429 0.1517 
        H185  1 0.1444 0.1443 0.1445 0.1416 0.1453 0.1460 0.1341 
        H186  1 0.1371 0.1441 0.1495 0.1378 0.1484 0.1484 0.1346 
        H187  1 0.1415 0.1446 0.1363 0.1512 0.1411 0.1418 0.1436 
        H188  1 0.1527 0.1377 0.1372 0.1490 0.1359 0.1364 0.1511 
        H192  1 0.1433 0.1429 0.1366 0.1409 0.1363 0.1481 0.1520 
        H193  1 0.1471 0.1424 0.1468 0.1383 0.1473 0.1490 0.1291 
        H194  1 0.1471 0.1405 0.1416 0.1402 0.1403 0.1438 0.1466 
        H195  1 0.1439 0.1486 0.1511 0.1385 0.1526 0.1358 0.1295 
        H199  1 0.1405 0.1457 0.1480 0.1394 0.1503 0.1399 0.1361 
        H200  1 0.1476 0.1421 0.1435 0.1397 0.1432 0.1477 0.1362 
        H414  1 0.1351 0.1436 0.1506 0.1411 0.1500 0.1426 0.1371 
        H415  1 0.1432 0.1449 0.1424 0.1465 0.1408 0.1384 0.1437 
        H422  1 0.1388 0.1424 0.1489 0.1371 0.1491 0.1443 0.1393 
        H423  1 0.1439 0.1405 0.1409 0.1412 0.1378 0.1445 0.1511 
        H424  1 0.1414 0.1477 0.1451 0.1384 0.1473 0.1471 0.1329 
        H425  1 0.1395 0.1501 0.1503 0.1393 0.1494 0.1432 0.1281 
        H426  1 0.1333 0.1417 0.1534 0.1348 0.1517 0.1375 0.1476 
        H443  1 0.1366 0.1459 0.1543 0.1337 0.1510 0.1445 0.1339 
        H466  1 0.1404 0.1412 0.1421 0.1444 0.1400 0.1425 0.1493 
        H467  1 0.1371 0.1468 0.1446 0.1361 0.1415 0.1445 0.1494 
        H472  1 0.1443 0.1422 0.1426 0.1441 0.1421 0.1429 0.1418 
        H483  1 0.1427 0.1464 0.1432 0.1433 0.1402 0.1478 0.1363 
        H504  1 0.1385 0.1461 0.1489 0.1422 0.1515 0.1405 0.1324 
        H505  1 0.1431 0.1393 0.1356 0.1515 0.1353 0.1455 0.1498 
        H506  1 0.1426 0.1491 0.1433 0.1416 0.1440 0.1422 0.1371 
        H507  1 0.1518 0.1452 0.1435 0.1446 0.1455 0.1368 0.1325 
        H508  1 0.1461 0.1424 0.1461 0.1361 0.1485 0.1471 0.1337 
        H524  1 0.1440 0.1428 0.1424 0.1477 0.1427 0.1431 0.1373 
        H525  1 0.1533 0.1425 0.1413 0.1405 0.1447 0.1432 0.1344 
        H526  1 0.1490 0.1381 0.1416 0.1435 0.1416 0.1484 0.1378 
        H527  1 0.1404 0.1394 0.1374 0.1486 0.1352 0.1420 0.1570 
        H528  1 0.1450 0.1435 0.1486 0.1382 0.1477 0.1427 0.1344 
        H529  1 0.1446 0.1461 0.1513 0.1376 0.1476 0.1479 0.1249 
        H533  1 0.1436 0.1450 0.1415 0.1452 0.1461 0.1431 0.1355 
        H538  1 0.1442 0.1459 0.1387 0.1495 0.1420 0.1393 0.1406 
        H539  1 0.1417 0.1426 0.1431 0.1456 0.1457 0.1422 0.1391 
        H540  1 0.1407 0.1456 0.1382 0.1482 0.1382 0.1450 0.1442 
        H541  1 0.1454 0.1476 0.1413 0.1433 0.1375 0.1379 0.1470 
        H558  1 0.1398 0.1484 0.1469 0.1413 0.1480 0.1389 0.1367 
        H559  1 0.1377 0.1401 0.1397 0.1465 0.1411 0.1448 0.1500 
        H579  1 0.1397 0.1437 0.1513 0.1383 0.1420 0.1385 0.1465 
        H584  1 0.1429 0.1434 0.1533 0.1371 0.1532 0.1370 0.1331 
        H585  1 0.1412 0.1426 0.1468 0.1473 0.1424 0.1436 0.1360 
        H605  1 0.1415 0.1376 0.1447 0.1408 0.1459 0.1504 0.1390 
        H606  1 0.1361 0.1365 0.1401 0.1464 0.1378 0.1442 0.1589 
        H632  1 0.1399 0.1485 0.1519 0.1345 0.1512 0.1435 0.1306 
        H634  1 0.1373 0.1407 0.1484 0.1428 0.1439 0.1437 0.1432 
        H671  1 0.1482 0.1437 0.1413 0.1440 0.1374 0.1386 0.1468 
        H672  1 0.1405 0.1411 0.1449 0.1408 0.1439 0.1419 0.1468 
        H673  1 0.1441 0.1441 0.1477 0.1384 0.1489 0.1406 0.1361 
        H689  1 0.1472 0.1465 0.1483 0.1373 0.1471 0.1411 0.1326 
        H690  1 0.1426 0.1407 0.1363 0.1480 0.1359 0.1489 0.1475 
        H691  1 0.1445 0.1433 0.1406 0.1509 0.1377 0.1383 0.1448 
        H692  1 0.1430 0.1412 0.1518 0.1390 0.1512 0.1439 0.1299 
        H709  1 0.1392 0.1416 0.1462 0.1383 0.1487 0.1507 0.1352 
        H710  1 0.1379 0.1479 0.1501 0.1362 0.1517 0.1445 0.1318 
       H7355  1 0.1569 0.1487 0.1376 0.1448 0.1361 0.1421 0.1337 
       H7356  1 0.1410 0.1446 0.1484 0.1393 0.1467 0.1417 0.1383 
       H7357  1 0.1418 0.1391 0.1320 0.1457 0.1336 0.1575 0.1503 
       H7358  1 0.1531 0.1363 0.1431 0.1457 0.1436 0.1388 0.1394 
       H7380  1 0.1412 0.1382 0.1446 0.1416 0.1428 0.1502 0.1414 
       H7381  1 0.1382 0.1412 0.1490 0.1405 0.1443 0.1394 0.1474 
       H7382  1 0.1413 0.1443 0.1440 0.1449 0.1442 0.1376 0.1437 
        H904  1 0.1307 0.1371 0.1359 0.1456 0.1328 0.1480 0.1699 
        H923  1 0.1441 0.1459 0.1451 0.1374 0.1470 0.1450 0.1355 
        H924  1 0.1477 0.1425 0.1371 0.1419 0.1378 0.1399 0.1531 
        H925  1 0.1437 0.1487 0.1424 0.1418 0.1452 0.1419 0.1365 
       H9558  1 0.1359 0.1448 0.1523 0.1354 0.1536 0.1424 0.1357 
        H111  3 0.1405 0.1444 0.1485 0.1392 0.1477 0.1460 0.1337 
        H951  3 0.1456 0.1459 0.1391 0.1454 0.1446 0.1447 0.1346 
        H952  3 0.1426 0.1397 0.1491 0.1411 0.1510 0.1381 0.1384 
        H953  3 0.1510 0.1426 0.1441 0.1460 0.1431 0.1371 0.1360 
        H954  3 0.1350 0.1343 0.1323 0.1511 0.1398 0.1353 0.1721 
        H955  3 0.1415 0.1445 0.1469 0.1434 0.1439 0.1418 0.1381 
        H956  3 0.1433 0.1412 0.1442 0.1407 0.1425 0.1402 0.1479 
       H9563  3 0.1464 0.1353 0.1365 0.1500 0.1341 0.1395 0.1582 
      H_PALI  6 0.1391 0.1447 0.1403 0.1473 0.1400 0.1446 0.1441 
        H581  6 0.1415 0.1426 0.1369 0.1472 0.1395 0.1373 0.1550 
        H582  6 0.1352 0.1427 0.1447 0.1419 0.1461 0.1391 0.1503 
        H583  6 0.1390 0.1415 0.1379 0.1502 0.1369 0.1375 0.1570 
        H595  6 0.1416 0.1398 0.1444 0.1475 0.1429 0.1439 0.1399 
        H596  6 0.1529 0.1460 0.1458 0.1418 0.1450 0.1420 0.1265 
        H597  6 0.1406 0.1415 0.1510 0.1347 0.1511 0.1511 0.1300 
        H598  6 0.1362 0.1408 0.1377 0.1462 0.1378 0.1456 0.1557 
        H599  6 0.1436 0.1393 0.1399 0.1466 0.1425 0.1365 0.1515 
        H642  6 0.1370 0.1469 0.1525 0.1363 0.1519 0.1405 0.1349 
        H643  6 0.1452 0.1392 0.1408 0.1401 0.1423 0.1442 0.1482 
        H664  6 0.1343 0.1470 0.1470 0.1379 0.1467 0.1409 0.1462 
        H665  6 0.1478 0.1422 0.1321 0.1476 0.1349 0.1458 0.1496 
        H674  6 0.1408 0.1429 0.1515 0.1352 0.1495 0.1396 0.1406 
        H675  6 0.1382 0.1419 0.1421 0.1402 0.1444 0.1383 0.1550 
        H676  6 0.1411 0.1422 0.1510 0.1342 0.1470 0.1461 0.1384 
        H686  6 0.1433 0.1490 0.1444 0.1423 0.1440 0.1434 0.1337 
        H687  6 0.1411 0.1456 0.1446 0.1413 0.1486 0.1411 0.1378 
        H917  6 0.1440 0.1407 0.1364 0.1497 0.1370 0.1482 0.1440 
        H918  6 0.1490 0.1442 0.1389 0.1406 0.1423 0.1500 0.1351 
        H919  6 0.1462 0.1468 0.1334 0.1441 0.1340 0.1410 0.1544 
        H920  6 0.1360 0.1389 0.1360 0.1483 0.1385 0.1503 0.1519 
        H631  7 0.1428 0.1396 0.1376 0.1440 0.1391 0.1481 0.1488 
        H684  7 0.1474 0.1457 0.1513 0.1337 0.1489 0.1370 0.1361 
        H685  7 0.1401 0.1409 0.1430 0.1396 0.1432 0.1362 0.1571 
        H713  7 0.1316 0.1347 0.1389 0.1474 0.1382 0.1476 0.1615 
        H715  7 0.1478 0.1471 0.1492 0.1389 0.1447 0.1377 0.1346 
        H716  7 0.1455 0.1402 0.1482 0.1358 0.1416 0.1416 0.1472 
        H717  7 0.1419 0.1441 0.1456 0.1456 0.1396 0.1419 0.1412 
        H729  7 0.1500 0.1426 0.1429 0.1425 0.1426 0.1404 0.1390 
        H730  7 0.1569 0.1382 0.1349 0.1491 0.1379 0.1348 0.1483 
        H600  9 0.1390 0.1420 0.1440 0.1413 0.1417 0.1490 0.1429 
        H648  9 0.1426 0.1461 0.1482 0.1360 0.1437 0.1399 0.1435 
        H696  9 0.1403 0.1462 0.1522 0.1397 0.1514 0.1383 0.1319 
        H697  9 0.1443 0.1426 0.1413 0.1410 0.1426 0.1417 0.1466 
        H698  9 0.1392 0.1462 0.1437 0.1415 0.1408 0.1394 0.1492 
        H699  9 0.1417 0.1427 0.1447 0.1420 0.1418 0.1459 0.1413 
        H700  9 0.1416 0.1360 0.1350 0.1467 0.1365 0.1457 0.1585 
        H732  9 0.1314 0.1405 0.1473 0.1401 0.1449 0.1411 0.1547 
        H733  9 0.1418 0.1384 0.1419 0.1508 0.1414 0.1421 0.1436 
        H734  9 0.1451 0.1511 0.1444 0.1431 0.1449 0.1396 0.1318 
        H735  9 0.1477 0.1471 0.1476 0.1379 0.1458 0.1373 0.1364 
        H736  9 0.1413 0.1436 0.1445 0.1411 0.1484 0.1429 0.1382 
        H737  9 0.1378 0.1457 0.1426 0.1344 0.1470 0.1454 0.1471 
        H905  9 0.1387 0.1372 0.1366 0.1471 0.1342 0.1444 0.1617 
        H921  9 0.1488 0.1376 0.1315 0.1492 0.1321 0.1383 0.1625 
        H922  9 0.1488 0.1438 0.1405 0.1481 0.1384 0.1358 0.1446 
        H409 12 0.1474 0.1420 0.1369 0.1483 0.1415 0.1478 0.1361 
        H413 12 0.1394 0.1473 0.1498 0.1353 0.1495 0.1400 0.1387 
        H419 12 0.1482 0.1433 0.1409 0.1429 0.1405 0.1393 0.1449 
        H420 12 0.1405 0.1413 0.1403 0.1436 0.1437 0.1425 0.1481 
        H421 12 0.1441 0.1408 0.1379 0.1454 0.1438 0.1401 0.1478 
        H435 12 0.1509 0.1487 0.1431 0.1376 0.1436 0.1450 0.1311 
        H436 12 0.1456 0.1396 0.1355 0.1441 0.1376 0.1420 0.1555 
        H437 12 0.1412 0.1403 0.1355 0.1452 0.1384 0.1438 0.1556 
        H445 12 0.1444 0.1376 0.1403 0.1454 0.1398 0.1462 0.1463 
        H449 12 0.1424 0.1423 0.1525 0.1343 0.1506 0.1407 0.1371 
        H463 12 0.1417 0.1414 0.1412 0.1406 0.1433 0.1420 0.1498 
        H464 12 0.1440 0.1452 0.1513 0.1372 0.1460 0.1434 0.1328 
        H465 12 0.1427 0.1433 0.1472 0.1359 0.1517 0.1382 0.1409 
        H490 12 0.1412 0.1438 0.1508 0.1408 0.1507 0.1388 0.1339 
        H561 12 0.1442 0.1449 0.1391 0.1473 0.1401 0.1432 0.1412 
        H562 12 0.1396 0.1392 0.1359 0.1515 0.1350 0.1380 0.1607 
        H563 12 0.1439 0.1404 0.1361 0.1472 0.1359 0.1392 0.1573 
        H570 12 0.1393 0.1326 0.1363 0.1520 0.1329 0.1424 0.1644 
        H571 12 0.1379 0.1408 0.1459 0.1348 0.1495 0.1425 0.1487 
        H572 12 0.1398 0.1413 0.1417 0.1478 0.1395 0.1414 0.1486 
        H573 12 0.1445 0.1371 0.1394 0.1497 0.1392 0.1404 0.1498 
       H7372 12 0.1466 0.1404 0.1427 0.1490 0.1420 0.1430 0.1363 
       H7373 12 0.1448 0.1468 0.1535 0.1309 0.1504 0.1398 0.1338 
       H7374 12 0.1348 0.1378 0.1435 0.1450 0.1442 0.1391 0.1557 
       H7375 12 0.1413 0.1365 0.1364 0.1470 0.1361 0.1387 0.1639 
       H7376 12 0.1524 0.1450 0.1412 0.1450 0.1388 0.1386 0.1390 
       H7377 12 0.1337 0.1383 0.1306 0.1525 0.1286 0.1440 0.1721 
