        H102  1 0.0823 0.0868 0.0860 0.0791 0.0819 0.0826 0.0889 0.0811 0.0844 0.0808 0.0832 0.0830 
        H103  1 0.0835 0.0779 0.0828 0.0840 0.0853 0.0860 0.0819 0.0825 0.0836 0.0851 0.0822 0.0851 
        H104  1 0.0809 0.0867 0.0843 0.0810 0.0814 0.0826 0.0832 0.0817 0.0822 0.0818 0.0884 0.0858 
        H105  1 0.0836 0.0829 0.0813 0.0829 0.0830 0.0814 0.0843 0.0833 0.0842 0.0834 0.0822 0.0875 
        H106  1 0.0854 0.0836 0.0805 0.0817 0.0839 0.0828 0.0858 0.0817 0.0837 0.0829 0.0863 0.0818 
        H112  1 0.0828 0.0847 0.0831 0.0841 0.0829 0.0840 0.0834 0.0803 0.0822 0.0833 0.0840 0.0853 
        H113  1 0.0811 0.0852 0.0835 0.0819 0.0836 0.0825 0.0837 0.0816 0.0840 0.0813 0.0824 0.0891 
        H114  1 0.0822 0.0857 0.0850 0.0814 0.0831 0.0827 0.0839 0.0830 0.0833 0.0808 0.0816 0.0873 
        H115  1 0.0815 0.0891 0.0813 0.0818 0.0810 0.0805 0.0840 0.0816 0.0840 0.0805 0.0865 0.0880 
        H143  1 0.0809 0.0852 0.0836 0.0838 0.0833 0.0823 0.0850 0.0823 0.0840 0.0838 0.0813 0.0845 
        H144  1 0.0819 0.0789 0.0823 0.0838 0.0855 0.0844 0.0828 0.0860 0.0827 0.0846 0.0837 0.0834 
        H145  1 0.0847 0.0802 0.0840 0.0835 0.0849 0.0838 0.0841 0.0859 0.0826 0.0830 0.0813 0.0820 
        H149  1 0.0813 0.0869 0.0824 0.0828 0.0820 0.0826 0.0849 0.0828 0.0844 0.0819 0.0854 0.0827 
        H150  1 0.0820 0.0827 0.0831 0.0838 0.0828 0.0833 0.0830 0.0838 0.0834 0.0819 0.0833 0.0870 
     H167542  1 0.0848 0.0834 0.0823 0.0822 0.0833 0.0839 0.0858 0.0812 0.0831 0.0848 0.0828 0.0824 
     H169604  1 0.0832 0.0855 0.0829 0.0813 0.0843 0.0813 0.0833 0.0838 0.0846 0.0838 0.0829 0.0830 
     H169607  1 0.0854 0.0801 0.0823 0.0846 0.0836 0.0829 0.0858 0.0826 0.0825 0.0840 0.0802 0.0861 
     H169608  1 0.0841 0.0841 0.0870 0.0813 0.0815 0.0799 0.0849 0.0835 0.0831 0.0835 0.0823 0.0848 
     H169633  1 0.0837 0.0828 0.0838 0.0841 0.0833 0.0851 0.0828 0.0842 0.0818 0.0824 0.0835 0.0827 
     H169688  1 0.0841 0.0819 0.0827 0.0843 0.0837 0.0847 0.0827 0.0856 0.0837 0.0835 0.0812 0.0818 
     H169714  1 0.0818 0.0877 0.0837 0.0836 0.0851 0.0810 0.0834 0.0831 0.0810 0.0821 0.0828 0.0846 
     H171802  1 0.0817 0.0844 0.0852 0.0819 0.0840 0.0847 0.0818 0.0829 0.0840 0.0829 0.0803 0.0862 
     H171805  1 0.0821 0.0816 0.0827 0.0822 0.0823 0.0829 0.0853 0.0837 0.0833 0.0849 0.0833 0.0857 
     H171807  1 0.0853 0.0834 0.0835 0.0847 0.0840 0.0827 0.0833 0.0804 0.0826 0.0836 0.0824 0.0843 
     H171814  1 0.0857 0.0762 0.0847 0.0869 0.0859 0.0844 0.0792 0.0873 0.0828 0.0847 0.0822 0.0800 
     H171816  1 0.0826 0.0827 0.0856 0.0829 0.0827 0.0819 0.0836 0.0818 0.0839 0.0838 0.0838 0.0847 
     H171817  1 0.0819 0.0856 0.0838 0.0815 0.0809 0.0817 0.0882 0.0817 0.0842 0.0826 0.0843 0.0835 
     H171818  1 0.0827 0.0845 0.0816 0.0817 0.0823 0.0828 0.0837 0.0820 0.0853 0.0820 0.0893 0.0820 
     H171819  1 0.0839 0.0837 0.0867 0.0841 0.0803 0.0821 0.0847 0.0812 0.0821 0.0808 0.0861 0.0844 
     H171834  1 0.0822 0.0875 0.0838 0.0806 0.0806 0.0819 0.0855 0.0810 0.0816 0.0823 0.0874 0.0856 
     H171835  1 0.0821 0.0864 0.0864 0.0810 0.0842 0.0821 0.0822 0.0828 0.0838 0.0829 0.0822 0.0838 
     H171836  1 0.0826 0.0804 0.0811 0.0842 0.0853 0.0849 0.0809 0.0852 0.0845 0.0844 0.0838 0.0825 
     H171837  1 0.0817 0.0850 0.0835 0.0827 0.0825 0.0824 0.0830 0.0810 0.0839 0.0839 0.0851 0.0853 
     H171838  1 0.0810 0.0825 0.0834 0.0835 0.0825 0.0830 0.0824 0.0816 0.0826 0.0840 0.0864 0.0872 
     H171839  1 0.0837 0.0839 0.0853 0.0819 0.0816 0.0827 0.0827 0.0811 0.0840 0.0836 0.0834 0.0862 
     H171841  1 0.0849 0.0821 0.0866 0.0812 0.0833 0.0830 0.0832 0.0817 0.0854 0.0838 0.0825 0.0822 
     H171860  1 0.0844 0.0842 0.0846 0.0840 0.0825 0.0839 0.0846 0.0812 0.0831 0.0827 0.0811 0.0837 
     H171861  1 0.0837 0.0807 0.0809 0.0838 0.0850 0.0829 0.0871 0.0835 0.0834 0.0843 0.0818 0.0831 
     H171862  1 0.0823 0.0824 0.0827 0.0842 0.0827 0.0828 0.0835 0.0840 0.0848 0.0830 0.0842 0.0833 
     H171868  1 0.0832 0.0833 0.0840 0.0827 0.0807 0.0805 0.0849 0.0840 0.0827 0.0812 0.0845 0.0884 
     H171869  1 0.0836 0.0814 0.0830 0.0842 0.0860 0.0841 0.0812 0.0843 0.0841 0.0839 0.0841 0.0801 
     H171870  1 0.0805 0.0877 0.0828 0.0824 0.0839 0.0819 0.0838 0.0839 0.0845 0.0825 0.0826 0.0833 
     H171871  1 0.0839 0.0820 0.0821 0.0842 0.0841 0.0841 0.0811 0.0833 0.0839 0.0826 0.0869 0.0817 
     H171872  1 0.0827 0.0868 0.0849 0.0829 0.0831 0.0820 0.0851 0.0823 0.0824 0.0814 0.0850 0.0814 
     H171873  1 0.0831 0.0826 0.0819 0.0852 0.0856 0.0819 0.0841 0.0835 0.0831 0.0826 0.0839 0.0825 
     H171874  1 0.0846 0.0840 0.0813 0.0839 0.0838 0.0836 0.0815 0.0845 0.0810 0.0863 0.0824 0.0831 
     H171875  1 0.0832 0.0816 0.0824 0.0835 0.0862 0.0853 0.0818 0.0838 0.0824 0.0856 0.0817 0.0825 
     H171876  1 0.0849 0.0830 0.0840 0.0831 0.0840 0.0828 0.0829 0.0835 0.0831 0.0827 0.0836 0.0824 
     H171877  1 0.0826 0.0869 0.0837 0.0815 0.0806 0.0825 0.0838 0.0828 0.0855 0.0828 0.0845 0.0828 
     H171878  1 0.0830 0.0822 0.0861 0.0838 0.0817 0.0867 0.0817 0.0836 0.0818 0.0839 0.0845 0.0811 
     H171901  1 0.0853 0.0819 0.0834 0.0829 0.0826 0.0814 0.0859 0.0815 0.0831 0.0841 0.0835 0.0844 
     H171902  1 0.0842 0.0809 0.0840 0.0846 0.0847 0.0846 0.0793 0.0842 0.0835 0.0855 0.0814 0.0832 
     H171903  1 0.0834 0.0848 0.0834 0.0811 0.0837 0.0841 0.0814 0.0842 0.0820 0.0845 0.0819 0.0856 
     H171935  1 0.0811 0.0819 0.0845 0.0843 0.0828 0.0823 0.0827 0.0837 0.0856 0.0845 0.0859 0.0808 
     H171936  1 0.0844 0.0833 0.0832 0.0829 0.0818 0.0837 0.0851 0.0817 0.0818 0.0834 0.0834 0.0856 
     H171940  1 0.0824 0.0845 0.0821 0.0827 0.0812 0.0835 0.0874 0.0822 0.0848 0.0828 0.0828 0.0836 
     H171945  1 0.0850 0.0797 0.0851 0.0837 0.0836 0.0847 0.0842 0.0843 0.0823 0.0832 0.0806 0.0837 
     H171948  1 0.0811 0.0853 0.0845 0.0804 0.0817 0.0801 0.0859 0.0811 0.0843 0.0822 0.0850 0.0885 
     H171949  1 0.0824 0.0857 0.0823 0.0824 0.0830 0.0811 0.0846 0.0827 0.0849 0.0821 0.0858 0.0829 
     H171950  1 0.0811 0.0940 0.0812 0.0790 0.0836 0.0815 0.0896 0.0804 0.0823 0.0815 0.0845 0.0813 
     H171963  1 0.0841 0.0821 0.0832 0.0842 0.0819 0.0841 0.0841 0.0852 0.0845 0.0835 0.0817 0.0815 
     H171964  1 0.0807 0.0815 0.0837 0.0829 0.0870 0.0875 0.0771 0.0859 0.0823 0.0846 0.0845 0.0822 
     H171966  1 0.0827 0.0830 0.0806 0.0825 0.0832 0.0856 0.0842 0.0831 0.0851 0.0856 0.0805 0.0837 
     H171968  1 0.0839 0.0849 0.0838 0.0838 0.0827 0.0826 0.0841 0.0838 0.0833 0.0817 0.0830 0.0824 
     H171971  1 0.0824 0.0812 0.0816 0.0831 0.0836 0.0833 0.0826 0.0807 0.0842 0.0846 0.0898 0.0828 
     H171972  1 0.0853 0.0828 0.0809 0.0828 0.0828 0.0838 0.0809 0.0859 0.0849 0.0830 0.0827 0.0841 
     H171977  1 0.0843 0.0827 0.0824 0.0842 0.0857 0.0846 0.0811 0.0846 0.0828 0.0849 0.0818 0.0809 
     H171978  1 0.0847 0.0847 0.0859 0.0822 0.0821 0.0846 0.0852 0.0817 0.0844 0.0823 0.0811 0.0810 
     H171979  1 0.0835 0.0826 0.0837 0.0845 0.0819 0.0832 0.0830 0.0810 0.0842 0.0829 0.0867 0.0829 
        H176  1 0.0831 0.0799 0.0848 0.0826 0.0822 0.0835 0.0838 0.0847 0.0850 0.0821 0.0840 0.0844 
        H177  1 0.0832 0.0857 0.0837 0.0821 0.0814 0.0806 0.0884 0.0810 0.0820 0.0818 0.0849 0.0852 
        H179  1 0.0806 0.0879 0.0852 0.0823 0.0811 0.0803 0.0861 0.0816 0.0844 0.0801 0.0844 0.0861 
        H181  1 0.0809 0.0810 0.0819 0.0825 0.0815 0.0856 0.0857 0.0824 0.0820 0.0851 0.0838 0.0877 
        H182  1 0.0842 0.0811 0.0814 0.0832 0.0824 0.0845 0.0851 0.0837 0.0804 0.0858 0.0822 0.0859 
        H183  1 0.0833 0.0778 0.0826 0.0870 0.0859 0.0837 0.0822 0.0838 0.0830 0.0861 0.0813 0.0831 
        H184  1 0.0823 0.0841 0.0851 0.0821 0.0834 0.0823 0.0835 0.0807 0.0834 0.0838 0.0844 0.0850 
        H185  1 0.0816 0.0801 0.0827 0.0826 0.0814 0.0852 0.0836 0.0829 0.0845 0.0852 0.0839 0.0862 
        H186  1 0.0821 0.0833 0.0825 0.0843 0.0850 0.0852 0.0804 0.0850 0.0845 0.0834 0.0816 0.0828 
        H187  1 0.0857 0.0827 0.0835 0.0832 0.0826 0.0827 0.0857 0.0831 0.0824 0.0836 0.0843 0.0804 
        H188  1 0.0834 0.0872 0.0846 0.0804 0.0836 0.0833 0.0819 0.0821 0.0832 0.0853 0.0821 0.0830 
        H192  1 0.0819 0.0839 0.0842 0.0826 0.0812 0.0827 0.0819 0.0835 0.0836 0.0821 0.0862 0.0860 
        H193  1 0.0834 0.0808 0.0825 0.0862 0.0859 0.0842 0.0837 0.0844 0.0814 0.0842 0.0812 0.0822 
        H194  1 0.0818 0.0888 0.0835 0.0830 0.0828 0.0805 0.0815 0.0822 0.0846 0.0824 0.0846 0.0842 
        H195  1 0.0828 0.0821 0.0849 0.0838 0.0845 0.0852 0.0808 0.0855 0.0835 0.0859 0.0818 0.0792 
        H199  1 0.0843 0.0808 0.0816 0.0861 0.0850 0.0826 0.0836 0.0856 0.0836 0.0847 0.0799 0.0822 
        H200  1 0.0846 0.0813 0.0840 0.0847 0.0840 0.0839 0.0836 0.0842 0.0819 0.0841 0.0803 0.0834 
        H414  1 0.0820 0.0803 0.0822 0.0850 0.0842 0.0856 0.0821 0.0850 0.0823 0.0847 0.0834 0.0831 
        H415  1 0.0832 0.0832 0.0823 0.0827 0.0842 0.0843 0.0833 0.0820 0.0833 0.0833 0.0852 0.0831 
        H422  1 0.0834 0.0813 0.0828 0.0841 0.0845 0.0867 0.0826 0.0831 0.0828 0.0848 0.0806 0.0833 
        H423  1 0.0808 0.0849 0.0869 0.0820 0.0825 0.0833 0.0838 0.0808 0.0848 0.0830 0.0829 0.0844 
        H424  1 0.0840 0.0816 0.0832 0.0844 0.0832 0.0842 0.0822 0.0840 0.0827 0.0843 0.0830 0.0834 
        H425  1 0.0829 0.0794 0.0824 0.0851 0.0866 0.0859 0.0839 0.0838 0.0804 0.0848 0.0818 0.0830 
        H426  1 0.0837 0.0807 0.0821 0.0854 0.0878 0.0861 0.0796 0.0871 0.0805 0.0857 0.0814 0.0800 
        H443  1 0.0821 0.0825 0.0825 0.0865 0.0860 0.0852 0.0795 0.0846 0.0820 0.0874 0.0794 0.0823 
        H466  1 0.0827 0.0847 0.0839 0.0837 0.0838 0.0842 0.0825 0.0820 0.0829 0.0845 0.0825 0.0827 
        H467  1 0.0828 0.0897 0.0859 0.0825 0.0824 0.0823 0.0808 0.0830 0.0825 0.0820 0.0833 0.0828 
        H472  1 0.0847 0.0810 0.0827 0.0839 0.0842 0.0837 0.0818 0.0839 0.0838 0.0831 0.0833 0.0838 
        H483  1 0.0839 0.0827 0.0821 0.0820 0.0819 0.0838 0.0864 0.0824 0.0836 0.0831 0.0841 0.0841 
        H504  1 0.0840 0.0789 0.0843 0.0849 0.0847 0.0860 0.0818 0.0881 0.0811 0.0860 0.0812 0.0791 
        H505  1 0.0825 0.0846 0.0824 0.0826 0.0835 0.0843 0.0838 0.0820 0.0856 0.0840 0.0833 0.0814 
        H506  1 0.0820 0.0829 0.0842 0.0813 0.0845 0.0840 0.0859 0.0826 0.0837 0.0821 0.0835 0.0831 
        H507  1 0.0846 0.0824 0.0813 0.0844 0.0859 0.0857 0.0856 0.0821 0.0808 0.0826 0.0811 0.0834 
        H508  1 0.0838 0.0839 0.0846 0.0842 0.0839 0.0835 0.0798 0.0835 0.0836 0.0854 0.0815 0.0825 
        H524  1 0.0849 0.0817 0.0817 0.0840 0.0822 0.0819 0.0856 0.0827 0.0833 0.0836 0.0847 0.0838 
        H525  1 0.0835 0.0840 0.0831 0.0842 0.0830 0.0858 0.0818 0.0839 0.0832 0.0840 0.0815 0.0820 
        H526  1 0.0834 0.0817 0.0829 0.0824 0.0854 0.0843 0.0813 0.0841 0.0837 0.0823 0.0814 0.0872 
        H527  1 0.0856 0.0857 0.0832 0.0813 0.0828 0.0817 0.0835 0.0820 0.0823 0.0819 0.0899 0.0800 
        H528  1 0.0841 0.0805 0.0828 0.0833 0.0860 0.0862 0.0818 0.0861 0.0809 0.0839 0.0801 0.0843 
        H529  1 0.0833 0.0790 0.0825 0.0852 0.0842 0.0867 0.0850 0.0859 0.0803 0.0837 0.0809 0.0833 
        H533  1 0.0843 0.0809 0.0811 0.0843 0.0836 0.0829 0.0864 0.0828 0.0819 0.0842 0.0847 0.0828 
        H538  1 0.0824 0.0824 0.0850 0.0808 0.0818 0.0830 0.0878 0.0833 0.0822 0.0809 0.0847 0.0856 
        H539  1 0.0859 0.0819 0.0819 0.0830 0.0832 0.0838 0.0857 0.0840 0.0842 0.0822 0.0819 0.0822 
        H540  1 0.0849 0.0828 0.0817 0.0842 0.0818 0.0824 0.0848 0.0818 0.0823 0.0828 0.0853 0.0852 
        H541  1 0.0830 0.0876 0.0817 0.0829 0.0835 0.0805 0.0825 0.0835 0.0870 0.0818 0.0859 0.0802 
        H558  1 0.0861 0.0790 0.0839 0.0830 0.0829 0.0851 0.0806 0.0852 0.0834 0.0852 0.0839 0.0817 
        H559  1 0.0840 0.0848 0.0824 0.0806 0.0831 0.0835 0.0855 0.0836 0.0855 0.0819 0.0821 0.0830 
        H579  1 0.0829 0.0828 0.0858 0.0850 0.0819 0.0858 0.0820 0.0824 0.0839 0.0819 0.0825 0.0831 
        H584  1 0.0845 0.0799 0.0851 0.0849 0.0845 0.0850 0.0806 0.0865 0.0829 0.0850 0.0803 0.0808 
        H585  1 0.0821 0.0823 0.0845 0.0837 0.0852 0.0836 0.0817 0.0851 0.0804 0.0837 0.0860 0.0818 
        H605  1 0.0831 0.0845 0.0809 0.0847 0.0854 0.0821 0.0841 0.0830 0.0817 0.0839 0.0835 0.0831 
        H606  1 0.0808 0.0877 0.0836 0.0798 0.0838 0.0835 0.0879 0.0814 0.0834 0.0816 0.0845 0.0820 
        H632  1 0.0835 0.0799 0.0825 0.0859 0.0851 0.0870 0.0817 0.0832 0.0817 0.0851 0.0827 0.0816 
        H634  1 0.0828 0.0826 0.0836 0.0843 0.0843 0.0830 0.0821 0.0836 0.0840 0.0807 0.0848 0.0841 
        H671  1 0.0845 0.0826 0.0850 0.0834 0.0831 0.0830 0.0828 0.0824 0.0836 0.0849 0.0833 0.0816 
        H672  1 0.0824 0.0834 0.0822 0.0834 0.0835 0.0846 0.0846 0.0852 0.0833 0.0834 0.0822 0.0819 
        H673  1 0.0858 0.0816 0.0827 0.0829 0.0846 0.0849 0.0809 0.0850 0.0834 0.0840 0.0813 0.0828 
        H689  1 0.0820 0.0826 0.0851 0.0832 0.0855 0.0828 0.0811 0.0856 0.0839 0.0825 0.0835 0.0821 
        H690  1 0.0802 0.0858 0.0836 0.0806 0.0822 0.0842 0.0850 0.0814 0.0822 0.0817 0.0831 0.0901 
        H691  1 0.0859 0.0839 0.0823 0.0837 0.0831 0.0833 0.0837 0.0831 0.0856 0.0822 0.0815 0.0817 
        H692  1 0.0820 0.0784 0.0825 0.0843 0.0841 0.0875 0.0794 0.0848 0.0861 0.0865 0.0829 0.0815 
        H709  1 0.0814 0.0805 0.0815 0.0827 0.0853 0.0847 0.0836 0.0830 0.0866 0.0855 0.0825 0.0826 
        H710  1 0.0838 0.0809 0.0826 0.0856 0.0854 0.0851 0.0806 0.0857 0.0809 0.0838 0.0810 0.0847 
       H7355  1 0.0829 0.0844 0.0836 0.0832 0.0806 0.0820 0.0850 0.0811 0.0827 0.0835 0.0827 0.0882 
       H7356  1 0.0835 0.0833 0.0841 0.0829 0.0821 0.0827 0.0841 0.0840 0.0833 0.0844 0.0811 0.0844 
       H7357  1 0.0805 0.0836 0.0814 0.0835 0.0824 0.0837 0.0895 0.0828 0.0853 0.0801 0.0816 0.0857 
       H7358  1 0.0852 0.0814 0.0836 0.0853 0.0826 0.0844 0.0810 0.0854 0.0846 0.0851 0.0812 0.0802 
       H7380  1 0.0832 0.0822 0.0840 0.0814 0.0819 0.0825 0.0829 0.0815 0.0832 0.0862 0.0848 0.0861 
       H7381  1 0.0828 0.0862 0.0855 0.0832 0.0818 0.0826 0.0823 0.0849 0.0825 0.0835 0.0829 0.0819 
       H7382  1 0.0824 0.0852 0.0846 0.0838 0.0835 0.0825 0.0835 0.0823 0.0820 0.0843 0.0831 0.0828 
        H904  1 0.0817 0.0942 0.0857 0.0811 0.0804 0.0785 0.0844 0.0804 0.0823 0.0826 0.0862 0.0826 
        H923  1 0.0840 0.0824 0.0864 0.0844 0.0834 0.0869 0.0805 0.0831 0.0815 0.0838 0.0808 0.0830 
        H924  1 0.0842 0.0856 0.0841 0.0818 0.0834 0.0824 0.0853 0.0817 0.0825 0.0847 0.0830 0.0814 
        H925  1 0.0871 0.0815 0.0837 0.0829 0.0825 0.0821 0.0856 0.0836 0.0834 0.0809 0.0820 0.0847 
       H9558  1 0.0876 0.0772 0.0828 0.0862 0.0847 0.0856 0.0780 0.0863 0.0826 0.0861 0.0813 0.0816 
        H111  3 0.0842 0.0798 0.0821 0.0845 0.0858 0.0850 0.0812 0.0836 0.0835 0.0854 0.0839 0.0810 
        H951  3 0.0812 0.0815 0.0822 0.0832 0.0834 0.0846 0.0839 0.0850 0.0829 0.0817 0.0846 0.0858 
        H952  3 0.0836 0.0807 0.0837 0.0879 0.0867 0.0841 0.0797 0.0835 0.0820 0.0838 0.0824 0.0819 
        H953  3 0.0835 0.0823 0.0839 0.0839 0.0837 0.0822 0.0829 0.0830 0.0855 0.0831 0.0841 0.0819 
        H954  3 0.0825 0.0906 0.0825 0.0807 0.0815 0.0823 0.0861 0.0811 0.0839 0.0805 0.0866 0.0817 
        H955  3 0.0853 0.0796 0.0826 0.0867 0.0847 0.0838 0.0793 0.0846 0.0854 0.0847 0.0830 0.0804 
        H956  3 0.0822 0.0865 0.0844 0.0840 0.0841 0.0814 0.0839 0.0845 0.0837 0.0812 0.0817 0.0824 
       H9563  3 0.0836 0.0838 0.0837 0.0820 0.0835 0.0816 0.0817 0.0822 0.0835 0.0805 0.0918 0.0821 
      H_PALI  6 0.0844 0.0822 0.0827 0.0828 0.0830 0.0822 0.0850 0.0793 0.0844 0.0822 0.0886 0.0832 
        H581  6 0.0845 0.0841 0.0800 0.0821 0.0838 0.0831 0.0870 0.0833 0.0822 0.0841 0.0824 0.0833 
        H582  6 0.0825 0.0868 0.0841 0.0837 0.0827 0.0837 0.0810 0.0839 0.0830 0.0833 0.0828 0.0823 
        H583  6 0.0832 0.0860 0.0793 0.0816 0.0837 0.0844 0.0869 0.0836 0.0838 0.0819 0.0843 0.0813 
        H595  6 0.0818 0.0798 0.0832 0.0860 0.0837 0.0850 0.0837 0.0846 0.0827 0.0849 0.0829 0.0817 
        H596  6 0.0839 0.0822 0.0802 0.0861 0.0850 0.0830 0.0820 0.0838 0.0839 0.0852 0.0807 0.0841 
        H597  6 0.0835 0.0791 0.0816 0.0858 0.0854 0.0848 0.0845 0.0859 0.0823 0.0845 0.0802 0.0823 
        H598  6 0.0820 0.0859 0.0844 0.0813 0.0809 0.0813 0.0835 0.0826 0.0853 0.0813 0.0850 0.0867 
        H599  6 0.0835 0.0831 0.0859 0.0828 0.0831 0.0815 0.0829 0.0833 0.0836 0.0827 0.0846 0.0830 
        H642  6 0.0840 0.0852 0.0822 0.0814 0.0850 0.0858 0.0806 0.0834 0.0819 0.0835 0.0848 0.0822 
        H643  6 0.0811 0.0848 0.0836 0.0822 0.0826 0.0825 0.0836 0.0839 0.0837 0.0840 0.0848 0.0832 
        H664  6 0.0846 0.0840 0.0832 0.0833 0.0840 0.0839 0.0822 0.0837 0.0839 0.0834 0.0826 0.0812 
        H665  6 0.0821 0.0874 0.0848 0.0828 0.0809 0.0810 0.0835 0.0810 0.0850 0.0818 0.0838 0.0858 
        H674  6 0.0837 0.0782 0.0842 0.0825 0.0838 0.0853 0.0818 0.0849 0.0827 0.0869 0.0846 0.0815 
        H675  6 0.0822 0.0820 0.0841 0.0838 0.0822 0.0839 0.0831 0.0847 0.0849 0.0833 0.0834 0.0823 
        H676  6 0.0814 0.0804 0.0835 0.0832 0.0848 0.0826 0.0825 0.0842 0.0857 0.0848 0.0806 0.0864 
        H686  6 0.0840 0.0819 0.0841 0.0838 0.0842 0.0841 0.0823 0.0821 0.0847 0.0845 0.0814 0.0829 
        H687  6 0.0826 0.0832 0.0834 0.0839 0.0831 0.0848 0.0806 0.0837 0.0830 0.0827 0.0850 0.0839 
        H917  6 0.0840 0.0850 0.0830 0.0833 0.0825 0.0824 0.0844 0.0801 0.0822 0.0818 0.0864 0.0848 
        H918  6 0.0842 0.0847 0.0847 0.0821 0.0829 0.0825 0.0827 0.0833 0.0831 0.0839 0.0815 0.0844 
        H919  6 0.0820 0.0868 0.0853 0.0822 0.0813 0.0804 0.0842 0.0805 0.0840 0.0819 0.0847 0.0866 
        H920  6 0.0807 0.0860 0.0829 0.0834 0.0822 0.0816 0.0857 0.0818 0.0833 0.0829 0.0841 0.0855 
        H631  7 0.0809 0.0854 0.0880 0.0834 0.0819 0.0831 0.0862 0.0811 0.0824 0.0806 0.0832 0.0837 
        H684  7 0.0843 0.0805 0.0845 0.0862 0.0860 0.0875 0.0800 0.0855 0.0817 0.0839 0.0799 0.0799 
        H685  7 0.0836 0.0860 0.0849 0.0825 0.0828 0.0816 0.0810 0.0835 0.0839 0.0833 0.0832 0.0838 
        H713  7 0.0843 0.0946 0.0806 0.0816 0.0807 0.0812 0.0857 0.0810 0.0827 0.0791 0.0849 0.0836 
        H715  7 0.0835 0.0815 0.0850 0.0841 0.0850 0.0837 0.0831 0.0860 0.0829 0.0846 0.0786 0.0822 
        H716  7 0.0829 0.0843 0.0818 0.0820 0.0861 0.0854 0.0817 0.0835 0.0823 0.0827 0.0813 0.0860 
        H717  7 0.0819 0.0832 0.0822 0.0821 0.0842 0.0840 0.0843 0.0851 0.0827 0.0847 0.0819 0.0837 
        H729  7 0.0837 0.0851 0.0824 0.0833 0.0840 0.0839 0.0816 0.0843 0.0831 0.0829 0.0820 0.0838 
        H730  7 0.0837 0.0861 0.0838 0.0840 0.0817 0.0799 0.0854 0.0810 0.0839 0.0838 0.0847 0.0820 
        H600  9 0.0846 0.0857 0.0835 0.0826 0.0830 0.0841 0.0810 0.0836 0.0807 0.0827 0.0841 0.0846 
        H648  9 0.0833 0.0800 0.0874 0.0841 0.0827 0.0852 0.0801 0.0819 0.0826 0.0842 0.0843 0.0842 
        H696  9 0.0829 0.0801 0.0800 0.0858 0.0854 0.0845 0.0830 0.0848 0.0831 0.0872 0.0836 0.0796 
        H697  9 0.0841 0.0822 0.0846 0.0809 0.0845 0.0834 0.0843 0.0836 0.0820 0.0844 0.0831 0.0831 
        H698  9 0.0822 0.0831 0.0848 0.0815 0.0844 0.0834 0.0850 0.0828 0.0818 0.0835 0.0859 0.0817 
        H699  9 0.0826 0.0803 0.0824 0.0838 0.0855 0.0838 0.0827 0.0857 0.0827 0.0832 0.0849 0.0825 
        H700  9 0.0829 0.0879 0.0852 0.0821 0.0805 0.0809 0.0892 0.0832 0.0837 0.0804 0.0812 0.0828 
        H732  9 0.0817 0.0851 0.0840 0.0829 0.0821 0.0829 0.0810 0.0845 0.0822 0.0850 0.0866 0.0819 
        H733  9 0.0813 0.0836 0.0823 0.0831 0.0822 0.0826 0.0840 0.0836 0.0827 0.0832 0.0867 0.0847 
        H734  9 0.0844 0.0803 0.0830 0.0829 0.0851 0.0843 0.0831 0.0839 0.0846 0.0850 0.0819 0.0816 
        H735  9 0.0822 0.0833 0.0841 0.0837 0.0829 0.0842 0.0833 0.0851 0.0851 0.0836 0.0814 0.0812 
        H736  9 0.0843 0.0802 0.0829 0.0842 0.0817 0.0836 0.0827 0.0835 0.0836 0.0856 0.0817 0.0859 
        H737  9 0.0845 0.0836 0.0821 0.0846 0.0844 0.0828 0.0794 0.0851 0.0828 0.0829 0.0850 0.0825 
        H905  9 0.0839 0.0850 0.0847 0.0815 0.0840 0.0812 0.0832 0.0816 0.0826 0.0825 0.0844 0.0855 
        H921  9 0.0827 0.0897 0.0849 0.0818 0.0816 0.0814 0.0821 0.0819 0.0828 0.0812 0.0867 0.0832 
        H922  9 0.0857 0.0823 0.0821 0.0839 0.0831 0.0829 0.0829 0.0838 0.0833 0.0840 0.0844 0.0817 
        H409 12 0.0840 0.0832 0.0834 0.0832 0.0814 0.0837 0.0844 0.0813 0.0837 0.0812 0.0836 0.0868 
        H413 12 0.0859 0.0820 0.0830 0.0836 0.0843 0.0855 0.0815 0.0843 0.0839 0.0850 0.0800 0.0810 
        H419 12 0.0821 0.0879 0.0853 0.0821 0.0812 0.0809 0.0854 0.0818 0.0829 0.0813 0.0837 0.0853 
        H420 12 0.0823 0.0836 0.0840 0.0810 0.0824 0.0829 0.0828 0.0825 0.0845 0.0830 0.0874 0.0838 
        H421 12 0.0853 0.0834 0.0821 0.0836 0.0857 0.0844 0.0845 0.0822 0.0828 0.0828 0.0824 0.0808 
        H435 12 0.0821 0.0825 0.0856 0.0830 0.0839 0.0821 0.0821 0.0832 0.0836 0.0840 0.0817 0.0863 
        H436 12 0.0825 0.0885 0.0837 0.0830 0.0816 0.0825 0.0843 0.0817 0.0849 0.0829 0.0816 0.0826 
        H437 12 0.0818 0.0813 0.0853 0.0829 0.0842 0.0824 0.0851 0.0817 0.0841 0.0824 0.0846 0.0843 
        H445 12 0.0840 0.0858 0.0844 0.0833 0.0800 0.0813 0.0850 0.0837 0.0837 0.0825 0.0818 0.0846 
        H449 12 0.0840 0.0805 0.0814 0.0858 0.0847 0.0866 0.0807 0.0848 0.0836 0.0851 0.0815 0.0813 
        H463 12 0.0834 0.0843 0.0831 0.0822 0.0845 0.0823 0.0862 0.0819 0.0841 0.0816 0.0835 0.0828 
        H464 12 0.0829 0.0809 0.0813 0.0864 0.0857 0.0856 0.0820 0.0849 0.0833 0.0844 0.0805 0.0820 
        H465 12 0.0831 0.0817 0.0844 0.0841 0.0853 0.0859 0.0789 0.0851 0.0821 0.0847 0.0837 0.0809 
        H490 12 0.0830 0.0801 0.0823 0.0845 0.0826 0.0848 0.0830 0.0867 0.0837 0.0849 0.0832 0.0813 
        H561 12 0.0819 0.0811 0.0853 0.0814 0.0810 0.0844 0.0854 0.0815 0.0822 0.0836 0.0844 0.0879 
        H562 12 0.0813 0.0883 0.0856 0.0825 0.0821 0.0799 0.0847 0.0826 0.0830 0.0823 0.0860 0.0818 
        H563 12 0.0827 0.0860 0.0831 0.0829 0.0814 0.0805 0.0835 0.0810 0.0843 0.0823 0.0897 0.0826 
        H570 12 0.0826 0.0915 0.0827 0.0828 0.0792 0.0812 0.0870 0.0793 0.0826 0.0836 0.0821 0.0854 
        H571 12 0.0821 0.0869 0.0833 0.0859 0.0832 0.0837 0.0828 0.0824 0.0831 0.0839 0.0799 0.0828 
        H572 12 0.0822 0.0865 0.0822 0.0826 0.0822 0.0812 0.0840 0.0805 0.0856 0.0830 0.0851 0.0848 
        H573 12 0.0858 0.0825 0.0811 0.0829 0.0823 0.0827 0.0849 0.0821 0.0846 0.0833 0.0843 0.0835 
       H7372 12 0.0834 0.0845 0.0812 0.0841 0.0826 0.0835 0.0838 0.0849 0.0841 0.0832 0.0834 0.0813 
       H7373 12 0.0855 0.0797 0.0812 0.0847 0.0848 0.0876 0.0807 0.0846 0.0835 0.0859 0.0799 0.0819 
       H7374 12 0.0824 0.0865 0.0834 0.0837 0.0823 0.0828 0.0842 0.0805 0.0827 0.0814 0.0837 0.0863 
       H7375 12 0.0829 0.0867 0.0833 0.0836 0.0833 0.0812 0.0855 0.0795 0.0836 0.0841 0.0858 0.0806 
       H7376 12 0.0831 0.0860 0.0830 0.0832 0.0825 0.0824 0.0849 0.0799 0.0827 0.0830 0.0846 0.0846 
       H7377 12 0.0825 0.0874 0.0840 0.0802 0.0822 0.0803 0.0866 0.0809 0.0854 0.0801 0.0862 0.0841 
