        H102  1 0.2606 0.2236 0.1718 0.1857 0.1582 
        H103  1 0.1936 0.1710 0.2327 0.1742 0.2285 
        H104  1 0.2271 0.2310 0.1695 0.2078 0.1645 
        H105  1 0.2054 0.1915 0.1853 0.2247 0.1931 
        H106  1 0.1995 0.1894 0.2032 0.2029 0.2049 
        H112  1 0.2130 0.1913 0.1886 0.2213 0.1858 
        H113  1 0.1822 0.1966 0.1818 0.2654 0.1740 
        H114  1 0.2079 0.1906 0.1850 0.2295 0.1870 
        H115  1 0.2509 0.2131 0.1656 0.2019 0.1685 
        H143  1 0.2207 0.2008 0.1922 0.1871 0.1992 
        H144  1 0.2049 0.1836 0.2036 0.1967 0.2112 
        H145  1 0.1598 0.1640 0.2435 0.1847 0.2480 
        H149  1 0.2548 0.2370 0.1747 0.1639 0.1696 
        H150  1 0.1930 0.1896 0.1954 0.2153 0.2067 
     H167542  1 0.2293 0.1956 0.1738 0.2314 0.1698 
     H169604  1 0.2252 0.1897 0.1894 0.2054 0.1902 
     H169607  1 0.1774 0.1756 0.2151 0.2228 0.2091 
     H169608  1 0.2101 0.2031 0.1976 0.1915 0.1978 
     H169633  1 0.1873 0.1937 0.2039 0.2070 0.2081 
     H169688  1 0.2004 0.1789 0.2244 0.1774 0.2189 
     H169714  1 0.2203 0.2145 0.1860 0.1888 0.1904 
     H171802  1 0.1773 0.1941 0.2032 0.2203 0.2051 
     H171805  1 0.2114 0.1750 0.1888 0.2372 0.1876 
     H171807  1 0.2019 0.2085 0.1917 0.1969 0.2010 
     H171814  1 0.1530 0.1918 0.2348 0.1781 0.2423 
     H171816  1 0.2024 0.2050 0.1860 0.2137 0.1929 
     H171817  1 0.2325 0.2156 0.1636 0.2289 0.1594 
     H171818  1 0.2505 0.2258 0.1675 0.1885 0.1678 
     H171819  1 0.1911 0.1980 0.1829 0.2409 0.1871 
     H171834  1 0.2405 0.2105 0.1798 0.1994 0.1698 
     H171835  1 0.1992 0.2246 0.1844 0.1992 0.1925 
     H171836  1 0.1855 0.1836 0.2085 0.2083 0.2141 
     H171837  1 0.1991 0.2032 0.1835 0.2309 0.1834 
     H171838  1 0.1884 0.1790 0.2102 0.2157 0.2068 
     H171839  1 0.2085 0.1961 0.1930 0.2153 0.1870 
     H171841  1 0.1969 0.2004 0.1960 0.2042 0.2026 
     H171860  1 0.1901 0.2003 0.1914 0.2318 0.1864 
     H171861  1 0.2232 0.1966 0.1904 0.1961 0.1937 
     H171862  1 0.2264 0.1941 0.1867 0.2033 0.1895 
     H171868  1 0.2549 0.2054 0.1747 0.1978 0.1673 
     H171869  1 0.1696 0.2053 0.2291 0.1818 0.2142 
     H171870  1 0.2280 0.2005 0.1999 0.1757 0.1959 
     H171871  1 0.1909 0.1862 0.2217 0.1852 0.2160 
     H171872  1 0.2175 0.2201 0.1705 0.2188 0.1731 
     H171873  1 0.1984 0.1892 0.2043 0.1997 0.2085 
     H171874  1 0.2103 0.1828 0.2082 0.1808 0.2180 
     H171875  1 0.1958 0.1820 0.2127 0.1989 0.2106 
     H171876  1 0.2013 0.2030 0.2090 0.1827 0.2041 
     H171877  1 0.2117 0.2309 0.1720 0.2086 0.1768 
     H171878  1 0.1979 0.2078 0.2069 0.1853 0.2020 
     H171901  1 0.1999 0.1884 0.1849 0.2454 0.1814 
     H171902  1 0.1948 0.1879 0.2081 0.1934 0.2158 
     H171903  1 0.2151 0.1884 0.1849 0.2217 0.1899 
     H171935  1 0.1859 0.2055 0.2065 0.1962 0.2060 
     H171936  1 0.1897 0.2039 0.1812 0.2482 0.1771 
     H171940  1 0.2365 0.2203 0.1669 0.2007 0.1756 
     H171945  1 0.1857 0.1825 0.1912 0.2474 0.1932 
     H171948  1 0.2209 0.2089 0.1814 0.2014 0.1874 
     H171949  1 0.2385 0.2189 0.1633 0.2017 0.1777 
     H171950  1 0.2687 0.2779 0.1512 0.1502 0.1520 
     H171963  1 0.1810 0.2000 0.2082 0.1990 0.2118 
     H171964  1 0.1621 0.1969 0.2395 0.1525 0.2490 
     H171966  1 0.1895 0.1996 0.2094 0.1901 0.2115 
     H171968  1 0.2381 0.2104 0.1850 0.1697 0.1968 
     H171971  1 0.2051 0.2235 0.2021 0.1790 0.1903 
     H171972  1 0.1957 0.2007 0.2132 0.1806 0.2097 
     H171977  1 0.1754 0.2040 0.2158 0.1909 0.2139 
     H171978  1 0.2009 0.1939 0.2057 0.1970 0.2025 
     H171979  1 0.1909 0.1808 0.2070 0.2106 0.2106 
        H176  1 0.1813 0.2011 0.2018 0.2214 0.1944 
        H177  1 0.2083 0.1903 0.1829 0.2407 0.1778 
        H179  1 0.2458 0.2039 0.1616 0.2309 0.1579 
        H181  1 0.1857 0.1938 0.2014 0.2043 0.2148 
        H182  1 0.1845 0.1667 0.2208 0.2048 0.2233 
        H183  1 0.1690 0.1734 0.2307 0.1989 0.2279 
        H184  1 0.2148 0.1997 0.1769 0.2242 0.1844 
        H185  1 0.1661 0.1830 0.2071 0.2278 0.2160 
        H186  1 0.2042 0.1856 0.2221 0.1707 0.2173 
        H187  1 0.1970 0.1816 0.2057 0.2214 0.1943 
        H188  1 0.2022 0.2453 0.1727 0.2015 0.1783 
        H192  1 0.2181 0.2023 0.1695 0.2341 0.1759 
        H193  1 0.1899 0.1836 0.2256 0.1720 0.2289 
        H194  1 0.2097 0.2003 0.1965 0.2016 0.1918 
        H195  1 0.1680 0.1760 0.2436 0.1683 0.2441 
        H199  1 0.1728 0.1826 0.2074 0.2296 0.2076 
        H200  1 0.1882 0.1832 0.2028 0.2231 0.2026 
        H414  1 0.1944 0.1783 0.2316 0.1735 0.2223 
        H415  1 0.2048 0.1959 0.1982 0.2031 0.1979 
        H422  1 0.2039 0.2220 0.2035 0.1695 0.2010 
        H423  1 0.2042 0.1999 0.1851 0.2187 0.1921 
        H424  1 0.1954 0.1741 0.2068 0.2100 0.2137 
        H425  1 0.1787 0.1672 0.2062 0.2334 0.2145 
        H426  1 0.1590 0.1986 0.2364 0.1425 0.2635 
        H443  1 0.1873 0.1939 0.2339 0.1558 0.2291 
        H466  1 0.1996 0.2134 0.1994 0.1870 0.2006 
        H467  1 0.2172 0.2107 0.1928 0.1772 0.2021 
        H472  1 0.1699 0.1925 0.2115 0.2216 0.2045 
        H483  1 0.2225 0.1934 0.1914 0.2074 0.1852 
        H504  1 0.1676 0.1847 0.2123 0.2115 0.2240 
        H505  1 0.2342 0.2179 0.1699 0.2035 0.1744 
        H506  1 0.1828 0.1924 0.2133 0.1980 0.2136 
        H507  1 0.1721 0.1866 0.2128 0.2145 0.2140 
        H508  1 0.1867 0.1896 0.2267 0.1859 0.2112 
        H524  1 0.1754 0.1868 0.2007 0.2460 0.1912 
        H525  1 0.1858 0.1999 0.2107 0.1918 0.2117 
        H526  1 0.1918 0.1744 0.1855 0.2575 0.1906 
        H527  1 0.2232 0.2140 0.1772 0.1978 0.1878 
        H528  1 0.1781 0.1899 0.2150 0.1845 0.2325 
        H529  1 0.1733 0.1727 0.2089 0.2271 0.2180 
        H533  1 0.2139 0.1855 0.2050 0.1990 0.1966 
        H538  1 0.1873 0.1837 0.1870 0.2538 0.1882 
        H539  1 0.1962 0.1735 0.2048 0.2011 0.2244 
        H540  1 0.2060 0.1833 0.1825 0.2475 0.1806 
        H541  1 0.2336 0.2135 0.1781 0.1930 0.1817 
        H558  1 0.1681 0.1788 0.2357 0.1867 0.2306 
        H559  1 0.2367 0.2100 0.1897 0.1785 0.1850 
        H579  1 0.1724 0.1987 0.2300 0.1682 0.2306 
        H584  1 0.1720 0.1824 0.2438 0.1748 0.2270 
        H585  1 0.1885 0.1927 0.2126 0.1901 0.2161 
        H605  1 0.2314 0.1994 0.1941 0.1827 0.1924 
        H606  1 0.2636 0.2301 0.1661 0.1779 0.1624 
        H632  1 0.1627 0.1821 0.2319 0.1680 0.2554 
        H634  1 0.2091 0.1801 0.2106 0.1946 0.2057 
        H671  1 0.2021 0.2133 0.1900 0.2108 0.1839 
        H672  1 0.2149 0.2103 0.1980 0.1923 0.1846 
        H673  1 0.1788 0.1940 0.2239 0.1734 0.2299 
        H689  1 0.1788 0.1846 0.2217 0.1958 0.2190 
        H690  1 0.2401 0.2038 0.1747 0.2078 0.1736 
        H691  1 0.2120 0.2003 0.1917 0.2061 0.1898 
        H692  1 0.1681 0.1782 0.2380 0.1818 0.2340 
        H709  1 0.2111 0.1866 0.2174 0.1729 0.2119 
        H710  1 0.1827 0.1705 0.2394 0.1740 0.2334 
       H7355  1 0.1894 0.1754 0.1893 0.2501 0.1958 
       H7356  1 0.2034 0.1676 0.2120 0.2080 0.2091 
       H7357  1 0.2599 0.2101 0.1578 0.2190 0.1532 
       H7358  1 0.1905 0.2018 0.2069 0.1900 0.2108 
       H7380  1 0.2260 0.1953 0.1935 0.1892 0.1960 
       H7381  1 0.1827 0.2198 0.2080 0.1844 0.2050 
       H7382  1 0.2019 0.2024 0.2065 0.1862 0.2031 
        H904  1 0.2635 0.2353 0.1577 0.1798 0.1637 
        H923  1 0.1883 0.1764 0.2098 0.2181 0.2075 
        H924  1 0.1958 0.2064 0.1836 0.2296 0.1847 
        H925  1 0.1745 0.1887 0.1907 0.2509 0.1952 
       H9558  1 0.1641 0.1757 0.2485 0.1763 0.2354 
        H111  3 0.1905 0.1866 0.2176 0.1921 0.2131 
        H951  3 0.1817 0.1919 0.2048 0.2155 0.2060 
        H952  3 0.1640 0.2001 0.2399 0.1722 0.2238 
        H953  3 0.1708 0.2086 0.1965 0.2240 0.2001 
        H954  3 0.2397 0.2556 0.1580 0.1876 0.1590 
        H955  3 0.1756 0.1843 0.2246 0.1967 0.2188 
        H956  3 0.2073 0.2122 0.1949 0.1935 0.1921 
       H9563  3 0.2007 0.2457 0.1646 0.2284 0.1607 
      H_PALI  6 0.2431 0.2081 0.1786 0.1901 0.1801 
        H581  6 0.1973 0.2139 0.1856 0.2129 0.1902 
        H582  6 0.2085 0.2093 0.1987 0.1721 0.2113 
        H583  6 0.2155 0.2219 0.1837 0.2044 0.1746 
        H595  6 0.1919 0.1915 0.1980 0.2177 0.2010 
        H596  6 0.1757 0.1827 0.2093 0.2166 0.2156 
        H597  6 0.1800 0.1797 0.2121 0.1939 0.2343 
        H598  6 0.2266 0.2045 0.1875 0.1976 0.1838 
        H599  6 0.1855 0.2153 0.1996 0.2000 0.1996 
        H642  6 0.1775 0.1764 0.2322 0.1831 0.2308 
        H643  6 0.2261 0.2035 0.1757 0.2144 0.1803 
        H664  6 0.1947 0.1997 0.2057 0.1811 0.2188 
        H665  6 0.2380 0.1952 0.1747 0.2176 0.1744 
        H674  6 0.1519 0.1867 0.2416 0.1824 0.2374 
        H675  6 0.1856 0.2068 0.2112 0.1847 0.2117 
        H676  6 0.1812 0.1805 0.2194 0.1929 0.2260 
        H686  6 0.1961 0.1877 0.2223 0.1773 0.2167 
        H687  6 0.2028 0.1874 0.2076 0.1882 0.2140 
        H917  6 0.2236 0.1953 0.1784 0.2256 0.1771 
        H918  6 0.2270 0.1856 0.1920 0.1966 0.1987 
        H919  6 0.1960 0.2045 0.1729 0.2553 0.1713 
        H920  6 0.2266 0.2082 0.1800 0.2054 0.1798 
        H631  7 0.2267 0.2080 0.1832 0.1975 0.1845 
        H684  7 0.1580 0.1813 0.2496 0.1623 0.2489 
        H685  7 0.1919 0.2336 0.1942 0.1846 0.1957 
        H713  7 0.2513 0.2489 0.1682 0.1622 0.1694 
        H715  7 0.1749 0.1820 0.2351 0.1809 0.2271 
        H716  7 0.2064 0.2044 0.2061 0.1757 0.2075 
        H717  7 0.2028 0.2170 0.1926 0.1922 0.1953 
        H729  7 0.1877 0.1974 0.2138 0.1948 0.2065 
        H730  7 0.2009 0.2346 0.1734 0.2200 0.1711 
        H600  9 0.2254 0.2026 0.1994 0.1760 0.1966 
        H648  9 0.1767 0.2043 0.2184 0.1864 0.2143 
        H696  9 0.1625 0.1892 0.2276 0.1916 0.2292 
        H697  9 0.1688 0.2094 0.2057 0.2105 0.2056 
        H698  9 0.1884 0.2153 0.2007 0.2002 0.1955 
        H699  9 0.1912 0.1911 0.2223 0.1935 0.2018 
        H700  9 0.2575 0.2339 0.1717 0.1689 0.1679 
        H732  9 0.2015 0.2387 0.1885 0.1701 0.2011 
        H733  9 0.1849 0.2129 0.1879 0.2196 0.1946 
        H734  9 0.1826 0.1696 0.2243 0.1959 0.2276 
        H735  9 0.1644 0.2078 0.2052 0.2066 0.2161 
        H736  9 0.1936 0.1877 0.2146 0.1997 0.2045 
        H737  9 0.1939 0.2088 0.2105 0.1718 0.2150 
        H905  9 0.2214 0.2095 0.1800 0.2074 0.1817 
        H921  9 0.2215 0.2288 0.1743 0.2016 0.1738 
        H922  9 0.1885 0.2074 0.2057 0.1897 0.2087 
        H409 12 0.2198 0.1981 0.1816 0.2164 0.1841 
        H413 12 0.1711 0.1865 0.2408 0.1549 0.2468 
        H419 12 0.2109 0.2058 0.1810 0.2245 0.1778 
        H420 12 0.1972 0.2075 0.2029 0.1950 0.1973 
        H421 12 0.2139 0.2105 0.1962 0.1792 0.2003 
        H435 12 0.1908 0.1812 0.2390 0.1755 0.2136 
        H436 12 0.2517 0.2332 0.1729 0.1672 0.1751 
        H437 12 0.2164 0.2128 0.1822 0.2118 0.1768 
        H445 12 0.2389 0.2064 0.1783 0.1998 0.1766 
        H449 12 0.1659 0.1915 0.2428 0.1628 0.2369 
        H463 12 0.2196 0.2129 0.1865 0.1962 0.1848 
        H464 12 0.1733 0.1796 0.2287 0.1867 0.2317 
        H465 12 0.1676 0.2084 0.2272 0.1729 0.2239 
        H490 12 0.1804 0.1834 0.2269 0.1800 0.2293 
        H561 12 0.1895 0.1837 0.1879 0.2540 0.1848 
        H562 12 0.2389 0.2342 0.1712 0.1837 0.1720 
        H563 12 0.1958 0.2489 0.1609 0.2291 0.1652 
        H570 12 0.2520 0.2444 0.1599 0.1856 0.1582 
        H571 12 0.1965 0.2131 0.2152 0.1634 0.2118 
        H572 12 0.2097 0.2141 0.1868 0.1954 0.1940 
        H573 12 0.2102 0.2119 0.1899 0.1989 0.1891 
       H7372 12 0.2112 0.1945 0.1976 0.1953 0.2014 
       H7373 12 0.1564 0.1858 0.2525 0.1704 0.2349 
       H7374 12 0.2281 0.2216 0.1844 0.1780 0.1880 
       H7375 12 0.2132 0.2408 0.1762 0.1970 0.1728 
       H7376 12 0.2005 0.1918 0.1980 0.2144 0.1952 
       H7377 12 0.2331 0.2425 0.1642 0.2024 0.1578 
