        H102  1 0.1179 0.1173 0.1516 0.1118 0.1259 0.1178 0.1194 0.1384 
        H103  1 0.1145 0.1271 0.1144 0.1349 0.1212 0.1276 0.1329 0.1274 
        H104  1 0.1380 0.1125 0.1516 0.1115 0.1320 0.1177 0.1187 0.1180 
        H105  1 0.1322 0.1239 0.1219 0.1228 0.1320 0.1180 0.1225 0.1267 
        H106  1 0.1277 0.1281 0.1263 0.1242 0.1240 0.1258 0.1230 0.1208 
        H112  1 0.1266 0.1229 0.1344 0.1181 0.1261 0.1241 0.1236 0.1242 
        H113  1 0.1411 0.1251 0.1323 0.1141 0.1276 0.1281 0.1138 0.1179 
        H114  1 0.1324 0.1340 0.1242 0.1158 0.1245 0.1255 0.1225 0.1210 
        H115  1 0.1270 0.1172 0.1505 0.1153 0.1365 0.1159 0.1192 0.1183 
        H143  1 0.1209 0.1215 0.1475 0.1119 0.1282 0.1236 0.1129 0.1335 
        H144  1 0.1088 0.1316 0.1282 0.1274 0.1239 0.1231 0.1268 0.1302 
        H145  1 0.1190 0.1175 0.1060 0.1373 0.1237 0.1326 0.1410 0.1231 
        H149  1 0.1152 0.1139 0.1644 0.1201 0.1235 0.1105 0.1259 0.1265 
        H150  1 0.1343 0.1245 0.1187 0.1271 0.1249 0.1261 0.1253 0.1191 
     H167542  1 0.1401 0.1221 0.1339 0.1124 0.1249 0.1251 0.1152 0.1262 
     H169604  1 0.1286 0.1286 0.1198 0.1184 0.1265 0.1220 0.1277 0.1285 
     H169607  1 0.1279 0.1206 0.1100 0.1289 0.1273 0.1343 0.1258 0.1253 
     H169608  1 0.1219 0.1255 0.1262 0.1203 0.1299 0.1199 0.1366 0.1198 
     H169633  1 0.1313 0.1336 0.1140 0.1179 0.1270 0.1220 0.1299 0.1244 
     H169688  1 0.1083 0.1331 0.1154 0.1314 0.1293 0.1201 0.1308 0.1316 
     H169714  1 0.1243 0.1201 0.1374 0.1232 0.1282 0.1239 0.1218 0.1212 
     H171802  1 0.1235 0.1254 0.1234 0.1274 0.1233 0.1313 0.1200 0.1258 
     H171805  1 0.1314 0.1269 0.1269 0.1212 0.1195 0.1201 0.1242 0.1299 
     H171807  1 0.1237 0.1278 0.1233 0.1239 0.1286 0.1268 0.1195 0.1263 
     H171814  1 0.1152 0.1315 0.1061 0.1392 0.1295 0.1287 0.1228 0.1270 
     H171816  1 0.1243 0.1301 0.1271 0.1205 0.1340 0.1275 0.1213 0.1153 
     H171817  1 0.1257 0.1152 0.1497 0.1101 0.1270 0.1183 0.1198 0.1342 
     H171818  1 0.1387 0.1110 0.1545 0.1131 0.1143 0.1146 0.1165 0.1373 
     H171819  1 0.1247 0.1257 0.1216 0.1205 0.1267 0.1339 0.1263 0.1207 
     H171834  1 0.1234 0.1236 0.1408 0.1159 0.1289 0.1113 0.1162 0.1399 
     H171835  1 0.1315 0.1253 0.1164 0.1249 0.1265 0.1287 0.1263 0.1204 
     H171836  1 0.1361 0.1257 0.1180 0.1268 0.1233 0.1206 0.1221 0.1274 
     H171837  1 0.1383 0.1239 0.1227 0.1159 0.1272 0.1295 0.1242 0.1183 
     H171838  1 0.1209 0.1305 0.1142 0.1342 0.1231 0.1272 0.1295 0.1204 
     H171839  1 0.1309 0.1283 0.1205 0.1276 0.1199 0.1260 0.1295 0.1173 
     H171841  1 0.1182 0.1357 0.1198 0.1241 0.1308 0.1244 0.1281 0.1188 
     H171860  1 0.1425 0.1259 0.1154 0.1178 0.1246 0.1278 0.1244 0.1218 
     H171861  1 0.1330 0.1192 0.1459 0.1160 0.1194 0.1173 0.1200 0.1292 
     H171862  1 0.1207 0.1271 0.1333 0.1237 0.1276 0.1200 0.1191 0.1284 
     H171868  1 0.1179 0.1247 0.1522 0.1148 0.1196 0.1187 0.1208 0.1312 
     H171869  1 0.1155 0.1270 0.1119 0.1365 0.1299 0.1313 0.1263 0.1216 
     H171870  1 0.1185 0.1200 0.1537 0.1236 0.1171 0.1136 0.1214 0.1319 
     H171871  1 0.1211 0.1270 0.1208 0.1300 0.1248 0.1297 0.1301 0.1165 
     H171872  1 0.1460 0.1174 0.1388 0.1151 0.1270 0.1173 0.1162 0.1223 
     H171873  1 0.1161 0.1275 0.1156 0.1338 0.1210 0.1285 0.1272 0.1302 
     H171874  1 0.1159 0.1163 0.1247 0.1266 0.1285 0.1291 0.1256 0.1332 
     H171875  1 0.1297 0.1248 0.1213 0.1228 0.1255 0.1265 0.1200 0.1294 
     H171876  1 0.1197 0.1247 0.1182 0.1268 0.1268 0.1303 0.1295 0.1240 
     H171877  1 0.1445 0.1178 0.1268 0.1213 0.1208 0.1231 0.1229 0.1228 
     H171878  1 0.1133 0.1321 0.1186 0.1307 0.1330 0.1250 0.1257 0.1216 
     H171901  1 0.1293 0.1221 0.1291 0.1202 0.1206 0.1312 0.1209 0.1266 
     H171902  1 0.1215 0.1347 0.1208 0.1260 0.1230 0.1278 0.1240 0.1222 
     H171903  1 0.1220 0.1238 0.1287 0.1243 0.1277 0.1268 0.1239 0.1228 
     H171935  1 0.1280 0.1190 0.1205 0.1252 0.1267 0.1294 0.1281 0.1232 
     H171936  1 0.1303 0.1269 0.1191 0.1212 0.1258 0.1293 0.1217 0.1257 
     H171940  1 0.1229 0.1163 0.1619 0.1139 0.1170 0.1110 0.1181 0.1389 
     H171945  1 0.1228 0.1231 0.1219 0.1278 0.1174 0.1325 0.1239 0.1306 
     H171948  1 0.1171 0.1262 0.1328 0.1212 0.1383 0.1203 0.1231 0.1209 
     H171949  1 0.1245 0.1157 0.1502 0.1168 0.1251 0.1178 0.1159 0.1341 
     H171950  1 0.1181 0.1029 0.1865 0.1101 0.1180 0.1122 0.1091 0.1429 
     H171963  1 0.1214 0.1222 0.1142 0.1399 0.1268 0.1263 0.1301 0.1191 
     H171964  1 0.1093 0.1319 0.1099 0.1424 0.1304 0.1295 0.1266 0.1199 
     H171966  1 0.1247 0.1297 0.1154 0.1236 0.1362 0.1271 0.1232 0.1202 
     H171968  1 0.1113 0.1194 0.1533 0.1210 0.1138 0.1165 0.1234 0.1412 
     H171971  1 0.1217 0.1180 0.1268 0.1227 0.1294 0.1299 0.1245 0.1270 
     H171972  1 0.1188 0.1301 0.1099 0.1294 0.1288 0.1314 0.1275 0.1241 
     H171977  1 0.1249 0.1227 0.1057 0.1346 0.1195 0.1364 0.1302 0.1260 
     H171978  1 0.1215 0.1249 0.1222 0.1307 0.1270 0.1262 0.1265 0.1210 
     H171979  1 0.1292 0.1214 0.1176 0.1266 0.1258 0.1284 0.1301 0.1210 
        H176  1 0.1293 0.1228 0.1205 0.1226 0.1309 0.1239 0.1270 0.1229 
        H177  1 0.1197 0.1205 0.1278 0.1201 0.1254 0.1296 0.1267 0.1303 
        H179  1 0.1259 0.1159 0.1625 0.1110 0.1154 0.1154 0.1119 0.1421 
        H181  1 0.1120 0.1287 0.1175 0.1321 0.1263 0.1307 0.1287 0.1238 
        H182  1 0.1313 0.1288 0.1160 0.1254 0.1187 0.1276 0.1282 0.1240 
        H183  1 0.1139 0.1350 0.1126 0.1295 0.1232 0.1386 0.1251 0.1221 
        H184  1 0.1337 0.1270 0.1373 0.1196 0.1170 0.1159 0.1226 0.1268 
        H185  1 0.1307 0.1301 0.1155 0.1270 0.1236 0.1275 0.1242 0.1215 
        H186  1 0.1078 0.1275 0.1173 0.1322 0.1341 0.1255 0.1270 0.1285 
        H187  1 0.1204 0.1296 0.1176 0.1249 0.1246 0.1311 0.1330 0.1188 
        H188  1 0.1402 0.1203 0.1289 0.1255 0.1282 0.1234 0.1133 0.1201 
        H192  1 0.1258 0.1204 0.1381 0.1157 0.1269 0.1185 0.1288 0.1258 
        H193  1 0.1204 0.1245 0.1315 0.1289 0.1212 0.1244 0.1295 0.1196 
        H194  1 0.1302 0.1301 0.1269 0.1168 0.1220 0.1176 0.1318 0.1246 
        H195  1 0.1112 0.1342 0.1047 0.1385 0.1289 0.1328 0.1257 0.1239 
        H199  1 0.1180 0.1270 0.1176 0.1326 0.1188 0.1297 0.1293 0.1270 
        H200  1 0.1165 0.1224 0.1202 0.1318 0.1328 0.1226 0.1260 0.1277 
        H414  1 0.1166 0.1316 0.1167 0.1299 0.1257 0.1292 0.1293 0.1210 
        H415  1 0.1187 0.1312 0.1187 0.1283 0.1262 0.1237 0.1302 0.1231 
        H422  1 0.1109 0.1253 0.1342 0.1281 0.1212 0.1274 0.1258 0.1272 
        H423  1 0.1281 0.1311 0.1297 0.1233 0.1238 0.1275 0.1190 0.1175 
        H424  1 0.1180 0.1289 0.1141 0.1282 0.1234 0.1305 0.1307 0.1263 
        H425  1 0.1142 0.1285 0.1082 0.1403 0.1224 0.1370 0.1246 0.1249 
        H426  1 0.1103 0.1331 0.1105 0.1451 0.1241 0.1346 0.1246 0.1178 
        H443  1 0.1105 0.1262 0.1194 0.1414 0.1270 0.1267 0.1278 0.1211 
        H466  1 0.1205 0.1275 0.1290 0.1208 0.1318 0.1326 0.1291 0.1086 
        H467  1 0.1166 0.1315 0.1310 0.1190 0.1234 0.1233 0.1328 0.1224 
        H472  1 0.1218 0.1285 0.1161 0.1286 0.1210 0.1303 0.1257 0.1281 
        H483  1 0.1174 0.1202 0.1429 0.1177 0.1174 0.1264 0.1228 0.1352 
        H504  1 0.1148 0.1206 0.1104 0.1295 0.1293 0.1324 0.1337 0.1292 
        H505  1 0.1198 0.1162 0.1479 0.1229 0.1233 0.1194 0.1152 0.1351 
        H506  1 0.1176 0.1274 0.1222 0.1295 0.1257 0.1291 0.1278 0.1208 
        H507  1 0.1331 0.1199 0.1086 0.1338 0.1248 0.1299 0.1270 0.1229 
        H508  1 0.1245 0.1280 0.1136 0.1290 0.1297 0.1250 0.1283 0.1219 
        H524  1 0.1353 0.1219 0.1184 0.1234 0.1240 0.1341 0.1141 0.1287 
        H525  1 0.1178 0.1257 0.1141 0.1305 0.1295 0.1305 0.1289 0.1230 
        H526  1 0.1244 0.1242 0.1359 0.1218 0.1211 0.1215 0.1182 0.1329 
        H527  1 0.1254 0.1172 0.1291 0.1207 0.1291 0.1271 0.1194 0.1320 
        H528  1 0.1096 0.1300 0.1062 0.1474 0.1200 0.1340 0.1336 0.1193 
        H529  1 0.1269 0.1293 0.1173 0.1283 0.1162 0.1324 0.1310 0.1186 
        H533  1 0.1241 0.1187 0.1263 0.1193 0.1222 0.1269 0.1373 0.1252 
        H538  1 0.1360 0.1247 0.1233 0.1226 0.1214 0.1228 0.1283 0.1208 
        H539  1 0.1214 0.1309 0.1150 0.1246 0.1307 0.1297 0.1263 0.1214 
        H540  1 0.1319 0.1299 0.1177 0.1205 0.1248 0.1245 0.1242 0.1265 
        H541  1 0.1206 0.1208 0.1320 0.1244 0.1336 0.1239 0.1185 0.1262 
        H558  1 0.1107 0.1284 0.1119 0.1373 0.1314 0.1293 0.1331 0.1179 
        H559  1 0.1099 0.1179 0.1487 0.1221 0.1260 0.1195 0.1212 0.1347 
        H579  1 0.1189 0.1342 0.1164 0.1301 0.1258 0.1191 0.1325 0.1232 
        H584  1 0.1133 0.1309 0.1082 0.1408 0.1252 0.1343 0.1306 0.1168 
        H585  1 0.1172 0.1326 0.1196 0.1339 0.1269 0.1247 0.1234 0.1217 
        H605  1 0.1146 0.1213 0.1391 0.1189 0.1171 0.1240 0.1224 0.1426 
        H606  1 0.1172 0.1156 0.1702 0.1091 0.1279 0.1088 0.1094 0.1419 
        H632  1 0.1161 0.1264 0.1105 0.1353 0.1311 0.1325 0.1254 0.1228 
        H634  1 0.1128 0.1301 0.1191 0.1281 0.1300 0.1229 0.1244 0.1327 
        H671  1 0.1265 0.1240 0.1235 0.1275 0.1255 0.1271 0.1241 0.1217 
        H672  1 0.1204 0.1138 0.1304 0.1223 0.1246 0.1301 0.1237 0.1348 
        H673  1 0.1159 0.1339 0.1110 0.1438 0.1218 0.1276 0.1269 0.1192 
        H689  1 0.1171 0.1209 0.1121 0.1420 0.1329 0.1341 0.1239 0.1169 
        H690  1 0.1333 0.1191 0.1579 0.1106 0.1190 0.1157 0.1229 0.1216 
        H691  1 0.1211 0.1370 0.1156 0.1260 0.1257 0.1306 0.1217 0.1224 
        H692  1 0.1310 0.1260 0.1082 0.1348 0.1249 0.1276 0.1269 0.1206 
        H709  1 0.1175 0.1277 0.1267 0.1295 0.1253 0.1269 0.1280 0.1183 
        H710  1 0.1143 0.1337 0.1138 0.1404 0.1279 0.1248 0.1275 0.1177 
       H7355  1 0.1642 0.1189 0.1212 0.1103 0.1233 0.1238 0.1209 0.1173 
       H7356  1 0.1271 0.1268 0.1134 0.1292 0.1322 0.1222 0.1278 0.1213 
       H7357  1 0.1176 0.1119 0.1820 0.1080 0.1102 0.1108 0.1114 0.1481 
       H7358  1 0.1374 0.1240 0.1173 0.1334 0.1238 0.1241 0.1162 0.1239 
       H7380  1 0.1204 0.1294 0.1394 0.1211 0.1227 0.1131 0.1255 0.1284 
       H7381  1 0.1239 0.1287 0.1179 0.1290 0.1286 0.1265 0.1231 0.1222 
       H7382  1 0.1303 0.1187 0.1214 0.1276 0.1326 0.1176 0.1249 0.1269 
        H904  1 0.1186 0.1151 0.1693 0.1063 0.1253 0.1119 0.1187 0.1349 
        H923  1 0.1255 0.1324 0.1154 0.1215 0.1235 0.1269 0.1256 0.1293 
        H924  1 0.1286 0.1290 0.1208 0.1221 0.1258 0.1296 0.1171 0.1270 
        H925  1 0.1239 0.1287 0.1173 0.1267 0.1195 0.1313 0.1169 0.1358 
       H9558  1 0.1076 0.1328 0.0986 0.1387 0.1301 0.1346 0.1360 0.1217 
        H111  3 0.1161 0.1321 0.1198 0.1228 0.1299 0.1214 0.1303 0.1277 
        H951  3 0.1204 0.1258 0.1156 0.1320 0.1246 0.1260 0.1305 0.1251 
        H952  3 0.1255 0.1300 0.1076 0.1280 0.1324 0.1312 0.1268 0.1185 
        H953  3 0.1359 0.1270 0.1083 0.1221 0.1200 0.1352 0.1258 0.1257 
        H954  3 0.1314 0.1095 0.1524 0.1120 0.1298 0.1076 0.1147 0.1427 
        H955  3 0.1288 0.1226 0.1164 0.1290 0.1268 0.1241 0.1270 0.1254 
        H956  3 0.1262 0.1272 0.1234 0.1289 0.1230 0.1248 0.1224 0.1243 
       H9563  3 0.1699 0.1125 0.1281 0.1093 0.1420 0.1179 0.1132 0.1071 
      H_PALI  6 0.1281 0.1185 0.1336 0.1188 0.1294 0.1181 0.1192 0.1343 
        H581  6 0.1272 0.1179 0.1290 0.1247 0.1204 0.1290 0.1204 0.1314 
        H582  6 0.1195 0.1232 0.1363 0.1308 0.1259 0.1189 0.1271 0.1184 
        H583  6 0.1287 0.1156 0.1394 0.1222 0.1199 0.1178 0.1182 0.1380 
        H595  6 0.1387 0.1203 0.1197 0.1224 0.1187 0.1262 0.1262 0.1279 
        H596  6 0.1305 0.1250 0.1097 0.1250 0.1300 0.1348 0.1264 0.1187 
        H597  6 0.1109 0.1297 0.1159 0.1348 0.1281 0.1332 0.1170 0.1305 
        H598  6 0.1175 0.1194 0.1461 0.1290 0.1227 0.1160 0.1292 0.1201 
        H599  6 0.1269 0.1309 0.1188 0.1303 0.1213 0.1304 0.1225 0.1187 
        H642  6 0.1243 0.1316 0.1168 0.1332 0.1189 0.1240 0.1340 0.1172 
        H643  6 0.1285 0.1244 0.1367 0.1208 0.1253 0.1149 0.1189 0.1305 
        H664  6 0.1140 0.1249 0.1217 0.1312 0.1323 0.1253 0.1268 0.1239 
        H665  6 0.1260 0.1349 0.1282 0.1193 0.1260 0.1168 0.1201 0.1287 
        H674  6 0.1162 0.1314 0.1091 0.1314 0.1185 0.1301 0.1381 0.1252 
        H675  6 0.1238 0.1296 0.1225 0.1286 0.1262 0.1319 0.1194 0.1180 
        H676  6 0.1192 0.1225 0.1225 0.1326 0.1299 0.1280 0.1283 0.1170 
        H686  6 0.1180 0.1331 0.1222 0.1226 0.1278 0.1210 0.1310 0.1244 
        H687  6 0.1222 0.1310 0.1219 0.1282 0.1235 0.1239 0.1295 0.1197 
        H917  6 0.1215 0.1248 0.1305 0.1189 0.1234 0.1214 0.1235 0.1360 
        H918  6 0.1234 0.1292 0.1278 0.1180 0.1204 0.1238 0.1275 0.1299 
        H919  6 0.1384 0.1248 0.1223 0.1230 0.1326 0.1236 0.1222 0.1132 
        H920  6 0.1135 0.1211 0.1503 0.1203 0.1289 0.1188 0.1199 0.1271 
        H631  7 0.1301 0.1175 0.1391 0.1215 0.1203 0.1227 0.1212 0.1275 
        H684  7 0.1115 0.1319 0.1032 0.1401 0.1275 0.1410 0.1256 0.1193 
        H685  7 0.1365 0.1177 0.1249 0.1258 0.1236 0.1326 0.1232 0.1158 
        H713  7 0.1265 0.1066 0.1840 0.1120 0.1202 0.1063 0.1213 0.1230 
        H715  7 0.1238 0.1273 0.1072 0.1325 0.1315 0.1324 0.1265 0.1188 
        H716  7 0.1187 0.1248 0.1315 0.1271 0.1201 0.1266 0.1239 0.1273 
        H717  7 0.1206 0.1298 0.1258 0.1277 0.1233 0.1246 0.1236 0.1246 
        H729  7 0.1313 0.1343 0.1109 0.1305 0.1242 0.1223 0.1235 0.1230 
        H730  7 0.1492 0.1247 0.1150 0.1195 0.1398 0.1226 0.1118 0.1173 
        H600  9 0.1163 0.1251 0.1465 0.1201 0.1239 0.1213 0.1220 0.1248 
        H648  9 0.1195 0.1300 0.1110 0.1358 0.1329 0.1213 0.1311 0.1183 
        H696  9 0.1206 0.1302 0.1085 0.1310 0.1242 0.1359 0.1264 0.1233 
        H697  9 0.1379 0.1186 0.1176 0.1215 0.1326 0.1258 0.1288 0.1171 
        H698  9 0.1149 0.1268 0.1266 0.1305 0.1239 0.1222 0.1261 0.1290 
        H699  9 0.1199 0.1241 0.1202 0.1303 0.1331 0.1267 0.1263 0.1194 
        H700  9 0.1279 0.1061 0.1737 0.1039 0.1221 0.1117 0.1196 0.1349 
        H732  9 0.1295 0.1191 0.1354 0.1255 0.1224 0.1215 0.1236 0.1229 
        H733  9 0.1387 0.1206 0.1241 0.1175 0.1237 0.1297 0.1211 0.1246 
        H734  9 0.1160 0.1287 0.1078 0.1326 0.1211 0.1354 0.1326 0.1257 
        H735  9 0.1304 0.1192 0.1115 0.1301 0.1256 0.1348 0.1318 0.1167 
        H736  9 0.1206 0.1255 0.1176 0.1252 0.1266 0.1330 0.1299 0.1216 
        H737  9 0.1267 0.1333 0.1156 0.1260 0.1290 0.1262 0.1277 0.1156 
        H905  9 0.1277 0.1221 0.1374 0.1191 0.1286 0.1218 0.1255 0.1178 
        H921  9 0.1356 0.1342 0.1258 0.1169 0.1253 0.1194 0.1226 0.1201 
        H922  9 0.1303 0.1251 0.1191 0.1300 0.1202 0.1277 0.1289 0.1188 
        H409 12 0.1376 0.1200 0.1318 0.1168 0.1221 0.1162 0.1273 0.1282 
        H413 12 0.1250 0.1294 0.1135 0.1339 0.1205 0.1266 0.1273 0.1237 
        H419 12 0.1336 0.1232 0.1216 0.1136 0.1292 0.1280 0.1233 0.1275 
        H420 12 0.1337 0.1238 0.1198 0.1223 0.1267 0.1226 0.1233 0.1277 
        H421 12 0.1159 0.1193 0.1319 0.1306 0.1298 0.1227 0.1159 0.1338 
        H435 12 0.1238 0.1299 0.1061 0.1280 0.1152 0.1229 0.1468 0.1272 
        H436 12 0.1256 0.1134 0.1656 0.1171 0.1196 0.1073 0.1144 0.1369 
        H437 12 0.1182 0.1214 0.1318 0.1241 0.1339 0.1195 0.1257 0.1255 
        H445 12 0.1193 0.1220 0.1390 0.1241 0.1207 0.1173 0.1189 0.1387 
        H449 12 0.1151 0.1345 0.1096 0.1428 0.1252 0.1240 0.1308 0.1179 
        H463 12 0.1294 0.1170 0.1302 0.1238 0.1249 0.1250 0.1224 0.1274 
        H464 12 0.1119 0.1369 0.1209 0.1272 0.1219 0.1316 0.1248 0.1248 
        H465 12 0.1134 0.1266 0.1082 0.1451 0.1363 0.1284 0.1292 0.1129 
        H490 12 0.1165 0.1223 0.1198 0.1361 0.1288 0.1238 0.1303 0.1224 
        H561 12 0.1315 0.1220 0.1207 0.1239 0.1227 0.1278 0.1252 0.1261 
        H562 12 0.1285 0.1212 0.1487 0.1177 0.1247 0.1137 0.1135 0.1318 
        H563 12 0.1720 0.1104 0.1233 0.1089 0.1366 0.1177 0.1178 0.1134 
        H570 12 0.1309 0.1173 0.1711 0.1111 0.1240 0.1058 0.1111 0.1287 
        H571 12 0.1154 0.1180 0.1374 0.1254 0.1303 0.1333 0.1252 0.1150 
        H572 12 0.1276 0.1188 0.1311 0.1166 0.1365 0.1278 0.1268 0.1149 
        H573 12 0.1312 0.1205 0.1380 0.1194 0.1187 0.1202 0.1198 0.1323 
       H7372 12 0.1223 0.1209 0.1238 0.1272 0.1309 0.1250 0.1211 0.1287 
       H7373 12 0.1184 0.1287 0.1048 0.1383 0.1300 0.1281 0.1259 0.1258 
       H7374 12 0.1177 0.1291 0.1579 0.1233 0.1149 0.1180 0.1193 0.1197 
       H7375 12 0.1319 0.1170 0.1366 0.1150 0.1252 0.1203 0.1189 0.1351 
       H7376 12 0.1350 0.1217 0.1231 0.1218 0.1229 0.1253 0.1285 0.1217 
       H7377 12 0.1236 0.1172 0.1575 0.1122 0.1249 0.1129 0.1173 0.1343 
