        H102  1 0.0810 0.0821 0.0914 0.0851 0.0775 0.0823 0.0797 0.0999 0.0816 0.0791 0.0790 0.0813 
        H103  1 0.0878 0.0840 0.0738 0.0845 0.0864 0.0855 0.0860 0.0876 0.0823 0.0822 0.0834 0.0763 
        H104  1 0.0790 0.0766 0.0967 0.0805 0.0765 0.0841 0.0828 0.0824 0.0805 0.0808 0.0819 0.0980 
        H105  1 0.0816 0.0841 0.0794 0.0890 0.0815 0.0801 0.0804 0.0895 0.0829 0.0857 0.0785 0.0874 
        H106  1 0.0820 0.0876 0.0848 0.0816 0.0803 0.0847 0.0844 0.0810 0.0857 0.0855 0.0812 0.0811 
        H112  1 0.0818 0.0835 0.0773 0.0884 0.0821 0.0843 0.0875 0.0771 0.0836 0.0839 0.0813 0.0893 
        H113  1 0.0812 0.0843 0.0760 0.0824 0.0766 0.0817 0.0854 0.0781 0.0811 0.0823 0.0809 0.1099 
        H114  1 0.0793 0.0855 0.0799 0.0854 0.0828 0.0814 0.0830 0.0836 0.0831 0.0832 0.0798 0.0929 
        H115  1 0.0783 0.0818 0.0896 0.0844 0.0809 0.0840 0.0835 0.0881 0.0776 0.0834 0.0776 0.0906 
        H143  1 0.0841 0.0787 0.0835 0.0839 0.0838 0.0803 0.0831 0.0892 0.0821 0.0822 0.0845 0.0847 
        H144  1 0.0835 0.0807 0.0790 0.0817 0.0839 0.0841 0.0801 0.1023 0.0823 0.0815 0.0856 0.0754 
        H145  1 0.0867 0.0908 0.0725 0.0866 0.0902 0.0854 0.0843 0.0683 0.0845 0.0852 0.0832 0.0822 
        H149  1 0.0784 0.0846 0.0990 0.0804 0.0813 0.0835 0.0870 0.0934 0.0786 0.0758 0.0772 0.0806 
        H150  1 0.0866 0.0901 0.0799 0.0842 0.0838 0.0802 0.0810 0.0782 0.0776 0.0851 0.0843 0.0889 
     H167542  1 0.0793 0.0827 0.0996 0.0814 0.0777 0.0839 0.0783 0.0989 0.0803 0.0783 0.0789 0.0806 
     H169604  1 0.0802 0.0850 0.0881 0.0855 0.0797 0.0799 0.0865 0.0836 0.0835 0.0805 0.0815 0.0861 
     H169607  1 0.0820 0.0814 0.0735 0.0866 0.0830 0.0841 0.0832 0.0805 0.0826 0.0915 0.0870 0.0848 
     H169608  1 0.0836 0.0909 0.0800 0.0849 0.0831 0.0829 0.0845 0.0736 0.0803 0.0861 0.0872 0.0828 
     H169633  1 0.0826 0.0819 0.0824 0.0868 0.0833 0.0815 0.0850 0.0779 0.0878 0.0861 0.0842 0.0805 
     H169688  1 0.0848 0.0805 0.0816 0.0842 0.0859 0.0864 0.0862 0.0785 0.0867 0.0870 0.0840 0.0741 
     H169714  1 0.0818 0.0808 0.0946 0.0848 0.0855 0.0802 0.0800 0.0817 0.0816 0.0807 0.0834 0.0847 
     H171802  1 0.0839 0.0861 0.0798 0.0855 0.0842 0.0793 0.0877 0.0765 0.0838 0.0825 0.0853 0.0855 
     H171805  1 0.0854 0.0825 0.0792 0.0843 0.0838 0.0814 0.0788 0.0904 0.0849 0.0842 0.0836 0.0815 
     H171807  1 0.0809 0.0857 0.0837 0.0833 0.0803 0.0816 0.0826 0.0828 0.0838 0.0818 0.0829 0.0907 
     H171814  1 0.0875 0.0868 0.0744 0.0916 0.0892 0.0853 0.0768 0.0759 0.0826 0.0846 0.0836 0.0818 
     H171816  1 0.0836 0.0896 0.0766 0.0831 0.0852 0.0853 0.0816 0.0765 0.0794 0.0832 0.0811 0.0947 
     H171817  1 0.0818 0.0817 0.0877 0.0807 0.0812 0.0814 0.0855 0.0964 0.0796 0.0786 0.0812 0.0842 
     H171818  1 0.0784 0.0778 0.1003 0.0785 0.0780 0.0841 0.0840 0.0904 0.0818 0.0759 0.0813 0.0895 
     H171819  1 0.0800 0.0881 0.0793 0.0802 0.0828 0.0875 0.0833 0.0860 0.0861 0.0842 0.0779 0.0847 
     H171834  1 0.0819 0.0853 0.0812 0.0814 0.0828 0.0830 0.0838 0.0902 0.0831 0.0800 0.0821 0.0853 
     H171835  1 0.0805 0.0894 0.0839 0.0832 0.0818 0.0831 0.0840 0.0818 0.0812 0.0838 0.0825 0.0849 
     H171836  1 0.0829 0.0826 0.0799 0.0868 0.0821 0.0839 0.0829 0.0838 0.0830 0.0859 0.0839 0.0823 
     H171837  1 0.0799 0.0865 0.0865 0.0821 0.0826 0.0837 0.0822 0.0870 0.0814 0.0821 0.0818 0.0842 
     H171838  1 0.0827 0.0875 0.0738 0.0856 0.0835 0.0824 0.0850 0.0818 0.0812 0.0870 0.0856 0.0841 
     H171839  1 0.0812 0.0814 0.0839 0.0844 0.0853 0.0857 0.0828 0.0878 0.0818 0.0815 0.0798 0.0842 
     H171841  1 0.0836 0.0894 0.0732 0.0861 0.0879 0.0843 0.0846 0.0780 0.0827 0.0826 0.0810 0.0866 
     H171860  1 0.0843 0.0885 0.0827 0.0808 0.0810 0.0830 0.0834 0.0787 0.0848 0.0834 0.0828 0.0868 
     H171861  1 0.0821 0.0777 0.0939 0.0840 0.0795 0.0823 0.0842 0.0906 0.0845 0.0809 0.0803 0.0801 
     H171862  1 0.0811 0.0809 0.0785 0.0839 0.0814 0.0829 0.0813 0.0996 0.0849 0.0850 0.0816 0.0789 
     H171868  1 0.0787 0.0815 0.0875 0.0827 0.0795 0.0822 0.0854 0.0971 0.0829 0.0819 0.0821 0.0784 
     H171869  1 0.0843 0.0798 0.0797 0.0842 0.0868 0.0879 0.0827 0.0777 0.0861 0.0870 0.0849 0.0790 
     H171870  1 0.0833 0.0782 0.0873 0.0839 0.0828 0.0886 0.0843 0.0880 0.0862 0.0823 0.0808 0.0743 
     H171871  1 0.0844 0.0820 0.0797 0.0869 0.0845 0.0854 0.0892 0.0704 0.0847 0.0859 0.0845 0.0825 
     H171872  1 0.0790 0.0859 0.0966 0.0793 0.0800 0.0764 0.0781 0.0822 0.0834 0.0816 0.0821 0.0956 
     H171873  1 0.0844 0.0826 0.0792 0.0794 0.0884 0.0859 0.0824 0.0862 0.0833 0.0832 0.0868 0.0782 
     H171874  1 0.0846 0.0813 0.0797 0.0893 0.0843 0.0862 0.0866 0.0793 0.0841 0.0835 0.0839 0.0772 
     H171875  1 0.0836 0.0817 0.0793 0.0876 0.0821 0.0854 0.0838 0.0803 0.0841 0.0854 0.0823 0.0843 
     H171876  1 0.0829 0.0859 0.0855 0.0817 0.0847 0.0821 0.0817 0.0842 0.0837 0.0838 0.0800 0.0837 
     H171877  1 0.0744 0.0888 0.0965 0.0765 0.0783 0.0843 0.0776 0.0971 0.0825 0.0757 0.0787 0.0897 
     H171878  1 0.0861 0.0872 0.0777 0.0867 0.0862 0.0802 0.0856 0.0745 0.0839 0.0835 0.0843 0.0842 
     H171901  1 0.0828 0.0842 0.0800 0.0818 0.0805 0.0847 0.0853 0.0834 0.0849 0.0876 0.0849 0.0799 
     H171902  1 0.0862 0.0812 0.0761 0.0869 0.0889 0.0790 0.0809 0.0887 0.0826 0.0833 0.0833 0.0829 
     H171903  1 0.0840 0.0812 0.0818 0.0805 0.0838 0.0804 0.0846 0.0846 0.0824 0.0854 0.0847 0.0866 
     H171935  1 0.0843 0.0853 0.0771 0.0838 0.0825 0.0823 0.0906 0.0761 0.0837 0.0825 0.0859 0.0859 
     H171936  1 0.0807 0.0820 0.0790 0.0795 0.0827 0.0834 0.0848 0.0872 0.0853 0.0842 0.0815 0.0897 
     H171940  1 0.0770 0.0822 0.0947 0.0780 0.0840 0.0830 0.0773 0.1116 0.0826 0.0758 0.0765 0.0774 
     H171945  1 0.0880 0.0831 0.0785 0.0801 0.0877 0.0861 0.0809 0.0816 0.0842 0.0809 0.0862 0.0828 
     H171948  1 0.0814 0.0868 0.0787 0.0827 0.0803 0.0833 0.0875 0.0844 0.0834 0.0810 0.0806 0.0900 
     H171949  1 0.0829 0.0808 0.0860 0.0814 0.0818 0.0836 0.0823 0.0894 0.0834 0.0833 0.0831 0.0821 
     H171950  1 0.0764 0.0757 0.1316 0.0758 0.0766 0.0817 0.0772 0.0953 0.0800 0.0785 0.0724 0.0789 
     H171963  1 0.0889 0.0859 0.0768 0.0832 0.0814 0.0867 0.0834 0.0754 0.0839 0.0866 0.0816 0.0862 
     H171964  1 0.0915 0.0847 0.0794 0.0878 0.0856 0.0814 0.0820 0.0768 0.0855 0.0871 0.0854 0.0729 
     H171966  1 0.0847 0.0847 0.0736 0.0849 0.0853 0.0828 0.0909 0.0755 0.0864 0.0840 0.0860 0.0811 
     H171968  1 0.0824 0.0801 0.0900 0.0841 0.0818 0.0831 0.0761 0.0977 0.0832 0.0802 0.0834 0.0778 
     H171971  1 0.0861 0.0878 0.0784 0.0862 0.0826 0.0833 0.0853 0.0781 0.0828 0.0799 0.0827 0.0867 
     H171972  1 0.0845 0.0890 0.0795 0.0828 0.0840 0.0809 0.0858 0.0761 0.0843 0.0827 0.0869 0.0836 
     H171977  1 0.0813 0.0866 0.0853 0.0810 0.0893 0.0836 0.0801 0.0853 0.0848 0.0825 0.0814 0.0787 
     H171978  1 0.0821 0.0826 0.0773 0.0858 0.0842 0.0887 0.0838 0.0722 0.0858 0.0877 0.0884 0.0812 
     H171979  1 0.0856 0.0823 0.0738 0.0831 0.0853 0.0858 0.0851 0.0741 0.0875 0.0865 0.0851 0.0857 
        H176  1 0.0840 0.0805 0.0814 0.0808 0.0832 0.0835 0.0834 0.0881 0.0845 0.0840 0.0814 0.0853 
        H177  1 0.0802 0.0817 0.0818 0.0858 0.0849 0.0809 0.0832 0.0830 0.0868 0.0837 0.0813 0.0867 
        H179  1 0.0802 0.0784 0.0996 0.0804 0.0803 0.0819 0.0793 0.1034 0.0756 0.0790 0.0794 0.0825 
        H181  1 0.0874 0.0835 0.0747 0.0810 0.0815 0.0845 0.0881 0.0760 0.0838 0.0865 0.0850 0.0879 
        H182  1 0.0845 0.0884 0.0774 0.0874 0.0817 0.0830 0.0832 0.0776 0.0860 0.0859 0.0805 0.0842 
        H183  1 0.0885 0.0829 0.0718 0.0832 0.0869 0.0833 0.0856 0.0824 0.0872 0.0831 0.0847 0.0805 
        H184  1 0.0833 0.0839 0.0840 0.0816 0.0797 0.0823 0.0845 0.0841 0.0849 0.0801 0.0805 0.0911 
        H185  1 0.0892 0.0844 0.0778 0.0867 0.0849 0.0813 0.0810 0.0746 0.0793 0.0832 0.0856 0.0920 
        H186  1 0.0890 0.0800 0.0782 0.0878 0.0864 0.0804 0.0822 0.0791 0.0816 0.0867 0.0846 0.0841 
        H187  1 0.0818 0.0862 0.0809 0.0825 0.0830 0.0851 0.0863 0.0781 0.0865 0.0822 0.0826 0.0848 
        H188  1 0.0784 0.0800 0.1022 0.0785 0.0767 0.0800 0.0818 0.0975 0.0799 0.0758 0.0796 0.0896 
        H192  1 0.0800 0.0829 0.0798 0.0845 0.0826 0.0831 0.0820 0.0935 0.0811 0.0833 0.0819 0.0854 
        H193  1 0.0866 0.0856 0.0784 0.0835 0.0844 0.0829 0.0858 0.0800 0.0863 0.0837 0.0865 0.0763 
        H194  1 0.0797 0.0841 0.0842 0.0803 0.0831 0.0866 0.0864 0.0847 0.0811 0.0797 0.0839 0.0861 
        H195  1 0.0908 0.0785 0.0762 0.0892 0.0892 0.0833 0.0824 0.0754 0.0892 0.0890 0.0794 0.0774 
        H199  1 0.0797 0.0832 0.0753 0.0807 0.0928 0.0804 0.0796 0.0933 0.0825 0.0846 0.0865 0.0813 
        H200  1 0.0833 0.0837 0.0760 0.0854 0.0866 0.0817 0.0856 0.0856 0.0840 0.0863 0.0838 0.0779 
        H414  1 0.0909 0.0827 0.0781 0.0861 0.0884 0.0836 0.0825 0.0756 0.0837 0.0866 0.0860 0.0759 
        H415  1 0.0838 0.0821 0.0820 0.0836 0.0848 0.0827 0.0847 0.0780 0.0846 0.0828 0.0838 0.0872 
        H422  1 0.0845 0.0775 0.0893 0.0868 0.0871 0.0819 0.0831 0.0849 0.0821 0.0845 0.0813 0.0769 
        H423  1 0.0856 0.0849 0.0783 0.0837 0.0823 0.0835 0.0862 0.0748 0.0835 0.0839 0.0827 0.0907 
        H424  1 0.0882 0.0846 0.0768 0.0824 0.0833 0.0870 0.0835 0.0803 0.0872 0.0837 0.0870 0.0759 
        H425  1 0.0881 0.0855 0.0755 0.0847 0.0857 0.0812 0.0771 0.0911 0.0814 0.0805 0.0881 0.0811 
        H426  1 0.0898 0.0907 0.0799 0.0841 0.0868 0.0801 0.0825 0.0706 0.0840 0.0892 0.0866 0.0760 
        H443  1 0.0878 0.0781 0.0892 0.0881 0.0891 0.0829 0.0774 0.0815 0.0833 0.0869 0.0819 0.0738 
        H466  1 0.0864 0.0825 0.0823 0.0775 0.0838 0.0848 0.0866 0.0789 0.0829 0.0846 0.0856 0.0841 
        H467  1 0.0814 0.0842 0.0910 0.0858 0.0844 0.0832 0.0784 0.0820 0.0864 0.0833 0.0829 0.0771 
        H472  1 0.0842 0.0838 0.0763 0.0817 0.0801 0.0845 0.0837 0.0788 0.0876 0.0866 0.0828 0.0898 
        H483  1 0.0811 0.0768 0.0799 0.0827 0.0800 0.0823 0.0795 0.1077 0.0842 0.0819 0.0823 0.0815 
        H504  1 0.0864 0.0874 0.0765 0.0842 0.0895 0.0843 0.0772 0.0795 0.0836 0.0831 0.0897 0.0786 
        H505  1 0.0817 0.0768 0.0943 0.0801 0.0793 0.0816 0.0799 0.0952 0.0865 0.0810 0.0843 0.0794 
        H506  1 0.0839 0.0856 0.0772 0.0812 0.0836 0.0874 0.0844 0.0769 0.0811 0.0837 0.0837 0.0912 
        H507  1 0.0813 0.0861 0.0812 0.0840 0.0842 0.0820 0.0803 0.0792 0.0908 0.0855 0.0842 0.0814 
        H508  1 0.0795 0.0825 0.0858 0.0808 0.0806 0.0873 0.0858 0.0799 0.0864 0.0793 0.0873 0.0849 
        H524  1 0.0868 0.0825 0.0797 0.0852 0.0818 0.0825 0.0808 0.0852 0.0839 0.0877 0.0832 0.0809 
        H525  1 0.0841 0.0876 0.0851 0.0812 0.0869 0.0846 0.0810 0.0817 0.0825 0.0829 0.0825 0.0799 
        H526  1 0.0823 0.0805 0.0757 0.0818 0.0794 0.0833 0.0809 0.0997 0.0830 0.0802 0.0846 0.0887 
        H527  1 0.0826 0.0871 0.0865 0.0813 0.0791 0.0827 0.0858 0.0798 0.0890 0.0795 0.0826 0.0838 
        H528  1 0.0914 0.0850 0.0755 0.0846 0.0904 0.0813 0.0850 0.0730 0.0838 0.0844 0.0851 0.0804 
        H529  1 0.0847 0.0862 0.0767 0.0861 0.0886 0.0828 0.0799 0.0756 0.0856 0.0875 0.0840 0.0824 
        H533  1 0.0826 0.0851 0.0788 0.0812 0.0829 0.0843 0.0847 0.0809 0.0857 0.0855 0.0865 0.0818 
        H538  1 0.0815 0.0790 0.0813 0.0855 0.0801 0.0839 0.0845 0.0786 0.0858 0.0854 0.0864 0.0880 
        H539  1 0.0834 0.0852 0.0785 0.0812 0.0829 0.0845 0.0867 0.0799 0.0877 0.0839 0.0867 0.0792 
        H540  1 0.0855 0.0834 0.0791 0.0805 0.0838 0.0806 0.0828 0.0877 0.0854 0.0827 0.0813 0.0873 
        H541  1 0.0785 0.0825 0.0988 0.0783 0.0788 0.0867 0.0819 0.0968 0.0807 0.0791 0.0777 0.0802 
        H558  1 0.0847 0.0839 0.0749 0.0865 0.0846 0.0801 0.0831 0.0723 0.0907 0.0850 0.0922 0.0819 
        H559  1 0.0855 0.0766 0.0865 0.0854 0.0844 0.0827 0.0822 0.0989 0.0799 0.0778 0.0786 0.0816 
        H579  1 0.0869 0.0826 0.0762 0.0886 0.0832 0.0830 0.0837 0.0748 0.0837 0.0865 0.0844 0.0863 
        H584  1 0.0871 0.0879 0.0767 0.0840 0.0938 0.0865 0.0809 0.0702 0.0853 0.0856 0.0828 0.0792 
        H585  1 0.0844 0.0848 0.0813 0.0837 0.0856 0.0862 0.0847 0.0771 0.0880 0.0805 0.0819 0.0818 
        H605  1 0.0804 0.0805 0.0876 0.0833 0.0832 0.0821 0.0816 0.0983 0.0834 0.0814 0.0829 0.0754 
        H606  1 0.0811 0.0795 0.1073 0.0800 0.0780 0.0816 0.0815 0.0995 0.0790 0.0791 0.0759 0.0775 
        H632  1 0.0926 0.0829 0.0737 0.0899 0.0889 0.0845 0.0833 0.0751 0.0834 0.0854 0.0871 0.0733 
        H634  1 0.0845 0.0799 0.0859 0.0790 0.0860 0.0864 0.0862 0.0872 0.0823 0.0818 0.0808 0.0800 
        H671  1 0.0810 0.0876 0.0833 0.0811 0.0836 0.0838 0.0814 0.0855 0.0822 0.0814 0.0814 0.0878 
        H672  1 0.0821 0.0755 0.0997 0.0838 0.0807 0.0849 0.0811 0.0885 0.0816 0.0812 0.0837 0.0771 
        H673  1 0.0837 0.0857 0.0848 0.0848 0.0889 0.0792 0.0786 0.0772 0.0855 0.0844 0.0842 0.0828 
        H689  1 0.0845 0.0836 0.0753 0.0886 0.0898 0.0810 0.0834 0.0757 0.0894 0.0833 0.0868 0.0786 
        H690  1 0.0777 0.0852 0.0982 0.0808 0.0779 0.0811 0.0847 0.0808 0.0782 0.0819 0.0794 0.0941 
        H691  1 0.0816 0.0820 0.0868 0.0835 0.0821 0.0829 0.0803 0.0868 0.0825 0.0841 0.0847 0.0827 
        H692  1 0.0900 0.0812 0.0755 0.0854 0.0897 0.0844 0.0850 0.0765 0.0856 0.0822 0.0832 0.0813 
        H709  1 0.0833 0.0862 0.0796 0.0836 0.0848 0.0814 0.0872 0.0812 0.0845 0.0846 0.0832 0.0804 
        H710  1 0.0867 0.0852 0.0718 0.0843 0.0842 0.0841 0.0899 0.0748 0.0857 0.0886 0.0845 0.0803 
       H7355  1 0.0797 0.0851 0.0798 0.0825 0.0787 0.0791 0.0816 0.0817 0.0819 0.0797 0.0799 0.1104 
       H7356  1 0.0870 0.0833 0.0827 0.0856 0.0850 0.0848 0.0820 0.0802 0.0841 0.0804 0.0846 0.0803 
       H7357  1 0.0778 0.0757 0.0979 0.0829 0.0776 0.0784 0.0808 0.1167 0.0788 0.0736 0.0805 0.0791 
       H7358  1 0.0824 0.0800 0.0885 0.0814 0.0839 0.0866 0.0826 0.0852 0.0827 0.0868 0.0830 0.0769 
       H7380  1 0.0808 0.0824 0.0794 0.0863 0.0869 0.0836 0.0815 0.0927 0.0812 0.0873 0.0787 0.0793 
       H7381  1 0.0875 0.0837 0.0798 0.0899 0.0855 0.0840 0.0792 0.0761 0.0840 0.0849 0.0822 0.0832 
       H7382  1 0.0822 0.0797 0.0878 0.0827 0.0880 0.0861 0.0820 0.0826 0.0786 0.0816 0.0798 0.0889 
        H904  1 0.0795 0.0801 0.1036 0.0808 0.0770 0.0815 0.0835 0.0918 0.0813 0.0769 0.0801 0.0840 
        H923  1 0.0885 0.0814 0.0781 0.0852 0.0853 0.0819 0.0832 0.0812 0.0870 0.0863 0.0827 0.0791 
        H924  1 0.0802 0.0834 0.0838 0.0818 0.0838 0.0823 0.0826 0.0878 0.0814 0.0842 0.0855 0.0831 
        H925  1 0.0866 0.0827 0.0791 0.0835 0.0839 0.0805 0.0823 0.0876 0.0820 0.0855 0.0842 0.0822 
       H9558  1 0.0862 0.0829 0.0722 0.0858 0.0880 0.0812 0.0800 0.0773 0.0847 0.0881 0.0927 0.0809 
        H111  3 0.0861 0.0820 0.0773 0.0845 0.0864 0.0849 0.0845 0.0760 0.0839 0.0864 0.0860 0.0819 
        H951  3 0.0836 0.0848 0.0769 0.0828 0.0851 0.0849 0.0821 0.0780 0.0880 0.0861 0.0832 0.0845 
        H952  3 0.0847 0.0858 0.0882 0.0826 0.0817 0.0861 0.0830 0.0770 0.0817 0.0856 0.0830 0.0806 
        H953  3 0.0808 0.0788 0.0894 0.0821 0.0812 0.0796 0.0768 0.0899 0.0840 0.0857 0.0835 0.0882 
        H954  3 0.0746 0.0844 0.1032 0.0808 0.0792 0.0828 0.0823 0.0876 0.0805 0.0807 0.0772 0.0866 
        H955  3 0.0865 0.0829 0.0802 0.0834 0.0830 0.0859 0.0841 0.0773 0.0854 0.0861 0.0840 0.0812 
        H956  3 0.0807 0.0821 0.0945 0.0828 0.0805 0.0812 0.0807 0.0843 0.0825 0.0868 0.0824 0.0813 
       H9563  3 0.0775 0.0817 0.0882 0.0734 0.0798 0.0823 0.0818 0.0881 0.0801 0.0802 0.0793 0.1076 
      H_PALI  6 0.0785 0.0816 0.0824 0.0825 0.0823 0.0889 0.0881 0.0856 0.0805 0.0848 0.0816 0.0832 
        H581  6 0.0805 0.0852 0.0798 0.0813 0.0830 0.0844 0.0783 0.0859 0.0845 0.0855 0.0861 0.0855 
        H582  6 0.0853 0.0796 0.0874 0.0870 0.0866 0.0831 0.0856 0.0767 0.0837 0.0811 0.0823 0.0816 
        H583  6 0.0824 0.0841 0.0922 0.0792 0.0843 0.0834 0.0789 0.0849 0.0840 0.0770 0.0819 0.0878 
        H595  6 0.0819 0.0818 0.0776 0.0792 0.0834 0.0790 0.0851 0.0820 0.0847 0.0838 0.0872 0.0944 
        H596  6 0.0859 0.0819 0.0769 0.0829 0.0839 0.0862 0.0845 0.0791 0.0852 0.0835 0.0854 0.0847 
        H597  6 0.0899 0.0848 0.0728 0.0829 0.0877 0.0837 0.0825 0.0851 0.0846 0.0837 0.0860 0.0763 
        H598  6 0.0803 0.0888 0.0850 0.0814 0.0815 0.0841 0.0849 0.0835 0.0792 0.0819 0.0853 0.0841 
        H599  6 0.0843 0.0853 0.0840 0.0809 0.0811 0.0815 0.0851 0.0839 0.0834 0.0803 0.0835 0.0866 
        H642  6 0.0850 0.0859 0.0710 0.0915 0.0865 0.0816 0.0871 0.0748 0.0851 0.0844 0.0849 0.0824 
        H643  6 0.0823 0.0866 0.0862 0.0782 0.0801 0.0811 0.0826 0.0909 0.0828 0.0809 0.0801 0.0882 
        H664  6 0.0855 0.0849 0.0810 0.0838 0.0855 0.0803 0.0880 0.0783 0.0842 0.0864 0.0847 0.0775 
        H665  6 0.0804 0.0837 0.0792 0.0774 0.0796 0.0883 0.0863 0.0897 0.0807 0.0824 0.0820 0.0903 
        H674  6 0.0860 0.0829 0.0741 0.0874 0.0913 0.0871 0.0837 0.0745 0.0856 0.0829 0.0894 0.0751 
        H675  6 0.0825 0.0835 0.0828 0.0879 0.0827 0.0835 0.0870 0.0776 0.0866 0.0835 0.0844 0.0780 
        H676  6 0.0870 0.0801 0.0726 0.0847 0.0846 0.0815 0.0889 0.0799 0.0799 0.0879 0.0845 0.0883 
        H686  6 0.0836 0.0830 0.0802 0.0846 0.0831 0.0848 0.0870 0.0771 0.0860 0.0900 0.0813 0.0793 
        H687  6 0.0849 0.0832 0.0844 0.0862 0.0835 0.0881 0.0801 0.0776 0.0840 0.0839 0.0819 0.0823 
        H917  6 0.0807 0.0816 0.0819 0.0818 0.0754 0.0852 0.0831 0.0974 0.0832 0.0838 0.0844 0.0816 
        H918  6 0.0833 0.0786 0.0860 0.0809 0.0834 0.0829 0.0814 0.0973 0.0841 0.0828 0.0811 0.0781 
        H919  6 0.0780 0.0843 0.0827 0.0796 0.0799 0.0880 0.0838 0.0859 0.0849 0.0805 0.0808 0.0915 
        H920  6 0.0824 0.0797 0.0834 0.0823 0.0802 0.0861 0.0850 0.0884 0.0838 0.0797 0.0857 0.0832 
        H631  7 0.0836 0.0842 0.0905 0.0837 0.0813 0.0873 0.0822 0.0870 0.0844 0.0803 0.0798 0.0756 
        H684  7 0.0890 0.0879 0.0733 0.0884 0.0860 0.0855 0.0861 0.0677 0.0883 0.0840 0.0822 0.0815 
        H685  7 0.0831 0.0868 0.0910 0.0813 0.0835 0.0877 0.0783 0.0812 0.0824 0.0820 0.0784 0.0843 
        H713  7 0.0795 0.0783 0.1123 0.0828 0.0797 0.0821 0.0756 0.0836 0.0822 0.0803 0.0790 0.0848 
        H715  7 0.0856 0.0895 0.0729 0.0861 0.0889 0.0831 0.0883 0.0716 0.0864 0.0855 0.0832 0.0789 
        H716  7 0.0848 0.0861 0.0894 0.0853 0.0863 0.0849 0.0824 0.0824 0.0792 0.0805 0.0786 0.0800 
        H717  7 0.0850 0.0781 0.0899 0.0814 0.0836 0.0838 0.0858 0.0860 0.0829 0.0833 0.0835 0.0765 
        H729  7 0.0837 0.0846 0.0754 0.0821 0.0845 0.0857 0.0858 0.0772 0.0883 0.0815 0.0840 0.0871 
        H730  7 0.0761 0.0862 0.1010 0.0784 0.0761 0.0827 0.0798 0.1007 0.0768 0.0789 0.0778 0.0855 
        H600  9 0.0799 0.0820 0.0936 0.0831 0.0828 0.0810 0.0837 0.0870 0.0884 0.0811 0.0801 0.0772 
        H648  9 0.0792 0.0841 0.0784 0.0890 0.0836 0.0819 0.0841 0.0818 0.0864 0.0865 0.0819 0.0831 
        H696  9 0.0865 0.0832 0.0785 0.0877 0.0895 0.0837 0.0788 0.0732 0.0825 0.0859 0.0892 0.0813 
        H697  9 0.0852 0.0810 0.0791 0.0826 0.0829 0.0832 0.0817 0.0819 0.0848 0.0865 0.0843 0.0869 
        H698  9 0.0828 0.0820 0.0875 0.0844 0.0838 0.0843 0.0806 0.0860 0.0826 0.0811 0.0855 0.0793 
        H699  9 0.0879 0.0813 0.0753 0.0876 0.0842 0.0823 0.0864 0.0786 0.0855 0.0829 0.0858 0.0821 
        H700  9 0.0797 0.0820 0.1135 0.0848 0.0736 0.0838 0.0798 0.0896 0.0777 0.0806 0.0756 0.0792 
        H732  9 0.0834 0.0797 0.1013 0.0852 0.0854 0.0811 0.0804 0.0813 0.0825 0.0787 0.0788 0.0821 
        H733  9 0.0835 0.0815 0.0782 0.0831 0.0815 0.0839 0.0841 0.0816 0.0825 0.0831 0.0809 0.0960 
        H734  9 0.0851 0.0815 0.0753 0.0879 0.0864 0.0887 0.0829 0.0742 0.0851 0.0841 0.0845 0.0844 
        H735  9 0.0870 0.0870 0.0784 0.0844 0.0862 0.0791 0.0837 0.0789 0.0860 0.0806 0.0805 0.0882 
        H736  9 0.0817 0.0812 0.0817 0.0831 0.0874 0.0823 0.0853 0.0820 0.0885 0.0833 0.0834 0.0802 
        H737  9 0.0844 0.0854 0.0861 0.0852 0.0888 0.0815 0.0818 0.0799 0.0818 0.0839 0.0787 0.0824 
        H905  9 0.0841 0.0843 0.0776 0.0878 0.0821 0.0849 0.0835 0.0852 0.0806 0.0822 0.0805 0.0873 
        H921  9 0.0801 0.0936 0.0854 0.0790 0.0812 0.0825 0.0852 0.0810 0.0781 0.0813 0.0816 0.0911 
        H922  9 0.0818 0.0854 0.0785 0.0814 0.0844 0.0881 0.0885 0.0804 0.0836 0.0853 0.0822 0.0805 
        H409 12 0.0780 0.0810 0.0775 0.0839 0.0807 0.0856 0.0860 0.0887 0.0849 0.0841 0.0814 0.0882 
        H413 12 0.0838 0.0835 0.0819 0.0820 0.0835 0.0834 0.0921 0.0840 0.0864 0.0837 0.0816 0.0741 
        H419 12 0.0838 0.0836 0.0850 0.0815 0.0831 0.0849 0.0809 0.0844 0.0836 0.0794 0.0810 0.0889 
        H420 12 0.0838 0.0867 0.0838 0.0826 0.0814 0.0839 0.0820 0.0829 0.0824 0.0813 0.0824 0.0868 
        H421 12 0.0814 0.0818 0.0850 0.0841 0.0831 0.0840 0.0823 0.0863 0.0823 0.0875 0.0829 0.0793 
        H435 12 0.0868 0.0848 0.0790 0.0854 0.0851 0.0892 0.0837 0.0796 0.0804 0.0838 0.0831 0.0790 
        H436 12 0.0761 0.0807 0.1119 0.0770 0.0790 0.0795 0.0773 0.0924 0.0782 0.0833 0.0837 0.0809 
        H437 12 0.0849 0.0828 0.0819 0.0838 0.0838 0.0844 0.0850 0.0812 0.0848 0.0816 0.0829 0.0829 
        H445 12 0.0783 0.0780 0.0927 0.0787 0.0818 0.0845 0.0814 0.1041 0.0772 0.0808 0.0830 0.0795 
        H449 12 0.0874 0.0887 0.0796 0.0835 0.0882 0.0852 0.0846 0.0710 0.0869 0.0829 0.0818 0.0802 
        H463 12 0.0808 0.0831 0.0922 0.0850 0.0804 0.0809 0.0842 0.0866 0.0820 0.0819 0.0805 0.0823 
        H464 12 0.0852 0.0837 0.0752 0.0812 0.0861 0.0830 0.0834 0.0888 0.0826 0.0874 0.0858 0.0777 
        H465 12 0.0911 0.0819 0.0754 0.0821 0.0885 0.0848 0.0852 0.0727 0.0868 0.0866 0.0848 0.0802 
        H490 12 0.0882 0.0845 0.0767 0.0860 0.0893 0.0834 0.0850 0.0813 0.0830 0.0810 0.0834 0.0780 
        H561 12 0.0807 0.0866 0.0726 0.0804 0.0808 0.0828 0.0801 0.0869 0.0850 0.0831 0.0872 0.0936 
        H562 12 0.0774 0.0825 0.0938 0.0843 0.0822 0.0839 0.0817 0.0880 0.0799 0.0808 0.0811 0.0844 
        H563 12 0.0779 0.0800 0.0896 0.0780 0.0757 0.0840 0.0806 0.0896 0.0794 0.0762 0.0771 0.1119 
        H570 12 0.0787 0.0814 0.0997 0.0784 0.0815 0.0859 0.0814 0.0874 0.0806 0.0786 0.0817 0.0847 
        H571 12 0.0892 0.0755 0.0851 0.0864 0.0812 0.0831 0.0882 0.0752 0.0863 0.0844 0.0831 0.0823 
        H572 12 0.0816 0.0809 0.0834 0.0842 0.0831 0.0797 0.0842 0.0865 0.0841 0.0852 0.0803 0.0867 
        H573 12 0.0811 0.0827 0.0819 0.0838 0.0822 0.0819 0.0849 0.0887 0.0824 0.0822 0.0845 0.0838 
       H7372 12 0.0810 0.0823 0.0889 0.0847 0.0812 0.0836 0.0831 0.0876 0.0837 0.0838 0.0798 0.0803 
       H7373 12 0.0861 0.0858 0.0780 0.0857 0.0864 0.0832 0.0812 0.0759 0.0880 0.0846 0.0848 0.0804 
       H7374 12 0.0865 0.0791 0.0990 0.0856 0.0786 0.0770 0.0827 0.0903 0.0801 0.0827 0.0785 0.0799 
       H7375 12 0.0779 0.0866 0.1020 0.0787 0.0798 0.0835 0.0798 0.0867 0.0832 0.0793 0.0772 0.0853 
       H7376 12 0.0826 0.0832 0.0833 0.0770 0.0824 0.0881 0.0852 0.0923 0.0796 0.0795 0.0844 0.0823 
       H7377 12 0.0785 0.0839 0.0860 0.0839 0.0768 0.0881 0.0870 0.0873 0.0804 0.0806 0.0811 0.0863 
