        H102  1 0.1243 0.1907 0.1371 0.2140 0.1500 0.1838 
        H103  1 0.1812 0.1373 0.1990 0.1357 0.1807 0.1661 
        H104  1 0.1057 0.1414 0.1053 0.2078 0.1703 0.2695 
        H105  1 0.1757 0.1495 0.1630 0.2050 0.1610 0.1457 
        H106  1 0.1668 0.1565 0.1804 0.1708 0.1861 0.1395 
        H112  1 0.1567 0.1594 0.1374 0.2202 0.1349 0.1914 
        H113  1 0.1385 0.1926 0.1234 0.1850 0.1477 0.2128 
        H114  1 0.1449 0.1980 0.1352 0.1683 0.1496 0.2041 
        H115  1 0.1365 0.1585 0.1350 0.1994 0.1410 0.2296 
        H143  1 0.1222 0.1657 0.1388 0.2170 0.1783 0.1780 
        H144  1 0.1786 0.1409 0.2055 0.1168 0.2069 0.1514 
        H145  1 0.1522 0.3439 0.1256 0.0981 0.1108 0.1695 
        H149  1 0.1461 0.1488 0.1286 0.2328 0.1693 0.1745 
        H150  1 0.1173 0.2201 0.2251 0.1364 0.1517 0.1495 
     H167542  1 0.1325 0.1791 0.1523 0.1796 0.1638 0.1926 
     H169604  1 0.1625 0.2190 0.1571 0.1282 0.1545 0.1786 
     H169607  1 0.1812 0.1695 0.1870 0.1334 0.1520 0.1769 
     H169608  1 0.1583 0.2712 0.1337 0.1586 0.1244 0.1539 
     H169633  1 0.1220 0.1934 0.1759 0.1639 0.1823 0.1625 
     H169688  1 0.1989 0.1131 0.1916 0.1683 0.1863 0.1418 
     H169714  1 0.1413 0.1587 0.1834 0.1817 0.1895 0.1455 
     H171802  1 0.2229 0.1090 0.1346 0.2081 0.1724 0.1531 
     H171805  1 0.2078 0.1302 0.1548 0.1752 0.1830 0.1489 
     H171807  1 0.1691 0.1450 0.1683 0.1884 0.1827 0.1466 
     H171814  1 0.1186 0.1602 0.2378 0.1741 0.1807 0.1288 
     H171816  1 0.1690 0.1572 0.1575 0.1953 0.1505 0.1705 
     H171817  1 0.1414 0.1666 0.1377 0.1754 0.1913 0.1877 
     H171818  1 0.1284 0.1250 0.1062 0.1695 0.2108 0.2600 
     H171819  1 0.2092 0.1686 0.1455 0.1542 0.1800 0.1425 
     H171834  1 0.1896 0.1592 0.1371 0.1710 0.1487 0.1944 
     H171835  1 0.1525 0.1886 0.1412 0.1998 0.1195 0.1983 
     H171836  1 0.1896 0.1694 0.1886 0.1551 0.1677 0.1296 
     H171837  1 0.1448 0.2313 0.1259 0.1447 0.1343 0.2189 
     H171838  1 0.2647 0.1303 0.1459 0.1819 0.1388 0.1384 
     H171839  1 0.1638 0.1831 0.1665 0.1783 0.1401 0.1682 
     H171841  1 0.1767 0.1559 0.1444 0.2295 0.1402 0.1534 
     H171860  1 0.1361 0.2517 0.1446 0.1273 0.1297 0.2106 
     H171861  1 0.1434 0.1370 0.1370 0.1944 0.2152 0.1730 
     H171862  1 0.2007 0.1192 0.1738 0.1891 0.1431 0.1741 
     H171868  1 0.1381 0.1784 0.1571 0.1963 0.1805 0.1496 
     H171869  1 0.1873 0.1319 0.2240 0.1589 0.1628 0.1352 
     H171870  1 0.1573 0.1416 0.1855 0.1709 0.1808 0.1639 
     H171871  1 0.1890 0.1410 0.1902 0.1684 0.1760 0.1355 
     H171872  1 0.1296 0.2265 0.1383 0.1586 0.1431 0.2040 
     H171873  1 0.1834 0.1256 0.1801 0.1776 0.1666 0.1666 
     H171874  1 0.1854 0.1462 0.1836 0.1503 0.1893 0.1452 
     H171875  1 0.1635 0.2159 0.1823 0.1275 0.1629 0.1479 
     H171876  1 0.1806 0.1364 0.1937 0.1492 0.1855 0.1545 
     H171877  1 0.1231 0.2914 0.1046 0.1390 0.1332 0.2086 
     H171878  1 0.1887 0.1211 0.1587 0.1920 0.1582 0.1814 
     H171901  1 0.1995 0.1467 0.1328 0.1790 0.1803 0.1618 
     H171902  1 0.1565 0.2138 0.1689 0.1033 0.1706 0.1870 
     H171903  1 0.1653 0.1499 0.1497 0.1676 0.1583 0.2092 
     H171935  1 0.1606 0.1256 0.1804 0.2143 0.1527 0.1665 
     H171936  1 0.1918 0.1420 0.1514 0.1421 0.1517 0.2209 
     H171940  1 0.1546 0.1388 0.1610 0.1682 0.1556 0.2219 
     H171945  1 0.2020 0.1301 0.1901 0.1429 0.1475 0.1873 
     H171948  1 0.1961 0.1554 0.1263 0.1894 0.1597 0.1730 
     H171949  1 0.1589 0.1431 0.1367 0.2062 0.1662 0.1889 
     H171950  1 0.1077 0.1381 0.1121 0.2071 0.2134 0.2216 
     H171963  1 0.1735 0.1677 0.1733 0.1543 0.1620 0.1693 
     H171964  1 0.1611 0.2739 0.2010 0.1159 0.1503 0.0978 
     H171966  1 0.1945 0.1178 0.1614 0.1955 0.2156 0.1152 
     H171968  1 0.1102 0.2130 0.1653 0.1552 0.1466 0.2097 
     H171971  1 0.1477 0.1363 0.1837 0.1788 0.1770 0.1766 
     H171972  1 0.1313 0.2068 0.2162 0.1297 0.1413 0.1748 
     H171977  1 0.1602 0.2138 0.1694 0.1291 0.1671 0.1604 
     H171978  1 0.1651 0.1405 0.1497 0.2026 0.1724 0.1696 
     H171979  1 0.2015 0.1551 0.1457 0.1616 0.1654 0.1708 
        H176  1 0.1398 0.2790 0.1532 0.1347 0.1317 0.1617 
        H177  1 0.2044 0.1217 0.1525 0.2006 0.1530 0.1678 
        H179  1 0.1409 0.1540 0.1191 0.1941 0.1621 0.2298 
        H181  1 0.1723 0.1262 0.1512 0.2091 0.1914 0.1498 
        H182  1 0.1692 0.2133 0.1672 0.1204 0.1608 0.1692 
        H183  1 0.2063 0.1209 0.1667 0.2248 0.1622 0.1190 
        H184  1 0.1817 0.1427 0.1550 0.1531 0.1914 0.1761 
        H185  1 0.1580 0.2255 0.1499 0.1504 0.1445 0.1716 
        H186  1 0.1792 0.1449 0.1946 0.1350 0.2020 0.1443 
        H187  1 0.2043 0.1385 0.1803 0.1593 0.1743 0.1433 
        H188  1 0.1468 0.1517 0.1066 0.1898 0.1867 0.2185 
        H192  1 0.2317 0.1106 0.1425 0.2009 0.1464 0.1679 
        H193  1 0.1484 0.1649 0.1902 0.1181 0.2073 0.1711 
        H194  1 0.1595 0.2365 0.1426 0.1396 0.1645 0.1573 
        H195  1 0.1728 0.1549 0.1948 0.1459 0.1948 0.1369 
        H199  1 0.2212 0.1655 0.1618 0.1050 0.1733 0.1732 
        H200  1 0.1750 0.1506 0.2034 0.1660 0.1577 0.1473 
        H414  1 0.1500 0.1177 0.2830 0.1410 0.1852 0.1230 
        H415  1 0.1463 0.1890 0.1889 0.1220 0.1733 0.1805 
        H422  1 0.1213 0.1967 0.2161 0.1416 0.1710 0.1533 
        H423  1 0.1495 0.1696 0.1556 0.1790 0.1530 0.1932 
        H424  1 0.1683 0.1517 0.1947 0.1441 0.1798 0.1615 
        H425  1 0.2019 0.1403 0.2278 0.1035 0.1445 0.1820 
        H426  1 0.1495 0.1514 0.2292 0.1192 0.2234 0.1272 
        H443  1 0.1366 0.1754 0.2238 0.1301 0.1786 0.1554 
        H466  1 0.1765 0.1268 0.1787 0.1952 0.1790 0.1438 
        H467  1 0.1743 0.1077 0.1630 0.2010 0.1428 0.2113 
        H472  1 0.1708 0.1704 0.1663 0.1517 0.1670 0.1738 
        H483  1 0.1634 0.1328 0.1532 0.1877 0.1642 0.1987 
        H504  1 0.1658 0.1952 0.2041 0.1114 0.1815 0.1420 
        H505  1 0.1420 0.1218 0.1401 0.1818 0.1886 0.2257 
        H506  1 0.1540 0.1798 0.1571 0.1242 0.1882 0.1966 
        H507  1 0.2314 0.1729 0.1500 0.1320 0.1806 0.1332 
        H508  1 0.2070 0.1041 0.1711 0.1771 0.2097 0.1309 
        H524  1 0.1521 0.1506 0.1713 0.1986 0.1913 0.1361 
        H525  1 0.1512 0.2334 0.1936 0.1084 0.1600 0.1534 
        H526  1 0.2057 0.2072 0.1703 0.1169 0.1200 0.1799 
        H527  1 0.1678 0.1663 0.1536 0.1534 0.1782 0.1808 
        H528  1 0.1572 0.1532 0.2434 0.1284 0.1798 0.1380 
        H529  1 0.1481 0.1507 0.2439 0.1598 0.1491 0.1484 
        H533  1 0.1672 0.1421 0.1576 0.1753 0.2293 0.1285 
        H538  1 0.1802 0.1372 0.1471 0.1803 0.1891 0.1660 
        H539  1 0.1745 0.1422 0.1776 0.2068 0.1654 0.1335 
        H540  1 0.1885 0.1500 0.1611 0.1694 0.1577 0.1733 
        H541  1 0.1376 0.1901 0.1382 0.1489 0.1947 0.1906 
        H558  1 0.2889 0.1162 0.1194 0.2174 0.1635 0.0946 
        H559  1 0.1495 0.1632 0.1568 0.1729 0.1696 0.1880 
        H579  1 0.1663 0.2191 0.2209 0.1321 0.1510 0.1107 
        H584  1 0.1316 0.1472 0.2722 0.1679 0.1807 0.1004 
        H585  1 0.1431 0.1422 0.2102 0.1397 0.1802 0.1846 
        H605  1 0.1235 0.1451 0.1692 0.2156 0.1925 0.1540 
        H606  1 0.1013 0.1949 0.1532 0.1846 0.1487 0.2172 
        H632  1 0.1676 0.2087 0.2266 0.1249 0.1403 0.1318 
        H634  1 0.1625 0.1321 0.1735 0.1902 0.1954 0.1463 
        H671  1 0.1453 0.1969 0.1334 0.1592 0.1516 0.2137 
        H672  1 0.1395 0.1575 0.1857 0.1632 0.1950 0.1590 
        H673  1 0.1407 0.1723 0.1833 0.1664 0.1964 0.1409 
        H689  1 0.1871 0.1746 0.1921 0.1346 0.1523 0.1594 
        H690  1 0.1180 0.1910 0.0939 0.2084 0.1080 0.2806 
        H691  1 0.1737 0.1801 0.1713 0.1429 0.1823 0.1497 
        H692  1 0.1647 0.1331 0.2237 0.1791 0.1780 0.1214 
        H709  1 0.1473 0.1434 0.2139 0.2151 0.1552 0.1251 
        H710  1 0.1507 0.1323 0.2369 0.1423 0.1729 0.1649 
       H7355  1 0.1555 0.3335 0.1053 0.1014 0.0953 0.2090 
       H7356  1 0.2008 0.1315 0.1760 0.1546 0.1692 0.1680 
       H7357  1 0.1436 0.1512 0.1208 0.2199 0.1673 0.1972 
       H7358  1 0.1535 0.1569 0.1527 0.2047 0.1959 0.1363 
       H7380  1 0.1445 0.1684 0.1925 0.1672 0.1751 0.1522 
       H7381  1 0.1430 0.1498 0.2153 0.1423 0.1626 0.1871 
       H7382  1 0.1277 0.2250 0.1738 0.1404 0.1780 0.1551 
        H904  1 0.1228 0.1454 0.1133 0.2334 0.1551 0.2300 
        H923  1 0.1683 0.1359 0.1874 0.2005 0.1423 0.1656 
        H924  1 0.1427 0.1629 0.1616 0.1915 0.1658 0.1755 
        H925  1 0.1957 0.1608 0.1636 0.1402 0.1528 0.1869 
       H9558  1 0.2883 0.1253 0.1340 0.2152 0.1377 0.0996 
        H111  3 0.1538 0.1480 0.1597 0.1938 0.2049 0.1398 
        H951  3 0.1913 0.1764 0.2125 0.1292 0.1574 0.1332 
        H952  3 0.1528 0.1903 0.2312 0.1079 0.1590 0.1589 
        H953  3 0.1578 0.3151 0.1184 0.1041 0.1236 0.1810 
        H954  3 0.1330 0.1312 0.1395 0.2011 0.1583 0.2370 
        H955  3 0.2195 0.1141 0.1856 0.1629 0.1841 0.1338 
        H956  3 0.1478 0.1588 0.1871 0.1951 0.1603 0.1508 
       H9563  3 0.1542 0.1524 0.1014 0.1591 0.1655 0.2674 
      H_PALI  6 0.1562 0.1478 0.1441 0.1932 0.1665 0.1923 
        H581  6 0.2473 0.1353 0.1633 0.1436 0.1498 0.1607 
        H582  6 0.1866 0.1227 0.1660 0.1859 0.1621 0.1766 
        H583  6 0.1813 0.1439 0.1507 0.1573 0.1672 0.1996 
        H595  6 0.1769 0.1361 0.1460 0.1485 0.1988 0.1937 
        H596  6 0.2298 0.1569 0.1613 0.1697 0.1474 0.1348 
        H597  6 0.1302 0.1751 0.2683 0.1468 0.1653 0.1143 
        H598  6 0.1439 0.1611 0.1539 0.1782 0.1916 0.1712 
        H599  6 0.2529 0.1246 0.1239 0.2015 0.1543 0.1428 
        H642  6 0.1929 0.1128 0.1860 0.1796 0.1959 0.1327 
        H643  6 0.1468 0.1994 0.1680 0.1549 0.1594 0.1715 
        H664  6 0.1713 0.1172 0.1694 0.2044 0.1770 0.1607 
        H665  6 0.1565 0.2351 0.1150 0.1571 0.1420 0.1944 
        H674  6 0.1607 0.2237 0.1811 0.1506 0.1422 0.1416 
        H675  6 0.1713 0.1439 0.1717 0.1957 0.1745 0.1429 
        H676  6 0.1587 0.1702 0.2005 0.1528 0.1808 0.1370 
        H686  6 0.1293 0.1898 0.1995 0.1409 0.1971 0.1434 
        H687  6 0.1743 0.1661 0.1882 0.1617 0.1653 0.1444 
        H917  6 0.1719 0.1660 0.1493 0.1950 0.1731 0.1448 
        H918  6 0.2019 0.1432 0.1656 0.1598 0.1608 0.1687 
        H919  6 0.1632 0.2258 0.1270 0.1664 0.1234 0.1942 
        H920  6 0.1435 0.1331 0.1343 0.2057 0.2020 0.1814 
        H631  7 0.1260 0.1890 0.1399 0.1867 0.1710 0.1875 
        H684  7 0.1644 0.2478 0.1725 0.1365 0.1489 0.1299 
        H685  7 0.1568 0.1570 0.1406 0.2073 0.1562 0.1822 
        H713  7 0.1203 0.1281 0.1436 0.2204 0.1765 0.2111 
        H715  7 0.1619 0.2661 0.1654 0.1266 0.1436 0.1363 
        H716  7 0.1346 0.1656 0.2219 0.1405 0.1705 0.1670 
        H717  7 0.1270 0.1373 0.1558 0.2075 0.2327 0.1397 
        H729  7 0.1633 0.1956 0.1417 0.1577 0.1598 0.1819 
        H730  7 0.1128 0.2308 0.1155 0.1346 0.1647 0.2416 
        H600  9 0.1570 0.1992 0.1704 0.1683 0.1674 0.1377 
        H648  9 0.2364 0.1104 0.1485 0.2266 0.1522 0.1259 
        H696  9 0.1966 0.1604 0.2011 0.1152 0.1957 0.1310 
        H697  9 0.1662 0.2317 0.1496 0.1338 0.1317 0.1870 
        H698  9 0.1398 0.1689 0.1896 0.1339 0.1733 0.1944 
        H699  9 0.1707 0.1297 0.1745 0.1694 0.1784 0.1773 
        H700  9 0.0967 0.1835 0.1225 0.2194 0.1486 0.2294 
        H732  9 0.1377 0.1091 0.1828 0.1322 0.2276 0.2106 
        H733  9 0.1772 0.1379 0.1458 0.1572 0.1767 0.2053 
        H734  9 0.2018 0.1423 0.2020 0.1380 0.1799 0.1360 
        H735  9 0.1921 0.1590 0.1605 0.1917 0.1387 0.1580 
        H736  9 0.1828 0.1216 0.1796 0.1726 0.1963 0.1471 
        H737  9 0.1878 0.2032 0.1620 0.1351 0.1445 0.1673 
        H905  9 0.1629 0.1634 0.1331 0.1882 0.1535 0.1988 
        H921  9 0.1502 0.1818 0.1332 0.1734 0.1620 0.1995 
        H922  9 0.1736 0.1707 0.1505 0.1672 0.1813 0.1567 
        H409 12 0.1841 0.1244 0.1605 0.1935 0.1656 0.1719 
        H413 12 0.1773 0.1485 0.1700 0.1707 0.1939 0.1396 
        H419 12 0.1235 0.2470 0.1233 0.1694 0.1583 0.1785 
        H420 12 0.1432 0.1605 0.1452 0.2092 0.1703 0.1717 
        H421 12 0.1394 0.2036 0.1679 0.1552 0.1732 0.1606 
        H435 12 0.1779 0.3169 0.1356 0.0913 0.1257 0.1525 
        H436 12 0.1184 0.1580 0.1475 0.1798 0.1999 0.1964 
        H437 12 0.1644 0.1596 0.1683 0.1784 0.1830 0.1463 
        H445 12 0.1516 0.1739 0.1383 0.2112 0.1619 0.1631 
        H449 12 0.1129 0.2007 0.2163 0.1507 0.1901 0.1293 
        H463 12 0.1375 0.1474 0.1585 0.1883 0.1862 0.1821 
        H464 12 0.1911 0.1142 0.2206 0.1355 0.2099 0.1287 
        H465 12 0.1814 0.1197 0.1885 0.1994 0.1842 0.1268 
        H490 12 0.1822 0.1351 0.2368 0.1641 0.1814 0.1003 
        H561 12 0.2825 0.1197 0.1282 0.1844 0.1256 0.1596 
        H562 12 0.1311 0.1445 0.1466 0.2053 0.1900 0.1825 
        H563 12 0.1510 0.1512 0.1051 0.1688 0.1565 0.2674 
        H570 12 0.1257 0.1589 0.1263 0.2245 0.1726 0.1920 
        H571 12 0.1931 0.1414 0.1452 0.2114 0.1654 0.1435 
        H572 12 0.1992 0.1284 0.1413 0.2204 0.1452 0.1656 
        H573 12 0.1497 0.1383 0.1501 0.1787 0.1948 0.1884 
       H7372 12 0.1288 0.2004 0.1938 0.1456 0.1541 0.1773 
       H7373 12 0.1459 0.1787 0.2237 0.1421 0.1790 0.1305 
       H7374 12 0.1352 0.1570 0.1552 0.2017 0.1641 0.1867 
       H7375 12 0.1182 0.1604 0.1253 0.2125 0.1651 0.2184 
       H7376 12 0.1698 0.2387 0.1273 0.1236 0.1483 0.1922 
       H7377 12 0.1487 0.1603 0.1151 0.1950 0.1567 0.2242 
