        H102  1 0.2042 0.2361 0.1854 0.1813 0.1930 
        H103  1 0.2019 0.1760 0.2114 0.2108 0.2000 
        H104  1 0.1872 0.2577 0.1847 0.1840 0.1864 
        H105  1 0.1999 0.2107 0.1929 0.1960 0.2005 
        H106  1 0.2060 0.1941 0.1972 0.1981 0.2046 
        H112  1 0.1977 0.2245 0.1936 0.1911 0.1930 
        H113  1 0.1925 0.2473 0.1844 0.1872 0.1886 
        H114  1 0.2013 0.2269 0.1875 0.1856 0.1987 
        H115  1 0.1937 0.2464 0.1856 0.1800 0.1943 
        H143  1 0.1913 0.2254 0.1949 0.1941 0.1943 
        H144  1 0.2002 0.1908 0.2030 0.2053 0.2007 
        H145  1 0.2010 0.1676 0.2157 0.2136 0.2020 
        H149  1 0.1885 0.2205 0.1909 0.1927 0.2074 
        H150  1 0.2073 0.2078 0.1896 0.1924 0.2029 
     H167542  1 0.2092 0.2294 0.1835 0.1852 0.1927 
     H169604  1 0.2115 0.2055 0.1891 0.1892 0.2047 
     H169607  1 0.2049 0.1782 0.1981 0.2156 0.2032 
     H169608  1 0.2004 0.2023 0.1913 0.2040 0.2020 
     H169633  1 0.2061 0.1913 0.2019 0.2015 0.1992 
     H169688  1 0.2069 0.1718 0.2075 0.2100 0.2037 
     H169714  1 0.1950 0.2109 0.1944 0.1961 0.2036 
     H171802  1 0.1921 0.2060 0.2026 0.1961 0.2032 
     H171805  1 0.2099 0.1967 0.1923 0.1972 0.2039 
     H171807  1 0.1958 0.1969 0.2033 0.2035 0.2006 
     H171814  1 0.1911 0.1758 0.2164 0.2159 0.2008 
     H171816  1 0.1994 0.2133 0.1965 0.1950 0.1958 
     H171817  1 0.2044 0.2276 0.1833 0.1878 0.1969 
     H171818  1 0.1857 0.2403 0.1867 0.1919 0.1953 
     H171819  1 0.2080 0.1956 0.1874 0.1973 0.2118 
     H171834  1 0.2063 0.2263 0.1950 0.1823 0.1901 
     H171835  1 0.2040 0.2122 0.1917 0.1890 0.2031 
     H171836  1 0.2028 0.1883 0.2010 0.2036 0.2044 
     H171837  1 0.1979 0.2244 0.1878 0.1937 0.1962 
     H171838  1 0.2053 0.1837 0.2067 0.2000 0.2044 
     H171839  1 0.2012 0.2129 0.1937 0.1921 0.2001 
     H171841  1 0.2037 0.1927 0.2008 0.1977 0.2051 
     H171860  1 0.2014 0.2156 0.1934 0.1922 0.1973 
     H171861  1 0.2059 0.2033 0.1982 0.1955 0.1970 
     H171862  1 0.2034 0.2147 0.1936 0.1906 0.1977 
     H171868  1 0.1937 0.2415 0.1830 0.1840 0.1978 
     H171869  1 0.1973 0.1817 0.2064 0.2132 0.2014 
     H171870  1 0.1984 0.2006 0.2047 0.1995 0.1968 
     H171871  1 0.1941 0.1878 0.2120 0.2055 0.2006 
     H171872  1 0.1994 0.2238 0.1900 0.1840 0.2028 
     H171873  1 0.1992 0.1910 0.2099 0.2009 0.1991 
     H171874  1 0.2025 0.1764 0.2110 0.2018 0.2083 
     H171875  1 0.2038 0.2026 0.2010 0.1991 0.1936 
     H171876  1 0.2003 0.1871 0.2056 0.2010 0.2060 
     H171877  1 0.2045 0.2303 0.1840 0.1879 0.1933 
     H171878  1 0.1939 0.1949 0.2055 0.2084 0.1973 
     H171901  1 0.2001 0.2006 0.2013 0.1942 0.2038 
     H171902  1 0.1960 0.1871 0.2126 0.2070 0.1974 
     H171903  1 0.2031 0.2138 0.1920 0.1900 0.2011 
     H171935  1 0.1964 0.1910 0.2069 0.2038 0.2019 
     H171936  1 0.2034 0.2100 0.1908 0.1976 0.1983 
     H171940  1 0.1945 0.2275 0.1878 0.1951 0.1952 
     H171945  1 0.2051 0.1871 0.2002 0.2064 0.2012 
     H171948  1 0.2005 0.2066 0.1950 0.2006 0.1974 
     H171949  1 0.2063 0.2104 0.1881 0.1937 0.2015 
     H171950  1 0.1877 0.2385 0.1876 0.1900 0.1961 
     H171963  1 0.2035 0.1969 0.2049 0.1969 0.1978 
     H171964  1 0.1968 0.1680 0.2196 0.2161 0.1996 
     H171966  1 0.1961 0.1915 0.2052 0.2068 0.2004 
     H171968  1 0.1946 0.2077 0.1994 0.1986 0.1997 
     H171971  1 0.1977 0.2008 0.2017 0.2020 0.1977 
     H171972  1 0.2062 0.1839 0.2046 0.2049 0.2003 
     H171977  1 0.2037 0.1787 0.2070 0.2085 0.2021 
     H171978  1 0.1979 0.1820 0.2085 0.2095 0.2022 
     H171979  1 0.2063 0.1860 0.2016 0.2022 0.2039 
        H176  1 0.2034 0.2194 0.1909 0.1941 0.1921 
        H177  1 0.2025 0.2037 0.1950 0.1960 0.2028 
        H179  1 0.1941 0.2603 0.1734 0.1824 0.1899 
        H181  1 0.1849 0.2062 0.2008 0.2070 0.2012 
        H182  1 0.2100 0.1824 0.1990 0.2079 0.2007 
        H183  1 0.1982 0.1738 0.2104 0.2095 0.2081 
        H184  1 0.2014 0.2132 0.1863 0.1957 0.2034 
        H185  1 0.1952 0.2037 0.2048 0.2003 0.1960 
        H186  1 0.2018 0.2018 0.2039 0.2049 0.1876 
        H187  1 0.2173 0.1811 0.1991 0.1966 0.2059 
        H188  1 0.1886 0.2352 0.1986 0.1855 0.1922 
        H192  1 0.2022 0.2121 0.1879 0.1972 0.2006 
        H193  1 0.2009 0.1871 0.2093 0.2067 0.1960 
        H194  1 0.2015 0.2054 0.1956 0.1973 0.2002 
        H195  1 0.2082 0.1676 0.2132 0.2113 0.1996 
        H199  1 0.1999 0.1799 0.2086 0.2123 0.1994 
        H200  1 0.2021 0.1949 0.2038 0.2024 0.1968 
        H414  1 0.1982 0.1819 0.2029 0.2088 0.2082 
        H415  1 0.2055 0.2093 0.1967 0.1904 0.1981 
        H422  1 0.1935 0.1960 0.2097 0.2072 0.1936 
        H423  1 0.1999 0.1974 0.1990 0.2015 0.2022 
        H424  1 0.2050 0.1894 0.2018 0.1988 0.2050 
        H425  1 0.1989 0.1862 0.2077 0.2078 0.1993 
        H426  1 0.1914 0.1625 0.2233 0.2157 0.2072 
        H443  1 0.1905 0.1892 0.2106 0.2124 0.1973 
        H466  1 0.1923 0.2065 0.2014 0.2016 0.1982 
        H467  1 0.2011 0.1948 0.2011 0.2032 0.1998 
        H472  1 0.2025 0.1866 0.2039 0.2040 0.2029 
        H483  1 0.1958 0.2183 0.1970 0.1948 0.1941 
        H504  1 0.1982 0.1769 0.2227 0.2028 0.1995 
        H505  1 0.1943 0.2383 0.1915 0.1895 0.1863 
        H506  1 0.1879 0.2038 0.2064 0.2061 0.1958 
        H507  1 0.2070 0.1801 0.2055 0.2131 0.1943 
        H508  1 0.1951 0.1890 0.2061 0.2126 0.1972 
        H524  1 0.2042 0.1954 0.1983 0.2017 0.2004 
        H525  1 0.2062 0.1907 0.2060 0.2040 0.1931 
        H526  1 0.2055 0.2146 0.1935 0.1937 0.1927 
        H527  1 0.2018 0.2064 0.1917 0.1962 0.2040 
        H528  1 0.2073 0.1802 0.2037 0.2096 0.1993 
        H529  1 0.1992 0.1888 0.2037 0.2047 0.2036 
        H533  1 0.2070 0.1960 0.2015 0.1958 0.1996 
        H538  1 0.2010 0.2109 0.1910 0.1980 0.1991 
        H539  1 0.2140 0.1727 0.2024 0.2061 0.2048 
        H540  1 0.2062 0.2087 0.1925 0.1897 0.2029 
        H541  1 0.2095 0.2140 0.1934 0.1838 0.1992 
        H558  1 0.2077 0.1612 0.2106 0.2152 0.2053 
        H559  1 0.1906 0.2243 0.1928 0.1956 0.1968 
        H579  1 0.1948 0.1783 0.2131 0.2111 0.2027 
        H584  1 0.1942 0.1784 0.2108 0.2100 0.2066 
        H585  1 0.1997 0.1915 0.2073 0.2031 0.1984 
        H605  1 0.1974 0.2101 0.1986 0.1983 0.1957 
        H606  1 0.1920 0.2383 0.1854 0.1911 0.1932 
        H632  1 0.1906 0.1773 0.2160 0.2171 0.1989 
        H634  1 0.2038 0.1888 0.2017 0.2028 0.2029 
        H671  1 0.2016 0.2039 0.1951 0.1980 0.2015 
        H672  1 0.1970 0.1956 0.2006 0.2007 0.2061 
        H673  1 0.1965 0.1821 0.2085 0.2098 0.2031 
        H689  1 0.2011 0.1860 0.2077 0.2033 0.2018 
        H690  1 0.1996 0.2507 0.1760 0.1832 0.1905 
        H691  1 0.2012 0.2067 0.1957 0.1931 0.2035 
        H692  1 0.2015 0.1740 0.2085 0.2163 0.1996 
        H709  1 0.2019 0.1936 0.1994 0.2089 0.1963 
        H710  1 0.1975 0.1715 0.2076 0.2194 0.2041 
       H7355  1 0.2058 0.2160 0.1899 0.1843 0.2040 
       H7356  1 0.2114 0.1868 0.1980 0.1991 0.2047 
       H7357  1 0.1974 0.2524 0.1811 0.1785 0.1905 
       H7358  1 0.1981 0.1958 0.2021 0.2046 0.1995 
       H7380  1 0.2042 0.2192 0.1921 0.1926 0.1919 
       H7381  1 0.1965 0.1915 0.2068 0.2059 0.1993 
       H7382  1 0.2028 0.1987 0.1990 0.1964 0.2031 
        H904  1 0.1984 0.2252 0.1852 0.1921 0.1990 
        H923  1 0.2029 0.1832 0.2080 0.2030 0.2030 
        H924  1 0.2080 0.1975 0.2010 0.1951 0.1984 
        H925  1 0.2070 0.1907 0.1954 0.2023 0.2046 
       H9558  1 0.1978 0.1565 0.2180 0.2249 0.2029 
        H111  3 0.1945 0.1969 0.2047 0.2032 0.2007 
        H951  3 0.2060 0.1881 0.2017 0.2010 0.2031 
        H952  3 0.1919 0.1752 0.2189 0.2187 0.1953 
        H953  3 0.1956 0.2056 0.1981 0.2020 0.1987 
        H954  3 0.1947 0.2223 0.1896 0.1907 0.2026 
        H955  3 0.2011 0.1821 0.2023 0.2060 0.2086 
        H956  3 0.2039 0.1963 0.1983 0.2015 0.2000 
       H9563  3 0.2008 0.2244 0.1851 0.1872 0.2024 
      H_PALI  6 0.2017 0.2110 0.1951 0.1965 0.1957 
        H581  6 0.2061 0.1963 0.2004 0.1951 0.2021 
        H582  6 0.1937 0.1927 0.2072 0.2089 0.1976 
        H583  6 0.1928 0.2025 0.1990 0.2012 0.2045 
        H595  6 0.2064 0.2005 0.1994 0.1984 0.1953 
        H596  6 0.2049 0.1862 0.2090 0.2001 0.1997 
        H597  6 0.1953 0.1968 0.2064 0.2083 0.1933 
        H598  6 0.1976 0.2237 0.1863 0.1894 0.2031 
        H599  6 0.1916 0.1919 0.2047 0.2083 0.2035 
        H642  6 0.1945 0.1650 0.2144 0.2192 0.2068 
        H643  6 0.2072 0.2222 0.1888 0.1892 0.1926 
        H664  6 0.1970 0.1865 0.2042 0.2080 0.2043 
        H665  6 0.2070 0.2169 0.1877 0.1873 0.2011 
        H674  6 0.1928 0.1686 0.2200 0.2184 0.2002 
        H675  6 0.1959 0.1874 0.2088 0.2057 0.2021 
        H676  6 0.1923 0.1880 0.2111 0.2110 0.1976 
        H686  6 0.1961 0.1869 0.2040 0.2081 0.2049 
        H687  6 0.1938 0.1923 0.2069 0.2103 0.1967 
        H917  6 0.2136 0.2136 0.1838 0.1886 0.2004 
        H918  6 0.2049 0.2039 0.1968 0.1923 0.2021 
        H919  6 0.2020 0.2221 0.1846 0.1842 0.2073 
        H920  6 0.1996 0.2089 0.1969 0.1981 0.1964 
        H631  7 0.2027 0.2160 0.1931 0.1917 0.1965 
        H684  7 0.2136 0.1622 0.2078 0.2125 0.2039 
        H685  7 0.1958 0.1993 0.1948 0.2059 0.2042 
        H713  7 0.1835 0.2257 0.1939 0.1971 0.1999 
        H715  7 0.2020 0.1809 0.2108 0.2108 0.1955 
        H716  7 0.1943 0.2018 0.1979 0.2005 0.2054 
        H717  7 0.1921 0.2043 0.2011 0.2066 0.1958 
        H729  7 0.2087 0.1932 0.1962 0.1976 0.2042 
        H730  7 0.2045 0.2166 0.1882 0.1917 0.1990 
        H600  9 0.2049 0.2066 0.1922 0.1920 0.2043 
        H648  9 0.2043 0.1818 0.2067 0.2076 0.1997 
        H696  9 0.1972 0.1667 0.2158 0.2167 0.2036 
        H697  9 0.1917 0.1993 0.2042 0.2008 0.2041 
        H698  9 0.1940 0.1847 0.2071 0.2042 0.2100 
        H699  9 0.1989 0.2035 0.1994 0.2026 0.1956 
        H700  9 0.2041 0.2231 0.1875 0.1895 0.1958 
        H732  9 0.1876 0.2033 0.2014 0.2105 0.1972 
        H733  9 0.1853 0.2227 0.1957 0.1978 0.1985 
        H734  9 0.2087 0.1776 0.2009 0.2074 0.2054 
        H735  9 0.1992 0.1899 0.2078 0.2049 0.1983 
        H736  9 0.2028 0.1843 0.2038 0.2059 0.2031 
        H737  9 0.1964 0.1949 0.2024 0.2048 0.2015 
        H905  9 0.1961 0.2187 0.1962 0.1914 0.1975 
        H921  9 0.2137 0.2171 0.1810 0.1830 0.2052 
        H922  9 0.2026 0.1867 0.2030 0.1943 0.2133 
        H409 12 0.2080 0.2229 0.1886 0.1840 0.1966 
        H413 12 0.2001 0.1663 0.2148 0.2184 0.2004 
        H419 12 0.2031 0.2241 0.1909 0.1824 0.1995 
        H420 12 0.1977 0.2032 0.1984 0.2011 0.1996 
        H421 12 0.1995 0.1978 0.1964 0.2027 0.2036 
        H435 12 0.2114 0.1836 0.2030 0.1954 0.2066 
        H436 12 0.2013 0.2222 0.1919 0.1906 0.1940 
        H437 12 0.2004 0.2132 0.1956 0.1985 0.1924 
        H445 12 0.1941 0.2301 0.1922 0.1929 0.1907 
        H449 12 0.2003 0.1721 0.2122 0.2077 0.2078 
        H463 12 0.1966 0.2022 0.1998 0.1971 0.2042 
        H464 12 0.2043 0.1781 0.2079 0.2011 0.2086 
        H465 12 0.1928 0.1765 0.2184 0.2154 0.1969 
        H490 12 0.1970 0.1729 0.2096 0.2105 0.2101 
        H561 12 0.2093 0.1921 0.1954 0.1949 0.2084 
        H562 12 0.1952 0.2188 0.1876 0.1937 0.2047 
        H563 12 0.1953 0.2276 0.1877 0.1895 0.1999 
        H570 12 0.1970 0.2371 0.1845 0.1851 0.1963 
        H571 12 0.1898 0.1893 0.2132 0.2091 0.1986 
        H572 12 0.1934 0.2072 0.1967 0.2022 0.2005 
        H573 12 0.2008 0.2123 0.1991 0.1950 0.1928 
       H7372 12 0.1998 0.2002 0.1995 0.1984 0.2021 
       H7373 12 0.1976 0.1658 0.2164 0.2155 0.2047 
       H7374 12 0.1895 0.2077 0.2005 0.1953 0.2069 
       H7375 12 0.1965 0.2117 0.1893 0.1973 0.2052 
       H7376 12 0.2041 0.1995 0.1923 0.1926 0.2116 
       H7377 12 0.2002 0.2291 0.1912 0.1880 0.1916 
