        H102  1 0.1931 0.2029 0.6040 
        H103  1 0.4160 0.4114 0.1726 
        H104  1 0.2000 0.1998 0.6002 
        H105  1 0.2989 0.3430 0.3581 
        H106  1 0.3861 0.3648 0.2491 
        H112  1 0.2662 0.2657 0.4682 
        H113  1 0.2803 0.2863 0.4335 
        H114  1 0.2762 0.2834 0.4404 
        H115  1 0.1993 0.1846 0.6162 
        H143  1 0.2284 0.2323 0.5393 
        H144  1 0.3457 0.3630 0.2913 
        H145  1 0.4270 0.4097 0.1633 
        H149  1 0.2442 0.2332 0.5226 
        H150  1 0.3602 0.3403 0.2995 
     H167542  1 0.2389 0.2405 0.5206 
     H169604  1 0.3526 0.3106 0.3368 
     H169607  1 0.4115 0.3755 0.2130 
     H169608  1 0.3161 0.2893 0.3946 
     H169633  1 0.3591 0.3488 0.2921 
     H169688  1 0.4020 0.3973 0.2007 
     H169714  1 0.3039 0.2993 0.3967 
     H171802  1 0.3501 0.3472 0.3027 
     H171805  1 0.3788 0.3838 0.2374 
     H171807  1 0.3888 0.3558 0.2554 
     H171814  1 0.4090 0.4025 0.1885 
     H171816  1 0.3331 0.3433 0.3236 
     H171817  1 0.2374 0.2400 0.5226 
     H171818  1 0.2061 0.1996 0.5944 
     H171819  1 0.3442 0.3765 0.2794 
     H171834  1 0.2309 0.2646 0.5045 
     H171835  1 0.3328 0.3165 0.3507 
     H171836  1 0.3630 0.4031 0.2339 
     H171837  1 0.3120 0.2897 0.3983 
     H171838  1 0.3793 0.4295 0.1912 
     H171839  1 0.3065 0.3279 0.3657 
     H171841  1 0.3740 0.3772 0.2488 
     H171860  1 0.3322 0.3011 0.3668 
     H171861  1 0.2813 0.2741 0.4447 
     H171862  1 0.3120 0.2959 0.3921 
     H171868  1 0.2332 0.2367 0.5301 
     H171869  1 0.3790 0.4223 0.1987 
     H171870  1 0.2936 0.3408 0.3656 
     H171871  1 0.3989 0.3962 0.2049 
     H171872  1 0.2583 0.2310 0.5107 
     H171873  1 0.3380 0.4245 0.2376 
     H171874  1 0.3560 0.3784 0.2656 
     H171875  1 0.3129 0.3714 0.3157 
     H171876  1 0.3834 0.3592 0.2574 
     H171877  1 0.2794 0.2336 0.4870 
     H171878  1 0.3604 0.3543 0.2853 
     H171901  1 0.3171 0.3580 0.3250 
     H171902  1 0.2953 0.3089 0.3958 
     H171903  1 0.2733 0.2604 0.4663 
     H171935  1 0.3700 0.3683 0.2617 
     H171936  1 0.3026 0.2941 0.4034 
     H171940  1 0.2476 0.2473 0.5051 
     H171945  1 0.3585 0.3814 0.2601 
     H171948  1 0.2892 0.2792 0.4316 
     H171949  1 0.2732 0.2805 0.4463 
     H171950  1 0.1740 0.1764 0.6496 
     H171963  1 0.3882 0.3833 0.2286 
     H171964  1 0.4500 0.3673 0.1827 
     H171966  1 0.3691 0.4020 0.2289 
     H171968  1 0.2481 0.2400 0.5119 
     H171971  1 0.3762 0.3398 0.2840 
     H171972  1 0.3848 0.3633 0.2519 
     H171977  1 0.4127 0.3378 0.2495 
     H171978  1 0.3504 0.3807 0.2689 
     H171979  1 0.4113 0.3966 0.1920 
        H176  1 0.3070 0.2710 0.4220 
        H177  1 0.3402 0.3585 0.3012 
        H179  1 0.1841 0.1745 0.6415 
        H181  1 0.3541 0.3242 0.3217 
        H182  1 0.3975 0.4095 0.1930 
        H183  1 0.4193 0.4123 0.1683 
        H184  1 0.3113 0.2953 0.3934 
        H185  1 0.3698 0.3918 0.2384 
        H186  1 0.3264 0.3534 0.3201 
        H187  1 0.3616 0.4098 0.2286 
        H188  1 0.2534 0.2365 0.5100 
        H192  1 0.3197 0.3362 0.3442 
        H193  1 0.3881 0.3888 0.2232 
        H194  1 0.2972 0.2747 0.4281 
        H195  1 0.4277 0.4215 0.1508 
        H199  1 0.3769 0.4219 0.2012 
        H200  1 0.3509 0.3492 0.2999 
        H414  1 0.4044 0.3707 0.2249 
        H415  1 0.3031 0.2847 0.4122 
        H422  1 0.2905 0.2951 0.4144 
        H423  1 0.2883 0.3183 0.3934 
        H424  1 0.3481 0.4095 0.2424 
        H425  1 0.3906 0.4027 0.2067 
        H426  1 0.4594 0.4039 0.1367 
        H443  1 0.3642 0.3690 0.2668 
        H466  1 0.3060 0.3116 0.3823 
        H467  1 0.3438 0.3321 0.3242 
        H472  1 0.3821 0.3822 0.2357 
        H483  1 0.2964 0.3136 0.3899 
        H504  1 0.4066 0.3918 0.2016 
        H505  1 0.2264 0.2213 0.5522 
        H506  1 0.3874 0.3464 0.2662 
        H507  1 0.4120 0.4329 0.1551 
        H508  1 0.3830 0.3820 0.2350 
        H524  1 0.3668 0.3994 0.2338 
        H525  1 0.3879 0.3359 0.2761 
        H526  1 0.3339 0.3321 0.3340 
        H527  1 0.2911 0.3222 0.3867 
        H528  1 0.4269 0.3736 0.1994 
        H529  1 0.3799 0.4280 0.1921 
        H533  1 0.3852 0.3866 0.2282 
        H538  1 0.3454 0.4086 0.2460 
        H539  1 0.3619 0.4261 0.2120 
        H540  1 0.3465 0.3440 0.3095 
        H541  1 0.2977 0.2885 0.4138 
        H558  1 0.4472 0.4055 0.1473 
        H559  1 0.2601 0.2703 0.4696 
        H579  1 0.3651 0.3946 0.2403 
        H584  1 0.4335 0.3875 0.1790 
        H585  1 0.3625 0.3274 0.3101 
        H605  1 0.2448 0.2696 0.4856 
        H606  1 0.1668 0.1662 0.6670 
        H632  1 0.4413 0.3803 0.1785 
        H634  1 0.3855 0.3430 0.2714 
        H671  1 0.2663 0.2285 0.5052 
        H672  1 0.3009 0.3177 0.3814 
        H673  1 0.3922 0.3781 0.2297 
        H689  1 0.3903 0.4027 0.2071 
        H690  1 0.1973 0.1956 0.6070 
        H691  1 0.3107 0.3255 0.3638 
        H692  1 0.4036 0.4248 0.1716 
        H709  1 0.3655 0.3666 0.2679 
        H710  1 0.3880 0.4539 0.1581 
       H7355  1 0.3582 0.3223 0.3196 
       H7356  1 0.3660 0.3917 0.2422 
       H7357  1 0.2070 0.1990 0.5940 
       H7358  1 0.3460 0.3697 0.2843 
       H7380  1 0.2906 0.2902 0.4191 
       H7381  1 0.3827 0.3724 0.2449 
       H7382  1 0.3321 0.3416 0.3263 
        H904  1 0.1907 0.1863 0.6229 
        H923  1 0.3838 0.3884 0.2278 
        H924  1 0.3289 0.3130 0.3581 
        H925  1 0.3404 0.3614 0.2982 
       H9558  1 0.4196 0.4425 0.1379 
        H111  3 0.3728 0.3704 0.2568 
        H951  3 0.3723 0.4012 0.2265 
        H952  3 0.4059 0.3706 0.2235 
        H953  3 0.3693 0.3383 0.2923 
        H954  3 0.2109 0.2097 0.5794 
        H955  3 0.3739 0.4150 0.2111 
        H956  3 0.3481 0.3233 0.3286 
       H9563  3 0.2708 0.2420 0.4872 
      H_PALI  6 0.2491 0.2699 0.4810 
        H581  6 0.3542 0.3179 0.3279 
        H582  6 0.3399 0.3203 0.3397 
        H583  6 0.2997 0.2740 0.4263 
        H595  6 0.3568 0.3700 0.2732 
        H596  6 0.3832 0.4040 0.2128 
        H597  6 0.3719 0.3871 0.2410 
        H598  6 0.2657 0.2657 0.4686 
        H599  6 0.3478 0.3894 0.2628 
        H642  6 0.4185 0.4144 0.1670 
        H643  6 0.2917 0.3024 0.4059 
        H664  6 0.3598 0.3432 0.2971 
        H665  6 0.2663 0.2653 0.4683 
        H674  6 0.4664 0.3825 0.1511 
        H675  6 0.3765 0.3700 0.2535 
        H676  6 0.4108 0.3644 0.2248 
        H686  6 0.4160 0.3703 0.2137 
        H687  6 0.3584 0.3199 0.3217 
        H917  6 0.2944 0.2926 0.4130 
        H918  6 0.3216 0.3521 0.3263 
        H919  6 0.3392 0.3057 0.3551 
        H920  6 0.2784 0.2935 0.4281 
        H631  7 0.2627 0.2878 0.4496 
        H684  7 0.4590 0.3954 0.1456 
        H685  7 0.3521 0.3303 0.3176 
        H713  7 0.2256 0.2108 0.5636 
        H715  7 0.4067 0.3845 0.2088 
        H716  7 0.3148 0.3351 0.3501 
        H717  7 0.3052 0.3503 0.3445 
        H729  7 0.3784 0.3561 0.2655 
        H730  7 0.2868 0.2946 0.4186 
        H600  9 0.3015 0.2934 0.4051 
        H648  9 0.3928 0.4031 0.2041 
        H696  9 0.4193 0.4198 0.1609 
        H697  9 0.3927 0.3263 0.2810 
        H698  9 0.3421 0.3222 0.3356 
        H699  9 0.3735 0.3310 0.2955 
        H700  9 0.2039 0.1880 0.6082 
        H732  9 0.3373 0.2876 0.3751 
        H733  9 0.3057 0.2976 0.3968 
        H734  9 0.4000 0.4331 0.1669 
        H735  9 0.3796 0.3781 0.2423 
        H736  9 0.3575 0.3941 0.2484 
        H737  9 0.3780 0.3244 0.2977 
        H905  9 0.2632 0.2479 0.4888 
        H921  9 0.2617 0.2578 0.4805 
        H922  9 0.3836 0.3776 0.2389 
        H409 12 0.3043 0.3129 0.3828 
        H413 12 0.4040 0.4105 0.1855 
        H419 12 0.2417 0.2664 0.4919 
        H420 12 0.3347 0.3060 0.3592 
        H421 12 0.3111 0.2758 0.4131 
        H435 12 0.3920 0.3548 0.2532 
        H436 12 0.2156 0.2184 0.5661 
        H437 12 0.3150 0.2982 0.3868 
        H445 12 0.2213 0.2135 0.5652 
        H449 12 0.4270 0.3998 0.1731 
        H463 12 0.3176 0.3029 0.3795 
        H464 12 0.4182 0.4171 0.1647 
        H465 12 0.3873 0.4149 0.1978 
        H490 12 0.3673 0.4293 0.2035 
        H561 12 0.3692 0.4014 0.2294 
        H562 12 0.2522 0.2349 0.5129 
        H563 12 0.2789 0.2518 0.4693 
        H570 12 0.1845 0.1855 0.6301 
        H571 12 0.3156 0.3053 0.3792 
        H572 12 0.3182 0.2866 0.3952 
        H573 12 0.2874 0.2622 0.4505 
       H7372 12 0.3162 0.3277 0.3562 
       H7373 12 0.4315 0.4250 0.1435 
       H7374 12 0.2886 0.2785 0.4330 
       H7375 12 0.2396 0.2500 0.5104 
       H7376 12 0.3483 0.3515 0.3001 
       H7377 12 0.2135 0.2054 0.5811 
