        H102  1 0.2799 0.2845 0.4356 
        H103  1 0.3726 0.3801 0.2473 
        H104  1 0.2681 0.2891 0.4428 
        H105  1 0.3178 0.3214 0.3609 
        H106  1 0.3384 0.3534 0.3082 
        H112  1 0.3038 0.3041 0.3920 
        H113  1 0.2970 0.3044 0.3986 
        H114  1 0.2968 0.3108 0.3924 
        H115  1 0.2737 0.2777 0.4487 
        H143  1 0.3094 0.2998 0.3908 
        H144  1 0.3329 0.3137 0.3534 
        H145  1 0.3856 0.3764 0.2379 
        H149  1 0.2902 0.3089 0.4009 
        H150  1 0.3302 0.3013 0.3685 
     H167542  1 0.2768 0.2952 0.4279 
     H169604  1 0.3162 0.3221 0.3618 
     H169607  1 0.3538 0.3605 0.2857 
     H169608  1 0.3311 0.3220 0.3469 
     H169633  1 0.3351 0.3373 0.3276 
     H169688  1 0.3641 0.3538 0.2822 
     H169714  1 0.3236 0.3195 0.3569 
     H171802  1 0.3268 0.3367 0.3365 
     H171805  1 0.3272 0.3433 0.3295 
     H171807  1 0.3320 0.3452 0.3229 
     H171814  1 0.3928 0.3427 0.2644 
     H171816  1 0.3078 0.3298 0.3624 
     H171817  1 0.2809 0.2929 0.4262 
     H171818  1 0.2955 0.3110 0.3936 
     H171819  1 0.3240 0.3355 0.3406 
     H171834  1 0.2803 0.2934 0.4263 
     H171835  1 0.3241 0.3261 0.3497 
     H171836  1 0.3448 0.3491 0.3061 
     H171837  1 0.3018 0.3183 0.3799 
     H171838  1 0.3664 0.3460 0.2876 
     H171839  1 0.3117 0.3194 0.3689 
     H171841  1 0.3512 0.3469 0.3020 
     H171860  1 0.3102 0.3236 0.3661 
     H171861  1 0.3215 0.3278 0.3506 
     H171862  1 0.3014 0.3081 0.3906 
     H171868  1 0.2854 0.3033 0.4114 
     H171869  1 0.3730 0.3687 0.2583 
     H171870  1 0.3340 0.3407 0.3253 
     H171871  1 0.3551 0.3627 0.2822 
     H171872  1 0.2935 0.3090 0.3975 
     H171873  1 0.3382 0.3334 0.3284 
     H171874  1 0.3510 0.3489 0.3001 
     H171875  1 0.3438 0.3421 0.3141 
     H171876  1 0.3304 0.3397 0.3299 
     H171877  1 0.2954 0.3081 0.3965 
     H171878  1 0.3587 0.3599 0.2814 
     H171901  1 0.3241 0.3372 0.3388 
     H171902  1 0.3503 0.3233 0.3264 
     H171903  1 0.3034 0.3126 0.3840 
     H171935  1 0.3521 0.3516 0.2963 
     H171936  1 0.3065 0.3199 0.3736 
     H171940  1 0.3015 0.3066 0.3919 
     H171945  1 0.3367 0.3229 0.3405 
     H171948  1 0.3098 0.3130 0.3772 
     H171949  1 0.2966 0.3167 0.3867 
     H171950  1 0.3013 0.2977 0.4011 
     H171963  1 0.3620 0.3681 0.2699 
     H171964  1 0.3836 0.3400 0.2764 
     H171966  1 0.3504 0.3658 0.2838 
     H171968  1 0.3317 0.3019 0.3664 
     H171971  1 0.3469 0.3353 0.3178 
     H171972  1 0.3367 0.3341 0.3292 
     H171977  1 0.3666 0.3464 0.2870 
     H171978  1 0.3571 0.3587 0.2842 
     H171979  1 0.3464 0.3744 0.2792 
        H176  1 0.3132 0.3169 0.3699 
        H177  1 0.3173 0.3362 0.3465 
        H179  1 0.2704 0.2778 0.4517 
        H181  1 0.3412 0.3449 0.3139 
        H182  1 0.3588 0.3577 0.2834 
        H183  1 0.3765 0.3648 0.2587 
        H184  1 0.3067 0.3334 0.3599 
        H185  1 0.3380 0.3389 0.3231 
        H186  1 0.3383 0.3081 0.3536 
        H187  1 0.3380 0.3605 0.3015 
        H188  1 0.3007 0.3137 0.3856 
        H192  1 0.3009 0.3097 0.3894 
        H193  1 0.3554 0.3612 0.2835 
        H194  1 0.2981 0.3217 0.3802 
        H195  1 0.4032 0.3732 0.2237 
        H199  1 0.3627 0.3431 0.2942 
        H200  1 0.3358 0.3435 0.3208 
        H414  1 0.3618 0.3289 0.3092 
        H415  1 0.3057 0.3121 0.3822 
        H422  1 0.3591 0.3165 0.3245 
        H423  1 0.3257 0.3320 0.3423 
        H424  1 0.3358 0.3457 0.3185 
        H425  1 0.3634 0.3184 0.3182 
        H426  1 0.4167 0.3514 0.2319 
        H443  1 0.3636 0.3135 0.3230 
        H466  1 0.3269 0.3355 0.3376 
        H467  1 0.3432 0.3402 0.3166 
        H472  1 0.3476 0.3610 0.2914 
        H483  1 0.3153 0.3111 0.3736 
        H504  1 0.3762 0.3414 0.2825 
        H505  1 0.2884 0.3054 0.4062 
        H506  1 0.3547 0.3459 0.2993 
        H507  1 0.3636 0.3822 0.2542 
        H508  1 0.3648 0.3666 0.2686 
        H524  1 0.3423 0.3496 0.3081 
        H525  1 0.3327 0.3262 0.3411 
        H526  1 0.3082 0.3015 0.3902 
        H527  1 0.3158 0.3348 0.3493 
        H528  1 0.3755 0.3267 0.2978 
        H529  1 0.3531 0.3361 0.3108 
        H533  1 0.3238 0.3565 0.3197 
        H538  1 0.3206 0.3479 0.3315 
        H539  1 0.3552 0.3560 0.2888 
        H540  1 0.3139 0.3288 0.3572 
        H541  1 0.3105 0.3207 0.3688 
        H558  1 0.3969 0.3694 0.2336 
        H559  1 0.3211 0.3165 0.3625 
        H579  1 0.3757 0.3474 0.2769 
        H584  1 0.3836 0.3372 0.2792 
        H585  1 0.3364 0.3315 0.3321 
        H605  1 0.3193 0.3112 0.3695 
        H606  1 0.2809 0.2863 0.4327 
        H632  1 0.4014 0.3534 0.2452 
        H634  1 0.3445 0.3370 0.3185 
        H671  1 0.3190 0.3152 0.3658 
        H672  1 0.3243 0.3261 0.3496 
        H673  1 0.3630 0.3460 0.2909 
        H689  1 0.3543 0.3502 0.2956 
        H690  1 0.2719 0.2751 0.4530 
        H691  1 0.3167 0.3280 0.3554 
        H692  1 0.3711 0.3491 0.2798 
        H709  1 0.3509 0.3499 0.2992 
        H710  1 0.3892 0.3613 0.2495 
       H7355  1 0.3237 0.3220 0.3543 
       H7356  1 0.3398 0.3372 0.3230 
       H7357  1 0.2797 0.2832 0.4371 
       H7358  1 0.3394 0.3572 0.3034 
       H7380  1 0.3151 0.3003 0.3845 
       H7381  1 0.3520 0.3436 0.3044 
       H7382  1 0.3391 0.3401 0.3208 
        H904  1 0.2749 0.2865 0.4387 
        H923  1 0.3487 0.3427 0.3086 
        H924  1 0.3062 0.3083 0.3855 
        H925  1 0.3259 0.3204 0.3537 
       H9558  1 0.4003 0.3711 0.2286 
        H111  3 0.3453 0.3370 0.3176 
        H951  3 0.3514 0.3480 0.3007 
        H952  3 0.3883 0.3584 0.2533 
        H953  3 0.3337 0.3278 0.3385 
        H954  3 0.2813 0.3023 0.4164 
        H955  3 0.3494 0.3597 0.2909 
        H956  3 0.3178 0.3304 0.3518 
       H9563  3 0.2831 0.3092 0.4077 
      H_PALI  6 0.2916 0.3160 0.3923 
        H581  6 0.3346 0.3331 0.3323 
        H582  6 0.3565 0.3725 0.2710 
        H583  6 0.3269 0.3328 0.3402 
        H595  6 0.3363 0.3475 0.3161 
        H596  6 0.3612 0.3456 0.2932 
        H597  6 0.3675 0.3115 0.3210 
        H598  6 0.3019 0.3095 0.3886 
        H599  6 0.3224 0.3547 0.3228 
        H642  6 0.3800 0.3938 0.2262 
        H643  6 0.2971 0.2917 0.4112 
        H664  6 0.3574 0.3693 0.2733 
        H665  6 0.2823 0.2984 0.4193 
        H674  6 0.3915 0.3712 0.2373 
        H675  6 0.3654 0.3471 0.2875 
        H676  6 0.3651 0.3688 0.2661 
        H686  6 0.3558 0.3639 0.2803 
        H687  6 0.3363 0.3388 0.3249 
        H917  6 0.2955 0.3134 0.3911 
        H918  6 0.3144 0.3255 0.3601 
        H919  6 0.2908 0.3194 0.3897 
        H920  6 0.3070 0.3138 0.3792 
        H631  7 0.3230 0.3292 0.3478 
        H684  7 0.3936 0.3645 0.2419 
        H685  7 0.3349 0.3497 0.3154 
        H713  7 0.3099 0.3261 0.3640 
        H715  7 0.3596 0.3457 0.2947 
        H716  7 0.3366 0.3082 0.3552 
        H717  7 0.3391 0.3301 0.3308 
        H729  7 0.3283 0.3369 0.3348 
        H730  7 0.2915 0.3099 0.3986 
        H600  9 0.3204 0.3198 0.3598 
        H648  9 0.3762 0.3535 0.2702 
        H696  9 0.3689 0.3660 0.2650 
        H697  9 0.3474 0.3417 0.3108 
        H698  9 0.3373 0.3379 0.3247 
        H699  9 0.3425 0.3460 0.3115 
        H700  9 0.2937 0.2949 0.4114 
        H732  9 0.3402 0.3377 0.3221 
        H733  9 0.3133 0.3239 0.3628 
        H734  9 0.3701 0.3723 0.2576 
        H735  9 0.3502 0.3527 0.2972 
        H736  9 0.3394 0.3558 0.3048 
        H737  9 0.3386 0.3171 0.3443 
        H905  9 0.3024 0.3131 0.3845 
        H921  9 0.2882 0.3089 0.4029 
        H922  9 0.3303 0.3584 0.3113 
        H409 12 0.2918 0.3033 0.4049 
        H413 12 0.3967 0.3684 0.2350 
        H419 12 0.2905 0.3148 0.3947 
        H420 12 0.3289 0.3319 0.3392 
        H421 12 0.3379 0.3237 0.3384 
        H435 12 0.3643 0.3350 0.3008 
        H436 12 0.2876 0.2971 0.4154 
        H437 12 0.3180 0.3196 0.3624 
        H445 12 0.2999 0.3053 0.3948 
        H449 12 0.3826 0.3439 0.2735 
        H463 12 0.3186 0.3365 0.3448 
        H464 12 0.3659 0.3580 0.2761 
        H465 12 0.4014 0.3747 0.2239 
        H490 12 0.3680 0.3517 0.2803 
        H561 12 0.3414 0.3491 0.3094 
        H562 12 0.2889 0.3104 0.4007 
        H563 12 0.2848 0.3080 0.4072 
        H570 12 0.2767 0.2877 0.4356 
        H571 12 0.3549 0.3450 0.3001 
        H572 12 0.3192 0.3339 0.3469 
        H573 12 0.3269 0.3305 0.3426 
       H7372 12 0.3324 0.3208 0.3468 
       H7373 12 0.3950 0.3627 0.2423 
       H7374 12 0.3286 0.3176 0.3538 
       H7375 12 0.3106 0.3322 0.3572 
       H7376 12 0.3190 0.3366 0.3444 
       H7377 12 0.2825 0.3002 0.4173 
