        H102  1 0.2230 0.1527 0.2045 0.2727 0.1470 
        H103  1 0.2014 0.2130 0.1814 0.1869 0.2174 
        H104  1 0.2873 0.1152 0.2037 0.2814 0.1124 
        H105  1 0.1715 0.2156 0.1908 0.2261 0.1960 
        H106  1 0.1675 0.2302 0.2091 0.2189 0.1741 
        H112  1 0.2367 0.1583 0.1899 0.2467 0.1685 
        H113  1 0.2620 0.1867 0.2294 0.1528 0.1691 
        H114  1 0.2230 0.1936 0.2285 0.1824 0.1724 
        H115  1 0.2705 0.1411 0.1743 0.2663 0.1477 
        H143  1 0.2287 0.1708 0.1811 0.2269 0.1925 
        H144  1 0.1791 0.2365 0.1906 0.1681 0.2258 
        H145  1 0.2104 0.2068 0.2476 0.1180 0.2173 
        H149  1 0.2285 0.1619 0.1747 0.2738 0.1612 
        H150  1 0.2064 0.2161 0.1939 0.1521 0.2315 
     H167542  1 0.1719 0.1620 0.2379 0.2390 0.1893 
     H169604  1 0.1853 0.2026 0.2368 0.1841 0.1912 
     H169607  1 0.1812 0.2234 0.1862 0.1856 0.2236 
     H169608  1 0.2518 0.1936 0.2131 0.1716 0.1699 
     H169633  1 0.1870 0.2134 0.2208 0.1590 0.2198 
     H169688  1 0.1566 0.2247 0.1907 0.2001 0.2280 
     H169714  1 0.1996 0.2135 0.1849 0.2057 0.1964 
     H171802  1 0.1928 0.2375 0.1810 0.1900 0.1986 
     H171805  1 0.1558 0.2215 0.2198 0.2087 0.1942 
     H171807  1 0.1893 0.2267 0.1981 0.1787 0.2071 
     H171814  1 0.2252 0.2474 0.1405 0.1220 0.2649 
     H171816  1 0.2180 0.1855 0.2081 0.1854 0.2030 
     H171817  1 0.1870 0.1668 0.2075 0.2711 0.1677 
     H171818  1 0.2666 0.1257 0.1936 0.2992 0.1149 
     H171819  1 0.1854 0.2083 0.2345 0.1897 0.1821 
     H171834  1 0.2352 0.1740 0.2063 0.2232 0.1613 
     H171835  1 0.2407 0.1819 0.2192 0.1721 0.1861 
     H171836  1 0.1540 0.2276 0.2242 0.1908 0.2034 
     H171837  1 0.2348 0.1721 0.2697 0.1566 0.1669 
     H171838  1 0.1763 0.2234 0.2164 0.1914 0.1925 
     H171839  1 0.2164 0.1774 0.2178 0.1958 0.1927 
     H171841  1 0.1827 0.2149 0.1953 0.1877 0.2194 
     H171860  1 0.2194 0.1864 0.2503 0.1574 0.1864 
     H171861  1 0.1633 0.1492 0.2242 0.2983 0.1650 
     H171862  1 0.1966 0.1829 0.2159 0.2326 0.1720 
     H171868  1 0.2255 0.1601 0.2137 0.2350 0.1657 
     H171869  1 0.1676 0.2735 0.1764 0.1528 0.2297 
     H171870  1 0.1882 0.1774 0.1880 0.2449 0.2015 
     H171871  1 0.1860 0.2512 0.1955 0.1491 0.2182 
     H171872  1 0.2541 0.1465 0.2334 0.2203 0.1456 
     H171873  1 0.1539 0.2044 0.2037 0.2300 0.2081 
     H171874  1 0.1562 0.2090 0.2087 0.2022 0.2239 
     H171875  1 0.1713 0.1989 0.2232 0.1903 0.2162 
     H171876  1 0.1990 0.2278 0.1881 0.1674 0.2177 
     H171877  1 0.2269 0.1440 0.2886 0.1877 0.1528 
     H171878  1 0.1800 0.2188 0.1974 0.1975 0.2064 
     H171901  1 0.1527 0.2016 0.1986 0.2804 0.1667 
     H171902  1 0.2103 0.1868 0.1781 0.1924 0.2324 
     H171903  1 0.2313 0.1970 0.1745 0.2203 0.1769 
     H171935  1 0.2042 0.1778 0.1965 0.2268 0.1947 
     H171936  1 0.2236 0.1821 0.2077 0.2068 0.1799 
     H171940  1 0.1781 0.1836 0.2156 0.2503 0.1724 
     H171945  1 0.1734 0.1851 0.1851 0.2169 0.2395 
     H171948  1 0.2260 0.1766 0.2085 0.1930 0.1959 
     H171949  1 0.1856 0.1695 0.2008 0.2876 0.1565 
     H171950  1 0.2214 0.1261 0.1750 0.3572 0.1203 
     H171963  1 0.1880 0.2142 0.1865 0.1878 0.2235 
     H171964  1 0.1991 0.2298 0.1757 0.1067 0.2888 
     H171966  1 0.2013 0.2366 0.1787 0.1643 0.2191 
     H171968  1 0.1838 0.1883 0.1632 0.2823 0.1825 
     H171971  1 0.2062 0.1821 0.1919 0.2033 0.2165 
     H171972  1 0.1807 0.2299 0.2197 0.1395 0.2302 
     H171977  1 0.1923 0.2050 0.2344 0.1582 0.2101 
     H171978  1 0.1732 0.1981 0.1883 0.1960 0.2444 
     H171979  1 0.2160 0.1952 0.2017 0.1700 0.2171 
        H176  1 0.2344 0.1993 0.2158 0.1735 0.1771 
        H177  1 0.1945 0.1832 0.1910 0.2672 0.1640 
        H179  1 0.2256 0.1421 0.2294 0.2748 0.1282 
        H181  1 0.2024 0.1972 0.1810 0.2076 0.2118 
        H182  1 0.1706 0.2514 0.2189 0.1518 0.2074 
        H183  1 0.1538 0.2619 0.1524 0.1880 0.2439 
        H184  1 0.1933 0.1740 0.2180 0.2388 0.1760 
        H185  1 0.1994 0.2445 0.1970 0.1486 0.2105 
        H186  1 0.2320 0.2184 0.1512 0.1789 0.2196 
        H187  1 0.1817 0.2210 0.2005 0.2098 0.1870 
        H188  1 0.2279 0.1527 0.2482 0.2062 0.1651 
        H192  1 0.1558 0.1899 0.1952 0.2769 0.1823 
        H193  1 0.1824 0.2467 0.2001 0.1633 0.2073 
        H194  1 0.2359 0.1846 0.2166 0.1956 0.1672 
        H195  1 0.1811 0.2608 0.1884 0.1475 0.2221 
        H199  1 0.1926 0.1856 0.2071 0.1898 0.2249 
        H200  1 0.1713 0.2164 0.2216 0.1760 0.2147 
        H414  1 0.1882 0.2426 0.1507 0.1697 0.2488 
        H415  1 0.2194 0.2108 0.1810 0.2026 0.1862 
        H422  1 0.2176 0.1968 0.1606 0.2062 0.2188 
        H423  1 0.1786 0.1962 0.1857 0.2364 0.2032 
        H424  1 0.1829 0.2049 0.2112 0.1676 0.2334 
        H425  1 0.1628 0.2569 0.1559 0.1849 0.2395 
        H426  1 0.2007 0.2809 0.1461 0.1123 0.2599 
        H443  1 0.2039 0.2419 0.1579 0.1312 0.2651 
        H466  1 0.2282 0.1902 0.1834 0.1964 0.2018 
        H467  1 0.1695 0.1813 0.2215 0.2389 0.1888 
        H472  1 0.1829 0.1739 0.2265 0.2095 0.2072 
        H483  1 0.1740 0.1848 0.1933 0.2510 0.1968 
        H504  1 0.2172 0.2116 0.1684 0.1500 0.2528 
        H505  1 0.2078 0.1595 0.2071 0.2651 0.1605 
        H506  1 0.1975 0.1892 0.2282 0.1810 0.2041 
        H507  1 0.1578 0.2315 0.2118 0.1885 0.2103 
        H508  1 0.2148 0.1981 0.1812 0.1977 0.2081 
        H524  1 0.1766 0.2214 0.1941 0.2043 0.2036 
        H525  1 0.2157 0.2079 0.2070 0.1508 0.2186 
        H526  1 0.1872 0.2083 0.2214 0.1989 0.1842 
        H527  1 0.1928 0.1828 0.1929 0.2366 0.1950 
        H528  1 0.1933 0.2506 0.1612 0.1467 0.2481 
        H529  1 0.2059 0.2224 0.1793 0.1469 0.2455 
        H533  1 0.1709 0.2072 0.2197 0.2002 0.2020 
        H538  1 0.1878 0.2024 0.2182 0.2045 0.1871 
        H539  1 0.1776 0.2110 0.2006 0.1919 0.2190 
        H540  1 0.1844 0.2146 0.2271 0.1971 0.1769 
        H541  1 0.1987 0.1904 0.2295 0.1934 0.1881 
        H558  1 0.1704 0.2445 0.1665 0.1754 0.2433 
        H559  1 0.1964 0.1946 0.2074 0.2149 0.1867 
        H579  1 0.1770 0.2489 0.1870 0.1520 0.2351 
        H584  1 0.2011 0.2496 0.1415 0.1135 0.2943 
        H585  1 0.2073 0.2280 0.1538 0.1697 0.2412 
        H605  1 0.1777 0.1807 0.1660 0.2892 0.1864 
        H606  1 0.2265 0.1199 0.1616 0.3568 0.1351 
        H632  1 0.1892 0.2128 0.1865 0.1296 0.2818 
        H634  1 0.1834 0.2060 0.1667 0.2144 0.2296 
        H671  1 0.2165 0.1788 0.2079 0.2170 0.1798 
        H672  1 0.1757 0.2260 0.1929 0.2096 0.1958 
        H673  1 0.1855 0.2505 0.1878 0.1545 0.2216 
        H689  1 0.1797 0.2404 0.1979 0.1324 0.2496 
        H690  1 0.2853 0.1398 0.1782 0.2552 0.1416 
        H691  1 0.1990 0.2102 0.2108 0.1702 0.2099 
        H692  1 0.1777 0.2407 0.1534 0.1481 0.2801 
        H709  1 0.2315 0.2070 0.1758 0.1824 0.2033 
        H710  1 0.1697 0.2509 0.1893 0.1682 0.2220 
       H7355  1 0.2192 0.1865 0.2901 0.1421 0.1621 
       H7356  1 0.1612 0.2012 0.1885 0.2255 0.2237 
       H7357  1 0.1666 0.1413 0.2103 0.3503 0.1314 
       H7358  1 0.1708 0.1979 0.2014 0.2429 0.1870 
       H7380  1 0.1949 0.2042 0.1715 0.2159 0.2135 
       H7381  1 0.2272 0.1988 0.2020 0.1599 0.2121 
       H7382  1 0.1925 0.2177 0.2029 0.1708 0.2161 
        H904  1 0.2277 0.1317 0.1966 0.3298 0.1143 
        H923  1 0.1543 0.2066 0.2158 0.2145 0.2088 
        H924  1 0.1916 0.1889 0.2054 0.2050 0.2090 
        H925  1 0.1832 0.2145 0.2050 0.1918 0.2055 
       H9558  1 0.1622 0.2433 0.1625 0.1939 0.2381 
        H111  3 0.2160 0.1933 0.1744 0.1773 0.2389 
        H951  3 0.2092 0.2139 0.1927 0.1631 0.2211 
        H952  3 0.1871 0.2704 0.1711 0.1474 0.2241 
        H953  3 0.1880 0.2073 0.2857 0.1157 0.2033 
        H954  3 0.2389 0.1248 0.1944 0.3049 0.1370 
        H955  3 0.1864 0.2139 0.1889 0.1995 0.2112 
        H956  3 0.2128 0.2039 0.1838 0.1850 0.2145 
       H9563  3 0.2811 0.1160 0.2622 0.2191 0.1216 
      H_PALI  6 0.2141 0.1613 0.1910 0.2625 0.1712 
        H581  6 0.1823 0.2305 0.1659 0.2098 0.2115 
        H582  6 0.1867 0.1855 0.2064 0.2268 0.1946 
        H583  6 0.2121 0.1788 0.1767 0.2399 0.1925 
        H595  6 0.1849 0.2221 0.2072 0.1791 0.2067 
        H596  6 0.1863 0.2347 0.1789 0.1732 0.2268 
        H597  6 0.1890 0.2276 0.1653 0.1435 0.2747 
        H598  6 0.2351 0.1994 0.1746 0.2211 0.1697 
        H599  6 0.1876 0.2021 0.2096 0.1930 0.2077 
        H642  6 0.1800 0.2319 0.1802 0.1980 0.2099 
        H643  6 0.1728 0.2005 0.1892 0.2191 0.2184 
        H664  6 0.2055 0.1844 0.1633 0.2351 0.2118 
        H665  6 0.2180 0.1851 0.2432 0.1961 0.1575 
        H674  6 0.1902 0.2596 0.1728 0.1170 0.2604 
        H675  6 0.1895 0.2113 0.1834 0.1981 0.2177 
        H676  6 0.2009 0.2098 0.1724 0.1720 0.2449 
        H686  6 0.1777 0.2322 0.2094 0.1619 0.2188 
        H687  6 0.2053 0.2048 0.1678 0.2219 0.2002 
        H917  6 0.1686 0.1833 0.2014 0.2676 0.1790 
        H918  6 0.1703 0.1945 0.2169 0.2040 0.2144 
        H919  6 0.2072 0.1819 0.2872 0.1697 0.1540 
        H920  6 0.1975 0.1618 0.1826 0.2746 0.1836 
        H631  7 0.1828 0.1751 0.2238 0.2383 0.1800 
        H684  7 0.1706 0.2454 0.2013 0.1263 0.2564 
        H685  7 0.2442 0.1699 0.1837 0.2153 0.1869 
        H713  7 0.2596 0.1372 0.1834 0.2933 0.1265 
        H715  7 0.1906 0.2293 0.2099 0.1379 0.2324 
        H716  7 0.2204 0.2131 0.2027 0.1586 0.2052 
        H717  7 0.1947 0.1898 0.1858 0.2563 0.1733 
        H729  7 0.1996 0.2243 0.2104 0.1465 0.2192 
        H730  7 0.2159 0.1688 0.2904 0.1644 0.1605 
        H600  9 0.2061 0.1882 0.2019 0.2187 0.1851 
        H648  9 0.1973 0.2226 0.1820 0.1551 0.2430 
        H696  9 0.1789 0.2401 0.1822 0.1508 0.2480 
        H697  9 0.2231 0.1694 0.2305 0.1527 0.2242 
        H698  9 0.1930 0.2057 0.1777 0.1879 0.2357 
        H699  9 0.2206 0.2216 0.1748 0.1524 0.2307 
        H700  9 0.2085 0.1368 0.1887 0.3181 0.1479 
        H732  9 0.2202 0.1757 0.1946 0.2299 0.1796 
        H733  9 0.2347 0.1676 0.2075 0.2192 0.1710 
        H734  9 0.1636 0.2258 0.1747 0.2032 0.2327 
        H735  9 0.2160 0.2103 0.2159 0.1568 0.2010 
        H736  9 0.1594 0.2121 0.2001 0.2276 0.2008 
        H737  9 0.2143 0.2071 0.1956 0.1489 0.2341 
        H905  9 0.2581 0.1810 0.1755 0.2257 0.1597 
        H921  9 0.2155 0.1676 0.2267 0.2079 0.1824 
        H922  9 0.2096 0.1975 0.2004 0.1590 0.2335 
        H409 12 0.1850 0.1761 0.2019 0.2408 0.1962 
        H413 12 0.1994 0.2274 0.1756 0.1823 0.2154 
        H419 12 0.2266 0.1807 0.2328 0.1907 0.1692 
        H420 12 0.2035 0.2063 0.2042 0.1947 0.1912 
        H421 12 0.1736 0.2127 0.2132 0.1894 0.2111 
        H435 12 0.2164 0.2405 0.2022 0.1274 0.2135 
        H436 12 0.1904 0.1598 0.2096 0.2824 0.1579 
        H437 12 0.2208 0.1857 0.1897 0.2164 0.1874 
        H445 12 0.1980 0.1616 0.1908 0.2876 0.1620 
        H449 12 0.2011 0.2788 0.1449 0.1271 0.2481 
        H463 12 0.2036 0.1522 0.2014 0.2420 0.2009 
        H464 12 0.1593 0.2411 0.1663 0.1836 0.2498 
        H465 12 0.2034 0.2576 0.1371 0.1665 0.2354 
        H490 12 0.1570 0.2513 0.1573 0.2011 0.2333 
        H561 12 0.1755 0.2144 0.1934 0.2176 0.1990 
        H562 12 0.2062 0.1663 0.1943 0.2687 0.1645 
        H563 12 0.2540 0.1336 0.2489 0.2274 0.1361 
        H570 12 0.2159 0.1472 0.1978 0.3036 0.1355 
        H571 12 0.2210 0.1843 0.1707 0.2316 0.1924 
        H572 12 0.2146 0.1998 0.1801 0.2069 0.1986 
        H573 12 0.2029 0.1790 0.1812 0.2347 0.2022 
       H7372 12 0.1832 0.2250 0.2053 0.1773 0.2092 
       H7373 12 0.1688 0.3167 0.1559 0.1133 0.2454 
       H7374 12 0.1913 0.1773 0.2281 0.2281 0.1752 
       H7375 12 0.2119 0.1729 0.1922 0.2555 0.1675 
       H7376 12 0.1976 0.1839 0.2491 0.1641 0.2054 
       H7377 12 0.2228 0.1521 0.1656 0.3008 0.1586 
