        H102  1 0.1127 0.1126 0.1107 0.1096 0.1149 0.1114 0.1101 0.1099 0.1081 
        H103  1 0.1118 0.1107 0.1109 0.1116 0.1098 0.1098 0.1110 0.1131 0.1113 
        H104  1 0.1132 0.1131 0.1104 0.1098 0.1124 0.1102 0.1108 0.1113 0.1088 
        H105  1 0.1114 0.1106 0.1114 0.1107 0.1145 0.1106 0.1107 0.1098 0.1103 
        H106  1 0.1118 0.1110 0.1115 0.1116 0.1103 0.1110 0.1115 0.1107 0.1106 
        H112  1 0.1119 0.1111 0.1107 0.1101 0.1133 0.1121 0.1097 0.1107 0.1104 
        H113  1 0.1136 0.1138 0.1118 0.1099 0.1123 0.1096 0.1098 0.1097 0.1095 
        H114  1 0.1121 0.1124 0.1112 0.1108 0.1125 0.1100 0.1110 0.1094 0.1107 
        H115  1 0.1124 0.1108 0.1126 0.1093 0.1123 0.1120 0.1108 0.1106 0.1094 
        H143  1 0.1117 0.1106 0.1112 0.1098 0.1114 0.1133 0.1110 0.1098 0.1112 
        H144  1 0.1099 0.1111 0.1102 0.1116 0.1106 0.1114 0.1112 0.1112 0.1128 
        H145  1 0.1104 0.1101 0.1111 0.1125 0.1098 0.1084 0.1122 0.1126 0.1130 
        H149  1 0.1112 0.1124 0.1099 0.1111 0.1125 0.1103 0.1112 0.1117 0.1097 
        H150  1 0.1099 0.1124 0.1116 0.1103 0.1104 0.1101 0.1121 0.1107 0.1126 
     H167542  1 0.1125 0.1140 0.1091 0.1114 0.1125 0.1098 0.1118 0.1099 0.1089 
     H169604  1 0.1110 0.1109 0.1113 0.1086 0.1131 0.1140 0.1105 0.1101 0.1104 
     H169607  1 0.1108 0.1116 0.1133 0.1100 0.1116 0.1093 0.1111 0.1116 0.1107 
     H169608  1 0.1122 0.1090 0.1101 0.1100 0.1126 0.1110 0.1125 0.1120 0.1105 
     H169633  1 0.1104 0.1099 0.1119 0.1116 0.1129 0.1100 0.1115 0.1116 0.1102 
     H169688  1 0.1097 0.1098 0.1111 0.1115 0.1125 0.1130 0.1104 0.1107 0.1112 
     H169714  1 0.1109 0.1099 0.1107 0.1117 0.1115 0.1101 0.1124 0.1120 0.1106 
     H171802  1 0.1113 0.1098 0.1114 0.1103 0.1122 0.1112 0.1112 0.1111 0.1114 
     H171805  1 0.1121 0.1121 0.1100 0.1119 0.1111 0.1100 0.1104 0.1113 0.1112 
     H171807  1 0.1105 0.1131 0.1127 0.1100 0.1102 0.1107 0.1112 0.1101 0.1114 
     H171814  1 0.1094 0.1100 0.1122 0.1126 0.1106 0.1108 0.1114 0.1108 0.1122 
     H171816  1 0.1115 0.1128 0.1108 0.1096 0.1126 0.1120 0.1118 0.1083 0.1106 
     H171817  1 0.1098 0.1135 0.1116 0.1096 0.1131 0.1103 0.1122 0.1089 0.1109 
     H171818  1 0.1148 0.1110 0.1126 0.1085 0.1098 0.1109 0.1120 0.1101 0.1103 
     H171819  1 0.1108 0.1130 0.1098 0.1093 0.1127 0.1124 0.1118 0.1106 0.1098 
     H171834  1 0.1111 0.1113 0.1117 0.1101 0.1126 0.1106 0.1112 0.1119 0.1096 
     H171835  1 0.1109 0.1128 0.1111 0.1107 0.1109 0.1130 0.1121 0.1095 0.1092 
     H171836  1 0.1103 0.1135 0.1100 0.1129 0.1100 0.1096 0.1127 0.1110 0.1099 
     H171837  1 0.1133 0.1124 0.1102 0.1102 0.1114 0.1089 0.1127 0.1116 0.1092 
     H171838  1 0.1115 0.1114 0.1113 0.1119 0.1119 0.1087 0.1113 0.1108 0.1111 
     H171839  1 0.1096 0.1124 0.1104 0.1112 0.1122 0.1109 0.1114 0.1109 0.1111 
     H171841  1 0.1108 0.1110 0.1115 0.1102 0.1107 0.1130 0.1112 0.1111 0.1105 
     H171860  1 0.1118 0.1136 0.1101 0.1097 0.1124 0.1117 0.1117 0.1091 0.1099 
     H171861  1 0.1115 0.1124 0.1097 0.1105 0.1109 0.1132 0.1112 0.1121 0.1085 
     H171862  1 0.1095 0.1095 0.1116 0.1114 0.1118 0.1118 0.1110 0.1109 0.1125 
     H171868  1 0.1116 0.1129 0.1109 0.1112 0.1132 0.1119 0.1115 0.1096 0.1072 
     H171869  1 0.1112 0.1102 0.1098 0.1123 0.1094 0.1114 0.1109 0.1120 0.1127 
     H171870  1 0.1118 0.1116 0.1102 0.1114 0.1099 0.1123 0.1112 0.1107 0.1108 
     H171871  1 0.1111 0.1122 0.1112 0.1111 0.1097 0.1092 0.1119 0.1131 0.1105 
     H171872  1 0.1127 0.1120 0.1118 0.1117 0.1111 0.1102 0.1101 0.1109 0.1095 
     H171873  1 0.1105 0.1111 0.1124 0.1114 0.1105 0.1098 0.1109 0.1121 0.1114 
     H171874  1 0.1101 0.1112 0.1101 0.1111 0.1131 0.1107 0.1098 0.1109 0.1131 
     H171875  1 0.1102 0.1109 0.1094 0.1121 0.1101 0.1096 0.1131 0.1122 0.1126 
     H171876  1 0.1117 0.1120 0.1111 0.1111 0.1103 0.1130 0.1111 0.1097 0.1102 
     H171877  1 0.1137 0.1112 0.1105 0.1103 0.1107 0.1113 0.1117 0.1112 0.1094 
     H171878  1 0.1104 0.1095 0.1131 0.1122 0.1099 0.1121 0.1093 0.1108 0.1127 
     H171901  1 0.1111 0.1124 0.1120 0.1100 0.1113 0.1095 0.1119 0.1102 0.1115 
     H171902  1 0.1103 0.1087 0.1103 0.1118 0.1108 0.1105 0.1115 0.1129 0.1134 
     H171903  1 0.1108 0.1094 0.1117 0.1126 0.1128 0.1096 0.1109 0.1112 0.1111 
     H171935  1 0.1105 0.1101 0.1109 0.1119 0.1109 0.1115 0.1113 0.1111 0.1117 
     H171936  1 0.1125 0.1104 0.1116 0.1110 0.1106 0.1111 0.1107 0.1103 0.1117 
     H171940  1 0.1114 0.1123 0.1112 0.1105 0.1106 0.1107 0.1122 0.1110 0.1101 
     H171945  1 0.1115 0.1110 0.1102 0.1099 0.1122 0.1095 0.1104 0.1128 0.1125 
     H171948  1 0.1120 0.1111 0.1115 0.1104 0.1110 0.1130 0.1114 0.1101 0.1095 
     H171949  1 0.1105 0.1098 0.1116 0.1129 0.1112 0.1119 0.1109 0.1123 0.1088 
     H171950  1 0.1104 0.1108 0.1102 0.1109 0.1113 0.1132 0.1116 0.1116 0.1101 
     H171963  1 0.1122 0.1083 0.1110 0.1108 0.1114 0.1105 0.1123 0.1121 0.1114 
     H171964  1 0.1104 0.1085 0.1102 0.1131 0.1081 0.1122 0.1112 0.1118 0.1143 
     H171966  1 0.1129 0.1102 0.1109 0.1121 0.1099 0.1124 0.1097 0.1117 0.1101 
     H171968  1 0.1103 0.1109 0.1111 0.1118 0.1113 0.1113 0.1118 0.1101 0.1114 
     H171971  1 0.1122 0.1098 0.1130 0.1117 0.1097 0.1091 0.1129 0.1110 0.1106 
     H171972  1 0.1108 0.1101 0.1125 0.1091 0.1137 0.1105 0.1117 0.1106 0.1110 
     H171977  1 0.1099 0.1121 0.1119 0.1125 0.1084 0.1116 0.1119 0.1113 0.1104 
     H171978  1 0.1103 0.1117 0.1110 0.1104 0.1110 0.1125 0.1110 0.1115 0.1105 
     H171979  1 0.1114 0.1108 0.1129 0.1113 0.1125 0.1092 0.1113 0.1105 0.1102 
        H176  1 0.1101 0.1123 0.1102 0.1113 0.1121 0.1107 0.1114 0.1105 0.1113 
        H177  1 0.1120 0.1119 0.1111 0.1109 0.1123 0.1101 0.1107 0.1109 0.1100 
        H179  1 0.1101 0.1143 0.1108 0.1093 0.1120 0.1102 0.1126 0.1103 0.1104 
        H181  1 0.1128 0.1123 0.1116 0.1108 0.1102 0.1122 0.1106 0.1116 0.1080 
        H182  1 0.1107 0.1113 0.1099 0.1104 0.1109 0.1106 0.1121 0.1113 0.1128 
        H183  1 0.1121 0.1107 0.1123 0.1120 0.1100 0.1106 0.1102 0.1107 0.1114 
        H184  1 0.1133 0.1112 0.1125 0.1100 0.1118 0.1101 0.1107 0.1096 0.1109 
        H185  1 0.1105 0.1115 0.1107 0.1115 0.1108 0.1099 0.1115 0.1111 0.1123 
        H186  1 0.1101 0.1110 0.1122 0.1117 0.1116 0.1106 0.1109 0.1107 0.1111 
        H187  1 0.1130 0.1115 0.1127 0.1118 0.1106 0.1098 0.1114 0.1104 0.1089 
        H188  1 0.1113 0.1113 0.1113 0.1118 0.1084 0.1127 0.1107 0.1115 0.1109 
        H192  1 0.1105 0.1109 0.1116 0.1109 0.1120 0.1112 0.1113 0.1102 0.1114 
        H193  1 0.1099 0.1101 0.1122 0.1118 0.1104 0.1101 0.1115 0.1114 0.1126 
        H194  1 0.1128 0.1104 0.1104 0.1108 0.1129 0.1092 0.1115 0.1106 0.1113 
        H195  1 0.1095 0.1092 0.1104 0.1124 0.1102 0.1110 0.1117 0.1115 0.1140 
        H199  1 0.1098 0.1094 0.1098 0.1125 0.1117 0.1120 0.1098 0.1123 0.1126 
        H200  1 0.1116 0.1110 0.1106 0.1117 0.1113 0.1094 0.1114 0.1110 0.1121 
        H414  1 0.1122 0.1083 0.1104 0.1134 0.1107 0.1096 0.1106 0.1114 0.1133 
        H415  1 0.1104 0.1115 0.1116 0.1105 0.1138 0.1093 0.1103 0.1108 0.1117 
        H422  1 0.1086 0.1106 0.1105 0.1108 0.1117 0.1127 0.1099 0.1116 0.1136 
        H423  1 0.1097 0.1125 0.1119 0.1100 0.1110 0.1110 0.1128 0.1118 0.1095 
        H424  1 0.1106 0.1127 0.1107 0.1114 0.1112 0.1108 0.1094 0.1110 0.1121 
        H425  1 0.1094 0.1113 0.1099 0.1120 0.1092 0.1115 0.1106 0.1128 0.1134 
        H426  1 0.1100 0.1080 0.1118 0.1136 0.1083 0.1118 0.1101 0.1125 0.1139 
        H443  1 0.1104 0.1080 0.1092 0.1137 0.1095 0.1109 0.1112 0.1127 0.1144 
        H466  1 0.1118 0.1093 0.1116 0.1101 0.1105 0.1109 0.1126 0.1119 0.1114 
        H467  1 0.1095 0.1099 0.1101 0.1125 0.1106 0.1119 0.1118 0.1105 0.1131 
        H472  1 0.1096 0.1117 0.1116 0.1117 0.1109 0.1114 0.1104 0.1117 0.1110 
        H483  1 0.1100 0.1114 0.1096 0.1122 0.1113 0.1116 0.1117 0.1110 0.1111 
        H504  1 0.1109 0.1078 0.1122 0.1119 0.1108 0.1102 0.1119 0.1130 0.1114 
        H505  1 0.1110 0.1107 0.1120 0.1121 0.1104 0.1100 0.1113 0.1108 0.1116 
        H506  1 0.1116 0.1109 0.1110 0.1112 0.1109 0.1101 0.1117 0.1107 0.1118 
        H507  1 0.1114 0.1102 0.1124 0.1105 0.1097 0.1100 0.1110 0.1129 0.1118 
        H508  1 0.1107 0.1109 0.1123 0.1120 0.1081 0.1118 0.1105 0.1120 0.1117 
        H524  1 0.1122 0.1121 0.1119 0.1107 0.1106 0.1092 0.1100 0.1122 0.1110 
        H525  1 0.1107 0.1097 0.1113 0.1111 0.1111 0.1110 0.1123 0.1110 0.1117 
        H526  1 0.1099 0.1122 0.1101 0.1112 0.1127 0.1083 0.1119 0.1110 0.1127 
        H527  1 0.1108 0.1094 0.1126 0.1112 0.1134 0.1120 0.1104 0.1102 0.1102 
        H528  1 0.1095 0.1094 0.1115 0.1122 0.1113 0.1110 0.1114 0.1114 0.1123 
        H529  1 0.1124 0.1120 0.1101 0.1132 0.1086 0.1098 0.1111 0.1097 0.1131 
        H533  1 0.1107 0.1111 0.1120 0.1110 0.1100 0.1116 0.1117 0.1117 0.1101 
        H538  1 0.1124 0.1128 0.1114 0.1097 0.1104 0.1119 0.1117 0.1108 0.1088 
        H539  1 0.1113 0.1107 0.1120 0.1117 0.1103 0.1116 0.1107 0.1105 0.1112 
        H540  1 0.1111 0.1122 0.1128 0.1084 0.1116 0.1103 0.1129 0.1111 0.1096 
        H541  1 0.1106 0.1125 0.1112 0.1108 0.1111 0.1100 0.1122 0.1118 0.1099 
        H558  1 0.1107 0.1086 0.1114 0.1125 0.1099 0.1106 0.1107 0.1118 0.1139 
        H559  1 0.1094 0.1122 0.1105 0.1100 0.1130 0.1133 0.1117 0.1107 0.1092 
        H579  1 0.1080 0.1110 0.1112 0.1130 0.1098 0.1121 0.1123 0.1121 0.1105 
        H584  1 0.1095 0.1081 0.1107 0.1114 0.1104 0.1121 0.1112 0.1138 0.1127 
        H585  1 0.1085 0.1117 0.1113 0.1118 0.1105 0.1115 0.1107 0.1115 0.1125 
        H605  1 0.1090 0.1092 0.1108 0.1134 0.1125 0.1122 0.1096 0.1121 0.1112 
        H606  1 0.1108 0.1108 0.1107 0.1098 0.1143 0.1105 0.1120 0.1106 0.1105 
        H632  1 0.1108 0.1084 0.1114 0.1115 0.1085 0.1126 0.1130 0.1116 0.1121 
        H634  1 0.1094 0.1102 0.1113 0.1127 0.1125 0.1117 0.1090 0.1121 0.1111 
        H671  1 0.1112 0.1109 0.1115 0.1108 0.1131 0.1114 0.1112 0.1104 0.1096 
        H672  1 0.1107 0.1105 0.1104 0.1109 0.1100 0.1119 0.1116 0.1113 0.1127 
        H673  1 0.1121 0.1090 0.1114 0.1112 0.1090 0.1125 0.1107 0.1112 0.1129 
        H689  1 0.1095 0.1107 0.1103 0.1113 0.1117 0.1113 0.1116 0.1107 0.1129 
        H690  1 0.1128 0.1097 0.1124 0.1093 0.1139 0.1096 0.1113 0.1111 0.1100 
        H691  1 0.1119 0.1124 0.1121 0.1091 0.1116 0.1102 0.1116 0.1114 0.1096 
        H692  1 0.1099 0.1100 0.1122 0.1116 0.1107 0.1099 0.1120 0.1112 0.1124 
        H709  1 0.1109 0.1110 0.1109 0.1111 0.1108 0.1118 0.1102 0.1117 0.1116 
        H710  1 0.1117 0.1102 0.1099 0.1115 0.1103 0.1126 0.1106 0.1108 0.1124 
       H7355  1 0.1114 0.1144 0.1114 0.1096 0.1120 0.1082 0.1115 0.1115 0.1100 
       H7356  1 0.1100 0.1100 0.1108 0.1115 0.1109 0.1117 0.1124 0.1108 0.1118 
       H7357  1 0.1108 0.1142 0.1102 0.1107 0.1131 0.1102 0.1102 0.1099 0.1106 
       H7358  1 0.1110 0.1095 0.1091 0.1132 0.1102 0.1111 0.1112 0.1123 0.1124 
       H7380  1 0.1100 0.1121 0.1101 0.1093 0.1140 0.1103 0.1125 0.1109 0.1110 
       H7381  1 0.1115 0.1088 0.1122 0.1109 0.1118 0.1109 0.1114 0.1107 0.1118 
       H7382  1 0.1112 0.1108 0.1114 0.1105 0.1099 0.1112 0.1124 0.1109 0.1118 
        H904  1 0.1111 0.1103 0.1107 0.1114 0.1113 0.1132 0.1115 0.1104 0.1101 
        H923  1 0.1120 0.1108 0.1088 0.1131 0.1105 0.1111 0.1095 0.1116 0.1126 
        H924  1 0.1104 0.1124 0.1112 0.1101 0.1114 0.1131 0.1094 0.1110 0.1110 
        H925  1 0.1124 0.1103 0.1117 0.1107 0.1125 0.1106 0.1103 0.1112 0.1103 
       H9558  1 0.1101 0.1087 0.1113 0.1131 0.1091 0.1111 0.1102 0.1123 0.1141 
        H111  3 0.1098 0.1094 0.1111 0.1101 0.1117 0.1107 0.1105 0.1138 0.1128 
        H951  3 0.1118 0.1121 0.1099 0.1109 0.1113 0.1110 0.1118 0.1112 0.1102 
        H952  3 0.1113 0.1106 0.1101 0.1120 0.1099 0.1105 0.1114 0.1123 0.1119 
        H953  3 0.1116 0.1117 0.1097 0.1111 0.1104 0.1098 0.1117 0.1123 0.1116 
        H954  3 0.1104 0.1134 0.1119 0.1096 0.1104 0.1124 0.1122 0.1102 0.1094 
        H955  3 0.1132 0.1108 0.1117 0.1115 0.1102 0.1095 0.1122 0.1106 0.1103 
        H956  3 0.1098 0.1107 0.1110 0.1119 0.1099 0.1137 0.1125 0.1106 0.1099 
       H9563  3 0.1118 0.1126 0.1123 0.1090 0.1118 0.1106 0.1123 0.1094 0.1102 
      H_PALI  6 0.1110 0.1114 0.1127 0.1102 0.1130 0.1112 0.1097 0.1107 0.1102 
        H581  6 0.1119 0.1112 0.1114 0.1105 0.1101 0.1116 0.1109 0.1113 0.1112 
        H582  6 0.1126 0.1098 0.1111 0.1111 0.1090 0.1122 0.1104 0.1124 0.1114 
        H583  6 0.1105 0.1116 0.1120 0.1096 0.1114 0.1109 0.1126 0.1108 0.1105 
        H595  6 0.1116 0.1124 0.1111 0.1104 0.1115 0.1096 0.1111 0.1110 0.1112 
        H596  6 0.1110 0.1106 0.1095 0.1119 0.1112 0.1103 0.1121 0.1120 0.1113 
        H597  6 0.1115 0.1107 0.1100 0.1109 0.1121 0.1113 0.1106 0.1103 0.1127 
        H598  6 0.1122 0.1117 0.1112 0.1110 0.1124 0.1101 0.1098 0.1099 0.1118 
        H599  6 0.1105 0.1118 0.1113 0.1108 0.1087 0.1127 0.1126 0.1119 0.1096 
        H642  6 0.1134 0.1097 0.1117 0.1124 0.1072 0.1108 0.1098 0.1129 0.1122 
        H643  6 0.1104 0.1118 0.1108 0.1119 0.1117 0.1110 0.1119 0.1102 0.1103 
        H664  6 0.1116 0.1099 0.1092 0.1127 0.1104 0.1114 0.1112 0.1118 0.1118 
        H665  6 0.1104 0.1122 0.1106 0.1110 0.1142 0.1101 0.1125 0.1113 0.1077 
        H674  6 0.1107 0.1101 0.1098 0.1121 0.1089 0.1131 0.1098 0.1119 0.1135 
        H675  6 0.1099 0.1095 0.1105 0.1131 0.1102 0.1122 0.1114 0.1122 0.1111 
        H676  6 0.1111 0.1105 0.1108 0.1131 0.1091 0.1103 0.1103 0.1136 0.1111 
        H686  6 0.1109 0.1121 0.1104 0.1118 0.1105 0.1119 0.1107 0.1121 0.1097 
        H687  6 0.1109 0.1126 0.1097 0.1115 0.1106 0.1111 0.1106 0.1117 0.1113 
        H917  6 0.1122 0.1115 0.1100 0.1101 0.1124 0.1114 0.1111 0.1111 0.1102 
        H918  6 0.1097 0.1110 0.1120 0.1116 0.1115 0.1109 0.1108 0.1107 0.1118 
        H919  6 0.1111 0.1137 0.1124 0.1098 0.1119 0.1099 0.1114 0.1107 0.1090 
        H920  6 0.1124 0.1123 0.1110 0.1118 0.1112 0.1113 0.1110 0.1099 0.1091 
        H631  7 0.1114 0.1115 0.1105 0.1119 0.1117 0.1128 0.1115 0.1097 0.1090 
        H684  7 0.1083 0.1101 0.1116 0.1126 0.1096 0.1110 0.1117 0.1126 0.1124 
        H685  7 0.1111 0.1097 0.1125 0.1112 0.1104 0.1092 0.1117 0.1117 0.1124 
        H713  7 0.1112 0.1125 0.1117 0.1092 0.1119 0.1133 0.1093 0.1121 0.1088 
        H715  7 0.1092 0.1099 0.1100 0.1140 0.1110 0.1121 0.1108 0.1113 0.1118 
        H716  7 0.1114 0.1091 0.1111 0.1114 0.1114 0.1127 0.1097 0.1104 0.1128 
        H717  7 0.1129 0.1094 0.1129 0.1106 0.1106 0.1125 0.1102 0.1114 0.1095 
        H729  7 0.1110 0.1104 0.1128 0.1125 0.1094 0.1099 0.1109 0.1116 0.1115 
        H730  7 0.1111 0.1133 0.1086 0.1098 0.1107 0.1114 0.1126 0.1115 0.1109 
        H600  9 0.1127 0.1083 0.1133 0.1116 0.1102 0.1113 0.1100 0.1108 0.1119 
        H648  9 0.1116 0.1106 0.1103 0.1117 0.1104 0.1122 0.1096 0.1127 0.1107 
        H696  9 0.1115 0.1092 0.1093 0.1128 0.1101 0.1119 0.1096 0.1116 0.1140 
        H697  9 0.1103 0.1120 0.1112 0.1116 0.1101 0.1100 0.1132 0.1112 0.1104 
        H698  9 0.1102 0.1102 0.1116 0.1114 0.1093 0.1122 0.1117 0.1113 0.1122 
        H699  9 0.1123 0.1107 0.1109 0.1104 0.1106 0.1106 0.1110 0.1116 0.1119 
        H700  9 0.1104 0.1105 0.1118 0.1098 0.1125 0.1129 0.1116 0.1108 0.1097 
        H732  9 0.1125 0.1095 0.1119 0.1112 0.1097 0.1115 0.1101 0.1118 0.1118 
        H733  9 0.1129 0.1103 0.1123 0.1110 0.1117 0.1105 0.1100 0.1118 0.1096 
        H734  9 0.1089 0.1106 0.1129 0.1106 0.1120 0.1115 0.1111 0.1115 0.1108 
        H735  9 0.1107 0.1126 0.1109 0.1113 0.1109 0.1099 0.1114 0.1101 0.1122 
        H736  9 0.1113 0.1109 0.1124 0.1098 0.1115 0.1107 0.1108 0.1113 0.1111 
        H737  9 0.1103 0.1099 0.1119 0.1127 0.1106 0.1105 0.1112 0.1110 0.1119 
        H905  9 0.1126 0.1107 0.1119 0.1100 0.1122 0.1122 0.1113 0.1095 0.1095 
        H921  9 0.1114 0.1107 0.1112 0.1101 0.1148 0.1117 0.1114 0.1090 0.1097 
        H922  9 0.1115 0.1126 0.1106 0.1115 0.1108 0.1107 0.1116 0.1109 0.1099 
        H409 12 0.1118 0.1118 0.1112 0.1109 0.1112 0.1113 0.1121 0.1101 0.1097 
        H413 12 0.1100 0.1079 0.1109 0.1111 0.1102 0.1149 0.1099 0.1123 0.1128 
        H419 12 0.1123 0.1114 0.1108 0.1103 0.1125 0.1107 0.1111 0.1113 0.1096 
        H420 12 0.1123 0.1118 0.1096 0.1125 0.1099 0.1115 0.1130 0.1102 0.1091 
        H421 12 0.1110 0.1120 0.1108 0.1099 0.1117 0.1118 0.1104 0.1107 0.1117 
        H435 12 0.1086 0.1102 0.1104 0.1117 0.1100 0.1124 0.1148 0.1107 0.1112 
        H436 12 0.1112 0.1119 0.1100 0.1096 0.1111 0.1124 0.1122 0.1109 0.1107 
        H437 12 0.1111 0.1105 0.1112 0.1124 0.1121 0.1108 0.1097 0.1105 0.1116 
        H445 12 0.1105 0.1128 0.1106 0.1096 0.1138 0.1139 0.1100 0.1091 0.1097 
        H449 12 0.1093 0.1101 0.1116 0.1129 0.1092 0.1090 0.1117 0.1123 0.1139 
        H463 12 0.1100 0.1136 0.1102 0.1109 0.1102 0.1137 0.1101 0.1110 0.1104 
        H464 12 0.1102 0.1105 0.1108 0.1133 0.1079 0.1110 0.1114 0.1124 0.1125 
        H465 12 0.1111 0.1080 0.1121 0.1125 0.1086 0.1117 0.1098 0.1132 0.1131 
        H490 12 0.1096 0.1100 0.1110 0.1113 0.1104 0.1111 0.1115 0.1115 0.1136 
        H561 12 0.1116 0.1114 0.1116 0.1099 0.1111 0.1118 0.1112 0.1104 0.1109 
        H562 12 0.1113 0.1127 0.1113 0.1102 0.1104 0.1141 0.1109 0.1099 0.1093 
        H563 12 0.1125 0.1122 0.1108 0.1099 0.1116 0.1122 0.1105 0.1122 0.1081 
        H570 12 0.1101 0.1128 0.1120 0.1103 0.1119 0.1124 0.1091 0.1123 0.1090 
        H571 12 0.1089 0.1110 0.1111 0.1117 0.1101 0.1131 0.1110 0.1112 0.1121 
        H572 12 0.1115 0.1117 0.1122 0.1099 0.1107 0.1111 0.1113 0.1116 0.1099 
        H573 12 0.1128 0.1106 0.1116 0.1104 0.1100 0.1126 0.1112 0.1113 0.1093 
       H7372 12 0.1106 0.1125 0.1112 0.1099 0.1105 0.1105 0.1134 0.1112 0.1102 
       H7373 12 0.1091 0.1093 0.1134 0.1130 0.1089 0.1107 0.1102 0.1117 0.1137 
       H7374 12 0.1128 0.1112 0.1101 0.1111 0.1091 0.1117 0.1111 0.1118 0.1111 
       H7375 12 0.1111 0.1104 0.1120 0.1105 0.1109 0.1127 0.1128 0.1097 0.1099 
       H7376 12 0.1126 0.1099 0.1103 0.1108 0.1125 0.1116 0.1117 0.1104 0.1101 
       H7377 12 0.1112 0.1122 0.1122 0.1099 0.1129 0.1112 0.1118 0.1103 0.1083 
