        H102  1 0.3203 0.1695 0.1960 0.1560 0.1581 
        H103  1 0.1413 0.2127 0.1854 0.2241 0.2365 
        H104  1 0.3194 0.1718 0.1871 0.1645 0.1571 
        H105  1 0.2194 0.1872 0.2209 0.1837 0.1888 
        H106  1 0.1733 0.1961 0.2391 0.1902 0.2013 
        H112  1 0.2620 0.1804 0.1956 0.1828 0.1791 
        H113  1 0.2400 0.1927 0.2114 0.1789 0.1770 
        H114  1 0.2347 0.2035 0.2137 0.1775 0.1707 
        H115  1 0.3198 0.1662 0.1954 0.1666 0.1521 
        H143  1 0.3157 0.1644 0.1729 0.1769 0.1702 
        H144  1 0.1902 0.1712 0.1886 0.2418 0.2082 
        H145  1 0.1386 0.2376 0.2005 0.2091 0.2143 
        H149  1 0.3014 0.1716 0.1962 0.1658 0.1650 
        H150  1 0.1819 0.1900 0.2158 0.1943 0.2180 
     H167542  1 0.2513 0.1893 0.2239 0.1745 0.1609 
     H169604  1 0.2021 0.2047 0.1963 0.2053 0.1915 
     H169607  1 0.1402 0.2113 0.1972 0.2156 0.2358 
     H169608  1 0.2037 0.2056 0.2151 0.1850 0.1906 
     H169633  1 0.1713 0.2117 0.1821 0.2162 0.2187 
     H169688  1 0.1541 0.2037 0.1704 0.2377 0.2342 
     H169714  1 0.2429 0.1902 0.1857 0.1926 0.1886 
     H171802  1 0.2081 0.2088 0.1978 0.1885 0.1968 
     H171805  1 0.1719 0.2159 0.2199 0.1940 0.1983 
     H171807  1 0.1637 0.2120 0.2007 0.2119 0.2117 
     H171814  1 0.1385 0.1861 0.1544 0.2685 0.2525 
     H171816  1 0.1932 0.2194 0.2123 0.1857 0.1895 
     H171817  1 0.2797 0.1921 0.2040 0.1621 0.1620 
     H171818  1 0.3063 0.1712 0.2125 0.1535 0.1566 
     H171819  1 0.1773 0.2263 0.2139 0.1975 0.1849 
     H171834  1 0.2762 0.1732 0.2158 0.1710 0.1638 
     H171835  1 0.1902 0.2060 0.2307 0.1898 0.1833 
     H171836  1 0.1633 0.2109 0.2200 0.2060 0.1998 
     H171837  1 0.2142 0.1956 0.2064 0.1885 0.1953 
     H171838  1 0.1563 0.2041 0.2371 0.2009 0.2016 
     H171839  1 0.2014 0.2087 0.2103 0.1918 0.1878 
     H171841  1 0.1526 0.2264 0.2202 0.2013 0.1994 
     H171860  1 0.1989 0.2127 0.2315 0.1762 0.1807 
     H171861  1 0.2428 0.1857 0.2199 0.1716 0.1800 
     H171862  1 0.2361 0.1796 0.2127 0.1870 0.1847 
     H171868  1 0.3092 0.1758 0.2003 0.1572 0.1576 
     H171869  1 0.1420 0.2126 0.1811 0.2396 0.2247 
     H171870  1 0.2438 0.1874 0.1675 0.2049 0.1965 
     H171871  1 0.1516 0.2151 0.2044 0.2188 0.2100 
     H171872  1 0.2636 0.1922 0.1938 0.1734 0.1771 
     H171873  1 0.1625 0.2034 0.1907 0.2285 0.2148 
     H171874  1 0.1562 0.2143 0.1930 0.2212 0.2152 
     H171875  1 0.1854 0.2106 0.2148 0.1877 0.2015 
     H171876  1 0.1668 0.2061 0.1909 0.2251 0.2111 
     H171877  1 0.2521 0.1954 0.2144 0.1663 0.1717 
     H171878  1 0.1694 0.2138 0.1915 0.2210 0.2043 
     H171901  1 0.1943 0.2188 0.2058 0.1897 0.1913 
     H171902  1 0.1909 0.1885 0.1806 0.2159 0.2241 
     H171903  1 0.2361 0.1944 0.1897 0.2022 0.1775 
     H171935  1 0.1620 0.2186 0.2125 0.2105 0.1965 
     H171936  1 0.2103 0.2047 0.2054 0.1918 0.1879 
     H171940  1 0.2826 0.1821 0.2036 0.1645 0.1672 
     H171945  1 0.1796 0.1910 0.1979 0.2113 0.2202 
     H171948  1 0.2349 0.2088 0.2137 0.1751 0.1675 
     H171949  1 0.2618 0.1924 0.1971 0.1714 0.1773 
     H171950  1 0.3644 0.1646 0.1637 0.1560 0.1512 
     H171963  1 0.1562 0.2221 0.1979 0.2046 0.2193 
     H171964  1 0.1434 0.1919 0.1585 0.2480 0.2583 
     H171966  1 0.1490 0.2132 0.2171 0.2149 0.2058 
     H171968  1 0.2762 0.1598 0.1811 0.1917 0.1912 
     H171971  1 0.1856 0.2147 0.2105 0.2014 0.1879 
     H171972  1 0.1680 0.2021 0.1867 0.2162 0.2269 
     H171977  1 0.1610 0.2054 0.1940 0.2210 0.2186 
     H171978  1 0.1751 0.2167 0.1956 0.2013 0.2113 
     H171979  1 0.1372 0.2495 0.2177 0.2020 0.1935 
        H176  1 0.2186 0.2033 0.1975 0.1870 0.1936 
        H177  1 0.1869 0.2184 0.2117 0.1923 0.1907 
        H179  1 0.3564 0.1580 0.1857 0.1489 0.1509 
        H181  1 0.1798 0.2078 0.2059 0.2058 0.2008 
        H182  1 0.1483 0.2132 0.2296 0.2100 0.1989 
        H183  1 0.1275 0.2099 0.2143 0.2321 0.2162 
        H184  1 0.2281 0.2040 0.2195 0.1762 0.1722 
        H185  1 0.1729 0.2020 0.2102 0.2064 0.2084 
        H186  1 0.2157 0.1776 0.1756 0.2149 0.2162 
        H187  1 0.1567 0.2185 0.2217 0.2081 0.1951 
        H188  1 0.2561 0.2090 0.1863 0.1735 0.1752 
        H192  1 0.2216 0.2044 0.2103 0.1759 0.1879 
        H193  1 0.1854 0.1974 0.1994 0.2095 0.2083 
        H194  1 0.2208 0.2097 0.2048 0.1779 0.1868 
        H195  1 0.1195 0.2063 0.1572 0.2566 0.2603 
        H199  1 0.1493 0.2046 0.1828 0.2357 0.2276 
        H200  1 0.1788 0.2086 0.1903 0.2026 0.2197 
        H414  1 0.1650 0.1924 0.1714 0.2412 0.2300 
        H415  1 0.2279 0.1870 0.1885 0.1930 0.2037 
        H422  1 0.2155 0.1801 0.1543 0.2197 0.2304 
        H423  1 0.2077 0.2006 0.2102 0.1897 0.1918 
        H424  1 0.1679 0.2106 0.2030 0.2006 0.2178 
        H425  1 0.1575 0.1872 0.1786 0.2437 0.2330 
        H426  1 0.1356 0.1977 0.1719 0.2390 0.2559 
        H443  1 0.1836 0.1719 0.1585 0.2535 0.2325 
        H466  1 0.2095 0.2130 0.1900 0.1894 0.1982 
        H467  1 0.1882 0.2140 0.1892 0.2020 0.2066 
        H472  1 0.1561 0.2207 0.1995 0.2024 0.2213 
        H483  1 0.2298 0.1748 0.2240 0.1797 0.1917 
        H504  1 0.1487 0.1986 0.1766 0.2488 0.2273 
        H505  1 0.3118 0.1772 0.1876 0.1647 0.1587 
        H506  1 0.1942 0.2006 0.1990 0.2058 0.2004 
        H507  1 0.1367 0.2329 0.1938 0.2196 0.2171 
        H508  1 0.1539 0.2136 0.1952 0.2144 0.2230 
        H524  1 0.1536 0.2159 0.2120 0.2068 0.2116 
        H525  1 0.1832 0.1979 0.2072 0.2023 0.2093 
        H526  1 0.2057 0.1921 0.2073 0.2003 0.1946 
        H527  1 0.2196 0.2264 0.1899 0.1877 0.1764 
        H528  1 0.1551 0.2060 0.1733 0.2320 0.2336 
        H529  1 0.1473 0.1957 0.2044 0.2257 0.2268 
        H533  1 0.1736 0.2171 0.2270 0.1909 0.1914 
        H538  1 0.1709 0.2237 0.2148 0.1939 0.1966 
        H539  1 0.1562 0.2201 0.2112 0.2101 0.2024 
        H540  1 0.1843 0.2282 0.2133 0.1816 0.1926 
        H541  1 0.2271 0.1981 0.2005 0.1900 0.1843 
        H558  1 0.1286 0.1958 0.2293 0.2262 0.2201 
        H559  1 0.2912 0.1651 0.1831 0.1807 0.1799 
        H579  1 0.1678 0.1944 0.1894 0.2251 0.2233 
        H584  1 0.1420 0.1974 0.1728 0.2303 0.2576 
        H585  1 0.2055 0.1948 0.1817 0.2121 0.2059 
        H605  1 0.2492 0.1719 0.1958 0.1958 0.1873 
        H606  1 0.3666 0.1468 0.1802 0.1568 0.1495 
        H632  1 0.1462 0.1964 0.1883 0.2346 0.2345 
        H634  1 0.1789 0.2121 0.1893 0.2120 0.2077 
        H671  1 0.2170 0.2006 0.2055 0.1878 0.1891 
        H672  1 0.2336 0.1893 0.1772 0.1950 0.2049 
        H673  1 0.1478 0.2090 0.1973 0.2209 0.2250 
        H689  1 0.1568 0.2125 0.1934 0.2139 0.2234 
        H690  1 0.3309 0.1561 0.2092 0.1513 0.1525 
        H691  1 0.2023 0.1994 0.2129 0.2019 0.1835 
        H692  1 0.1315 0.1976 0.2077 0.2340 0.2292 
        H709  1 0.1873 0.1877 0.1996 0.2217 0.2038 
        H710  1 0.1336 0.2074 0.1919 0.2318 0.2353 
       H7355  1 0.1975 0.2228 0.2478 0.1705 0.1615 
       H7356  1 0.1640 0.2042 0.2098 0.2004 0.2215 
       H7357  1 0.3579 0.1497 0.1859 0.1533 0.1533 
       H7358  1 0.1766 0.2216 0.1930 0.1967 0.2121 
       H7380  1 0.2490 0.1796 0.1880 0.1968 0.1866 
       H7381  1 0.1630 0.2195 0.2034 0.2100 0.2040 
       H7382  1 0.2022 0.1937 0.1808 0.2180 0.2052 
        H904  1 0.3399 0.1564 0.1889 0.1606 0.1542 
        H923  1 0.1570 0.2006 0.1885 0.2306 0.2233 
        H924  1 0.1920 0.2089 0.2002 0.2045 0.1945 
        H925  1 0.1807 0.2073 0.1934 0.2110 0.2076 
       H9558  1 0.1207 0.1977 0.2192 0.2228 0.2397 
        H111  3 0.1793 0.2054 0.1888 0.2255 0.2009 
        H951  3 0.1623 0.2155 0.2018 0.2163 0.2041 
        H952  3 0.1389 0.2053 0.1717 0.2391 0.2451 
        H953  3 0.1881 0.1987 0.2059 0.1949 0.2124 
        H954  3 0.2989 0.1772 0.1915 0.1669 0.1655 
        H955  3 0.1589 0.2096 0.1910 0.2302 0.2103 
        H956  3 0.2063 0.1975 0.1937 0.1951 0.2074 
       H9563  3 0.2305 0.2135 0.2294 0.1665 0.1602 
      H_PALI  6 0.2580 0.1993 0.1882 0.1754 0.1791 
        H581  6 0.2063 0.2027 0.2073 0.1951 0.1886 
        H582  6 0.2019 0.2162 0.2026 0.1890 0.1903 
        H583  6 0.2485 0.1798 0.1966 0.1915 0.1836 
        H595  6 0.1774 0.2052 0.2234 0.2053 0.1887 
        H596  6 0.1682 0.2035 0.2139 0.2045 0.2099 
        H597  6 0.1827 0.1708 0.1776 0.2300 0.2389 
        H598  6 0.2685 0.1927 0.1969 0.1701 0.1717 
        H599  6 0.1561 0.2177 0.2178 0.2030 0.2054 
        H642  6 0.1241 0.2262 0.2024 0.2262 0.2211 
        H643  6 0.2449 0.1845 0.1984 0.1856 0.1865 
        H664  6 0.1700 0.2084 0.1933 0.2133 0.2150 
        H665  6 0.2699 0.1954 0.2117 0.1650 0.1579 
        H674  6 0.1265 0.2158 0.1891 0.2318 0.2367 
        H675  6 0.1524 0.2126 0.2108 0.2175 0.2067 
        H676  6 0.1555 0.2039 0.2061 0.2076 0.2269 
        H686  6 0.1760 0.1998 0.2031 0.2151 0.2059 
        H687  6 0.1914 0.1909 0.1853 0.2228 0.2096 
        H917  6 0.2319 0.1996 0.2144 0.1833 0.1709 
        H918  6 0.2012 0.2015 0.2012 0.2002 0.1959 
        H919  6 0.1983 0.2282 0.2290 0.1728 0.1716 
        H920  6 0.2542 0.1847 0.2144 0.1800 0.1667 
        H631  7 0.2359 0.2088 0.2174 0.1717 0.1662 
        H684  7 0.1260 0.2126 0.2055 0.2306 0.2253 
        H685  7 0.1820 0.2275 0.2028 0.1899 0.1978 
        H713  7 0.3249 0.1781 0.1754 0.1657 0.1559 
        H715  7 0.1556 0.2068 0.2010 0.2128 0.2238 
        H716  7 0.2121 0.1821 0.1874 0.2017 0.2167 
        H717  7 0.2019 0.1995 0.2062 0.1874 0.2050 
        H729  7 0.1733 0.2189 0.2087 0.1982 0.2008 
        H730  7 0.2246 0.2132 0.2061 0.1753 0.1808 
        H600  9 0.2403 0.1793 0.1903 0.1961 0.1940 
        H648  9 0.1467 0.2240 0.2099 0.2067 0.2127 
        H696  9 0.1296 0.2057 0.1807 0.2413 0.2427 
        H697  9 0.1750 0.2089 0.2045 0.2011 0.2105 
        H698  9 0.1880 0.1958 0.1660 0.2280 0.2222 
        H699  9 0.1779 0.1988 0.1958 0.2194 0.2082 
        H700  9 0.3222 0.1667 0.1896 0.1622 0.1593 
        H732  9 0.2141 0.1949 0.1793 0.1987 0.2130 
        H733  9 0.2143 0.2060 0.2013 0.1935 0.1849 
        H734  9 0.1450 0.2189 0.1882 0.2301 0.2178 
        H735  9 0.1611 0.2130 0.2089 0.2172 0.1998 
        H736  9 0.1629 0.2230 0.1844 0.2090 0.2206 
        H737  9 0.1740 0.1988 0.1797 0.2153 0.2322 
        H905  9 0.2631 0.1804 0.2108 0.1710 0.1747 
        H921  9 0.2464 0.2195 0.2152 0.1656 0.1534 
        H922  9 0.1640 0.2268 0.1996 0.2056 0.2041 
        H409 12 0.2148 0.2053 0.2217 0.1762 0.1820 
        H413 12 0.1342 0.2035 0.1913 0.2320 0.2390 
        H419 12 0.2436 0.1903 0.2272 0.1792 0.1597 
        H420 12 0.1916 0.1957 0.2202 0.1933 0.1991 
        H421 12 0.2267 0.1894 0.1839 0.2011 0.1989 
        H435 12 0.1595 0.2096 0.2088 0.2213 0.2007 
        H436 12 0.3120 0.1614 0.1748 0.1751 0.1765 
        H437 12 0.2303 0.1976 0.2005 0.1800 0.1915 
        H445 12 0.2894 0.1787 0.1987 0.1635 0.1696 
        H449 12 0.1439 0.1877 0.1634 0.2464 0.2586 
        H463 12 0.2160 0.1949 0.1967 0.2064 0.1860 
        H464 12 0.1592 0.1966 0.1833 0.2325 0.2284 
        H465 12 0.1350 0.2262 0.1888 0.2127 0.2373 
        H490 12 0.1446 0.1970 0.1908 0.2307 0.2368 
        H561 12 0.1624 0.2181 0.2502 0.1798 0.1895 
        H562 12 0.2763 0.1884 0.1977 0.1702 0.1675 
        H563 12 0.2307 0.2099 0.2286 0.1647 0.1661 
        H570 12 0.3515 0.1657 0.1836 0.1515 0.1478 
        H571 12 0.2084 0.1995 0.1858 0.1997 0.2066 
        H572 12 0.2003 0.2167 0.2208 0.1780 0.1843 
        H573 12 0.2387 0.1898 0.1886 0.1965 0.1864 
       H7372 12 0.2043 0.1846 0.1849 0.2064 0.2198 
       H7373 12 0.1210 0.2145 0.1533 0.2526 0.2587 
       H7374 12 0.2824 0.1708 0.1796 0.1888 0.1783 
       H7375 12 0.2611 0.1996 0.2057 0.1713 0.1623 
       H7376 12 0.1780 0.2119 0.2298 0.1931 0.1872 
       H7377 12 0.3193 0.1765 0.1904 0.1651 0.1488 
