        H102  1 0.0974 0.0897 0.0914 0.0910 0.0922 0.0904 0.0937 0.0885 0.0892 0.0878 0.0887 
        H103  1 0.0859 0.0920 0.0897 0.0894 0.0890 0.0909 0.0925 0.0936 0.0919 0.0933 0.0918 
        H104  1 0.0948 0.0887 0.0928 0.0908 0.0938 0.0911 0.0908 0.0879 0.0899 0.0889 0.0903 
        H105  1 0.0925 0.0893 0.0930 0.0923 0.0903 0.0925 0.0920 0.0899 0.0887 0.0888 0.0907 
        H106  1 0.0912 0.0906 0.0920 0.0899 0.0904 0.0913 0.0887 0.0916 0.0913 0.0914 0.0913 
        H112  1 0.0963 0.0911 0.0913 0.0918 0.0883 0.0918 0.0926 0.0881 0.0891 0.0889 0.0908 
        H113  1 0.0964 0.0875 0.0930 0.0924 0.0901 0.0903 0.0916 0.0903 0.0901 0.0893 0.0890 
        H114  1 0.0949 0.0897 0.0943 0.0911 0.0921 0.0912 0.0912 0.0899 0.0865 0.0898 0.0893 
        H115  1 0.0953 0.0872 0.0929 0.0915 0.0900 0.0921 0.0927 0.0901 0.0896 0.0891 0.0895 
        H143  1 0.0918 0.0900 0.0897 0.0889 0.0909 0.0902 0.0943 0.0893 0.0932 0.0903 0.0914 
        H144  1 0.0899 0.0930 0.0918 0.0892 0.0932 0.0903 0.0870 0.0909 0.0914 0.0915 0.0917 
        H145  1 0.0876 0.0936 0.0878 0.0917 0.0876 0.0940 0.0884 0.0924 0.0917 0.0925 0.0929 
        H149  1 0.0956 0.0897 0.0941 0.0928 0.0872 0.0900 0.0911 0.0899 0.0883 0.0901 0.0913 
        H150  1 0.0955 0.0901 0.0905 0.0922 0.0889 0.0907 0.0898 0.0904 0.0896 0.0914 0.0909 
     H167542  1 0.0922 0.0883 0.0918 0.0929 0.0955 0.0886 0.0908 0.0895 0.0912 0.0892 0.0900 
     H169604  1 0.0921 0.0895 0.0910 0.0923 0.0947 0.0920 0.0896 0.0889 0.0897 0.0896 0.0908 
     H169607  1 0.0889 0.0924 0.0867 0.0904 0.0923 0.0918 0.0895 0.0925 0.0922 0.0917 0.0915 
     H169608  1 0.0967 0.0898 0.0895 0.0923 0.0881 0.0944 0.0913 0.0893 0.0887 0.0896 0.0903 
     H169633  1 0.0896 0.0916 0.0882 0.0926 0.0914 0.0911 0.0930 0.0914 0.0905 0.0904 0.0901 
     H169688  1 0.0860 0.0929 0.0909 0.0891 0.0918 0.0915 0.0913 0.0925 0.0903 0.0922 0.0914 
     H169714  1 0.0928 0.0914 0.0907 0.0916 0.0912 0.0894 0.0911 0.0901 0.0909 0.0907 0.0901 
     H171802  1 0.0907 0.0914 0.0906 0.0924 0.0903 0.0907 0.0908 0.0910 0.0901 0.0907 0.0912 
     H171805  1 0.0897 0.0915 0.0944 0.0887 0.0938 0.0900 0.0903 0.0913 0.0911 0.0895 0.0898 
     H171807  1 0.0955 0.0918 0.0925 0.0904 0.0915 0.0899 0.0890 0.0902 0.0896 0.0899 0.0897 
     H171814  1 0.0855 0.0950 0.0854 0.0887 0.0892 0.0879 0.0926 0.0939 0.0935 0.0956 0.0927 
     H171816  1 0.0960 0.0891 0.0918 0.0907 0.0911 0.0924 0.0909 0.0888 0.0878 0.0914 0.0900 
     H171817  1 0.0946 0.0864 0.0909 0.0938 0.0949 0.0917 0.0922 0.0892 0.0903 0.0875 0.0885 
     H171818  1 0.0949 0.0889 0.0920 0.0895 0.0948 0.0893 0.0889 0.0903 0.0904 0.0897 0.0914 
     H171819  1 0.0969 0.0870 0.0935 0.0914 0.0927 0.0923 0.0906 0.0882 0.0888 0.0895 0.0891 
     H171834  1 0.0954 0.0899 0.0924 0.0915 0.0913 0.0905 0.0899 0.0888 0.0883 0.0898 0.0923 
     H171835  1 0.0955 0.0893 0.0934 0.0915 0.0900 0.0922 0.0902 0.0890 0.0897 0.0890 0.0903 
     H171836  1 0.0864 0.0927 0.0877 0.0912 0.0914 0.0902 0.0924 0.0911 0.0902 0.0934 0.0933 
     H171837  1 0.0953 0.0880 0.0923 0.0929 0.0921 0.0916 0.0912 0.0895 0.0893 0.0879 0.0900 
     H171838  1 0.0930 0.0892 0.0910 0.0919 0.0889 0.0902 0.0923 0.0902 0.0902 0.0908 0.0922 
     H171839  1 0.0951 0.0873 0.0927 0.0913 0.0903 0.0931 0.0925 0.0876 0.0913 0.0894 0.0895 
     H171841  1 0.0975 0.0897 0.0915 0.0923 0.0866 0.0942 0.0890 0.0899 0.0898 0.0903 0.0891 
     H171860  1 0.0924 0.0902 0.0932 0.0932 0.0915 0.0921 0.0894 0.0884 0.0907 0.0884 0.0906 
     H171861  1 0.0906 0.0892 0.0897 0.0902 0.0903 0.0907 0.0951 0.0916 0.0904 0.0918 0.0904 
     H171862  1 0.0935 0.0900 0.0916 0.0893 0.0957 0.0878 0.0896 0.0909 0.0911 0.0905 0.0899 
     H171868  1 0.0947 0.0892 0.0961 0.0919 0.0887 0.0935 0.0917 0.0879 0.0878 0.0891 0.0894 
     H171869  1 0.0872 0.0927 0.0877 0.0902 0.0915 0.0909 0.0896 0.0914 0.0920 0.0932 0.0937 
     H171870  1 0.0871 0.0921 0.0899 0.0901 0.0921 0.0898 0.0921 0.0927 0.0917 0.0915 0.0908 
     H171871  1 0.0898 0.0914 0.0882 0.0898 0.0884 0.0900 0.0931 0.0915 0.0909 0.0937 0.0932 
     H171872  1 0.0926 0.0895 0.0890 0.0912 0.0931 0.0937 0.0917 0.0899 0.0900 0.0894 0.0899 
     H171873  1 0.0886 0.0918 0.0907 0.0875 0.0939 0.0901 0.0900 0.0909 0.0906 0.0933 0.0925 
     H171874  1 0.0876 0.0925 0.0932 0.0912 0.0910 0.0905 0.0893 0.0919 0.0903 0.0914 0.0913 
     H171875  1 0.0895 0.0920 0.0917 0.0872 0.0910 0.0910 0.0923 0.0910 0.0901 0.0911 0.0931 
     H171876  1 0.0908 0.0911 0.0941 0.0905 0.0913 0.0920 0.0878 0.0900 0.0899 0.0909 0.0916 
     H171877  1 0.0930 0.0889 0.0935 0.0942 0.0942 0.0904 0.0911 0.0899 0.0891 0.0869 0.0889 
     H171878  1 0.0903 0.0919 0.0878 0.0896 0.0896 0.0890 0.0933 0.0929 0.0918 0.0928 0.0910 
     H171901  1 0.0902 0.0885 0.0908 0.0919 0.0929 0.0906 0.0924 0.0902 0.0896 0.0905 0.0924 
     H171902  1 0.0924 0.0919 0.0885 0.0911 0.0903 0.0896 0.0877 0.0926 0.0916 0.0926 0.0916 
     H171903  1 0.0891 0.0896 0.0908 0.0915 0.0937 0.0912 0.0908 0.0904 0.0912 0.0904 0.0913 
     H171935  1 0.0911 0.0919 0.0905 0.0905 0.0903 0.0915 0.0895 0.0915 0.0918 0.0906 0.0909 
     H171936  1 0.0872 0.0900 0.0891 0.0919 0.0961 0.0921 0.0910 0.0917 0.0910 0.0896 0.0902 
     H171940  1 0.0933 0.0902 0.0985 0.0915 0.0919 0.0896 0.0878 0.0896 0.0894 0.0886 0.0897 
     H171945  1 0.0908 0.0916 0.0898 0.0912 0.0926 0.0916 0.0904 0.0905 0.0907 0.0903 0.0906 
     H171948  1 0.0943 0.0912 0.0916 0.0918 0.0878 0.0949 0.0921 0.0889 0.0890 0.0879 0.0905 
     H171949  1 0.0952 0.0900 0.0921 0.0939 0.0915 0.0899 0.0909 0.0892 0.0889 0.0887 0.0896 
     H171950  1 0.0917 0.0892 0.0929 0.0932 0.0896 0.0893 0.0914 0.0915 0.0907 0.0906 0.0899 
     H171963  1 0.0862 0.0913 0.0886 0.0909 0.0916 0.0893 0.0925 0.0937 0.0907 0.0918 0.0935 
     H171964  1 0.0911 0.0931 0.0885 0.0876 0.0869 0.0910 0.0875 0.0921 0.0916 0.0973 0.0933 
     H171966  1 0.0928 0.0917 0.0921 0.0912 0.0889 0.0911 0.0893 0.0909 0.0912 0.0900 0.0908 
     H171968  1 0.0931 0.0908 0.0921 0.0906 0.0892 0.0898 0.0898 0.0906 0.0915 0.0909 0.0917 
     H171971  1 0.0889 0.0906 0.0887 0.0907 0.0895 0.0897 0.0949 0.0909 0.0913 0.0927 0.0921 
     H171972  1 0.0888 0.0926 0.0887 0.0928 0.0873 0.0918 0.0902 0.0919 0.0918 0.0929 0.0913 
     H171977  1 0.0895 0.0909 0.0905 0.0912 0.0905 0.0894 0.0908 0.0921 0.0907 0.0925 0.0918 
     H171978  1 0.0898 0.0924 0.0919 0.0891 0.0910 0.0920 0.0911 0.0915 0.0907 0.0904 0.0901 
     H171979  1 0.0876 0.0919 0.0903 0.0920 0.0904 0.0921 0.0925 0.0918 0.0898 0.0905 0.0910 
        H176  1 0.0935 0.0895 0.0920 0.0933 0.0907 0.0908 0.0920 0.0886 0.0903 0.0885 0.0909 
        H177  1 0.0902 0.0878 0.0912 0.0919 0.0994 0.0919 0.0917 0.0898 0.0900 0.0865 0.0896 
        H179  1 0.0950 0.0886 0.0987 0.0913 0.0931 0.0899 0.0913 0.0869 0.0888 0.0881 0.0883 
        H181  1 0.0910 0.0913 0.0900 0.0909 0.0886 0.0908 0.0900 0.0910 0.0929 0.0919 0.0916 
        H182  1 0.0923 0.0906 0.0902 0.0926 0.0873 0.0912 0.0908 0.0913 0.0916 0.0922 0.0900 
        H183  1 0.0886 0.0918 0.0897 0.0882 0.0915 0.0897 0.0913 0.0922 0.0922 0.0936 0.0911 
        H184  1 0.0910 0.0905 0.0947 0.0928 0.0926 0.0943 0.0891 0.0890 0.0883 0.0885 0.0891 
        H185  1 0.0899 0.0922 0.0913 0.0895 0.0905 0.0892 0.0919 0.0909 0.0927 0.0909 0.0911 
        H186  1 0.0952 0.0930 0.0923 0.0884 0.0892 0.0870 0.0905 0.0900 0.0921 0.0917 0.0905 
        H187  1 0.0863 0.0918 0.0881 0.0911 0.0925 0.0920 0.0936 0.0927 0.0907 0.0899 0.0913 
        H188  1 0.0929 0.0885 0.0963 0.0927 0.0943 0.0911 0.0878 0.0901 0.0895 0.0867 0.0900 
        H192  1 0.0954 0.0887 0.0960 0.0917 0.0915 0.0919 0.0914 0.0889 0.0881 0.0880 0.0883 
        H193  1 0.0875 0.0949 0.0874 0.0909 0.0866 0.0920 0.0907 0.0927 0.0926 0.0910 0.0937 
        H194  1 0.0923 0.0899 0.0929 0.0932 0.0908 0.0925 0.0907 0.0900 0.0891 0.0893 0.0892 
        H195  1 0.0867 0.0926 0.0884 0.0887 0.0901 0.0921 0.0925 0.0928 0.0922 0.0924 0.0915 
        H199  1 0.0868 0.0919 0.0884 0.0919 0.0957 0.0902 0.0918 0.0905 0.0915 0.0916 0.0898 
        H200  1 0.0920 0.0901 0.0931 0.0910 0.0939 0.0914 0.0903 0.0883 0.0903 0.0895 0.0903 
        H414  1 0.0898 0.0922 0.0871 0.0898 0.0885 0.0908 0.0926 0.0921 0.0927 0.0914 0.0930 
        H415  1 0.0893 0.0904 0.0894 0.0913 0.0907 0.0927 0.0916 0.0916 0.0913 0.0907 0.0910 
        H422  1 0.0883 0.0937 0.0894 0.0898 0.0918 0.0907 0.0908 0.0910 0.0897 0.0927 0.0921 
        H423  1 0.0973 0.0885 0.0943 0.0907 0.0892 0.0923 0.0919 0.0886 0.0901 0.0881 0.0890 
        H424  1 0.0908 0.0919 0.0921 0.0904 0.0914 0.0913 0.0906 0.0899 0.0900 0.0904 0.0910 
        H425  1 0.0874 0.0920 0.0889 0.0897 0.0940 0.0901 0.0895 0.0922 0.0929 0.0931 0.0901 
        H426  1 0.0897 0.0939 0.0857 0.0902 0.0851 0.0907 0.0896 0.0940 0.0934 0.0962 0.0915 
        H443  1 0.0879 0.0938 0.0887 0.0876 0.0921 0.0886 0.0894 0.0925 0.0927 0.0949 0.0919 
        H466  1 0.0900 0.0907 0.0931 0.0920 0.0893 0.0926 0.0908 0.0892 0.0892 0.0914 0.0918 
        H467  1 0.0955 0.0901 0.0956 0.0916 0.0878 0.0893 0.0891 0.0906 0.0907 0.0903 0.0896 
        H472  1 0.0882 0.0894 0.0886 0.0939 0.0910 0.0923 0.0922 0.0916 0.0908 0.0903 0.0916 
        H483  1 0.0932 0.0885 0.0919 0.0925 0.0926 0.0904 0.0897 0.0896 0.0901 0.0907 0.0907 
        H504  1 0.0880 0.0941 0.0857 0.0886 0.0929 0.0909 0.0914 0.0915 0.0918 0.0937 0.0913 
        H505  1 0.0893 0.0903 0.0950 0.0920 0.0921 0.0921 0.0928 0.0893 0.0880 0.0900 0.0889 
        H506  1 0.0908 0.0925 0.0913 0.0897 0.0907 0.0888 0.0913 0.0919 0.0917 0.0916 0.0896 
        H507  1 0.0859 0.0912 0.0893 0.0907 0.0927 0.0912 0.0911 0.0934 0.0906 0.0911 0.0927 
        H508  1 0.0909 0.0914 0.0906 0.0897 0.0901 0.0908 0.0894 0.0916 0.0928 0.0927 0.0900 
        H524  1 0.0870 0.0925 0.0887 0.0905 0.0975 0.0880 0.0935 0.0901 0.0908 0.0911 0.0903 
        H525  1 0.0868 0.0911 0.0925 0.0908 0.0932 0.0918 0.0903 0.0915 0.0903 0.0915 0.0902 
        H526  1 0.0917 0.0910 0.0930 0.0905 0.0940 0.0895 0.0898 0.0903 0.0889 0.0915 0.0900 
        H527  1 0.0853 0.0912 0.0918 0.0888 0.0947 0.0933 0.0924 0.0910 0.0902 0.0904 0.0910 
        H528  1 0.0870 0.0936 0.0907 0.0901 0.0897 0.0891 0.0901 0.0915 0.0913 0.0950 0.0918 
        H529  1 0.0875 0.0931 0.0877 0.0906 0.0916 0.0909 0.0885 0.0919 0.0927 0.0937 0.0919 
        H533  1 0.0890 0.0896 0.0899 0.0914 0.0902 0.0912 0.0933 0.0914 0.0913 0.0910 0.0917 
        H538  1 0.0948 0.0889 0.0931 0.0916 0.0910 0.0907 0.0903 0.0880 0.0884 0.0901 0.0931 
        H539  1 0.0889 0.0904 0.0878 0.0903 0.0921 0.0896 0.0935 0.0921 0.0929 0.0908 0.0916 
        H540  1 0.0914 0.0886 0.0920 0.0926 0.0922 0.0919 0.0894 0.0900 0.0921 0.0904 0.0893 
        H541  1 0.0912 0.0896 0.0939 0.0922 0.0926 0.0945 0.0891 0.0884 0.0905 0.0897 0.0884 
        H558  1 0.0879 0.0941 0.0844 0.0890 0.0897 0.0911 0.0891 0.0950 0.0925 0.0928 0.0946 
        H559  1 0.0908 0.0913 0.0921 0.0899 0.0918 0.0899 0.0906 0.0915 0.0905 0.0896 0.0918 
        H579  1 0.0922 0.0920 0.0873 0.0890 0.0871 0.0917 0.0919 0.0930 0.0903 0.0934 0.0921 
        H584  1 0.0903 0.0930 0.0891 0.0907 0.0895 0.0905 0.0894 0.0918 0.0912 0.0925 0.0920 
        H585  1 0.0880 0.0914 0.0888 0.0891 0.0920 0.0899 0.0906 0.0923 0.0926 0.0921 0.0934 
        H605  1 0.0875 0.0913 0.0899 0.0914 0.0941 0.0908 0.0908 0.0891 0.0934 0.0905 0.0913 
        H606  1 0.0941 0.0892 0.0922 0.0892 0.0907 0.0894 0.0946 0.0900 0.0904 0.0893 0.0908 
        H632  1 0.0876 0.0947 0.0875 0.0897 0.0873 0.0900 0.0908 0.0948 0.0928 0.0929 0.0920 
        H634  1 0.0889 0.0903 0.0911 0.0915 0.0939 0.0911 0.0906 0.0906 0.0893 0.0915 0.0913 
        H671  1 0.0923 0.0899 0.0900 0.0895 0.0916 0.0911 0.0901 0.0913 0.0904 0.0924 0.0913 
        H672  1 0.0877 0.0918 0.0939 0.0891 0.0929 0.0899 0.0904 0.0904 0.0922 0.0932 0.0886 
        H673  1 0.0894 0.0929 0.0901 0.0886 0.0883 0.0889 0.0918 0.0914 0.0917 0.0954 0.0916 
        H689  1 0.0911 0.0902 0.0942 0.0894 0.0888 0.0921 0.0893 0.0927 0.0902 0.0915 0.0905 
        H690  1 0.0950 0.0887 0.0909 0.0928 0.0924 0.0912 0.0931 0.0897 0.0897 0.0882 0.0882 
        H691  1 0.0940 0.0891 0.0934 0.0904 0.0913 0.0926 0.0898 0.0904 0.0893 0.0899 0.0898 
        H692  1 0.0863 0.0949 0.0911 0.0892 0.0889 0.0907 0.0878 0.0924 0.0921 0.0946 0.0920 
        H709  1 0.0901 0.0911 0.0929 0.0898 0.0870 0.0911 0.0924 0.0916 0.0907 0.0911 0.0923 
        H710  1 0.0914 0.0940 0.0892 0.0877 0.0864 0.0905 0.0910 0.0923 0.0906 0.0946 0.0923 
       H7355  1 0.0947 0.0884 0.0928 0.0953 0.0882 0.0919 0.0906 0.0870 0.0898 0.0893 0.0919 
       H7356  1 0.0894 0.0914 0.0912 0.0891 0.0916 0.0911 0.0905 0.0913 0.0914 0.0919 0.0912 
       H7357  1 0.0974 0.0887 0.0916 0.0939 0.0922 0.0882 0.0938 0.0887 0.0892 0.0864 0.0898 
       H7358  1 0.0887 0.0895 0.0925 0.0921 0.0910 0.0938 0.0906 0.0913 0.0907 0.0897 0.0902 
       H7380  1 0.0964 0.0898 0.0930 0.0924 0.0897 0.0898 0.0909 0.0895 0.0896 0.0901 0.0889 
       H7381  1 0.0904 0.0926 0.0903 0.0900 0.0897 0.0920 0.0907 0.0923 0.0902 0.0914 0.0904 
       H7382  1 0.0907 0.0924 0.0907 0.0899 0.0891 0.0917 0.0914 0.0924 0.0903 0.0916 0.0898 
        H904  1 0.0971 0.0874 0.0952 0.0902 0.0909 0.0914 0.0932 0.0878 0.0891 0.0885 0.0892 
        H923  1 0.0919 0.0909 0.0927 0.0899 0.0901 0.0897 0.0915 0.0919 0.0902 0.0906 0.0906 
        H924  1 0.0913 0.0881 0.0921 0.0916 0.0977 0.0906 0.0909 0.0903 0.0904 0.0863 0.0907 
        H925  1 0.0871 0.0912 0.0902 0.0893 0.1000 0.0899 0.0908 0.0893 0.0913 0.0915 0.0894 
       H9558  1 0.0873 0.0946 0.0834 0.0889 0.0895 0.0910 0.0902 0.0938 0.0934 0.0954 0.0926 
        H111  3 0.0907 0.0924 0.0900 0.0884 0.0915 0.0909 0.0886 0.0926 0.0923 0.0924 0.0902 
        H951  3 0.0901 0.0910 0.0904 0.0923 0.0900 0.0895 0.0915 0.0918 0.0909 0.0920 0.0907 
        H952  3 0.0883 0.0940 0.0893 0.0912 0.0884 0.0897 0.0885 0.0918 0.0921 0.0932 0.0933 
        H953  3 0.0904 0.0896 0.0919 0.0907 0.0939 0.0908 0.0920 0.0892 0.0905 0.0902 0.0908 
        H954  3 0.0920 0.0904 0.0901 0.0914 0.0912 0.0897 0.0936 0.0886 0.0898 0.0901 0.0931 
        H955  3 0.0885 0.0918 0.0900 0.0905 0.0911 0.0902 0.0916 0.0927 0.0904 0.0914 0.0919 
        H956  3 0.0925 0.0915 0.0906 0.0896 0.0912 0.0902 0.0918 0.0901 0.0919 0.0903 0.0903 
       H9563  3 0.0938 0.0904 0.0904 0.0918 0.0956 0.0909 0.0889 0.0906 0.0897 0.0887 0.0893 
      H_PALI  6 0.0875 0.0898 0.0915 0.0909 0.0920 0.0916 0.0935 0.0906 0.0919 0.0902 0.0905 
        H581  6 0.0872 0.0890 0.0905 0.0936 0.0938 0.0921 0.0913 0.0918 0.0904 0.0893 0.0911 
        H582  6 0.0877 0.0922 0.0914 0.0909 0.0896 0.0912 0.0915 0.0920 0.0912 0.0914 0.0910 
        H583  6 0.0879 0.0907 0.0898 0.0925 0.0928 0.0890 0.0921 0.0919 0.0907 0.0901 0.0923 
        H595  6 0.0895 0.0918 0.0885 0.0906 0.0916 0.0901 0.0905 0.0941 0.0903 0.0912 0.0917 
        H596  6 0.0875 0.0926 0.0878 0.0893 0.0933 0.0889 0.0902 0.0926 0.0919 0.0935 0.0924 
        H597  6 0.0905 0.0918 0.0904 0.0910 0.0893 0.0897 0.0900 0.0912 0.0904 0.0933 0.0924 
        H598  6 0.0944 0.0898 0.0938 0.0921 0.0872 0.0911 0.0904 0.0894 0.0893 0.0911 0.0913 
        H599  6 0.0931 0.0911 0.0944 0.0928 0.0912 0.0924 0.0895 0.0894 0.0886 0.0892 0.0883 
        H642  6 0.0872 0.0950 0.0869 0.0897 0.0887 0.0891 0.0900 0.0945 0.0927 0.0945 0.0917 
        H643  6 0.0958 0.0900 0.0932 0.0926 0.0898 0.0901 0.0913 0.0897 0.0897 0.0882 0.0895 
        H664  6 0.0866 0.0916 0.0880 0.0907 0.0906 0.0906 0.0906 0.0922 0.0940 0.0917 0.0933 
        H665  6 0.0974 0.0880 0.0931 0.0915 0.0902 0.0926 0.0934 0.0889 0.0886 0.0886 0.0878 
        H674  6 0.0878 0.0926 0.0890 0.0891 0.0890 0.0893 0.0904 0.0926 0.0914 0.0948 0.0941 
        H675  6 0.0924 0.0918 0.0900 0.0900 0.0854 0.0912 0.0907 0.0925 0.0904 0.0930 0.0926 
        H676  6 0.0920 0.0916 0.0889 0.0909 0.0858 0.0926 0.0910 0.0916 0.0922 0.0910 0.0924 
        H686  6 0.0909 0.0915 0.0910 0.0899 0.0882 0.0916 0.0908 0.0931 0.0902 0.0903 0.0924 
        H687  6 0.0919 0.0908 0.0902 0.0891 0.0918 0.0903 0.0918 0.0905 0.0907 0.0923 0.0906 
        H917  6 0.0911 0.0883 0.0921 0.0920 0.0938 0.0897 0.0922 0.0904 0.0897 0.0900 0.0907 
        H918  6 0.0883 0.0893 0.0951 0.0918 0.0956 0.0915 0.0882 0.0908 0.0901 0.0892 0.0901 
        H919  6 0.0977 0.0862 0.0952 0.0948 0.0931 0.0962 0.0917 0.0867 0.0863 0.0848 0.0875 
        H920  6 0.0912 0.0894 0.0900 0.0923 0.0908 0.0898 0.0931 0.0903 0.0896 0.0909 0.0925 
        H631  7 0.0969 0.0897 0.0954 0.0916 0.0887 0.0927 0.0895 0.0887 0.0903 0.0876 0.0889 
        H684  7 0.0895 0.0935 0.0889 0.0908 0.0859 0.0931 0.0867 0.0942 0.0916 0.0938 0.0919 
        H685  7 0.0932 0.0897 0.0915 0.0906 0.0901 0.0903 0.0912 0.0910 0.0913 0.0902 0.0909 
        H713  7 0.0922 0.0894 0.0917 0.0897 0.0891 0.0896 0.0947 0.0910 0.0919 0.0891 0.0915 
        H715  7 0.0926 0.0928 0.0912 0.0910 0.0896 0.0918 0.0878 0.0893 0.0897 0.0916 0.0927 
        H716  7 0.0936 0.0902 0.0944 0.0920 0.0881 0.0927 0.0886 0.0888 0.0897 0.0918 0.0902 
        H717  7 0.0912 0.0909 0.0913 0.0920 0.0902 0.0914 0.0912 0.0894 0.0900 0.0920 0.0906 
        H729  7 0.0884 0.0912 0.0912 0.0914 0.0915 0.0933 0.0921 0.0896 0.0901 0.0901 0.0910 
        H730  7 0.0933 0.0893 0.0935 0.0935 0.0921 0.0916 0.0909 0.0883 0.0903 0.0878 0.0893 
        H600  9 0.0927 0.0906 0.0910 0.0904 0.0922 0.0911 0.0923 0.0902 0.0892 0.0905 0.0898 
        H648  9 0.0915 0.0912 0.0887 0.0895 0.0886 0.0907 0.0915 0.0918 0.0926 0.0928 0.0910 
        H696  9 0.0851 0.0959 0.0880 0.0898 0.0896 0.0883 0.0888 0.0935 0.0919 0.0962 0.0928 
        H697  9 0.0925 0.0898 0.0912 0.0913 0.0905 0.0919 0.0905 0.0894 0.0896 0.0914 0.0919 
        H698  9 0.0894 0.0918 0.0895 0.0904 0.0914 0.0897 0.0921 0.0903 0.0912 0.0923 0.0920 
        H699  9 0.0940 0.0912 0.0899 0.0903 0.0893 0.0884 0.0906 0.0930 0.0912 0.0904 0.0916 
        H700  9 0.0934 0.0901 0.0900 0.0920 0.0901 0.0906 0.0957 0.0887 0.0919 0.0879 0.0896 
        H732  9 0.0900 0.0921 0.0910 0.0901 0.0909 0.0893 0.0898 0.0922 0.0926 0.0912 0.0907 
        H733  9 0.0888 0.0901 0.0895 0.0924 0.0923 0.0904 0.0910 0.0928 0.0904 0.0907 0.0914 
        H734  9 0.0867 0.0919 0.0881 0.0900 0.0909 0.0920 0.0924 0.0907 0.0924 0.0930 0.0920 
        H735  9 0.0902 0.0921 0.0887 0.0906 0.0890 0.0890 0.0912 0.0934 0.0903 0.0921 0.0933 
        H736  9 0.0897 0.0905 0.0907 0.0931 0.0912 0.0913 0.0906 0.0896 0.0909 0.0916 0.0906 
        H737  9 0.0957 0.0921 0.0893 0.0898 0.0869 0.0894 0.0926 0.0900 0.0894 0.0926 0.0922 
        H905  9 0.0976 0.0893 0.0901 0.0905 0.0892 0.0932 0.0912 0.0897 0.0896 0.0897 0.0900 
        H921  9 0.0937 0.0888 0.0937 0.0919 0.0902 0.0942 0.0924 0.0893 0.0891 0.0873 0.0893 
        H922  9 0.0879 0.0908 0.0915 0.0922 0.0890 0.0931 0.0917 0.0899 0.0908 0.0912 0.0920 
        H409 12 0.0961 0.0906 0.0942 0.0887 0.0927 0.0906 0.0905 0.0888 0.0900 0.0887 0.0891 
        H413 12 0.0888 0.0940 0.0893 0.0894 0.0877 0.0912 0.0894 0.0917 0.0933 0.0930 0.0922 
        H419 12 0.0925 0.0919 0.0941 0.0905 0.0911 0.0924 0.0907 0.0896 0.0899 0.0880 0.0893 
        H420 12 0.0942 0.0908 0.0912 0.0902 0.0872 0.0899 0.0937 0.0910 0.0904 0.0899 0.0914 
        H421 12 0.0882 0.0923 0.0895 0.0891 0.0901 0.0913 0.0903 0.0921 0.0921 0.0926 0.0926 
        H435 12 0.0913 0.0914 0.0917 0.0908 0.0905 0.0913 0.0877 0.0916 0.0922 0.0909 0.0905 
        H436 12 0.0911 0.0924 0.0914 0.0930 0.0891 0.0908 0.0916 0.0907 0.0908 0.0907 0.0884 
        H437 12 0.0935 0.0903 0.0910 0.0909 0.0924 0.0928 0.0896 0.0903 0.0890 0.0893 0.0908 
        H445 12 0.0917 0.0900 0.0918 0.0919 0.0924 0.0929 0.0910 0.0905 0.0886 0.0901 0.0891 
        H449 12 0.0896 0.0932 0.0889 0.0897 0.0877 0.0893 0.0904 0.0921 0.0930 0.0932 0.0930 
        H463 12 0.0909 0.0887 0.0923 0.0903 0.0916 0.0918 0.0913 0.0905 0.0907 0.0905 0.0913 
        H464 12 0.0864 0.0926 0.0912 0.0892 0.0916 0.0898 0.0899 0.0925 0.0929 0.0939 0.0900 
        H465 12 0.0851 0.0949 0.0885 0.0892 0.0888 0.0898 0.0890 0.0940 0.0931 0.0960 0.0915 
        H490 12 0.0879 0.0940 0.0885 0.0888 0.0912 0.0886 0.0899 0.0920 0.0921 0.0949 0.0922 
        H561 12 0.0922 0.0893 0.0926 0.0919 0.0923 0.0905 0.0903 0.0904 0.0899 0.0886 0.0921 
        H562 12 0.0957 0.0883 0.0926 0.0929 0.0907 0.0920 0.0921 0.0885 0.0883 0.0885 0.0903 
        H563 12 0.0925 0.0899 0.0920 0.0910 0.0952 0.0907 0.0905 0.0901 0.0898 0.0883 0.0901 
        H570 12 0.0948 0.0888 0.0918 0.0920 0.0904 0.0883 0.0965 0.0885 0.0894 0.0890 0.0905 
        H571 12 0.0858 0.0930 0.0896 0.0893 0.0900 0.0908 0.0920 0.0921 0.0923 0.0938 0.0913 
        H572 12 0.0966 0.0901 0.0916 0.0917 0.0925 0.0915 0.0868 0.0900 0.0903 0.0887 0.0903 
        H573 12 0.0873 0.0921 0.0886 0.0915 0.0923 0.0887 0.0943 0.0910 0.0929 0.0900 0.0912 
       H7372 12 0.0905 0.0922 0.0910 0.0895 0.0894 0.0895 0.0909 0.0915 0.0931 0.0919 0.0904 
       H7373 12 0.0852 0.0943 0.0879 0.0913 0.0908 0.0898 0.0900 0.0938 0.0922 0.0934 0.0914 
       H7374 12 0.0929 0.0904 0.0947 0.0920 0.0886 0.0902 0.0901 0.0904 0.0885 0.0912 0.0910 
       H7375 12 0.0913 0.0902 0.0908 0.0909 0.0916 0.0910 0.0941 0.0890 0.0889 0.0905 0.0916 
       H7376 12 0.0913 0.0890 0.0942 0.0944 0.0921 0.0927 0.0901 0.0894 0.0890 0.0872 0.0906 
       H7377 12 0.0927 0.0881 0.0901 0.0922 0.0937 0.0893 0.0976 0.0884 0.0894 0.0893 0.0892 
