        H102  1 0.1384 0.1383 0.1250 0.1218 0.1412 0.1693 0.1659 
        H103  1 0.1390 0.1497 0.1618 0.1625 0.1719 0.1226 0.0924 
        H104  1 0.1226 0.1525 0.1229 0.1258 0.1208 0.1752 0.1803 
        H105  1 0.1427 0.1544 0.1557 0.1536 0.1389 0.1400 0.1147 
        H106  1 0.1573 0.1505 0.1539 0.1536 0.1382 0.1282 0.1183 
        H112  1 0.1502 0.1557 0.1373 0.1470 0.1282 0.1341 0.1475 
        H113  1 0.1182 0.1432 0.1460 0.1282 0.1302 0.1242 0.2101 
        H114  1 0.1231 0.1437 0.1316 0.1406 0.1367 0.1384 0.1859 
        H115  1 0.1191 0.1618 0.1281 0.1357 0.1220 0.1500 0.1833 
        H143  1 0.1463 0.1592 0.1301 0.1307 0.1420 0.1676 0.1241 
        H144  1 0.1280 0.1495 0.1732 0.1422 0.1687 0.1442 0.0942 
        H145  1 0.1185 0.1156 0.1563 0.1327 0.1227 0.1113 0.2429 
        H149  1 0.1417 0.1485 0.1157 0.1288 0.1236 0.1945 0.1473 
        H150  1 0.1072 0.1251 0.1509 0.1365 0.1449 0.1319 0.2035 
     H167542  1 0.1457 0.1379 0.1370 0.1093 0.0977 0.1481 0.2243 
     H169604  1 0.1254 0.1345 0.1499 0.1439 0.1471 0.1472 0.1519 
     H169607  1 0.1604 0.1223 0.1413 0.1516 0.1641 0.1416 0.1187 
     H169608  1 0.1252 0.1277 0.1461 0.1304 0.1189 0.1377 0.2140 
     H169633  1 0.1297 0.1396 0.1443 0.1578 0.1457 0.1377 0.1452 
     H169688  1 0.1525 0.1340 0.1638 0.1562 0.1575 0.1543 0.0816 
     H169714  1 0.1538 0.1505 0.1268 0.1318 0.1434 0.1494 0.1443 
     H171802  1 0.1569 0.1490 0.1467 0.1370 0.1340 0.1432 0.1332 
     H171805  1 0.1884 0.1336 0.1565 0.1379 0.1367 0.1360 0.1110 
     H171807  1 0.1391 0.1558 0.1300 0.1461 0.1544 0.1364 0.1382 
     H171814  1 0.1376 0.1320 0.1557 0.1594 0.1753 0.1300 0.1099 
     H171816  1 0.1350 0.1460 0.1457 0.1381 0.1419 0.1292 0.1640 
     H171817  1 0.1404 0.1455 0.1232 0.1229 0.1273 0.1674 0.1732 
     H171818  1 0.1508 0.1340 0.1111 0.1426 0.1331 0.1596 0.1689 
     H171819  1 0.1433 0.1490 0.1583 0.1524 0.1273 0.1320 0.1376 
     H171834  1 0.1378 0.1578 0.1443 0.1516 0.1416 0.1240 0.1430 
     H171835  1 0.1392 0.1319 0.1393 0.1288 0.1361 0.1415 0.1833 
     H171836  1 0.1392 0.1492 0.1585 0.1597 0.1358 0.1181 0.1396 
     H171837  1 0.1228 0.1217 0.1273 0.1256 0.1230 0.1288 0.2508 
     H171838  1 0.1750 0.1693 0.1403 0.1342 0.1526 0.1060 0.1226 
     H171839  1 0.1382 0.1453 0.1404 0.1306 0.1491 0.1427 0.1537 
     H171841  1 0.1486 0.1490 0.1436 0.1467 0.1452 0.1224 0.1445 
     H171860  1 0.1152 0.1185 0.1358 0.1475 0.1204 0.1221 0.2405 
     H171861  1 0.1486 0.1670 0.1423 0.1249 0.1269 0.1401 0.1502 
     H171862  1 0.1473 0.1430 0.1270 0.1503 0.1509 0.1506 0.1308 
     H171868  1 0.1197 0.1546 0.1320 0.1429 0.1229 0.1714 0.1566 
     H171869  1 0.1562 0.1337 0.1740 0.1339 0.1571 0.1240 0.1213 
     H171870  1 0.1578 0.1437 0.1326 0.1558 0.1391 0.1685 0.1025 
     H171871  1 0.1520 0.1570 0.1255 0.1566 0.1492 0.1386 0.1210 
     H171872  1 0.1161 0.1342 0.1188 0.1525 0.1329 0.1523 0.1931 
     H171873  1 0.1610 0.1385 0.1531 0.1480 0.1583 0.1496 0.0916 
     H171874  1 0.1461 0.1338 0.1512 0.1665 0.1635 0.1405 0.0984 
     H171875  1 0.1340 0.1373 0.1504 0.1359 0.1337 0.1345 0.1742 
     H171876  1 0.1213 0.1658 0.1362 0.1472 0.1745 0.1389 0.1161 
     H171877  1 0.1140 0.1188 0.1146 0.1199 0.1024 0.1139 0.3164 
     H171878  1 0.1740 0.1517 0.1294 0.1435 0.1499 0.1342 0.1172 
     H171901  1 0.1711 0.1580 0.1552 0.1287 0.1314 0.1381 0.1175 
     H171902  1 0.1408 0.1399 0.1525 0.1388 0.1494 0.1468 0.1318 
     H171903  1 0.1250 0.1474 0.1440 0.1404 0.1392 0.1634 0.1405 
     H171935  1 0.1613 0.1502 0.1427 0.1315 0.1472 0.1481 0.1190 
     H171936  1 0.1394 0.1536 0.1573 0.1431 0.1355 0.1327 0.1384 
     H171940  1 0.1406 0.1646 0.1374 0.1362 0.1265 0.1609 0.1339 
     H171945  1 0.1724 0.1327 0.1457 0.1396 0.1472 0.1334 0.1289 
     H171948  1 0.1397 0.1522 0.1340 0.1612 0.1285 0.1424 0.1421 
     H171949  1 0.1549 0.1661 0.1208 0.1336 0.1349 0.1523 0.1374 
     H171950  1 0.1556 0.1573 0.1033 0.1009 0.1061 0.2035 0.1732 
     H171963  1 0.1655 0.1424 0.1344 0.1586 0.1374 0.1370 0.1247 
     H171964  1 0.1192 0.1149 0.1415 0.1609 0.1681 0.1238 0.1716 
     H171966  1 0.1561 0.1523 0.1427 0.1317 0.1501 0.1524 0.1147 
     H171968  1 0.1585 0.1438 0.1372 0.1228 0.1341 0.1669 0.1367 
     H171971  1 0.1490 0.1488 0.1377 0.1520 0.1470 0.1375 0.1279 
     H171972  1 0.1160 0.1297 0.1441 0.1405 0.1380 0.1249 0.2067 
     H171977  1 0.1266 0.1177 0.1669 0.1343 0.1525 0.1283 0.1737 
     H171978  1 0.1511 0.1308 0.1599 0.1481 0.1575 0.1426 0.1100 
     H171979  1 0.1451 0.1525 0.1449 0.1498 0.1501 0.1445 0.1130 
        H176  1 0.1218 0.1340 0.1256 0.1453 0.1174 0.1329 0.2230 
        H177  1 0.1863 0.1331 0.1422 0.1409 0.1359 0.1576 0.1040 
        H179  1 0.1432 0.1296 0.1253 0.1423 0.1306 0.1897 0.1392 
        H181  1 0.1605 0.1586 0.1442 0.1568 0.1573 0.1214 0.1012 
        H182  1 0.1374 0.1341 0.1880 0.1355 0.1365 0.1259 0.1425 
        H183  1 0.1653 0.1679 0.1343 0.1336 0.1850 0.1306 0.0834 
        H184  1 0.1445 0.1418 0.1414 0.1577 0.1297 0.1488 0.1362 
        H185  1 0.1365 0.1466 0.1618 0.1402 0.1278 0.1278 0.1593 
        H186  1 0.1373 0.1285 0.1593 0.1581 0.1665 0.1447 0.1057 
        H187  1 0.1843 0.1389 0.1456 0.1582 0.1397 0.1323 0.1010 
        H188  1 0.1245 0.1295 0.1245 0.1406 0.1182 0.1422 0.2206 
        H192  1 0.1788 0.1680 0.1288 0.1400 0.1178 0.1351 0.1315 
        H193  1 0.1332 0.1189 0.1658 0.1619 0.1645 0.1320 0.1236 
        H194  1 0.1274 0.1389 0.1494 0.1452 0.1397 0.1343 0.1651 
        H195  1 0.1535 0.1430 0.1425 0.1588 0.1841 0.1347 0.0833 
        H199  1 0.1653 0.1379 0.1395 0.1641 0.1600 0.1291 0.1041 
        H200  1 0.1391 0.1312 0.1559 0.1586 0.1470 0.1482 0.1199 
        H414  1 0.1184 0.1449 0.1471 0.1558 0.1859 0.1551 0.0928 
        H415  1 0.1408 0.1313 0.1291 0.1592 0.1473 0.1546 0.1377 
        H422  1 0.1312 0.1272 0.1488 0.1422 0.1666 0.1589 0.1252 
        H423  1 0.1650 0.1496 0.1364 0.1288 0.1276 0.1514 0.1412 
        H424  1 0.1374 0.1485 0.1674 0.1370 0.1581 0.1342 0.1174 
        H425  1 0.1712 0.1132 0.1688 0.1544 0.1569 0.1271 0.1084 
        H426  1 0.1212 0.1356 0.1684 0.1668 0.1950 0.1300 0.0829 
        H443  1 0.1060 0.1172 0.1648 0.1607 0.1928 0.1531 0.1053 
        H466  1 0.1484 0.1700 0.1258 0.1499 0.1520 0.1345 0.1194 
        H467  1 0.1496 0.1564 0.1507 0.1419 0.1513 0.1305 0.1195 
        H472  1 0.1684 0.1478 0.1383 0.1373 0.1320 0.1548 0.1213 
        H483  1 0.1392 0.1725 0.1484 0.1419 0.1504 0.1375 0.1101 
        H504  1 0.1571 0.1296 0.1578 0.1510 0.1579 0.1360 0.1105 
        H505  1 0.1611 0.1488 0.1266 0.1489 0.1275 0.1604 0.1268 
        H506  1 0.1399 0.1256 0.1401 0.1684 0.1462 0.1503 0.1296 
        H507  1 0.1738 0.1445 0.1565 0.1388 0.1356 0.1439 0.1070 
        H508  1 0.1540 0.1434 0.1370 0.1534 0.1390 0.1561 0.1171 
        H524  1 0.1821 0.1395 0.1559 0.1350 0.1463 0.1285 0.1127 
        H525  1 0.1130 0.1285 0.1491 0.1442 0.1270 0.1356 0.2026 
        H526  1 0.1188 0.1238 0.1423 0.1631 0.1529 0.1262 0.1730 
        H527  1 0.1618 0.1302 0.1360 0.1604 0.1354 0.1507 0.1255 
        H528  1 0.1189 0.1336 0.1577 0.1621 0.1807 0.1371 0.1098 
        H529  1 0.1511 0.1324 0.1752 0.1586 0.1534 0.1233 0.1059 
        H533  1 0.1335 0.1699 0.1528 0.1508 0.1330 0.1465 0.1136 
        H538  1 0.1480 0.1403 0.1532 0.1556 0.1487 0.1329 0.1214 
        H539  1 0.1826 0.1448 0.1535 0.1392 0.1421 0.1450 0.0927 
        H540  1 0.1591 0.1475 0.1579 0.1468 0.1189 0.1265 0.1434 
        H541  1 0.1282 0.1389 0.1233 0.1339 0.1225 0.1567 0.1965 
        H558  1 0.2160 0.1554 0.1577 0.1331 0.1374 0.1058 0.0944 
        H559  1 0.1416 0.1283 0.1449 0.1342 0.1513 0.1830 0.1168 
        H579  1 0.1344 0.1308 0.1497 0.1573 0.1596 0.1416 0.1265 
        H584  1 0.1282 0.1452 0.1686 0.1452 0.1640 0.1508 0.0979 
        H585  1 0.1398 0.1367 0.1531 0.1833 0.1660 0.1249 0.0964 
        H605  1 0.1361 0.1501 0.1526 0.1287 0.1411 0.1611 0.1303 
        H606  1 0.1645 0.1286 0.1121 0.0977 0.1236 0.2091 0.1644 
        H632  1 0.1431 0.1222 0.1299 0.1600 0.1643 0.1403 0.1403 
        H634  1 0.1500 0.1573 0.1583 0.1378 0.1520 0.1513 0.0934 
        H671  1 0.1592 0.1417 0.1386 0.1269 0.1435 0.1431 0.1471 
        H672  1 0.1362 0.1315 0.1496 0.1341 0.1434 0.1806 0.1245 
        H673  1 0.1304 0.1418 0.1710 0.1429 0.1539 0.1349 0.1251 
        H689  1 0.1276 0.1544 0.1396 0.1440 0.1682 0.1332 0.1330 
        H690  1 0.1262 0.1351 0.1310 0.1336 0.1198 0.1454 0.2090 
        H691  1 0.1443 0.1334 0.1438 0.1483 0.1478 0.1320 0.1504 
        H692  1 0.1202 0.1464 0.1594 0.1625 0.1763 0.1511 0.0842 
        H709  1 0.1386 0.1489 0.1587 0.1314 0.1524 0.1506 0.1194 
        H710  1 0.1320 0.1693 0.1728 0.1688 0.1525 0.1240 0.0806 
       H7355  1 0.1161 0.1089 0.1305 0.1271 0.1081 0.1004 0.3090 
       H7356  1 0.1423 0.1444 0.1547 0.1550 0.1541 0.1341 0.1154 
       H7357  1 0.1390 0.1636 0.1220 0.1271 0.1119 0.1900 0.1463 
       H7358  1 0.1491 0.1415 0.1383 0.1480 0.1445 0.1352 0.1434 
       H7380  1 0.1215 0.1430 0.1469 0.1557 0.1467 0.1692 0.1170 
       H7381  1 0.1384 0.1234 0.1668 0.1511 0.1459 0.1518 0.1226 
       H7382  1 0.1196 0.1460 0.1695 0.1566 0.1501 0.1293 0.1289 
        H904  1 0.1423 0.1471 0.1118 0.1282 0.1187 0.1934 0.1584 
        H923  1 0.1401 0.1437 0.1403 0.1558 0.1678 0.1366 0.1157 
        H924  1 0.1397 0.1423 0.1591 0.1438 0.1372 0.1347 0.1433 
        H925  1 0.1533 0.1629 0.1401 0.1399 0.1426 0.1294 0.1319 
       H9558  1 0.2165 0.1373 0.1526 0.1452 0.1502 0.1142 0.0840 
        H111  3 0.1317 0.1502 0.1543 0.1452 0.1540 0.1492 0.1155 
        H951  3 0.1600 0.1486 0.1489 0.1542 0.1369 0.1238 0.1277 
        H952  3 0.1293 0.1432 0.1578 0.1380 0.1548 0.1316 0.1453 
        H953  3 0.1140 0.1098 0.1198 0.1340 0.1181 0.1253 0.2790 
        H954  3 0.1714 0.1490 0.1179 0.1095 0.1096 0.1739 0.1687 
        H955  3 0.1574 0.1448 0.1421 0.1462 0.1470 0.1618 0.1006 
        H956  3 0.1267 0.1389 0.1577 0.1331 0.1470 0.1586 0.1380 
       H9563  3 0.1220 0.1305 0.1227 0.1325 0.1130 0.1349 0.2444 
      H_PALI  6 0.1461 0.1582 0.1384 0.1380 0.1298 0.1673 0.1221 
        H581  6 0.1816 0.1494 0.1510 0.1370 0.1380 0.1311 0.1119 
        H582  6 0.1698 0.1637 0.1340 0.1559 0.1341 0.1288 0.1137 
        H583  6 0.1704 0.1611 0.1288 0.1303 0.1482 0.1490 0.1122 
        H595  6 0.1503 0.1426 0.1362 0.1427 0.1484 0.1464 0.1334 
        H596  6 0.1655 0.1387 0.1711 0.1462 0.1343 0.1188 0.1254 
        H597  6 0.1327 0.1350 0.1696 0.1557 0.1632 0.1283 0.1154 
        H598  6 0.1333 0.1727 0.1357 0.1426 0.1402 0.1457 0.1297 
        H599  6 0.1760 0.1429 0.1266 0.1563 0.1292 0.1279 0.1411 
        H642  6 0.1568 0.1402 0.1400 0.1508 0.1362 0.1652 0.1108 
        H643  6 0.1287 0.1377 0.1480 0.1552 0.1279 0.1362 0.1664 
        H664  6 0.1847 0.1172 0.1507 0.1408 0.1560 0.1488 0.1018 
        H665  6 0.1288 0.1339 0.1415 0.1510 0.1275 0.1398 0.1775 
        H674  6 0.1333 0.1594 0.1443 0.1582 0.1399 0.1269 0.1380 
        H675  6 0.1600 0.1424 0.1412 0.1540 0.1379 0.1434 0.1211 
        H676  6 0.1291 0.1733 0.1399 0.1489 0.1457 0.1471 0.1160 
        H686  6 0.1271 0.1544 0.1545 0.1571 0.1653 0.1397 0.1019 
        H687  6 0.1172 0.1536 0.1599 0.1503 0.1480 0.1531 0.1179 
        H917  6 0.1577 0.1610 0.1401 0.1354 0.1466 0.1310 0.1281 
        H918  6 0.1297 0.1492 0.1559 0.1405 0.1583 0.1494 0.1171 
        H919  6 0.1386 0.1282 0.1398 0.1392 0.1220 0.1303 0.2019 
        H920  6 0.1710 0.1422 0.1237 0.1368 0.1411 0.1606 0.1246 
        H631  7 0.1275 0.1449 0.1490 0.1393 0.1193 0.1477 0.1722 
        H684  7 0.1356 0.1159 0.1435 0.1578 0.1415 0.1021 0.2036 
        H685  7 0.1340 0.1445 0.1463 0.1304 0.1407 0.1603 0.1438 
        H713  7 0.1715 0.1455 0.1252 0.1119 0.1254 0.1800 0.1406 
        H715  7 0.1260 0.1261 0.1450 0.1146 0.1364 0.1168 0.2352 
        H716  7 0.1253 0.1399 0.1550 0.1534 0.1444 0.1374 0.1447 
        H717  7 0.1457 0.1560 0.1327 0.1394 0.1508 0.1539 0.1214 
        H729  7 0.1356 0.1542 0.1527 0.1220 0.1584 0.1141 0.1631 
        H730  7 0.1102 0.1290 0.1308 0.1201 0.1107 0.1251 0.2742 
        H600  9 0.1293 0.1204 0.1468 0.1553 0.1506 0.1513 0.1464 
        H648  9 0.1619 0.1409 0.1542 0.1459 0.1356 0.1292 0.1324 
        H696  9 0.1406 0.1329 0.1587 0.1521 0.1785 0.1371 0.1000 
        H697  9 0.1357 0.1143 0.1372 0.1398 0.1451 0.1237 0.2041 
        H698  9 0.1262 0.1542 0.1425 0.1486 0.1517 0.1478 0.1292 
        H699  9 0.1357 0.1422 0.1509 0.1498 0.1574 0.1312 0.1329 
        H700  9 0.1370 0.1194 0.1394 0.1178 0.1074 0.1655 0.2135 
        H732  9 0.1428 0.1476 0.1398 0.1416 0.1501 0.1517 0.1264 
        H733  9 0.1409 0.1341 0.1454 0.1571 0.1381 0.1263 0.1581 
        H734  9 0.1794 0.1554 0.1411 0.1449 0.1304 0.1580 0.0908 
        H735  9 0.1615 0.1434 0.1663 0.1400 0.1214 0.1200 0.1475 
        H736  9 0.1551 0.1496 0.1479 0.1483 0.1351 0.1599 0.1042 
        H737  9 0.1172 0.1313 0.1296 0.1503 0.1582 0.1210 0.1925 
        H905  9 0.1473 0.1546 0.1376 0.1350 0.1335 0.1339 0.1580 
        H921  9 0.1363 0.1502 0.1303 0.1335 0.1163 0.1258 0.2075 
        H922  9 0.1302 0.1391 0.1425 0.1528 0.1536 0.1467 0.1350 
        H409 12 0.1288 0.1589 0.1411 0.1399 0.1501 0.1411 0.1402 
        H413 12 0.1520 0.1546 0.1583 0.1375 0.1345 0.1499 0.1132 
        H419 12 0.1342 0.1262 0.1403 0.1461 0.1284 0.1314 0.1935 
        H420 12 0.1517 0.1356 0.1401 0.1404 0.1469 0.1299 0.1555 
        H421 12 0.1238 0.1418 0.1561 0.1344 0.1384 0.1442 0.1613 
        H435 12 0.1183 0.1258 0.1567 0.1288 0.1314 0.1093 0.2297 
        H436 12 0.1345 0.1356 0.1196 0.1247 0.1251 0.1812 0.1793 
        H437 12 0.1566 0.1383 0.1433 0.1538 0.1425 0.1462 0.1192 
        H445 12 0.1346 0.1669 0.1340 0.1389 0.1200 0.1582 0.1474 
        H449 12 0.1409 0.1400 0.1622 0.1649 0.1659 0.1266 0.0996 
        H463 12 0.1405 0.1502 0.1487 0.1421 0.1333 0.1566 0.1285 
        H464 12 0.1318 0.1444 0.1481 0.1631 0.1647 0.1542 0.0937 
        H465 12 0.1884 0.1462 0.1291 0.1415 0.1596 0.1255 0.1097 
        H490 12 0.1270 0.1966 0.1409 0.1491 0.1625 0.1386 0.0853 
        H561 12 0.1664 0.1479 0.1591 0.1489 0.1342 0.1154 0.1281 
        H562 12 0.1378 0.1514 0.1311 0.1409 0.1342 0.1599 0.1447 
        H563 12 0.1198 0.1390 0.1248 0.1495 0.1037 0.1244 0.2388 
        H570 12 0.1544 0.1390 0.1222 0.1138 0.1269 0.1865 0.1571 
        H571 12 0.1686 0.1560 0.1362 0.1368 0.1316 0.1633 0.1075 
        H572 12 0.1481 0.1713 0.1409 0.1403 0.1364 0.1289 0.1342 
        H573 12 0.1408 0.1633 0.1224 0.1532 0.1422 0.1363 0.1418 
       H7372 12 0.1204 0.1400 0.1472 0.1479 0.1507 0.1488 0.1450 
       H7373 12 0.1424 0.1332 0.1489 0.1572 0.1788 0.1343 0.1053 
       H7374 12 0.1339 0.1371 0.1456 0.1216 0.1248 0.1825 0.1545 
       H7375 12 0.1515 0.1380 0.1496 0.1299 0.1219 0.1346 0.1744 
       H7376 12 0.1131 0.1363 0.1388 0.1395 0.1292 0.1157 0.2275 
       H7377 12 0.1441 0.1576 0.1171 0.1236 0.1151 0.1789 0.1636 
