        H102  1 0.2363 0.2311 0.5327 
        H103  1 0.3861 0.4124 0.2015 
        H104  1 0.2207 0.2064 0.5729 
        H105  1 0.3057 0.2952 0.3991 
        H106  1 0.3544 0.3468 0.2988 
        H112  1 0.2666 0.2579 0.4755 
        H113  1 0.2822 0.2661 0.4517 
        H114  1 0.3003 0.2838 0.4160 
        H115  1 0.2374 0.2254 0.5372 
        H143  1 0.2488 0.2459 0.5053 
        H144  1 0.3627 0.3367 0.3006 
        H145  1 0.3916 0.4162 0.1922 
        H149  1 0.2737 0.2661 0.4603 
        H150  1 0.3418 0.3485 0.3097 
     H167542  1 0.2614 0.2540 0.4846 
     H169604  1 0.3494 0.3211 0.3295 
     H169607  1 0.4013 0.3827 0.2160 
     H169608  1 0.3223 0.3197 0.3580 
     H169633  1 0.3304 0.3498 0.3198 
     H169688  1 0.3801 0.3768 0.2431 
     H169714  1 0.3058 0.3115 0.3827 
     H171802  1 0.3478 0.3406 0.3116 
     H171805  1 0.3542 0.3610 0.2848 
     H171807  1 0.3639 0.3463 0.2898 
     H171814  1 0.3670 0.4008 0.2322 
     H171816  1 0.3389 0.3083 0.3528 
     H171817  1 0.2652 0.2550 0.4797 
     H171818  1 0.2441 0.2407 0.5151 
     H171819  1 0.3574 0.3636 0.2790 
     H171834  1 0.2632 0.2625 0.4744 
     H171835  1 0.3189 0.3390 0.3421 
     H171836  1 0.3507 0.3718 0.2775 
     H171837  1 0.3076 0.2965 0.3959 
     H171838  1 0.3987 0.3803 0.2209 
     H171839  1 0.3285 0.3116 0.3599 
     H171841  1 0.3799 0.3444 0.2757 
     H171860  1 0.3078 0.3255 0.3667 
     H171861  1 0.2932 0.2832 0.4237 
     H171862  1 0.2972 0.2992 0.4037 
     H171868  1 0.2605 0.2369 0.5025 
     H171869  1 0.3868 0.3753 0.2378 
     H171870  1 0.3129 0.3305 0.3566 
     H171871  1 0.3859 0.3630 0.2510 
     H171872  1 0.2600 0.2715 0.4685 
     H171873  1 0.3611 0.3879 0.2509 
     H171874  1 0.3823 0.3660 0.2517 
     H171875  1 0.3595 0.3399 0.3006 
     H171876  1 0.3644 0.3583 0.2773 
     H171877  1 0.2668 0.2648 0.4684 
     H171878  1 0.3622 0.3509 0.2869 
     H171901  1 0.3208 0.3345 0.3447 
     H171902  1 0.3741 0.3451 0.2808 
     H171903  1 0.3004 0.2904 0.4092 
     H171935  1 0.3510 0.3668 0.2822 
     H171936  1 0.3135 0.3063 0.3802 
     H171940  1 0.2787 0.2647 0.4566 
     H171945  1 0.3559 0.3530 0.2911 
     H171948  1 0.3034 0.2925 0.4041 
     H171949  1 0.2975 0.2915 0.4110 
     H171950  1 0.2145 0.2193 0.5662 
     H171963  1 0.3760 0.3729 0.2511 
     H171964  1 0.3788 0.4177 0.2035 
     H171966  1 0.3740 0.3690 0.2570 
     H171968  1 0.2992 0.2962 0.4046 
     H171971  1 0.3402 0.3409 0.3189 
     H171972  1 0.3727 0.3711 0.2562 
     H171977  1 0.3763 0.3684 0.2553 
     H171978  1 0.3604 0.3584 0.2812 
     H171979  1 0.3853 0.3781 0.2366 
        H176  1 0.2853 0.3016 0.4131 
        H177  1 0.3372 0.3340 0.3288 
        H179  1 0.2264 0.2247 0.5489 
        H181  1 0.3248 0.3246 0.3506 
        H182  1 0.3955 0.3769 0.2276 
        H183  1 0.3920 0.3986 0.2094 
        H184  1 0.2977 0.3050 0.3973 
        H185  1 0.3470 0.3563 0.2967 
        H186  1 0.3274 0.3356 0.3370 
        H187  1 0.3784 0.3715 0.2501 
        H188  1 0.2723 0.2626 0.4651 
        H192  1 0.3152 0.3039 0.3809 
        H193  1 0.3442 0.3736 0.2822 
        H194  1 0.3030 0.3157 0.3813 
        H195  1 0.3944 0.4055 0.2001 
        H199  1 0.3732 0.3895 0.2372 
        H200  1 0.3389 0.3574 0.3037 
        H414  1 0.3597 0.3849 0.2554 
        H415  1 0.3265 0.3190 0.3545 
        H422  1 0.3177 0.3396 0.3428 
        H423  1 0.3338 0.3293 0.3369 
        H424  1 0.3575 0.3744 0.2681 
        H425  1 0.3857 0.3738 0.2405 
        H426  1 0.3916 0.4339 0.1745 
        H443  1 0.3383 0.3801 0.2816 
        H466  1 0.3218 0.3178 0.3604 
        H467  1 0.3491 0.3592 0.2917 
        H472  1 0.3794 0.3547 0.2660 
        H483  1 0.3090 0.2877 0.4033 
        H504  1 0.3723 0.4078 0.2199 
        H505  1 0.2635 0.2516 0.4850 
        H506  1 0.3407 0.3249 0.3345 
        H507  1 0.4140 0.3753 0.2107 
        H508  1 0.3919 0.3476 0.2605 
        H524  1 0.3603 0.3474 0.2923 
        H525  1 0.3459 0.3530 0.3011 
        H526  1 0.3231 0.3304 0.3465 
        H527  1 0.3218 0.3052 0.3731 
        H528  1 0.3619 0.4020 0.2360 
        H529  1 0.3597 0.4007 0.2396 
        H533  1 0.3745 0.3334 0.2921 
        H538  1 0.3602 0.3492 0.2906 
        H539  1 0.3867 0.3694 0.2439 
        H540  1 0.3440 0.3429 0.3132 
        H541  1 0.3155 0.3006 0.3839 
        H558  1 0.4082 0.4222 0.1696 
        H559  1 0.2741 0.2733 0.4526 
        H579  1 0.3843 0.3624 0.2533 
        H584  1 0.3593 0.4132 0.2276 
        H585  1 0.3281 0.3538 0.3181 
        H605  1 0.2973 0.3041 0.3986 
        H606  1 0.2221 0.2207 0.5572 
        H632  1 0.3630 0.4061 0.2309 
        H634  1 0.3608 0.3660 0.2731 
        H671  1 0.3174 0.3024 0.3803 
        H672  1 0.3178 0.3251 0.3571 
        H673  1 0.3527 0.3866 0.2606 
        H689  1 0.3839 0.3770 0.2391 
        H690  1 0.2157 0.2287 0.5556 
        H691  1 0.3239 0.3188 0.3573 
        H692  1 0.3734 0.4080 0.2187 
        H709  1 0.3451 0.3520 0.3029 
        H710  1 0.3928 0.4208 0.1864 
       H7355  1 0.3214 0.3256 0.3530 
       H7356  1 0.3738 0.3729 0.2533 
       H7357  1 0.2267 0.2196 0.5537 
       H7358  1 0.3319 0.3331 0.3350 
       H7380  1 0.2934 0.2819 0.4248 
       H7381  1 0.3514 0.3556 0.2930 
       H7382  1 0.3335 0.3194 0.3470 
        H904  1 0.2342 0.2373 0.5284 
        H923  1 0.3610 0.3789 0.2601 
        H924  1 0.3209 0.3024 0.3767 
        H925  1 0.3480 0.3322 0.3198 
       H9558  1 0.3866 0.4522 0.1613 
        H111  3 0.3443 0.3595 0.2962 
        H951  3 0.3595 0.3732 0.2674 
        H952  3 0.3771 0.3861 0.2368 
        H953  3 0.3432 0.3336 0.3232 
        H954  3 0.2459 0.2311 0.5230 
        H955  3 0.3539 0.3802 0.2659 
        H956  3 0.3398 0.3292 0.3309 
       H9563  3 0.2745 0.2452 0.4803 
      H_PALI  6 0.2643 0.2751 0.4606 
        H581  6 0.3460 0.3276 0.3264 
        H582  6 0.3592 0.3445 0.2963 
        H583  6 0.3089 0.3021 0.3890 
        H595  6 0.3535 0.3496 0.2970 
        H596  6 0.3726 0.3746 0.2528 
        H597  6 0.3312 0.3632 0.3056 
        H598  6 0.2960 0.2832 0.4208 
        H599  6 0.3489 0.3649 0.2862 
        H642  6 0.3899 0.4215 0.1887 
        H643  6 0.3003 0.2795 0.4202 
        H664  6 0.3535 0.3637 0.2828 
        H665  6 0.2809 0.2707 0.4485 
        H674  6 0.3946 0.4144 0.1910 
        H675  6 0.3661 0.3547 0.2792 
        H676  6 0.3652 0.3846 0.2502 
        H686  6 0.3699 0.3645 0.2656 
        H687  6 0.3196 0.3538 0.3266 
        H917  6 0.3148 0.3154 0.3699 
        H918  6 0.3390 0.3162 0.3448 
        H919  6 0.3060 0.2985 0.3955 
        H920  6 0.2919 0.2809 0.4272 
        H631  7 0.3034 0.2903 0.4063 
        H684  7 0.4042 0.4241 0.1717 
        H685  7 0.3536 0.3484 0.2981 
        H713  7 0.2659 0.2479 0.4862 
        H715  7 0.3603 0.3927 0.2471 
        H716  7 0.3085 0.3451 0.3464 
        H717  7 0.3182 0.3047 0.3771 
        H729  7 0.3428 0.3758 0.2814 
        H730  7 0.2954 0.2939 0.4106 
        H600  9 0.3122 0.3196 0.3683 
        H648  9 0.3920 0.3765 0.2315 
        H696  9 0.3905 0.4031 0.2064 
        H697  9 0.3443 0.3558 0.2999 
        H698  9 0.3237 0.3639 0.3123 
        H699  9 0.3369 0.3457 0.3173 
        H700  9 0.2293 0.2248 0.5459 
        H732  9 0.2984 0.3420 0.3596 
        H733  9 0.3086 0.2825 0.4089 
        H734  9 0.4046 0.3940 0.2014 
        H735  9 0.3636 0.3658 0.2706 
        H736  9 0.3658 0.3557 0.2785 
        H737  9 0.3303 0.3636 0.3061 
        H905  9 0.2796 0.2546 0.4659 
        H921  9 0.2967 0.2723 0.4310 
        H922  9 0.3635 0.3568 0.2797 
        H409 12 0.3023 0.2982 0.3995 
        H413 12 0.3590 0.4190 0.2220 
        H419 12 0.2880 0.2655 0.4465 
        H420 12 0.3199 0.3257 0.3544 
        H421 12 0.3184 0.3114 0.3702 
        H435 12 0.3639 0.3836 0.2525 
        H436 12 0.2493 0.2467 0.5040 
        H437 12 0.3179 0.3201 0.3619 
        H445 12 0.2563 0.2588 0.4849 
        H449 12 0.3743 0.4209 0.2048 
        H463 12 0.3349 0.3126 0.3525 
        H464 12 0.3757 0.4080 0.2164 
        H465 12 0.3994 0.3804 0.2202 
        H490 12 0.3616 0.3971 0.2412 
        H561 12 0.3626 0.3787 0.2586 
        H562 12 0.2703 0.2565 0.4733 
        H563 12 0.2640 0.2471 0.4888 
        H570 12 0.2328 0.2303 0.5368 
        H571 12 0.3345 0.3251 0.3404 
        H572 12 0.3279 0.3171 0.3550 
        H573 12 0.2815 0.2779 0.4407 
       H7372 12 0.3373 0.3213 0.3414 
       H7373 12 0.4135 0.4141 0.1723 
       H7374 12 0.2881 0.2901 0.4217 
       H7375 12 0.2905 0.2677 0.4418 
       H7376 12 0.3355 0.3432 0.3213 
       H7377 12 0.2597 0.2457 0.4946 
