        H102  1 0.1971 0.2209 0.1918 0.1855 0.2047 
        H103  1 0.1813 0.1896 0.2103 0.2148 0.2040 
        H104  1 0.2102 0.2101 0.1911 0.1849 0.2036 
        H105  1 0.2003 0.2068 0.2030 0.1922 0.1978 
        H106  1 0.1981 0.2057 0.1975 0.1935 0.2051 
        H112  1 0.1998 0.2116 0.1951 0.1921 0.2014 
        H113  1 0.2164 0.2075 0.1898 0.1845 0.2019 
        H114  1 0.2121 0.2067 0.1912 0.1869 0.2031 
        H115  1 0.2055 0.2129 0.1974 0.1840 0.2002 
        H143  1 0.1951 0.2088 0.2012 0.1997 0.1952 
        H144  1 0.1910 0.1957 0.2029 0.2119 0.1986 
        H145  1 0.1962 0.1900 0.2002 0.2125 0.2012 
        H149  1 0.1986 0.2097 0.2011 0.1952 0.1954 
        H150  1 0.2110 0.1975 0.1942 0.1987 0.1985 
     H167542  1 0.2106 0.2124 0.1925 0.1828 0.2018 
     H169604  1 0.2077 0.2018 0.1944 0.1896 0.2065 
     H169607  1 0.1921 0.1982 0.1998 0.2031 0.2068 
     H169608  1 0.2104 0.2014 0.1995 0.1907 0.1981 
     H169633  1 0.2043 0.2035 0.1970 0.1996 0.1956 
     H169688  1 0.1858 0.1909 0.2067 0.2115 0.2052 
     H169714  1 0.1993 0.2005 0.1999 0.2014 0.1989 
     H171802  1 0.2055 0.1933 0.1999 0.1983 0.2029 
     H171805  1 0.1952 0.1996 0.2003 0.1976 0.2073 
     H171807  1 0.1960 0.1961 0.2015 0.2023 0.2042 
     H171814  1 0.1960 0.1886 0.2062 0.2196 0.1896 
     H171816  1 0.2099 0.2070 0.1937 0.1920 0.1975 
     H171817  1 0.2190 0.2084 0.1890 0.1823 0.2013 
     H171818  1 0.1955 0.2064 0.1999 0.1977 0.2005 
     H171819  1 0.2207 0.1985 0.1919 0.1851 0.2037 
     H171834  1 0.1994 0.2188 0.1982 0.1889 0.1947 
     H171835  1 0.2297 0.1941 0.1873 0.1891 0.1997 
     H171836  1 0.1908 0.2044 0.1989 0.2034 0.2025 
     H171837  1 0.2186 0.2020 0.1921 0.1899 0.1975 
     H171838  1 0.1952 0.2013 0.2027 0.2039 0.1969 
     H171839  1 0.2093 0.1972 0.1950 0.1934 0.2050 
     H171841  1 0.2084 0.1949 0.2002 0.1976 0.1989 
     H171860  1 0.2178 0.2026 0.1888 0.1863 0.2046 
     H171861  1 0.1984 0.2051 0.1950 0.1947 0.2069 
     H171862  1 0.1983 0.2044 0.1984 0.1954 0.2036 
     H171868  1 0.2041 0.2115 0.1941 0.1867 0.2036 
     H171869  1 0.1916 0.1912 0.2077 0.2165 0.1930 
     H171870  1 0.1857 0.1946 0.2031 0.2056 0.2110 
     H171871  1 0.1886 0.1925 0.2058 0.2115 0.2015 
     H171872  1 0.2146 0.2060 0.1903 0.1834 0.2056 
     H171873  1 0.1943 0.1960 0.2026 0.2066 0.2005 
     H171874  1 0.1813 0.1986 0.2076 0.2058 0.2067 
     H171875  1 0.1893 0.2009 0.2033 0.2056 0.2009 
     H171876  1 0.1974 0.2016 0.1981 0.2008 0.2021 
     H171877  1 0.2237 0.2091 0.1880 0.1827 0.1965 
     H171878  1 0.1929 0.2034 0.2051 0.2062 0.1924 
     H171901  1 0.2054 0.1985 0.1981 0.1912 0.2067 
     H171902  1 0.1917 0.1957 0.2061 0.2068 0.1998 
     H171903  1 0.1967 0.2089 0.2008 0.1939 0.1997 
     H171935  1 0.1935 0.1959 0.2043 0.2028 0.2035 
     H171936  1 0.2157 0.2085 0.1937 0.1869 0.1952 
     H171940  1 0.1931 0.2055 0.2040 0.1965 0.2009 
     H171945  1 0.1961 0.2025 0.2005 0.2017 0.1992 
     H171948  1 0.2103 0.2033 0.2014 0.1894 0.1957 
     H171949  1 0.2022 0.2052 0.2001 0.1935 0.1990 
     H171950  1 0.2080 0.2051 0.1939 0.1914 0.2016 
     H171963  1 0.1967 0.1966 0.2085 0.2024 0.1958 
     H171964  1 0.1900 0.1843 0.2080 0.2254 0.1923 
     H171966  1 0.2025 0.1946 0.2008 0.2019 0.2003 
     H171968  1 0.1906 0.1989 0.2040 0.2058 0.2007 
     H171971  1 0.1902 0.2083 0.2011 0.2016 0.1988 
     H171972  1 0.1974 0.1996 0.1997 0.2048 0.1985 
     H171977  1 0.2076 0.1900 0.2008 0.2046 0.1970 
     H171978  1 0.1959 0.1970 0.1989 0.2028 0.2054 
     H171979  1 0.1937 0.2034 0.1977 0.1996 0.2056 
        H176  1 0.2120 0.2089 0.1935 0.1902 0.1955 
        H177  1 0.1980 0.2093 0.1987 0.1898 0.2042 
        H179  1 0.2115 0.2093 0.1951 0.1801 0.2039 
        H181  1 0.1946 0.2023 0.2019 0.2029 0.1984 
        H182  1 0.1934 0.2040 0.2023 0.1985 0.2017 
        H183  1 0.1898 0.1930 0.2057 0.2162 0.1953 
        H184  1 0.2022 0.2010 0.2018 0.1918 0.2032 
        H185  1 0.1945 0.2008 0.2034 0.2021 0.1992 
        H186  1 0.1855 0.2027 0.2030 0.2106 0.1981 
        H187  1 0.1994 0.2062 0.1958 0.1943 0.2043 
        H188  1 0.2214 0.1999 0.1909 0.1901 0.1978 
        H192  1 0.2058 0.2021 0.1999 0.1922 0.1999 
        H193  1 0.1815 0.1966 0.2072 0.2159 0.1988 
        H194  1 0.2024 0.2067 0.1989 0.1943 0.1978 
        H195  1 0.1858 0.1876 0.2111 0.2187 0.1968 
        H199  1 0.1940 0.1949 0.2059 0.2081 0.1971 
        H200  1 0.1984 0.1937 0.2033 0.2039 0.2008 
        H414  1 0.1858 0.1974 0.2016 0.2125 0.2026 
        H415  1 0.2071 0.2037 0.1985 0.1923 0.1984 
        H422  1 0.1930 0.1915 0.2040 0.2149 0.1966 
        H423  1 0.2110 0.1954 0.1993 0.1934 0.2009 
        H424  1 0.1996 0.1987 0.1961 0.2041 0.2015 
        H425  1 0.1985 0.1909 0.2009 0.2103 0.1994 
        H426  1 0.1842 0.1846 0.2061 0.2266 0.1985 
        H443  1 0.1824 0.1885 0.2072 0.2223 0.1996 
        H466  1 0.2030 0.2029 0.2014 0.1953 0.1974 
        H467  1 0.1987 0.1914 0.2054 0.2046 0.1999 
        H472  1 0.2031 0.1947 0.2030 0.1994 0.1998 
        H483  1 0.1923 0.2065 0.2044 0.1998 0.1970 
        H504  1 0.1978 0.1904 0.2028 0.2136 0.1954 
        H505  1 0.1976 0.2111 0.2004 0.1899 0.2009 
        H506  1 0.1942 0.2016 0.2022 0.2058 0.1964 
        H507  1 0.1973 0.1990 0.1984 0.2060 0.1993 
        H508  1 0.1895 0.1918 0.2050 0.2090 0.2047 
        H524  1 0.1948 0.2037 0.2009 0.1967 0.2038 
        H525  1 0.2050 0.1969 0.1997 0.1968 0.2016 
        H526  1 0.1994 0.2028 0.2021 0.1966 0.1990 
        H527  1 0.1991 0.2104 0.1988 0.1936 0.1980 
        H528  1 0.1991 0.1911 0.2004 0.2130 0.1964 
        H529  1 0.1937 0.1984 0.1974 0.2048 0.2057 
        H533  1 0.1939 0.2042 0.1983 0.2007 0.2028 
        H538  1 0.2061 0.2030 0.1936 0.1896 0.2077 
        H539  1 0.1924 0.2005 0.1999 0.2002 0.2070 
        H540  1 0.1987 0.2106 0.1976 0.1928 0.2002 
        H541  1 0.2078 0.2008 0.1988 0.1946 0.1981 
        H558  1 0.1836 0.1921 0.2100 0.2185 0.1958 
        H559  1 0.1955 0.2016 0.2038 0.1993 0.1998 
        H579  1 0.1921 0.1949 0.2079 0.2107 0.1944 
        H584  1 0.1989 0.1851 0.2002 0.2172 0.1986 
        H585  1 0.1970 0.1966 0.2002 0.2075 0.1987 
        H605  1 0.1926 0.2047 0.2002 0.2002 0.2023 
        H606  1 0.1957 0.2086 0.2015 0.1947 0.1995 
        H632  1 0.1842 0.1868 0.2119 0.2184 0.1986 
        H634  1 0.1921 0.1973 0.2016 0.1998 0.2092 
        H671  1 0.2190 0.1957 0.1942 0.1946 0.1966 
        H672  1 0.1976 0.1998 0.1997 0.1969 0.2060 
        H673  1 0.1943 0.2039 0.1986 0.2133 0.1900 
        H689  1 0.2007 0.1952 0.2027 0.2058 0.1955 
        H690  1 0.2075 0.2115 0.1970 0.1830 0.2010 
        H691  1 0.2051 0.2086 0.1990 0.1898 0.1976 
        H692  1 0.1845 0.1994 0.1996 0.2154 0.2010 
        H709  1 0.1861 0.1933 0.2068 0.2090 0.2047 
        H710  1 0.1845 0.1902 0.2045 0.2161 0.2046 
       H7355  1 0.2163 0.2093 0.1905 0.1863 0.1976 
       H7356  1 0.1973 0.1945 0.2029 0.2025 0.2028 
       H7357  1 0.2000 0.2095 0.1958 0.1862 0.2086 
       H7358  1 0.2043 0.1967 0.1992 0.2024 0.1974 
       H7380  1 0.1970 0.2047 0.1988 0.2013 0.1982 
       H7381  1 0.2044 0.1961 0.1958 0.2047 0.1989 
       H7382  1 0.1925 0.2032 0.2019 0.2013 0.2011 
        H904  1 0.1989 0.2106 0.1966 0.1906 0.2032 
        H923  1 0.2023 0.1914 0.2016 0.2015 0.2031 
        H924  1 0.2124 0.2033 0.1952 0.1889 0.2003 
        H925  1 0.2065 0.2068 0.1983 0.1919 0.1964 
       H9558  1 0.1833 0.1904 0.2095 0.2251 0.1917 
        H111  3 0.1915 0.1938 0.2008 0.2080 0.2059 
        H951  3 0.2017 0.1977 0.2004 0.1997 0.2005 
        H952  3 0.2011 0.1851 0.2030 0.2129 0.1979 
        H953  3 0.2262 0.1962 0.1890 0.1959 0.1928 
        H954  3 0.2072 0.2064 0.1965 0.1880 0.2019 
        H955  3 0.1883 0.1993 0.2041 0.2008 0.2075 
        H956  3 0.2106 0.1969 0.1959 0.1934 0.2032 
       H9563  3 0.2234 0.2117 0.1881 0.1832 0.1936 
      H_PALI  6 0.1940 0.2117 0.2005 0.1880 0.2057 
        H581  6 0.2111 0.2033 0.1947 0.1956 0.1954 
        H582  6 0.1901 0.1966 0.2060 0.2085 0.1987 
        H583  6 0.1965 0.2026 0.2026 0.1970 0.2013 
        H595  6 0.2012 0.2051 0.1958 0.1957 0.2021 
        H596  6 0.1993 0.1983 0.1984 0.2044 0.1995 
        H597  6 0.1935 0.1943 0.2002 0.2164 0.1955 
        H598  6 0.2026 0.2016 0.1980 0.1917 0.2061 
        H599  6 0.2061 0.1965 0.1997 0.1979 0.1998 
        H642  6 0.1847 0.1845 0.2116 0.2178 0.2013 
        H643  6 0.2095 0.2019 0.1936 0.1941 0.2009 
        H664  6 0.1923 0.1941 0.2068 0.2067 0.2001 
        H665  6 0.2091 0.2136 0.1934 0.1857 0.1982 
        H674  6 0.1949 0.1914 0.2088 0.2100 0.1948 
        H675  6 0.2018 0.1894 0.2032 0.2081 0.1975 
        H676  6 0.1864 0.1930 0.2057 0.2130 0.2020 
        H686  6 0.1856 0.2031 0.2007 0.2063 0.2043 
        H687  6 0.1929 0.1957 0.2009 0.2036 0.2069 
        H917  6 0.2032 0.2105 0.1942 0.1881 0.2040 
        H918  6 0.2008 0.2048 0.1982 0.1927 0.2035 
        H919  6 0.2346 0.2028 0.1843 0.1772 0.2011 
        H920  6 0.1932 0.2026 0.2043 0.1968 0.2031 
        H631  7 0.2070 0.2038 0.1948 0.1891 0.2053 
        H684  7 0.1885 0.1834 0.2059 0.2196 0.2026 
        H685  7 0.2183 0.1926 0.1941 0.1971 0.1978 
        H713  7 0.1913 0.2074 0.1990 0.1946 0.2076 
        H715  7 0.1966 0.1884 0.2036 0.2093 0.2020 
        H716  7 0.2012 0.1988 0.1955 0.2078 0.1967 
        H717  7 0.2061 0.2000 0.1972 0.1964 0.2003 
        H729  7 0.2068 0.2030 0.1991 0.1942 0.1968 
        H730  7 0.2309 0.2015 0.1916 0.1840 0.1920 
        H600  9 0.1917 0.2015 0.2024 0.2008 0.2037 
        H648  9 0.2074 0.1860 0.2033 0.2092 0.1941 
        H696  9 0.1948 0.1910 0.2068 0.2127 0.1946 
        H697  9 0.2102 0.1986 0.1991 0.1970 0.1951 
        H698  9 0.2062 0.1970 0.2005 0.2040 0.1924 
        H699  9 0.1900 0.2008 0.2043 0.2031 0.2018 
        H700  9 0.1971 0.2085 0.1979 0.1862 0.2103 
        H732  9 0.1972 0.1924 0.2016 0.2076 0.2013 
        H733  9 0.2023 0.2087 0.1975 0.1932 0.1984 
        H734  9 0.1967 0.1912 0.2056 0.2068 0.1996 
        H735  9 0.2113 0.1921 0.2019 0.2030 0.1917 
        H736  9 0.1988 0.1957 0.2048 0.2000 0.2008 
        H737  9 0.1999 0.1930 0.2029 0.2106 0.1935 
        H905  9 0.2030 0.2115 0.1998 0.1892 0.1964 
        H921  9 0.2204 0.2140 0.1881 0.1810 0.1965 
        H922  9 0.1994 0.2059 0.1991 0.1988 0.1968 
        H409 12 0.2007 0.2102 0.1959 0.1902 0.2030 
        H413 12 0.1857 0.1837 0.2087 0.2229 0.1989 
        H419 12 0.2171 0.2071 0.1902 0.1904 0.1952 
        H420 12 0.1998 0.2033 0.2001 0.2006 0.1963 
        H421 12 0.1881 0.2049 0.2032 0.2019 0.2019 
        H435 12 0.2024 0.1921 0.2030 0.2037 0.1988 
        H436 12 0.2000 0.2063 0.1973 0.1940 0.2024 
        H437 12 0.2061 0.2050 0.1983 0.1900 0.2006 
        H445 12 0.2013 0.2092 0.1970 0.1886 0.2040 
        H449 12 0.1886 0.1874 0.2075 0.2190 0.1976 
        H463 12 0.1982 0.1956 0.2019 0.1970 0.2074 
        H464 12 0.1871 0.1915 0.2055 0.2128 0.2031 
        H465 12 0.1926 0.1821 0.2038 0.2263 0.1952 
        H490 12 0.1841 0.1922 0.2040 0.2215 0.1982 
        H561 12 0.2038 0.2028 0.2003 0.1933 0.1997 
        H562 12 0.2090 0.2116 0.1922 0.1875 0.1997 
        H563 12 0.2236 0.2104 0.1889 0.1821 0.1950 
        H570 12 0.2014 0.2135 0.1955 0.1866 0.2030 
        H571 12 0.1971 0.1872 0.2087 0.2105 0.1965 
        H572 12 0.2099 0.2023 0.1990 0.1914 0.1975 
        H573 12 0.1966 0.2106 0.1966 0.1991 0.1971 
       H7372 12 0.1979 0.2028 0.1975 0.1978 0.2040 
       H7373 12 0.1899 0.1836 0.2086 0.2204 0.1975 
       H7374 12 0.1869 0.2021 0.2072 0.2018 0.2020 
       H7375 12 0.2107 0.2105 0.1938 0.1863 0.1987 
       H7376 12 0.2077 0.2079 0.1959 0.1901 0.1984 
       H7377 12 0.2107 0.2062 0.1954 0.1858 0.2019 
