1:    0.075 0.012 0.012 0.013 0.011 0.009 0.007 0.013 0.027 0.009 0.812 1    
2:    0.020 0.024 0.100 0.030 0.039 0.049 0.100 0.061 0.046 0.011 0.522 1    
3:    0.046 0.055 0.131 0.013 0.143 0.026 0.054 0.265 0.173 0.055 0.039 1    
4:    0.020 0.042 0.011 0.040 0.018 0.118 0.107 0.070 0.038 0.042 0.494 1    
5:    0.025 0.013 0.359 0.124 0.375 0.012 0.016 0.019 0.023 0.010 0.024 1    
6:    0.068 0.019 0.012 0.022 0.016 0.010 0.011 0.017 0.015 0.012 0.801 1    
7:    0.101 0.030 0.017 0.096 0.050 0.051 0.341 0.233 0.039 0.014 0.028 1    
8:    0.007 0.007 0.009 0.923 0.008 0.008 0.009 0.009 0.007 0.008 0.005 1    
9:    0.008 0.008 0.009 0.929 0.005 0.006 0.007 0.007 0.007 0.008 0.006 1    
10:   0.013 0.029 0.017 0.254 0.014 0.357 0.166 0.059 0.036 0.040 0.015 1    
11:   0.021 0.021 0.110 0.149 0.055 0.046 0.068 0.094 0.378 0.016 0.043 1    
12:   0.020 0.120 0.328 0.121 0.022 0.050 0.118 0.159 0.026 0.017 0.020 1    
13:   0.065 0.294 0.024 0.073 0.023 0.060 0.045 0.068 0.034 0.204 0.112 1    
14:   0.034 0.013 0.017 0.801 0.016 0.014 0.023 0.025 0.026 0.011 0.020 1    
15:   0.062 0.092 0.085 0.059 0.025 0.043 0.035 0.050 0.023 0.499 0.027 1    
16:   0.049 0.115 0.015 0.081 0.029 0.041 0.047 0.147 0.315 0.022 0.141 1    
17:   0.028 0.022 0.059 0.525 0.035 0.038 0.064 0.042 0.028 0.020 0.139 1    
18:   0.017 0.093 0.017 0.035 0.235 0.015 0.030 0.040 0.029 0.287 0.202 1    
19:   0.013 0.035 0.022 0.044 0.611 0.019 0.038 0.056 0.015 0.131 0.017 1    
20:   0.108 0.116 0.038 0.210 0.091 0.033 0.080 0.092 0.075 0.027 0.130 1    
21:   0.015 0.013 0.022 0.034 0.670 0.012 0.137 0.053 0.008 0.026 0.010 1    
22:   0.014 0.021 0.056 0.096 0.644 0.036 0.045 0.042 0.012 0.021 0.014 1    
23:   0.076 0.019 0.025 0.020 0.376 0.114 0.184 0.089 0.016 0.030 0.052 1    
24:   0.021 0.026 0.020 0.025 0.085 0.060 0.036 0.076 0.562 0.048 0.041 1    
25:   0.059 0.180 0.035 0.045 0.107 0.047 0.158 0.245 0.026 0.065 0.032 1    
26:   0.014 0.065 0.014 0.018 0.580 0.019 0.070 0.069 0.013 0.105 0.034 1    
27:   0.025 0.098 0.180 0.181 0.043 0.030 0.039 0.178 0.043 0.013 0.171 1    
28:   0.028 0.021 0.047 0.112 0.259 0.187 0.139 0.094 0.015 0.054 0.042 1    
29:   0.029 0.041 0.072 0.023 0.541 0.076 0.046 0.052 0.033 0.062 0.026 1    
30:   0.084 0.358 0.035 0.030 0.019 0.028 0.080 0.132 0.015 0.021 0.196 1    
31:   0.012 0.010 0.014 0.010 0.842 0.020 0.019 0.016 0.016 0.027 0.014 1    
32:   0.042 0.050 0.043 0.055 0.173 0.110 0.089 0.103 0.026 0.118 0.191 1    
33:   0.182 0.031 0.348 0.030 0.013 0.105 0.054 0.124 0.056 0.014 0.043 1    
34:   0.021 0.032 0.067 0.130 0.257 0.092 0.095 0.113 0.015 0.145 0.033 1    
35:   0.015 0.010 0.014 0.133 0.608 0.074 0.074 0.031 0.010 0.010 0.021 1    
36:   0.030 0.035 0.016 0.023 0.230 0.272 0.178 0.097 0.026 0.077 0.017 1    
37:   0.010 0.029 0.021 0.652 0.020 0.035 0.046 0.080 0.032 0.060 0.014 1    
38:   0.014 0.013 0.048 0.798 0.016 0.017 0.025 0.021 0.009 0.010 0.029 1    
39:   0.007 0.010 0.010 0.897 0.008 0.009 0.008 0.008 0.008 0.011 0.025 1    
40:   0.008 0.018 0.117 0.144 0.027 0.018 0.023 0.029 0.022 0.576 0.018 1    
41:   0.019 0.012 0.012 0.748 0.021 0.027 0.111 0.019 0.009 0.011 0.011 1    
42:   0.024 0.013 0.015 0.810 0.013 0.023 0.019 0.020 0.016 0.026 0.019 1    
43:   0.010 0.648 0.017 0.059 0.024 0.021 0.028 0.057 0.079 0.012 0.047 1    
44:   0.034 0.109 0.022 0.403 0.025 0.030 0.035 0.069 0.187 0.065 0.021 1    
45:   0.016 0.010 0.902 0.006 0.008 0.011 0.009 0.010 0.015 0.007 0.006 1    
46:   0.125 0.024 0.667 0.033 0.025 0.015 0.019 0.042 0.022 0.012 0.016 1    
47:   0.057 0.034 0.090 0.127 0.048 0.105 0.080 0.126 0.276 0.026 0.031 1    
48:   0.053 0.394 0.056 0.021 0.120 0.058 0.050 0.093 0.082 0.041 0.033 1    
49:   0.017 0.018 0.848 0.016 0.009 0.019 0.016 0.015 0.025 0.008 0.011 1    
50:   0.008 0.019 0.010 0.009 0.009 0.009 0.013 0.012 0.884 0.014 0.013 1    
51:   0.016 0.015 0.864 0.018 0.012 0.010 0.009 0.015 0.012 0.020 0.009 1    
52:   0.012 0.019 0.619 0.034 0.051 0.069 0.082 0.027 0.023 0.047 0.017 1    
53:   0.024 0.032 0.035 0.670 0.036 0.017 0.028 0.063 0.027 0.017 0.050 1    
54:   0.010 0.008 0.921 0.008 0.006 0.007 0.008 0.009 0.008 0.007 0.008 1    
55:   0.166 0.015 0.014 0.120 0.024 0.040 0.083 0.079 0.438 0.009 0.012 1    
56:   0.117 0.042 0.025 0.067 0.026 0.018 0.017 0.131 0.508 0.024 0.026 1    
57:   0.082 0.030 0.052 0.072 0.082 0.025 0.067 0.047 0.075 0.441 0.027 1    
58:   0.048 0.188 0.142 0.012 0.055 0.056 0.050 0.226 0.188 0.014 0.022 1    
59:   0.401 0.024 0.081 0.045 0.042 0.028 0.035 0.189 0.062 0.059 0.034 1    
60:   0.064 0.029 0.013 0.024 0.019 0.020 0.036 0.352 0.403 0.011 0.029 1    
61:   0.352 0.014 0.011 0.034 0.025 0.020 0.032 0.072 0.396 0.026 0.017 1    
62:   0.033 0.023 0.019 0.049 0.041 0.033 0.016 0.057 0.494 0.025 0.209 1    
63:   0.055 0.024 0.016 0.038 0.034 0.013 0.014 0.036 0.579 0.023 0.168 1    
64:   0.165 0.010 0.011 0.057 0.021 0.016 0.015 0.052 0.619 0.014 0.019 1    
65:   0.011 0.009 0.905 0.008 0.011 0.007 0.009 0.009 0.008 0.015 0.008 1    
66:   0.028 0.036 0.096 0.072 0.298 0.062 0.047 0.074 0.078 0.166 0.044 1    
67:   0.012 0.011 0.009 0.310 0.016 0.325 0.128 0.037 0.023 0.118 0.012 1    
68:   0.439 0.010 0.013 0.074 0.021 0.026 0.096 0.067 0.220 0.011 0.023 1    
69:   0.035 0.017 0.018 0.352 0.019 0.208 0.094 0.051 0.028 0.150 0.027 1    
70:   0.115 0.033 0.058 0.036 0.334 0.048 0.081 0.103 0.075 0.072 0.046 1    
71:   0.326 0.042 0.326 0.031 0.017 0.017 0.013 0.064 0.061 0.017 0.086 1    
72:   0.019 0.013 0.019 0.018 0.021 0.033 0.026 0.023 0.792 0.021 0.015 1    
73:   0.010 0.013 0.019 0.008 0.018 0.015 0.011 0.011 0.855 0.029 0.010 1    
74:   0.077 0.013 0.751 0.023 0.019 0.011 0.026 0.019 0.023 0.019 0.018 1    
75:   0.406 0.022 0.081 0.016 0.016 0.019 0.025 0.102 0.276 0.012 0.025 1    
76:   0.027 0.010 0.851 0.013 0.017 0.012 0.016 0.018 0.018 0.010 0.009 1    
77:   0.015 0.026 0.454 0.137 0.173 0.014 0.024 0.049 0.059 0.027 0.024 1    
78:   0.419 0.083 0.168 0.015 0.020 0.022 0.016 0.032 0.176 0.023 0.026 1    
79:   0.118 0.041 0.034 0.242 0.086 0.109 0.088 0.136 0.049 0.029 0.068 1    
80:   0.157 0.025 0.538 0.035 0.019 0.016 0.030 0.118 0.015 0.015 0.033 1    
81:   0.007 0.014 0.009 0.020 0.872 0.015 0.014 0.012 0.007 0.018 0.012 1    
82:   0.068 0.019 0.779 0.032 0.018 0.013 0.013 0.016 0.019 0.015 0.009 1    
83:   0.088 0.020 0.025 0.027 0.022 0.043 0.052 0.134 0.532 0.014 0.043 1    
84:   0.020 0.014 0.030 0.013 0.171 0.038 0.054 0.239 0.371 0.008 0.042 1    
85:   0.105 0.063 0.472 0.020 0.035 0.034 0.024 0.054 0.143 0.014 0.035 1    
86:   0.070 0.017 0.046 0.030 0.019 0.416 0.224 0.077 0.056 0.027 0.018 1    
87:   0.010 0.016 0.857 0.025 0.012 0.014 0.015 0.015 0.011 0.015 0.012 1    
88:   0.233 0.034 0.127 0.050 0.014 0.020 0.013 0.197 0.216 0.011 0.085 1    
89:   0.013 0.012 0.051 0.533 0.018 0.092 0.139 0.058 0.051 0.015 0.016 1    
90:   0.108 0.062 0.013 0.035 0.135 0.119 0.111 0.187 0.096 0.041 0.093 1    
91:   0.019 0.030 0.017 0.007 0.010 0.011 0.030 0.048 0.802 0.012 0.014 1    
92:   0.032 0.010 0.847 0.016 0.009 0.012 0.013 0.026 0.012 0.009 0.016 1    
93:   0.014 0.009 0.010 0.007 0.009 0.011 0.011 0.014 0.890 0.017 0.010 1    
94:   0.232 0.018 0.087 0.064 0.035 0.027 0.099 0.233 0.148 0.028 0.029 1    
95:   0.016 0.012 0.696 0.013 0.154 0.012 0.024 0.020 0.021 0.017 0.015 1    
96:   0.095 0.031 0.035 0.015 0.188 0.029 0.046 0.093 0.017 0.396 0.055 1    
97:   0.086 0.197 0.043 0.046 0.041 0.027 0.024 0.049 0.270 0.064 0.153 1    
98:   0.136 0.029 0.192 0.023 0.014 0.021 0.022 0.064 0.052 0.011 0.436 1    
99:   0.462 0.029 0.015 0.023 0.067 0.013 0.028 0.040 0.262 0.032 0.030 1    
100:  0.029 0.053 0.015 0.255 0.020 0.025 0.053 0.257 0.116 0.032 0.145 1    
101:  0.413 0.037 0.235 0.013 0.024 0.033 0.036 0.032 0.081 0.075 0.021 1    
102:  0.263 0.047 0.021 0.098 0.031 0.014 0.042 0.071 0.271 0.082 0.060 1    
103:  0.155 0.171 0.020 0.063 0.055 0.050 0.109 0.151 0.047 0.136 0.043 1    
104:  0.008 0.010 0.017 0.886 0.008 0.007 0.009 0.013 0.012 0.020 0.010 1    
105:  0.760 0.021 0.030 0.019 0.013 0.024 0.039 0.047 0.012 0.022 0.012 1    
106:  0.021 0.075 0.014 0.166 0.017 0.368 0.076 0.057 0.028 0.167 0.014 1    
107:  0.563 0.022 0.182 0.019 0.017 0.022 0.026 0.041 0.073 0.016 0.020 1    
108:  0.013 0.015 0.045 0.018 0.742 0.012 0.068 0.030 0.012 0.008 0.038 1    
109:  0.021 0.039 0.707 0.016 0.030 0.019 0.020 0.029 0.050 0.055 0.014 1    
110:  0.074 0.028 0.023 0.020 0.038 0.018 0.018 0.063 0.222 0.018 0.479 1    
111:  0.041 0.011 0.019 0.033 0.063 0.014 0.014 0.034 0.042 0.014 0.716 1    
112:  0.250 0.027 0.081 0.053 0.070 0.145 0.149 0.098 0.050 0.046 0.031 1    
113:  0.084 0.020 0.396 0.091 0.105 0.031 0.063 0.063 0.016 0.068 0.062 1    
114:  0.036 0.054 0.023 0.026 0.014 0.301 0.102 0.053 0.318 0.033 0.039 1    
115:  0.021 0.038 0.050 0.054 0.108 0.226 0.153 0.062 0.214 0.018 0.056 1    
116:  0.010 0.010 0.012 0.883 0.016 0.009 0.016 0.014 0.010 0.008 0.013 1    
117:  0.097 0.058 0.083 0.013 0.031 0.030 0.033 0.068 0.498 0.061 0.028 1    
118:  0.020 0.054 0.306 0.024 0.063 0.048 0.026 0.059 0.077 0.304 0.019 1    
119:  0.018 0.023 0.283 0.010 0.034 0.035 0.025 0.051 0.438 0.060 0.022 1    
120:  0.072 0.017 0.019 0.022 0.013 0.014 0.010 0.017 0.013 0.014 0.789 1    
121:  0.015 0.028 0.029 0.289 0.030 0.312 0.099 0.051 0.037 0.089 0.020 1    
122:  0.440 0.022 0.136 0.027 0.015 0.038 0.082 0.049 0.024 0.155 0.012 1    
123:  0.156 0.045 0.118 0.027 0.093 0.036 0.029 0.103 0.248 0.056 0.091 1    
124:  0.060 0.228 0.025 0.089 0.052 0.088 0.074 0.069 0.054 0.207 0.054 1    
125:  0.013 0.017 0.008 0.859 0.011 0.013 0.015 0.016 0.011 0.016 0.020 1    
126:  0.147 0.067 0.041 0.065 0.082 0.170 0.092 0.076 0.052 0.161 0.050 1    
127:  0.029 0.037 0.123 0.051 0.356 0.025 0.086 0.203 0.043 0.014 0.033 1    
128:  0.031 0.026 0.027 0.024 0.075 0.036 0.027 0.089 0.590 0.025 0.049 1    
129:  0.037 0.102 0.280 0.018 0.017 0.065 0.064 0.216 0.085 0.019 0.097 1    
130:  0.051 0.035 0.025 0.029 0.500 0.012 0.044 0.080 0.149 0.025 0.049 1    
131:  0.061 0.023 0.376 0.010 0.012 0.217 0.149 0.039 0.084 0.013 0.016 1    
132:  0.033 0.025 0.017 0.126 0.039 0.133 0.056 0.110 0.391 0.028 0.041 1    
133:  0.010 0.009 0.011 0.008 0.880 0.018 0.014 0.011 0.010 0.019 0.009 1    
134:  0.087 0.056 0.144 0.352 0.059 0.045 0.083 0.087 0.026 0.034 0.027 1    
135:  0.021 0.161 0.009 0.081 0.240 0.023 0.090 0.178 0.127 0.025 0.044 1    
136:  0.125 0.042 0.103 0.018 0.206 0.077 0.117 0.110 0.032 0.117 0.055 1    
137:  0.184 0.058 0.106 0.075 0.012 0.070 0.039 0.195 0.206 0.013 0.041 1    
138:  0.025 0.015 0.023 0.152 0.043 0.117 0.079 0.052 0.025 0.027 0.443 1    
139:  0.121 0.019 0.040 0.029 0.029 0.029 0.032 0.096 0.560 0.014 0.030 1    
140:  0.173 0.025 0.095 0.016 0.109 0.043 0.036 0.130 0.252 0.103 0.017 1    
141:  0.379 0.029 0.112 0.062 0.081 0.027 0.072 0.085 0.072 0.030 0.050 1    
142:  0.013 0.034 0.825 0.023 0.012 0.016 0.014 0.020 0.023 0.011 0.009 1    
143:  0.050 0.140 0.059 0.128 0.061 0.038 0.063 0.088 0.282 0.046 0.043 1    
144:  0.024 0.052 0.638 0.070 0.019 0.032 0.034 0.048 0.033 0.015 0.035 1    
145:  0.034 0.228 0.055 0.148 0.022 0.028 0.073 0.158 0.188 0.029 0.037 1    
146:  0.013 0.017 0.015 0.024 0.023 0.071 0.107 0.136 0.030 0.018 0.546 1    
147:  0.040 0.012 0.117 0.034 0.008 0.183 0.075 0.042 0.013 0.014 0.462 1    
148:  0.033 0.019 0.013 0.016 0.683 0.037 0.039 0.081 0.019 0.030 0.031 1    
149:  0.017 0.014 0.023 0.107 0.014 0.314 0.073 0.039 0.019 0.050 0.329 1    
150:  0.040 0.021 0.057 0.014 0.030 0.464 0.284 0.028 0.009 0.041 0.011 1    
151:  0.117 0.107 0.045 0.152 0.022 0.026 0.034 0.073 0.340 0.026 0.058 1    
152:  0.022 0.041 0.030 0.030 0.026 0.098 0.126 0.199 0.058 0.035 0.335 1    
153:  0.022 0.064 0.024 0.014 0.198 0.045 0.246 0.300 0.033 0.041 0.012 1    
154:  0.018 0.664 0.013 0.093 0.018 0.028 0.051 0.042 0.019 0.031 0.023 1    
155:  0.020 0.009 0.010 0.024 0.025 0.502 0.258 0.020 0.017 0.100 0.013 1    
156:  0.017 0.053 0.056 0.036 0.054 0.070 0.081 0.062 0.325 0.182 0.064 1    
157:  0.101 0.028 0.153 0.308 0.038 0.116 0.034 0.054 0.051 0.070 0.047 1    
158:  0.035 0.052 0.024 0.047 0.024 0.062 0.046 0.121 0.080 0.012 0.497 1    
159:  0.018 0.083 0.015 0.024 0.026 0.088 0.031 0.134 0.347 0.080 0.154 1    
160:  0.014 0.714 0.048 0.049 0.029 0.019 0.030 0.036 0.028 0.018 0.015 1    
161:  0.017 0.041 0.023 0.110 0.129 0.059 0.212 0.122 0.225 0.031 0.030 1    
162:  0.022 0.054 0.029 0.046 0.037 0.413 0.318 0.031 0.014 0.018 0.018 1    
163:  0.016 0.468 0.016 0.184 0.066 0.014 0.035 0.043 0.074 0.047 0.038 1    
164:  0.012 0.049 0.033 0.045 0.020 0.526 0.177 0.032 0.017 0.054 0.035 1    
165:  0.073 0.607 0.045 0.016 0.017 0.020 0.046 0.036 0.105 0.014 0.022 1    
166:  0.028 0.204 0.033 0.038 0.047 0.091 0.103 0.126 0.071 0.185 0.074 1    
167:  0.021 0.015 0.022 0.231 0.009 0.211 0.063 0.042 0.021 0.015 0.350 1    
168:  0.144 0.080 0.078 0.101 0.023 0.119 0.082 0.092 0.045 0.192 0.043 1    
169:  0.033 0.136 0.032 0.036 0.014 0.023 0.350 0.290 0.019 0.018 0.049 1    
170:  0.195 0.103 0.021 0.071 0.016 0.041 0.192 0.169 0.045 0.036 0.112 1    
171:  0.043 0.028 0.023 0.033 0.123 0.242 0.204 0.113 0.084 0.048 0.058 1    
172:  0.016 0.055 0.009 0.212 0.041 0.065 0.080 0.047 0.042 0.062 0.371 1    
173:  0.775 0.016 0.015 0.009 0.010 0.024 0.041 0.026 0.026 0.012 0.046 1    
174:  0.054 0.021 0.022 0.073 0.061 0.030 0.066 0.046 0.013 0.590 0.025 1    
175:  0.020 0.435 0.018 0.028 0.013 0.051 0.175 0.131 0.061 0.039 0.030 1    
176:  0.176 0.029 0.033 0.274 0.019 0.043 0.030 0.298 0.028 0.010 0.060 1    
177:  0.018 0.062 0.011 0.119 0.016 0.028 0.321 0.368 0.026 0.017 0.013 1    
178:  0.016 0.020 0.009 0.015 0.022 0.013 0.018 0.017 0.012 0.043 0.813 1    
179:  0.022 0.034 0.065 0.025 0.029 0.075 0.074 0.066 0.546 0.031 0.033 1    
180:  0.206 0.020 0.018 0.054 0.062 0.200 0.148 0.092 0.020 0.140 0.039 1    
181:  0.146 0.037 0.016 0.345 0.027 0.027 0.110 0.086 0.041 0.040 0.124 1    
182:  0.043 0.011 0.046 0.049 0.054 0.239 0.210 0.188 0.086 0.012 0.062 1    
183:  0.024 0.260 0.028 0.032 0.059 0.046 0.131 0.111 0.190 0.056 0.063 1    
184:  0.052 0.056 0.039 0.082 0.040 0.333 0.118 0.060 0.029 0.045 0.146 1    
185:  0.069 0.046 0.018 0.016 0.016 0.025 0.040 0.063 0.026 0.543 0.136 1    
186:  0.146 0.019 0.107 0.019 0.017 0.303 0.043 0.054 0.226 0.013 0.054 1    
187:  0.052 0.018 0.017 0.282 0.078 0.223 0.089 0.085 0.050 0.060 0.045 1    
188:  0.060 0.024 0.031 0.107 0.059 0.039 0.060 0.071 0.169 0.363 0.018 1    
189:  0.013 0.589 0.012 0.105 0.014 0.019 0.071 0.104 0.019 0.042 0.010 1    
190:  0.021 0.022 0.013 0.028 0.016 0.012 0.016 0.018 0.026 0.011 0.816 1    
191:  0.022 0.019 0.013 0.016 0.010 0.016 0.035 0.026 0.015 0.015 0.813 1    
192:  0.011 0.012 0.007 0.011 0.012 0.025 0.040 0.014 0.010 0.016 0.842 1    
193:  0.020 0.031 0.009 0.015 0.028 0.029 0.029 0.033 0.011 0.012 0.784 1    
194:  0.019 0.155 0.043 0.048 0.093 0.052 0.193 0.198 0.056 0.108 0.036 1    
195:  0.172 0.028 0.072 0.122 0.245 0.025 0.147 0.074 0.045 0.057 0.013 1    
196:  0.121 0.077 0.024 0.055 0.117 0.056 0.100 0.128 0.251 0.011 0.059 1    
197:  0.027 0.010 0.020 0.013 0.033 0.451 0.378 0.032 0.010 0.011 0.016 1    
198:  0.019 0.029 0.084 0.047 0.086 0.365 0.112 0.086 0.088 0.041 0.044 1    
199:  0.012 0.084 0.013 0.049 0.020 0.032 0.033 0.083 0.037 0.012 0.626 1    
200:  0.058 0.010 0.048 0.032 0.012 0.357 0.066 0.033 0.019 0.037 0.329 1    
201:  0.013 0.026 0.014 0.016 0.032 0.474 0.366 0.015 0.015 0.011 0.019 1    
202:  0.031 0.037 0.029 0.047 0.038 0.351 0.330 0.050 0.053 0.013 0.021 1    
203:  0.022 0.026 0.075 0.028 0.051 0.027 0.042 0.542 0.088 0.011 0.087 1    
204:  0.101 0.107 0.050 0.099 0.036 0.046 0.100 0.240 0.075 0.032 0.114 1    
205:  0.196 0.045 0.281 0.098 0.053 0.016 0.056 0.096 0.033 0.015 0.111 1    
206:  0.322 0.021 0.081 0.036 0.018 0.095 0.082 0.150 0.039 0.037 0.119 1    
207:  0.207 0.095 0.025 0.015 0.036 0.036 0.039 0.060 0.313 0.017 0.158 1    
208:  0.052 0.066 0.027 0.044 0.015 0.162 0.240 0.159 0.059 0.050 0.127 1    
209:  0.265 0.028 0.137 0.039 0.027 0.136 0.106 0.091 0.023 0.016 0.132 1    
210:  0.324 0.014 0.066 0.161 0.072 0.014 0.028 0.031 0.088 0.014 0.188 1    
211:  0.013 0.015 0.034 0.027 0.012 0.535 0.283 0.026 0.026 0.016 0.012 1    
212:  0.048 0.043 0.076 0.054 0.029 0.233 0.154 0.116 0.186 0.009 0.053 1    
213:  0.381 0.009 0.019 0.057 0.020 0.092 0.263 0.071 0.021 0.039 0.028 1    
214:  0.266 0.018 0.024 0.015 0.190 0.026 0.037 0.050 0.304 0.017 0.054 1    
215:  0.054 0.040 0.101 0.012 0.128 0.100 0.078 0.103 0.196 0.075 0.112 1    
216:  0.169 0.033 0.016 0.101 0.068 0.139 0.125 0.114 0.117 0.078 0.040 1    
217:  0.016 0.046 0.025 0.057 0.136 0.053 0.263 0.310 0.047 0.028 0.019 1    
218:  0.012 0.025 0.021 0.010 0.028 0.443 0.154 0.024 0.021 0.240 0.024 1    
219:  0.031 0.065 0.025 0.050 0.039 0.086 0.182 0.185 0.047 0.030 0.261 1    
220:  0.060 0.107 0.032 0.041 0.153 0.035 0.047 0.209 0.038 0.170 0.109 1    
221:  0.010 0.010 0.089 0.009 0.029 0.496 0.314 0.015 0.010 0.007 0.010 1    
222:  0.040 0.044 0.400 0.025 0.052 0.100 0.092 0.104 0.022 0.050 0.071 1    
223:  0.274 0.041 0.132 0.026 0.018 0.036 0.074 0.062 0.274 0.024 0.039 1    
224:  0.802 0.014 0.044 0.015 0.016 0.018 0.030 0.019 0.019 0.012 0.010 1    
225:  0.032 0.020 0.018 0.009 0.029 0.454 0.366 0.021 0.014 0.014 0.023 1    
226:  0.042 0.046 0.030 0.428 0.007 0.124 0.166 0.078 0.032 0.013 0.035 1    
227:  0.319 0.046 0.035 0.039 0.037 0.087 0.113 0.160 0.126 0.022 0.017 1    
228:  0.104 0.028 0.015 0.312 0.025 0.118 0.216 0.083 0.016 0.057 0.027 1    
229:  0.014 0.799 0.054 0.009 0.010 0.024 0.014 0.013 0.019 0.035 0.010 1    
230:  0.049 0.045 0.082 0.088 0.018 0.063 0.042 0.133 0.244 0.008 0.227 1    
231:  0.019 0.219 0.043 0.020 0.055 0.023 0.101 0.186 0.087 0.044 0.201 1    
232:  0.013 0.072 0.021 0.019 0.009 0.010 0.009 0.017 0.012 0.013 0.806 1    
233:  0.020 0.025 0.055 0.037 0.076 0.309 0.174 0.113 0.024 0.016 0.151 1    
234:  0.037 0.146 0.122 0.017 0.030 0.144 0.112 0.172 0.077 0.045 0.099 1    
235:  0.040 0.034 0.031 0.021 0.294 0.038 0.111 0.255 0.127 0.023 0.024 1    
236:  0.015 0.016 0.017 0.192 0.519 0.031 0.096 0.052 0.015 0.022 0.026 1    
237:  0.123 0.046 0.027 0.137 0.034 0.189 0.161 0.118 0.111 0.021 0.034 1    
238:  0.050 0.138 0.073 0.065 0.010 0.067 0.019 0.066 0.073 0.418 0.021 1    
239:  0.052 0.059 0.023 0.040 0.121 0.184 0.089 0.069 0.086 0.045 0.233 1    
240:  0.016 0.008 0.010 0.010 0.028 0.556 0.305 0.022 0.011 0.021 0.012 1    
241:  0.025 0.045 0.380 0.009 0.073 0.109 0.056 0.057 0.077 0.018 0.151 1    
242:  0.051 0.048 0.062 0.056 0.059 0.120 0.157 0.190 0.115 0.019 0.125 1    
243:  0.167 0.170 0.043 0.083 0.089 0.054 0.104 0.119 0.091 0.027 0.053 1    
244:  0.034 0.636 0.010 0.014 0.008 0.029 0.119 0.105 0.020 0.013 0.011 1    
245:  0.176 0.039 0.033 0.129 0.167 0.029 0.053 0.116 0.089 0.056 0.114 1    
246:  0.007 0.915 0.013 0.008 0.007 0.007 0.007 0.009 0.012 0.009 0.006 1    
247:  0.070 0.107 0.278 0.126 0.022 0.064 0.086 0.099 0.017 0.082 0.048 1    
248:  0.040 0.065 0.048 0.061 0.053 0.047 0.148 0.248 0.128 0.039 0.123 1    
249:  0.054 0.159 0.030 0.049 0.018 0.028 0.066 0.134 0.128 0.028 0.306 1    
250:  0.073 0.017 0.428 0.070 0.064 0.085 0.037 0.053 0.102 0.037 0.035 1    
251:  0.059 0.016 0.058 0.014 0.014 0.245 0.033 0.036 0.470 0.019 0.036 1    
252:  0.019 0.036 0.018 0.026 0.031 0.057 0.055 0.042 0.019 0.648 0.051 1    
253:  0.030 0.056 0.191 0.038 0.073 0.235 0.152 0.104 0.052 0.035 0.033 1    
254:  0.037 0.077 0.219 0.093 0.080 0.139 0.096 0.104 0.062 0.016 0.077 1    
255:  0.032 0.152 0.031 0.031 0.025 0.170 0.170 0.090 0.025 0.243 0.030 1    
256:  0.051 0.019 0.019 0.018 0.035 0.044 0.039 0.027 0.071 0.656 0.020 1    
257:  0.024 0.251 0.022 0.015 0.070 0.052 0.156 0.146 0.031 0.141 0.092 1    
258:  0.031 0.133 0.100 0.044 0.068 0.040 0.042 0.080 0.120 0.301 0.041 1    
259:  0.071 0.016 0.069 0.058 0.023 0.079 0.053 0.112 0.494 0.009 0.017 1    
260:  0.012 0.078 0.366 0.158 0.052 0.049 0.082 0.130 0.018 0.030 0.025 1    
261:  0.041 0.023 0.026 0.037 0.079 0.280 0.193 0.078 0.038 0.157 0.046 1    
262:  0.046 0.079 0.026 0.028 0.033 0.019 0.020 0.029 0.021 0.686 0.013 1    
263:  0.093 0.026 0.152 0.170 0.167 0.034 0.073 0.073 0.039 0.087 0.088 1    
264:  0.055 0.024 0.030 0.013 0.635 0.018 0.018 0.110 0.039 0.017 0.042 1    
265:  0.037 0.022 0.011 0.090 0.145 0.040 0.069 0.099 0.319 0.052 0.116 1    
266:  0.023 0.219 0.165 0.136 0.025 0.155 0.086 0.105 0.044 0.023 0.018 1    
267:  0.015 0.017 0.017 0.011 0.772 0.023 0.029 0.025 0.015 0.047 0.031 1    
268:  0.060 0.018 0.110 0.035 0.022 0.190 0.050 0.045 0.073 0.040 0.357 1    
269:  0.031 0.021 0.010 0.016 0.037 0.019 0.017 0.018 0.049 0.774 0.008 1    
270:  0.024 0.344 0.022 0.017 0.031 0.034 0.130 0.142 0.062 0.125 0.070 1    
271:  0.019 0.033 0.013 0.018 0.039 0.029 0.028 0.033 0.022 0.754 0.013 1    
272:  0.042 0.024 0.096 0.023 0.176 0.063 0.045 0.060 0.314 0.063 0.094 1    
273:  0.012 0.044 0.085 0.109 0.110 0.058 0.057 0.238 0.227 0.039 0.020 1    
274:  0.062 0.033 0.159 0.026 0.088 0.071 0.133 0.088 0.065 0.010 0.265 1    
275:  0.290 0.032 0.018 0.073 0.030 0.051 0.346 0.045 0.010 0.088 0.017 1    
276:  0.056 0.019 0.026 0.029 0.410 0.017 0.023 0.072 0.154 0.104 0.090 1    
277:  0.044 0.048 0.016 0.221 0.024 0.065 0.118 0.067 0.016 0.313 0.065 1    
278:  0.187 0.043 0.037 0.061 0.043 0.044 0.224 0.098 0.044 0.172 0.047 1    
279:  0.120 0.014 0.007 0.136 0.210 0.151 0.122 0.085 0.069 0.055 0.031 1    
280:  0.037 0.033 0.022 0.300 0.048 0.124 0.050 0.077 0.067 0.042 0.201 1    
281:  0.027 0.032 0.014 0.011 0.022 0.018 0.015 0.021 0.028 0.795 0.018 1    
282:  0.117 0.021 0.251 0.061 0.068 0.051 0.080 0.133 0.187 0.016 0.015 1    
283:  0.058 0.039 0.043 0.136 0.056 0.094 0.032 0.060 0.254 0.138 0.091 1    
284:  0.024 0.012 0.009 0.007 0.014 0.012 0.009 0.012 0.022 0.868 0.012 1    
285:  0.028 0.072 0.028 0.066 0.074 0.036 0.092 0.127 0.039 0.382 0.057 1    
286:  0.100 0.038 0.162 0.018 0.058 0.033 0.021 0.052 0.096 0.180 0.243 1    
287:  0.234 0.050 0.117 0.021 0.087 0.047 0.028 0.100 0.061 0.240 0.016 1    
288:  0.013 0.088 0.362 0.027 0.031 0.072 0.026 0.047 0.023 0.122 0.191 1    
289:  0.034 0.034 0.097 0.074 0.023 0.073 0.034 0.097 0.477 0.034 0.023 1    
290:  0.031 0.196 0.206 0.019 0.045 0.090 0.053 0.106 0.051 0.098 0.106 1    
291:  0.049 0.378 0.012 0.027 0.040 0.017 0.053 0.157 0.033 0.060 0.174 1    
292:  0.027 0.485 0.114 0.021 0.020 0.072 0.095 0.089 0.014 0.047 0.016 1    
293:  0.023 0.237 0.023 0.026 0.031 0.093 0.050 0.092 0.126 0.169 0.129 1    
294:  0.060 0.070 0.062 0.021 0.212 0.039 0.159 0.169 0.038 0.035 0.134 1    
295:  0.042 0.391 0.021 0.016 0.033 0.036 0.065 0.094 0.030 0.249 0.023 1    
296:  0.087 0.052 0.019 0.042 0.030 0.086 0.151 0.181 0.063 0.207 0.082 1    
297:  0.199 0.025 0.010 0.109 0.055 0.027 0.311 0.126 0.015 0.101 0.024 1    
298:  0.015 0.389 0.016 0.033 0.032 0.028 0.024 0.076 0.297 0.029 0.061 1    
299:  0.028 0.011 0.016 0.018 0.721 0.019 0.028 0.039 0.084 0.024 0.011 1    
300:  0.881 0.008 0.013 0.009 0.007 0.009 0.012 0.014 0.010 0.013 0.022 1    
301:  0.017 0.058 0.011 0.018 0.018 0.162 0.057 0.081 0.019 0.548 0.012 1    
302:  0.022 0.022 0.042 0.030 0.031 0.266 0.123 0.105 0.286 0.049 0.023 1    
303:  0.213 0.069 0.042 0.086 0.056 0.095 0.092 0.113 0.042 0.068 0.123 1    
304:  0.007 0.007 0.011 0.018 0.537 0.018 0.014 0.013 0.009 0.026 0.341 1    
305:  0.108 0.057 0.064 0.045 0.073 0.129 0.128 0.113 0.035 0.084 0.163 1    
306:  0.106 0.024 0.016 0.299 0.067 0.029 0.056 0.109 0.145 0.093 0.057 1    
307:  0.010 0.022 0.015 0.027 0.020 0.264 0.052 0.044 0.036 0.463 0.047 1    
308:  0.148 0.054 0.096 0.052 0.055 0.059 0.112 0.203 0.134 0.033 0.054 1    
309:  0.012 0.018 0.022 0.015 0.035 0.159 0.028 0.020 0.014 0.661 0.017 1    
310:  0.049 0.078 0.011 0.018 0.030 0.029 0.024 0.054 0.031 0.658 0.018 1    
311:  0.014 0.127 0.011 0.012 0.653 0.021 0.015 0.018 0.079 0.030 0.020 1    
312:  0.025 0.023 0.013 0.036 0.016 0.048 0.156 0.134 0.016 0.506 0.028 1    
313:  0.019 0.060 0.028 0.021 0.015 0.116 0.024 0.023 0.021 0.661 0.011 1    
314:  0.019 0.112 0.082 0.017 0.126 0.040 0.090 0.148 0.116 0.064 0.188 1    
315:  0.011 0.023 0.030 0.073 0.035 0.164 0.040 0.089 0.034 0.477 0.023 1    
316:  0.017 0.037 0.016 0.262 0.009 0.288 0.151 0.120 0.061 0.015 0.025 1    
317:  0.022 0.016 0.013 0.159 0.009 0.324 0.020 0.088 0.033 0.295 0.021 1    
318:  0.020 0.020 0.011 0.013 0.830 0.013 0.017 0.013 0.023 0.029 0.013 1    
319:  0.864 0.010 0.011 0.012 0.011 0.019 0.018 0.016 0.011 0.015 0.014 1    
320:  0.033 0.077 0.378 0.018 0.031 0.231 0.086 0.084 0.036 0.015 0.012 1    
321:  0.042 0.106 0.020 0.051 0.064 0.028 0.073 0.119 0.136 0.264 0.097 1    
322:  0.045 0.085 0.016 0.211 0.035 0.077 0.148 0.223 0.099 0.019 0.042 1    
323:  0.228 0.042 0.020 0.072 0.076 0.036 0.056 0.079 0.024 0.304 0.063 1    
324:  0.037 0.041 0.019 0.027 0.033 0.158 0.061 0.080 0.369 0.140 0.035 1    
325:  0.035 0.128 0.020 0.031 0.033 0.027 0.062 0.099 0.078 0.405 0.082 1    
326:  0.009 0.009 0.009 0.024 0.849 0.016 0.016 0.023 0.016 0.015 0.013 1    
327:  0.021 0.015 0.760 0.011 0.025 0.022 0.015 0.025 0.066 0.020 0.021 1    
328:  0.034 0.048 0.021 0.024 0.099 0.196 0.090 0.188 0.023 0.175 0.104 1    
329:  0.019 0.029 0.013 0.014 0.628 0.052 0.044 0.075 0.061 0.040 0.024 1    
330:  0.812 0.013 0.032 0.009 0.015 0.015 0.015 0.020 0.018 0.025 0.026 1    
331:  0.017 0.091 0.040 0.031 0.020 0.213 0.021 0.128 0.113 0.284 0.042 1    
332:  0.019 0.056 0.037 0.064 0.017 0.317 0.177 0.110 0.039 0.114 0.049 1    
333:  0.023 0.019 0.022 0.083 0.260 0.033 0.154 0.044 0.018 0.007 0.337 1    
334:  0.013 0.037 0.017 0.381 0.013 0.279 0.039 0.113 0.030 0.033 0.045 1    
335:  0.093 0.024 0.515 0.070 0.069 0.017 0.022 0.078 0.068 0.024 0.021 1    
336:  0.718 0.024 0.040 0.026 0.011 0.021 0.081 0.037 0.016 0.016 0.011 1    
337:  0.024 0.503 0.016 0.016 0.034 0.016 0.068 0.114 0.034 0.027 0.147 1    
338:  0.236 0.080 0.008 0.182 0.100 0.015 0.242 0.081 0.017 0.022 0.017 1    
339:  0.071 0.056 0.017 0.261 0.031 0.029 0.036 0.113 0.023 0.168 0.197 1    
340:  0.016 0.081 0.030 0.037 0.071 0.234 0.047 0.092 0.066 0.305 0.022 1    
341:  0.029 0.125 0.024 0.025 0.039 0.143 0.109 0.125 0.066 0.236 0.079 1    
342:  0.771 0.011 0.019 0.014 0.026 0.029 0.030 0.034 0.014 0.018 0.035 1    
343:  0.084 0.028 0.037 0.194 0.028 0.171 0.201 0.115 0.099 0.013 0.029 1    
344:  0.017 0.021 0.008 0.151 0.017 0.463 0.088 0.064 0.035 0.114 0.022 1    
345:  0.018 0.075 0.587 0.016 0.015 0.182 0.039 0.028 0.016 0.011 0.013 1    
346:  0.023 0.015 0.013 0.011 0.813 0.012 0.012 0.015 0.037 0.032 0.017 1    
347:  0.864 0.015 0.012 0.009 0.012 0.014 0.015 0.014 0.021 0.010 0.014 1    
348:  0.058 0.016 0.042 0.020 0.452 0.042 0.150 0.039 0.064 0.040 0.078 1    
349:  0.081 0.037 0.045 0.017 0.190 0.059 0.075 0.096 0.200 0.060 0.142 1    
350:  0.028 0.017 0.010 0.087 0.015 0.502 0.171 0.053 0.047 0.027 0.045 1    
351:  0.076 0.036 0.025 0.059 0.025 0.203 0.128 0.065 0.090 0.279 0.014 1    
352:  0.016 0.089 0.125 0.017 0.015 0.029 0.015 0.036 0.623 0.016 0.019 1    
353:  0.036 0.009 0.074 0.731 0.011 0.028 0.022 0.030 0.029 0.012 0.017 1    
354:  0.373 0.035 0.021 0.073 0.032 0.032 0.226 0.129 0.020 0.028 0.031 1    
355:  0.045 0.022 0.061 0.018 0.285 0.051 0.222 0.087 0.034 0.042 0.131 1    
356:  0.040 0.131 0.023 0.244 0.024 0.047 0.065 0.106 0.024 0.214 0.084 1    
357:  0.010 0.024 0.032 0.023 0.014 0.021 0.030 0.022 0.013 0.800 0.011 1    
358:  0.253 0.301 0.020 0.033 0.109 0.018 0.063 0.070 0.027 0.056 0.050 1    
359:  0.035 0.013 0.052 0.026 0.027 0.094 0.019 0.042 0.021 0.649 0.023 1    
360:  0.275 0.016 0.021 0.122 0.167 0.024 0.082 0.087 0.096 0.075 0.036 1    
361:  0.020 0.028 0.051 0.109 0.016 0.252 0.098 0.212 0.118 0.026 0.071 1    
362:  0.054 0.043 0.050 0.100 0.127 0.059 0.094 0.092 0.116 0.214 0.050 1    
363:  0.011 0.020 0.011 0.070 0.011 0.031 0.018 0.018 0.021 0.775 0.013 1    
364:  0.048 0.243 0.294 0.027 0.014 0.077 0.029 0.039 0.037 0.171 0.021 1    
365:  0.215 0.042 0.028 0.085 0.047 0.056 0.099 0.085 0.052 0.182 0.109 1    
366:  0.014 0.022 0.024 0.477 0.049 0.090 0.092 0.046 0.026 0.011 0.149 1    
367:  0.032 0.054 0.020 0.029 0.024 0.024 0.018 0.024 0.101 0.661 0.015 1    
368:  0.042 0.027 0.023 0.233 0.138 0.171 0.052 0.105 0.135 0.056 0.018 1    
369:  0.013 0.059 0.657 0.051 0.017 0.046 0.027 0.030 0.041 0.023 0.034 1    
370:  0.681 0.014 0.016 0.057 0.017 0.016 0.089 0.039 0.013 0.034 0.023 1    
371:  0.325 0.191 0.022 0.036 0.042 0.044 0.106 0.101 0.017 0.077 0.039 1    
372:  0.050 0.046 0.034 0.015 0.028 0.018 0.020 0.021 0.094 0.657 0.018 1    
373:  0.029 0.064 0.037 0.104 0.011 0.349 0.159 0.106 0.079 0.022 0.040 1    
374:  0.171 0.112 0.076 0.012 0.035 0.037 0.045 0.087 0.152 0.220 0.051 1    
375:  0.034 0.031 0.015 0.063 0.077 0.140 0.373 0.181 0.008 0.051 0.029 1    
376:  0.018 0.015 0.015 0.378 0.010 0.211 0.161 0.043 0.018 0.015 0.117 1    
377:  0.482 0.027 0.107 0.040 0.049 0.024 0.159 0.041 0.022 0.021 0.029 1    
378:  0.111 0.110 0.028 0.214 0.037 0.037 0.135 0.147 0.048 0.047 0.086 1    
379:  0.654 0.035 0.018 0.013 0.029 0.025 0.033 0.032 0.030 0.091 0.039 1    
380:  0.037 0.303 0.057 0.026 0.328 0.035 0.020 0.090 0.037 0.023 0.045 1    
381:  0.318 0.038 0.240 0.043 0.017 0.047 0.045 0.077 0.029 0.108 0.038 1    
382:  0.268 0.113 0.064 0.014 0.020 0.023 0.022 0.050 0.331 0.064 0.029 1    
383:  0.069 0.017 0.013 0.013 0.138 0.021 0.047 0.027 0.055 0.581 0.017 1    
384:  0.062 0.013 0.148 0.044 0.031 0.195 0.065 0.068 0.106 0.013 0.255 1    
385:  0.016 0.018 0.009 0.009 0.021 0.010 0.012 0.008 0.014 0.877 0.007 1    
386:  0.060 0.070 0.099 0.061 0.050 0.084 0.063 0.158 0.273 0.053 0.028 1    
387:  0.036 0.094 0.154 0.034 0.059 0.122 0.077 0.099 0.050 0.205 0.070 1    
388:  0.028 0.020 0.101 0.022 0.021 0.216 0.199 0.131 0.223 0.011 0.027 1    
389:  0.141 0.034 0.024 0.080 0.087 0.048 0.039 0.187 0.132 0.095 0.134 1    
390:  0.223 0.137 0.020 0.179 0.028 0.106 0.047 0.091 0.031 0.105 0.033 1    
391:  0.046 0.206 0.033 0.026 0.046 0.062 0.093 0.125 0.039 0.275 0.048 1    
392:  0.034 0.059 0.052 0.097 0.159 0.095 0.197 0.115 0.157 0.013 0.021 1    
393:  0.036 0.037 0.056 0.139 0.114 0.171 0.164 0.133 0.066 0.063 0.020 1    
394:  0.065 0.066 0.056 0.018 0.039 0.207 0.103 0.122 0.158 0.105 0.061 1    
395:  0.049 0.049 0.021 0.208 0.125 0.077 0.052 0.062 0.022 0.293 0.040 1    
396:  0.037 0.092 0.068 0.020 0.037 0.110 0.118 0.114 0.197 0.148 0.059 1    
397:  0.021 0.014 0.032 0.038 0.225 0.025 0.066 0.028 0.028 0.020 0.502 1    
398:  0.015 0.021 0.062 0.031 0.040 0.014 0.023 0.636 0.114 0.009 0.034 1    
399:  0.014 0.034 0.009 0.165 0.044 0.159 0.088 0.109 0.020 0.279 0.079 1    
400:  0.096 0.164 0.016 0.337 0.052 0.031 0.032 0.069 0.034 0.136 0.035 1    
401:  0.014 0.066 0.125 0.078 0.031 0.367 0.060 0.085 0.048 0.109 0.017 1    
402:  0.011 0.223 0.298 0.009 0.013 0.289 0.045 0.062 0.021 0.016 0.011 1    
403:  0.250 0.051 0.027 0.175 0.059 0.020 0.157 0.063 0.114 0.040 0.045 1    
404:  0.193 0.041 0.012 0.218 0.102 0.035 0.217 0.111 0.024 0.027 0.022 1    
405:  0.127 0.215 0.030 0.019 0.089 0.049 0.103 0.145 0.123 0.017 0.081 1    
406:  0.018 0.027 0.013 0.015 0.718 0.013 0.012 0.018 0.042 0.099 0.025 1    
407:  0.014 0.017 0.013 0.010 0.822 0.018 0.017 0.014 0.024 0.029 0.024 1    
408:  0.035 0.218 0.292 0.017 0.023 0.164 0.036 0.116 0.056 0.019 0.023 1    
409:  0.111 0.015 0.075 0.049 0.077 0.040 0.082 0.308 0.143 0.017 0.083 1    
410:  0.018 0.072 0.023 0.021 0.019 0.130 0.033 0.051 0.552 0.028 0.052 1    
411:  0.033 0.066 0.013 0.035 0.044 0.023 0.027 0.034 0.068 0.640 0.017 1    
412:  0.041 0.016 0.018 0.021 0.073 0.022 0.014 0.037 0.661 0.082 0.015 1    
413:  0.417 0.011 0.010 0.088 0.023 0.024 0.301 0.064 0.018 0.032 0.011 1    
414:  0.579 0.015 0.008 0.027 0.035 0.034 0.085 0.040 0.029 0.125 0.024 1    
415:  0.235 0.045 0.057 0.019 0.019 0.036 0.067 0.046 0.108 0.349 0.018 1    
416:  0.177 0.083 0.024 0.064 0.161 0.021 0.192 0.148 0.043 0.036 0.052 1    
417:  0.283 0.030 0.054 0.060 0.021 0.052 0.096 0.247 0.058 0.036 0.064 1    
418:  0.095 0.086 0.027 0.144 0.021 0.042 0.047 0.102 0.262 0.053 0.121 1    
419:  0.031 0.249 0.065 0.173 0.079 0.019 0.024 0.112 0.046 0.176 0.026 1    
420:  0.228 0.041 0.015 0.061 0.032 0.177 0.119 0.096 0.021 0.050 0.158 1    
421:  0.024 0.014 0.019 0.010 0.062 0.042 0.042 0.017 0.017 0.024 0.728 1    
422:  0.021 0.040 0.289 0.447 0.014 0.057 0.040 0.034 0.017 0.013 0.028 1    
423:  0.024 0.110 0.010 0.081 0.018 0.018 0.423 0.277 0.009 0.011 0.017 1    
424:  0.017 0.017 0.009 0.015 0.054 0.040 0.034 0.024 0.017 0.015 0.758 1    
425:  0.077 0.116 0.023 0.020 0.064 0.105 0.182 0.163 0.041 0.152 0.055 1    
426:  0.015 0.015 0.086 0.021 0.156 0.372 0.214 0.047 0.031 0.013 0.031 1    
427:  0.019 0.818 0.020 0.014 0.021 0.018 0.018 0.026 0.020 0.014 0.011 1    
428:  0.031 0.021 0.016 0.024 0.275 0.110 0.375 0.097 0.011 0.017 0.022 1    
429:  0.062 0.026 0.036 0.019 0.101 0.050 0.091 0.074 0.014 0.503 0.025 1    
430:  0.079 0.017 0.125 0.008 0.026 0.129 0.019 0.073 0.392 0.048 0.085 1    
431:  0.227 0.032 0.035 0.064 0.027 0.048 0.052 0.055 0.213 0.025 0.222 1    
432:  0.015 0.791 0.010 0.021 0.015 0.023 0.032 0.018 0.011 0.051 0.013 1    
433:  0.044 0.148 0.144 0.201 0.019 0.026 0.031 0.177 0.097 0.025 0.089 1    
434:  0.017 0.025 0.021 0.022 0.086 0.061 0.051 0.044 0.012 0.649 0.012 1    
435:  0.049 0.232 0.047 0.024 0.025 0.032 0.153 0.244 0.045 0.028 0.120 1    
436:  0.013 0.014 0.046 0.046 0.097 0.397 0.309 0.033 0.014 0.012 0.020 1    
437:  0.017 0.017 0.139 0.018 0.311 0.135 0.109 0.098 0.072 0.029 0.055 1    
438:  0.022 0.039 0.139 0.052 0.154 0.128 0.179 0.146 0.043 0.037 0.061 1    
439:  0.039 0.119 0.026 0.079 0.016 0.021 0.323 0.297 0.014 0.046 0.020 1    
440:  0.050 0.103 0.031 0.053 0.072 0.045 0.173 0.261 0.040 0.118 0.054 1    
441:  0.080 0.065 0.042 0.194 0.033 0.071 0.167 0.200 0.080 0.040 0.028 1    
442:  0.027 0.015 0.598 0.110 0.030 0.038 0.027 0.044 0.013 0.056 0.043 1    
443:  0.321 0.065 0.048 0.050 0.057 0.034 0.072 0.100 0.055 0.080 0.118 1    
444:  0.035 0.661 0.017 0.023 0.015 0.061 0.039 0.042 0.021 0.018 0.067 1    
445:  0.084 0.013 0.021 0.036 0.195 0.142 0.193 0.189 0.032 0.020 0.075 1    
446:  0.133 0.017 0.033 0.021 0.090 0.109 0.244 0.302 0.025 0.015 0.013 1    
447:  0.111 0.015 0.029 0.025 0.076 0.017 0.099 0.399 0.156 0.057 0.015 1    
448:  0.042 0.207 0.090 0.266 0.021 0.071 0.100 0.099 0.044 0.037 0.024 1    
449:  0.015 0.080 0.034 0.023 0.082 0.032 0.049 0.529 0.080 0.063 0.013 1    
450:  0.017 0.114 0.079 0.641 0.022 0.008 0.055 0.026 0.017 0.008 0.012 1    
451:  0.078 0.031 0.035 0.023 0.121 0.155 0.134 0.205 0.051 0.028 0.139 1    
452:  0.733 0.015 0.013 0.023 0.016 0.040 0.061 0.041 0.030 0.016 0.012 1    
453:  0.037 0.028 0.010 0.212 0.145 0.061 0.092 0.136 0.051 0.102 0.126 1    
454:  0.026 0.067 0.010 0.054 0.195 0.018 0.440 0.117 0.014 0.025 0.034 1    
455:  0.013 0.014 0.770 0.024 0.014 0.044 0.019 0.019 0.033 0.020 0.031 1    
456:  0.009 0.558 0.010 0.009 0.015 0.012 0.014 0.013 0.006 0.344 0.008 1    
457:  0.164 0.049 0.109 0.026 0.058 0.047 0.047 0.066 0.302 0.061 0.070 1    
458:  0.845 0.016 0.013 0.019 0.010 0.017 0.018 0.016 0.019 0.014 0.013 1    
459:  0.019 0.148 0.025 0.018 0.078 0.031 0.025 0.056 0.053 0.036 0.512 1    
460:  0.077 0.016 0.012 0.032 0.035 0.025 0.046 0.043 0.064 0.025 0.625 1    
461:  0.668 0.009 0.012 0.013 0.029 0.019 0.142 0.029 0.033 0.021 0.027 1    
462:  0.418 0.013 0.027 0.025 0.049 0.152 0.177 0.074 0.025 0.014 0.025 1    
463:  0.028 0.042 0.692 0.021 0.020 0.068 0.040 0.028 0.033 0.011 0.018 1    
464:  0.406 0.027 0.046 0.034 0.049 0.020 0.091 0.074 0.063 0.169 0.022 1    
465:  0.049 0.132 0.038 0.166 0.033 0.216 0.158 0.083 0.065 0.041 0.020 1    
466:  0.016 0.050 0.011 0.010 0.019 0.030 0.018 0.025 0.022 0.717 0.083 1    
467:  0.019 0.010 0.012 0.022 0.049 0.032 0.035 0.034 0.056 0.010 0.722 1    
468:  0.213 0.030 0.049 0.026 0.077 0.020 0.060 0.097 0.333 0.032 0.064 1    
469:  0.012 0.057 0.016 0.019 0.049 0.174 0.212 0.036 0.010 0.016 0.399 1    
470:  0.038 0.036 0.044 0.192 0.072 0.223 0.121 0.132 0.071 0.031 0.040 1    
471:  0.189 0.159 0.043 0.150 0.052 0.077 0.063 0.113 0.047 0.049 0.059 1    
472:  0.117 0.079 0.210 0.069 0.022 0.142 0.038 0.155 0.065 0.056 0.046 1    
473:  0.042 0.037 0.069 0.033 0.054 0.021 0.030 0.030 0.017 0.049 0.620 1    
474:  0.058 0.071 0.023 0.013 0.126 0.017 0.026 0.134 0.379 0.045 0.108 1    
475:  0.034 0.478 0.074 0.016 0.190 0.015 0.016 0.076 0.057 0.027 0.017 1    
476:  0.025 0.384 0.041 0.045 0.095 0.056 0.064 0.132 0.022 0.080 0.058 1    
477:  0.145 0.088 0.044 0.351 0.034 0.054 0.133 0.065 0.016 0.025 0.045 1    
478:  0.352 0.057 0.020 0.033 0.031 0.057 0.165 0.081 0.042 0.131 0.030 1    
479:  0.013 0.831 0.021 0.022 0.012 0.031 0.015 0.017 0.013 0.014 0.011 1    
480:  0.016 0.819 0.019 0.006 0.013 0.013 0.018 0.016 0.012 0.054 0.015 1    
481:  0.023 0.025 0.019 0.008 0.053 0.047 0.032 0.039 0.263 0.167 0.324 1    
482:  0.040 0.029 0.208 0.076 0.140 0.077 0.062 0.139 0.028 0.023 0.178 1    
483:  0.073 0.025 0.030 0.063 0.011 0.028 0.012 0.044 0.015 0.024 0.675 1    
484:  0.035 0.008 0.017 0.019 0.109 0.400 0.343 0.026 0.016 0.010 0.017 1    
485:  0.051 0.056 0.171 0.040 0.081 0.085 0.064 0.100 0.041 0.256 0.056 1    
486:  0.015 0.022 0.015 0.051 0.077 0.014 0.014 0.076 0.639 0.014 0.062 1    
487:  0.016 0.087 0.232 0.105 0.019 0.036 0.032 0.192 0.033 0.031 0.217 1    
488:  0.076 0.084 0.018 0.078 0.174 0.015 0.317 0.147 0.044 0.029 0.017 1    
489:  0.046 0.667 0.010 0.022 0.017 0.034 0.040 0.033 0.028 0.084 0.019 1    
490:  0.052 0.056 0.346 0.075 0.092 0.024 0.040 0.141 0.063 0.052 0.061 1    
491:  0.032 0.030 0.041 0.740 0.018 0.023 0.032 0.033 0.012 0.016 0.022 1    
492:  0.037 0.013 0.026 0.043 0.020 0.055 0.081 0.562 0.067 0.010 0.086 1    
493:  0.024 0.230 0.012 0.216 0.028 0.014 0.042 0.043 0.009 0.339 0.042 1    
494:  0.011 0.013 0.007 0.007 0.015 0.012 0.015 0.011 0.007 0.890 0.012 1    
495:  0.015 0.708 0.011 0.023 0.008 0.016 0.017 0.018 0.012 0.022 0.151 1    
496:  0.141 0.045 0.036 0.028 0.190 0.041 0.078 0.062 0.217 0.096 0.064 1    
497:  0.022 0.020 0.049 0.017 0.088 0.371 0.339 0.033 0.015 0.024 0.022 1    
498:  0.370 0.025 0.036 0.081 0.044 0.076 0.100 0.095 0.016 0.018 0.140 1    
499:  0.025 0.089 0.038 0.056 0.018 0.039 0.028 0.059 0.033 0.598 0.018 1    
500:  0.032 0.028 0.018 0.210 0.044 0.048 0.049 0.044 0.022 0.438 0.067 1    
501:  0.058 0.171 0.017 0.304 0.037 0.043 0.155 0.103 0.027 0.058 0.027 1    
502:  0.022 0.019 0.056 0.252 0.033 0.075 0.079 0.059 0.037 0.062 0.306 1    
503:  0.059 0.017 0.130 0.040 0.120 0.116 0.089 0.072 0.287 0.042 0.027 1    
504:  0.227 0.019 0.018 0.065 0.045 0.032 0.064 0.064 0.053 0.385 0.028 1    
505:  0.654 0.019 0.048 0.026 0.035 0.047 0.046 0.049 0.025 0.025 0.026 1    
506:  0.024 0.032 0.080 0.130 0.243 0.025 0.127 0.213 0.045 0.067 0.013 1    
507:  0.419 0.076 0.050 0.054 0.018 0.097 0.041 0.110 0.049 0.023 0.061 1    
508:  0.039 0.251 0.052 0.051 0.054 0.041 0.041 0.142 0.287 0.023 0.019 1    
509:  0.014 0.023 0.019 0.019 0.019 0.029 0.015 0.023 0.028 0.204 0.607 1    
510:  0.026 0.014 0.044 0.014 0.016 0.036 0.029 0.038 0.753 0.014 0.015 1    
511:  0.019 0.011 0.696 0.122 0.010 0.018 0.015 0.022 0.061 0.012 0.013 1    
512:  0.064 0.039 0.018 0.014 0.130 0.135 0.068 0.052 0.059 0.307 0.114 1    
