1:    0.156 0.175 0.189 0.201 0.139 0.141 1    
2:    0.318 0.118 0.088 0.146 0.122 0.208 1    
3:    0.134 0.150 0.216 0.182 0.180 0.138 1    
4:    0.110 0.125 0.196 0.173 0.272 0.123 1    
5:    0.449 0.073 0.060 0.087 0.052 0.279 1    
6:    0.153 0.225 0.169 0.193 0.123 0.137 1    
7:    0.103 0.147 0.246 0.160 0.199 0.144 1    
8:    0.119 0.210 0.189 0.201 0.156 0.126 1    
9:    0.124 0.146 0.199 0.177 0.226 0.128 1    
10:   0.129 0.210 0.150 0.186 0.185 0.141 1    
11:   0.104 0.184 0.185 0.181 0.208 0.138 1    
12:   0.120 0.167 0.188 0.183 0.231 0.111 1    
13:   0.106 0.178 0.108 0.143 0.265 0.200 1    
14:   0.116 0.247 0.168 0.194 0.166 0.109 1    
15:   0.122 0.199 0.174 0.165 0.158 0.182 1    
16:   0.136 0.194 0.199 0.181 0.184 0.106 1    
17:   0.146 0.186 0.181 0.189 0.164 0.134 1    
18:   0.114 0.130 0.227 0.172 0.218 0.139 1    
19:   0.076 0.168 0.179 0.200 0.243 0.133 1    
20:   0.090 0.174 0.143 0.176 0.224 0.193 1    
21:   0.106 0.155 0.115 0.155 0.253 0.217 1    
22:   0.117 0.176 0.197 0.184 0.186 0.140 1    
23:   0.520 0.028 0.023 0.093 0.026 0.310 1    
24:   0.300 0.133 0.127 0.112 0.092 0.236 1    
25:   0.389 0.092 0.070 0.124 0.083 0.244 1    
26:   0.109 0.142 0.230 0.154 0.196 0.170 1    
27:   0.093 0.224 0.184 0.222 0.178 0.098 1    
28:   0.121 0.226 0.213 0.154 0.146 0.140 1    
29:   0.145 0.183 0.170 0.194 0.123 0.185 1    
30:   0.117 0.182 0.216 0.198 0.164 0.122 1    
31:   0.112 0.236 0.190 0.176 0.174 0.111 1    
32:   0.121 0.194 0.172 0.204 0.155 0.154 1    
                       
                       
1:    0.175 0.169 0.208 0.142 0.157 0.150 1    
2:    0.144 0.155 0.131 0.284 0.143 0.144 1    
3:    0.174 0.174 0.160 0.139 0.180 0.172 1    
4:    0.165 0.202 0.179 0.085 0.176 0.194 1    
5:    0.116 0.110 0.113 0.430 0.117 0.114 1    
6:    0.177 0.191 0.162 0.156 0.157 0.156 1    
7:    0.184 0.181 0.162 0.098 0.193 0.182 1    
8:    0.185 0.193 0.208 0.098 0.166 0.150 1    
9:    0.164 0.191 0.174 0.117 0.191 0.164 1    
10:   0.193 0.175 0.191 0.145 0.157 0.139 1    
11:   0.180 0.219 0.173 0.112 0.139 0.177 1    
12:   0.175 0.182 0.174 0.109 0.179 0.180 1    
13:   0.149 0.149 0.156 0.102 0.193 0.250 1    
14:   0.199 0.186 0.191 0.101 0.165 0.159 1    
15:   0.168 0.177 0.172 0.092 0.174 0.216 1    
16:   0.173 0.203 0.179 0.144 0.155 0.146 1    
17:   0.170 0.170 0.198 0.155 0.167 0.140 1    
18:   0.200 0.186 0.190 0.092 0.179 0.153 1    
19:   0.193 0.205 0.178 0.086 0.167 0.172 1    
20:   0.165 0.154 0.157 0.081 0.209 0.234 1    
21:   0.171 0.146 0.135 0.089 0.208 0.252 1    
22:   0.183 0.185 0.173 0.105 0.176 0.178 1    
23:   0.084 0.087 0.087 0.556 0.089 0.096 1    
24:   0.134 0.133 0.141 0.296 0.149 0.148 1    
25:   0.120 0.131 0.110 0.411 0.116 0.111 1    
26:   0.197 0.185 0.175 0.091 0.184 0.167 1    
27:   0.186 0.188 0.199 0.096 0.175 0.157 1    
28:   0.214 0.202 0.190 0.101 0.159 0.134 1    
29:   0.183 0.177 0.177 0.150 0.165 0.148 1    
30:   0.188 0.175 0.189 0.098 0.190 0.159 1    
31:   0.197 0.184 0.196 0.093 0.162 0.168 1    
32:   0.182 0.180 0.162 0.149 0.175 0.152 1    
                       
                       
1:    0.167 0.167 0.179 0.157 0.169 0.162 1    
2:    0.159 0.167 0.173 0.188 0.156 0.156 1    
3:    0.177 0.172 0.167 0.154 0.168 0.161 1    
4:    0.165 0.189 0.165 0.139 0.170 0.171 1    
5:    0.151 0.166 0.143 0.243 0.152 0.145 1    
6:    0.163 0.177 0.165 0.168 0.162 0.165 1    
7:    0.178 0.171 0.177 0.144 0.170 0.161 1    
8:    0.176 0.153 0.173 0.138 0.182 0.179 1    
9:    0.169 0.188 0.165 0.158 0.159 0.160 1    
10:   0.167 0.159 0.173 0.165 0.170 0.167 1    
11:   0.167 0.168 0.167 0.149 0.187 0.161 1    
12:   0.167 0.173 0.179 0.150 0.161 0.171 1    
13:   0.171 0.166 0.171 0.153 0.165 0.175 1    
14:   0.159 0.156 0.170 0.137 0.193 0.185 1    
15:   0.169 0.149 0.184 0.144 0.182 0.173 1    
16:   0.165 0.172 0.173 0.156 0.170 0.165 1    
17:   0.174 0.164 0.166 0.168 0.169 0.159 1    
18:   0.166 0.183 0.160 0.144 0.177 0.169 1    
19:   0.174 0.158 0.170 0.140 0.179 0.177 1    
20:   0.178 0.160 0.178 0.141 0.164 0.180 1    
21:   0.167 0.169 0.176 0.139 0.166 0.183 1    
22:   0.170 0.170 0.165 0.151 0.180 0.164 1    
23:   0.134 0.166 0.137 0.294 0.134 0.135 1    
24:   0.157 0.173 0.157 0.206 0.153 0.153 1    
25:   0.152 0.163 0.152 0.237 0.147 0.150 1    
26:   0.169 0.171 0.168 0.141 0.172 0.179 1    
27:   0.175 0.161 0.165 0.138 0.172 0.190 1    
28:   0.183 0.165 0.163 0.143 0.176 0.170 1    
29:   0.171 0.162 0.167 0.174 0.159 0.168 1    
30:   0.170 0.156 0.175 0.138 0.175 0.184 1    
31:   0.168 0.173 0.182 0.144 0.165 0.167 1    
32:   0.172 0.158 0.165 0.173 0.162 0.170 1    
                       
                       
1:    0.154 0.179 0.201 0.178 0.174 0.115 1    
2:    0.115 0.144 0.110 0.150 0.121 0.360 1    
3:    0.189 0.170 0.135 0.190 0.216 0.100 1    
4:    0.210 0.143 0.152 0.200 0.254 0.041 1    
5:    0.071 0.079 0.091 0.084 0.072 0.603 1    
6:    0.113 0.217 0.189 0.197 0.151 0.133 1    
7:    0.206 0.177 0.170 0.181 0.209 0.057 1    
8:    0.141 0.213 0.202 0.211 0.167 0.066 1    
9:    0.173 0.160 0.187 0.221 0.171 0.088 1    
10:   0.130 0.219 0.207 0.185 0.140 0.118 1    
11:   0.165 0.194 0.160 0.212 0.198 0.071 1    
12:   0.171 0.182 0.180 0.203 0.180 0.084 1    
13:   0.213 0.173 0.153 0.151 0.244 0.066 1    
14:   0.125 0.246 0.177 0.230 0.146 0.075 1    
15:   0.195 0.183 0.195 0.179 0.195 0.054 1    
16:   0.156 0.191 0.180 0.178 0.173 0.122 1    
17:   0.150 0.182 0.179 0.187 0.172 0.129 1    
18:   0.172 0.160 0.173 0.199 0.247 0.050 1    
19:   0.132 0.204 0.193 0.239 0.189 0.043 1    
20:   0.211 0.176 0.145 0.172 0.256 0.040 1    
21:   0.221 0.157 0.169 0.162 0.242 0.048 1    
22:   0.169 0.180 0.207 0.192 0.181 0.070 1    
23:   0.048 0.045 0.045 0.041 0.041 0.780 1    
24:   0.124 0.124 0.132 0.115 0.114 0.391 1    
25:   0.081 0.101 0.087 0.084 0.084 0.563 1    
26:   0.190 0.141 0.209 0.178 0.237 0.046 1    
27:   0.185 0.192 0.187 0.210 0.176 0.050 1    
28:   0.160 0.213 0.208 0.197 0.163 0.060 1    
29:   0.172 0.177 0.167 0.169 0.169 0.146 1    
30:   0.143 0.202 0.218 0.176 0.202 0.059 1    
31:   0.175 0.198 0.165 0.207 0.200 0.055 1    
32:   0.170 0.174 0.206 0.165 0.153 0.132 1    
                       
                       
1:    0.172 0.190 0.140 0.199 0.132 0.168 1    
2:    0.148 0.147 0.116 0.140 0.274 0.175 1    
3:    0.188 0.150 0.189 0.152 0.171 0.151 1    
4:    0.184 0.168 0.233 0.177 0.090 0.148 1    
5:    0.086 0.105 0.093 0.096 0.460 0.159 1    
6:    0.171 0.182 0.138 0.164 0.170 0.175 1    
7:    0.173 0.155 0.212 0.180 0.109 0.170 1    
8:    0.190 0.210 0.134 0.211 0.098 0.157 1    
9:    0.179 0.176 0.181 0.182 0.112 0.170 1    
10:   0.192 0.189 0.137 0.182 0.123 0.177 1    
11:   0.196 0.202 0.133 0.167 0.123 0.179 1    
12:   0.186 0.164 0.207 0.178 0.103 0.162 1    
13:   0.145 0.149 0.305 0.133 0.095 0.174 1    
14:   0.195 0.239 0.098 0.222 0.109 0.137 1    
15:   0.176 0.169 0.209 0.201 0.097 0.148 1    
16:   0.178 0.194 0.166 0.174 0.118 0.170 1    
17:   0.167 0.183 0.135 0.192 0.145 0.177 1    
18:   0.177 0.174 0.216 0.190 0.088 0.154 1    
19:   0.208 0.177 0.158 0.212 0.086 0.158 1    
20:   0.163 0.168 0.298 0.150 0.088 0.133 1    
21:   0.131 0.160 0.315 0.152 0.101 0.141 1    
22:   0.210 0.183 0.146 0.176 0.111 0.174 1    
23:   0.062 0.057 0.099 0.059 0.543 0.181 1    
24:   0.097 0.109 0.159 0.113 0.345 0.177 1    
25:   0.115 0.119 0.105 0.121 0.368 0.173 1    
26:   0.182 0.167 0.209 0.157 0.104 0.181 1    
27:   0.207 0.215 0.131 0.211 0.091 0.146 1    
28:   0.209 0.217 0.117 0.209 0.099 0.150 1    
29:   0.149 0.164 0.142 0.166 0.195 0.183 1    
30:   0.195 0.183 0.152 0.200 0.096 0.174 1    
31:   0.201 0.226 0.150 0.191 0.093 0.139 1    
32:   0.173 0.159 0.152 0.163 0.125 0.227 1    
                       
                       
1:    0.168 0.165 0.169 0.167 0.166 0.165 1    
2:    0.167 0.169 0.166 0.169 0.163 0.167 1    
3:    0.166 0.168 0.169 0.168 0.165 0.164 1    
4:    0.166 0.164 0.167 0.166 0.168 0.169 1    
5:    0.168 0.168 0.166 0.166 0.166 0.166 1    
6:    0.165 0.166 0.164 0.170 0.169 0.166 1    
7:    0.168 0.167 0.166 0.166 0.167 0.166 1    
8:    0.169 0.167 0.168 0.166 0.169 0.161 1    
9:    0.168 0.161 0.167 0.166 0.168 0.170 1    
10:   0.169 0.170 0.166 0.164 0.165 0.165 1    
11:   0.166 0.171 0.168 0.168 0.165 0.163 1    
12:   0.164 0.164 0.170 0.170 0.165 0.167 1    
13:   0.161 0.164 0.169 0.168 0.168 0.169 1    
14:   0.172 0.166 0.166 0.165 0.166 0.165 1    
15:   0.169 0.169 0.168 0.165 0.166 0.163 1    
16:   0.167 0.165 0.169 0.166 0.168 0.166 1    
17:   0.167 0.166 0.166 0.168 0.168 0.166 1    
18:   0.163 0.165 0.167 0.168 0.170 0.167 1    
19:   0.164 0.168 0.166 0.170 0.166 0.166 1    
20:   0.166 0.168 0.169 0.166 0.166 0.166 1    
21:   0.168 0.165 0.167 0.166 0.168 0.167 1    
22:   0.165 0.170 0.166 0.166 0.166 0.167 1    
23:   0.165 0.167 0.163 0.165 0.168 0.172 1    
24:   0.164 0.166 0.165 0.168 0.167 0.170 1    
25:   0.167 0.170 0.166 0.167 0.166 0.164 1    
26:   0.169 0.167 0.168 0.166 0.165 0.166 1    
27:   0.169 0.168 0.165 0.165 0.167 0.165 1    
28:   0.174 0.167 0.168 0.165 0.165 0.161 1    
29:   0.168 0.168 0.169 0.167 0.165 0.164 1    
30:   0.169 0.169 0.166 0.166 0.167 0.163 1    
31:   0.163 0.169 0.168 0.168 0.166 0.167 1    
32:   0.168 0.162 0.165 0.167 0.166 0.172 1    
                       
                       
1:    0.169 0.166 0.137 0.177 0.191 0.160 1    
2:    0.143 0.123 0.316 0.138 0.140 0.140 1    
3:    0.165 0.178 0.123 0.158 0.208 0.167 1    
4:    0.185 0.166 0.078 0.170 0.186 0.215 1    
5:    0.102 0.097 0.495 0.101 0.105 0.101 1    
6:    0.186 0.160 0.130 0.209 0.156 0.159 1    
7:    0.187 0.157 0.092 0.164 0.202 0.197 1    
8:    0.189 0.209 0.091 0.194 0.163 0.154 1    
9:    0.166 0.141 0.100 0.162 0.209 0.222 1    
10:   0.193 0.162 0.141 0.190 0.143 0.170 1    
11:   0.198 0.148 0.099 0.192 0.164 0.198 1    
12:   0.164 0.164 0.104 0.169 0.193 0.206 1    
13:   0.162 0.237 0.085 0.160 0.179 0.177 1    
14:   0.217 0.148 0.095 0.218 0.155 0.166 1    
15:   0.172 0.198 0.085 0.188 0.177 0.181 1    
16:   0.164 0.171 0.115 0.171 0.194 0.185 1    
17:   0.189 0.186 0.129 0.162 0.167 0.166 1    
18:   0.167 0.151 0.091 0.194 0.200 0.196 1    
19:   0.190 0.169 0.079 0.187 0.183 0.193 1    
20:   0.184 0.201 0.067 0.195 0.194 0.159 1    
21:   0.169 0.244 0.082 0.161 0.194 0.150 1    
22:   0.203 0.181 0.103 0.169 0.184 0.162 1    
23:   0.082 0.082 0.591 0.082 0.086 0.076 1    
24:   0.148 0.120 0.338 0.136 0.122 0.135 1    
25:   0.112 0.113 0.449 0.111 0.103 0.112 1    
26:   0.165 0.183 0.084 0.174 0.192 0.203 1    
27:   0.196 0.164 0.079 0.205 0.185 0.171 1    
28:   0.183 0.198 0.084 0.196 0.160 0.180 1    
29:   0.179 0.151 0.182 0.165 0.151 0.171 1    
30:   0.172 0.172 0.091 0.202 0.191 0.172 1    
31:   0.182 0.166 0.090 0.199 0.202 0.162 1    
32:   0.162 0.156 0.140 0.176 0.194 0.172 1    
                       
                       
1:    0.167 0.171 0.167 0.165 0.166 0.165 1    
2:    0.166 0.170 0.166 0.166 0.167 0.165 1    
3:    0.165 0.168 0.165 0.164 0.168 0.170 1    
4:    0.166 0.167 0.168 0.164 0.167 0.169 1    
5:    0.165 0.168 0.169 0.171 0.166 0.161 1    
6:    0.167 0.167 0.163 0.169 0.168 0.166 1    
7:    0.166 0.166 0.169 0.166 0.167 0.166 1    
8:    0.172 0.162 0.166 0.168 0.165 0.167 1    
9:    0.165 0.170 0.169 0.161 0.166 0.168 1    
10:   0.171 0.164 0.163 0.172 0.165 0.166 1    
11:   0.165 0.163 0.164 0.173 0.169 0.166 1    
12:   0.167 0.171 0.166 0.165 0.163 0.167 1    
13:   0.168 0.168 0.172 0.160 0.166 0.167 1    
14:   0.176 0.157 0.164 0.171 0.167 0.165 1    
15:   0.167 0.165 0.160 0.168 0.171 0.169 1    
16:   0.168 0.164 0.168 0.165 0.168 0.168 1    
17:   0.166 0.164 0.170 0.168 0.169 0.163 1    
18:   0.166 0.167 0.168 0.163 0.169 0.166 1    
19:   0.168 0.165 0.164 0.167 0.168 0.168 1    
20:   0.169 0.168 0.167 0.166 0.166 0.165 1    
21:   0.166 0.167 0.170 0.164 0.166 0.167 1    
22:   0.171 0.167 0.162 0.167 0.168 0.165 1    
23:   0.165 0.172 0.173 0.164 0.163 0.162 1    
24:   0.167 0.162 0.171 0.167 0.163 0.170 1    
25:   0.166 0.167 0.167 0.166 0.163 0.170 1    
26:   0.168 0.167 0.166 0.166 0.169 0.164 1    
27:   0.168 0.169 0.164 0.168 0.164 0.168 1    
28:   0.173 0.158 0.166 0.173 0.167 0.164 1    
29:   0.169 0.166 0.167 0.168 0.166 0.163 1    
30:   0.168 0.167 0.164 0.169 0.165 0.167 1    
31:   0.165 0.168 0.165 0.171 0.168 0.162 1    
32:   0.165 0.168 0.169 0.167 0.163 0.167 1    
                       
                       
1:    0.157 0.170 0.171 0.166 0.166 0.169 1    
2:    0.168 0.165 0.167 0.167 0.167 0.166 1    
3:    0.168 0.166 0.170 0.167 0.165 0.164 1    
4:    0.192 0.162 0.162 0.162 0.163 0.159 1    
5:    0.154 0.170 0.169 0.168 0.168 0.170 1    
6:    0.158 0.167 0.167 0.169 0.170 0.168 1    
7:    0.174 0.164 0.167 0.164 0.164 0.166 1    
8:    0.163 0.170 0.164 0.169 0.164 0.169 1    
9:    0.185 0.164 0.162 0.163 0.164 0.162 1    
10:   0.169 0.169 0.164 0.168 0.163 0.168 1    
11:   0.163 0.166 0.165 0.165 0.173 0.168 1    
12:   0.180 0.165 0.163 0.165 0.163 0.163 1    
13:   0.165 0.166 0.165 0.167 0.168 0.169 1    
14:   0.159 0.172 0.164 0.172 0.165 0.169 1    
15:   0.160 0.170 0.167 0.169 0.165 0.168 1    
16:   0.173 0.161 0.168 0.166 0.166 0.165 1    
17:   0.164 0.167 0.169 0.168 0.165 0.167 1    
18:   0.182 0.163 0.165 0.166 0.161 0.163 1    
19:   0.179 0.167 0.161 0.163 0.166 0.164 1    
20:   0.167 0.168 0.164 0.165 0.168 0.169 1    
21:   0.166 0.165 0.167 0.169 0.166 0.167 1    
22:   0.160 0.168 0.167 0.167 0.169 0.171 1    
23:   0.157 0.164 0.174 0.168 0.171 0.167 1    
24:   0.158 0.168 0.171 0.169 0.168 0.165 1    
25:   0.157 0.168 0.172 0.165 0.168 0.170 1    
26:   0.191 0.161 0.163 0.160 0.161 0.164 1    
27:   0.162 0.169 0.165 0.169 0.168 0.167 1    
28:   0.159 0.171 0.165 0.170 0.164 0.171 1    
29:   0.156 0.168 0.170 0.166 0.170 0.170 1    
30:   0.167 0.167 0.167 0.168 0.163 0.169 1    
31:   0.167 0.167 0.166 0.165 0.169 0.165 1    
32:   0.168 0.164 0.169 0.167 0.164 0.167 1    
                       
                       
1:    0.124 0.151 0.171 0.166 0.208 0.181 1    
2:    0.426 0.104 0.120 0.113 0.121 0.115 1    
3:    0.119 0.169 0.191 0.165 0.180 0.177 1    
4:    0.024 0.227 0.188 0.229 0.152 0.180 1    
5:    0.673 0.063 0.071 0.069 0.065 0.059 1    
6:    0.155 0.143 0.156 0.172 0.195 0.179 1    
7:    0.039 0.179 0.226 0.210 0.169 0.178 1    
8:    0.045 0.200 0.185 0.156 0.220 0.194 1    
9:    0.080 0.193 0.207 0.183 0.161 0.176 1    
10:   0.145 0.165 0.141 0.192 0.212 0.144 1    
11:   0.051 0.204 0.184 0.188 0.201 0.173 1    
12:   0.057 0.208 0.177 0.224 0.147 0.187 1    
13:   0.045 0.173 0.232 0.157 0.171 0.223 1    
14:   0.083 0.155 0.167 0.158 0.227 0.210 1    
15:   0.029 0.178 0.216 0.159 0.204 0.214 1    
16:   0.111 0.182 0.152 0.182 0.200 0.173 1    
17:   0.133 0.190 0.163 0.165 0.184 0.164 1    
18:   0.035 0.192 0.152 0.227 0.200 0.193 1    
19:   0.031 0.215 0.147 0.216 0.186 0.204 1    
20:   0.024 0.176 0.230 0.170 0.186 0.214 1    
21:   0.024 0.191 0.199 0.216 0.175 0.195 1    
22:   0.063 0.155 0.188 0.211 0.208 0.176 1    
23:   0.857 0.031 0.029 0.029 0.028 0.027 1    
24:   0.398 0.126 0.121 0.116 0.126 0.113 1    
25:   0.604 0.085 0.080 0.077 0.088 0.068 1    
26:   0.032 0.218 0.209 0.197 0.182 0.163 1    
27:   0.032 0.187 0.189 0.199 0.205 0.187 1    
28:   0.062 0.141 0.153 0.173 0.270 0.201 1    
29:   0.142 0.176 0.155 0.186 0.180 0.161 1    
30:   0.047 0.172 0.171 0.193 0.224 0.193 1    
31:   0.042 0.178 0.178 0.201 0.188 0.213 1    
32:   0.109 0.202 0.170 0.191 0.183 0.146 1    
