1:    0.094 0.817 0.089 1    
2:    0.035 0.285 0.680 1    
3:    0.265 0.429 0.306 1    
4:    0.193 0.222 0.586 1    
5:    0.028 0.664 0.308 1    
6:    0.064 0.765 0.171 1    
7:    0.116 0.200 0.684 1    
8:    0.100 0.841 0.059 1    
9:    0.059 0.907 0.034 1    
10:   0.285 0.107 0.608 1    
11:   0.097 0.550 0.353 1    
12:   0.182 0.653 0.165 1    
13:   0.753 0.122 0.124 1    
14:   0.065 0.873 0.062 1    
15:   0.707 0.165 0.128 1    
16:   0.461 0.388 0.151 1    
17:   0.070 0.678 0.252 1    
18:   0.711 0.112 0.177 1    
19:   0.276 0.084 0.640 1    
20:   0.289 0.364 0.347 1    
21:   0.059 0.052 0.889 1    
22:   0.080 0.132 0.788 1    
23:   0.064 0.057 0.879 1    
24:   0.431 0.195 0.374 1    
25:   0.540 0.170 0.290 1    
26:   0.261 0.041 0.698 1    
27:   0.086 0.719 0.195 1    
28:   0.107 0.103 0.790 1    
29:   0.233 0.208 0.559 1    
30:   0.657 0.279 0.064 1    
31:   0.091 0.042 0.867 1    
32:   0.242 0.187 0.571 1    
33:   0.080 0.864 0.056 1    
34:   0.220 0.181 0.599 1    
35:   0.034 0.055 0.910 1    
36:   0.128 0.055 0.817 1    
37:   0.624 0.288 0.088 1    
38:   0.068 0.621 0.311 1    
39:   0.104 0.795 0.100 1    
40:   0.553 0.359 0.088 1    
41:   0.289 0.224 0.487 1    
42:   0.093 0.781 0.126 1    
43:   0.694 0.230 0.076 1    
44:   0.666 0.251 0.083 1    
45:   0.048 0.918 0.034 1    
46:   0.038 0.927 0.035 1    
47:   0.207 0.571 0.222 1    
48:   0.591 0.272 0.137 1    
49:   0.046 0.860 0.094 1    
50:   0.500 0.418 0.082 1    
51:   0.039 0.927 0.034 1    
52:   0.086 0.725 0.189 1    
53:   0.090 0.735 0.175 1    
54:   0.021 0.954 0.026 1    
55:   0.090 0.695 0.215 1    
56:   0.279 0.666 0.055 1    
57:   0.470 0.372 0.158 1    
58:   0.334 0.462 0.204 1    
59:   0.224 0.625 0.151 1    
60:   0.155 0.703 0.142 1    
61:   0.238 0.588 0.174 1    
62:   0.319 0.526 0.154 1    
63:   0.402 0.501 0.097 1    
64:   0.187 0.682 0.131 1    
65:   0.033 0.936 0.030 1    
66:   0.457 0.225 0.317 1    
67:   0.392 0.147 0.461 1    
68:   0.109 0.727 0.164 1    
69:   0.324 0.188 0.488 1    
70:   0.196 0.239 0.565 1    
71:   0.071 0.892 0.037 1    
72:   0.396 0.473 0.131 1    
73:   0.463 0.389 0.148 1    
74:   0.033 0.927 0.040 1    
75:   0.074 0.868 0.058 1    
76:   0.031 0.927 0.042 1    
77:   0.081 0.858 0.061 1    
78:   0.262 0.657 0.082 1    
79:   0.302 0.386 0.312 1    
80:   0.052 0.888 0.061 1    
81:   0.052 0.037 0.911 1    
82:   0.063 0.898 0.040 1    
83:   0.141 0.642 0.217 1    
84:   0.047 0.543 0.410 1    
85:   0.069 0.772 0.158 1    
86:   0.133 0.315 0.552 1    
87:   0.025 0.930 0.044 1    
88:   0.100 0.865 0.036 1    
89:   0.061 0.738 0.202 1    
90:   0.280 0.179 0.541 1    
91:   0.385 0.521 0.094 1    
92:   0.033 0.941 0.027 1    
93:   0.487 0.444 0.069 1    
94:   0.091 0.778 0.132 1    
95:   0.054 0.597 0.348 1    
96:   0.512 0.150 0.339 1    
97:   0.565 0.349 0.086 1    
98:   0.046 0.792 0.162 1    
99:   0.400 0.464 0.136 1    
100:  0.473 0.447 0.080 1    
101:  0.218 0.693 0.088 1    
102:  0.588 0.353 0.059 1    
103:  0.620 0.130 0.250 1    
104:  0.116 0.850 0.034 1    
105:  0.214 0.643 0.143 1    
106:  0.642 0.083 0.274 1    
107:  0.077 0.863 0.060 1    
108:  0.039 0.201 0.761 1    
109:  0.196 0.597 0.207 1    
110:  0.199 0.745 0.055 1    
111:  0.094 0.625 0.282 1    
112:  0.150 0.428 0.422 1    
113:  0.115 0.575 0.309 1    
114:  0.345 0.319 0.335 1    
115:  0.154 0.181 0.665 1    
116:  0.076 0.831 0.094 1    
117:  0.487 0.398 0.115 1    
118:  0.551 0.356 0.093 1    
119:  0.495 0.353 0.151 1    
120:  0.081 0.842 0.077 1    
121:  0.356 0.221 0.423 1    
122:  0.335 0.547 0.118 1    
123:  0.266 0.632 0.102 1    
124:  0.680 0.168 0.152 1    
125:  0.277 0.633 0.090 1    
126:  0.518 0.245 0.237 1    
127:  0.176 0.470 0.354 1    
128:  0.353 0.323 0.323 1    
129:  0.197 0.581 0.221 1    
130:  0.230 0.286 0.484 1    
131:  0.165 0.685 0.150 1    
132:  0.169 0.346 0.485 1    
133:  0.063 0.028 0.909 1    
134:  0.124 0.610 0.266 1    
135:  0.609 0.132 0.259 1    
136:  0.157 0.124 0.719 1    
137:  0.147 0.804 0.049 1    
138:  0.059 0.164 0.777 1    
139:  0.163 0.747 0.090 1    
140:  0.276 0.432 0.292 1    
141:  0.166 0.626 0.208 1    
142:  0.054 0.907 0.039 1    
143:  0.570 0.333 0.096 1    
144:  0.058 0.688 0.254 1    
145:  0.512 0.396 0.092 1    
146:  0.104 0.125 0.771 1    
147:  0.143 0.652 0.205 1    
148:  0.055 0.053 0.892 1    
149:  0.185 0.322 0.493 1    
150:  0.097 0.109 0.793 1    
151:  0.360 0.554 0.086 1    
152:  0.199 0.215 0.586 1    
153:  0.141 0.100 0.759 1    
154:  0.793 0.096 0.111 1    
155:  0.180 0.115 0.705 1    
156:  0.552 0.119 0.330 1    
157:  0.135 0.705 0.160 1    
158:  0.177 0.515 0.307 1    
159:  0.656 0.256 0.088 1    
160:  0.841 0.108 0.050 1    
161:  0.153 0.173 0.674 1    
162:  0.173 0.147 0.680 1    
163:  0.790 0.093 0.117 1    
164:  0.288 0.097 0.614 1    
165:  0.657 0.263 0.080 1    
166:  0.716 0.132 0.153 1    
167:  0.072 0.494 0.434 1    
168:  0.562 0.338 0.100 1    
169:  0.522 0.239 0.239 1    
170:  0.366 0.488 0.146 1    
171:  0.121 0.087 0.792 1    
172:  0.163 0.106 0.731 1    
173:  0.115 0.772 0.113 1    
174:  0.447 0.127 0.426 1    
175:  0.785 0.133 0.082 1    
176:  0.103 0.782 0.115 1    
177:  0.465 0.354 0.181 1    
178:  0.200 0.178 0.623 1    
179:  0.281 0.333 0.386 1    
180:  0.247 0.115 0.638 1    
181:  0.251 0.624 0.125 1    
182:  0.070 0.503 0.428 1    
183:  0.740 0.116 0.144 1    
184:  0.209 0.191 0.599 1    
185:  0.684 0.128 0.188 1    
186:  0.115 0.792 0.094 1    
187:  0.232 0.219 0.549 1    
188:  0.449 0.124 0.426 1    
189:  0.829 0.113 0.059 1    
190:  0.115 0.546 0.339 1    
191:  0.200 0.376 0.424 1    
192:  0.035 0.031 0.934 1    
193:  0.068 0.089 0.842 1    
194:  0.616 0.117 0.266 1    
195:  0.240 0.493 0.267 1    
196:  0.153 0.330 0.517 1    
197:  0.047 0.101 0.853 1    
198:  0.174 0.129 0.696 1    
199:  0.233 0.393 0.374 1    
200:  0.077 0.615 0.308 1    
201:  0.083 0.058 0.859 1    
202:  0.079 0.127 0.794 1    
203:  0.061 0.783 0.156 1    
204:  0.489 0.369 0.142 1    
205:  0.050 0.865 0.085 1    
206:  0.160 0.668 0.172 1    
207:  0.336 0.431 0.234 1    
208:  0.338 0.277 0.385 1    
209:  0.113 0.697 0.190 1    
210:  0.033 0.773 0.193 1    
211:  0.101 0.162 0.737 1    
212:  0.097 0.456 0.447 1    
213:  0.100 0.261 0.639 1    
214:  0.142 0.322 0.536 1    
215:  0.317 0.145 0.538 1    
216:  0.381 0.149 0.470 1    
217:  0.366 0.227 0.408 1    
218:  0.392 0.086 0.522 1    
219:  0.196 0.126 0.678 1    
220:  0.538 0.115 0.347 1    
221:  0.048 0.144 0.808 1    
222:  0.277 0.494 0.229 1    
223:  0.179 0.683 0.138 1    
224:  0.111 0.807 0.082 1    
225:  0.051 0.042 0.907 1    
226:  0.119 0.493 0.388 1    
227:  0.225 0.499 0.276 1    
228:  0.441 0.168 0.391 1    
229:  0.869 0.090 0.041 1    
230:  0.076 0.828 0.095 1    
231:  0.578 0.160 0.262 1    
232:  0.253 0.609 0.138 1    
233:  0.043 0.100 0.857 1    
234:  0.506 0.298 0.196 1    
235:  0.160 0.255 0.585 1    
236:  0.053 0.062 0.885 1    
237:  0.272 0.296 0.431 1    
238:  0.797 0.175 0.028 1    
239:  0.241 0.086 0.673 1    
240:  0.048 0.043 0.909 1    
241:  0.139 0.325 0.536 1    
242:  0.201 0.401 0.398 1    
243:  0.355 0.265 0.380 1    
244:  0.822 0.106 0.072 1    
245:  0.269 0.362 0.369 1    
246:  0.919 0.056 0.025 1    
247:  0.350 0.528 0.122 1    
248:  0.381 0.347 0.272 1    
249:  0.435 0.499 0.065 1    
250:  0.062 0.875 0.063 1    
251:  0.228 0.663 0.109 1    
252:  0.462 0.063 0.475 1    
253:  0.186 0.187 0.627 1    
254:  0.121 0.314 0.565 1    
255:  0.726 0.094 0.179 1    
256:  0.608 0.142 0.250 1    
257:  0.600 0.065 0.335 1    
258:  0.689 0.168 0.143 1    
259:  0.116 0.753 0.130 1    
260:  0.352 0.482 0.167 1    
261:  0.171 0.102 0.727 1    
262:  0.722 0.138 0.140 1    
263:  0.187 0.545 0.268 1    
264:  0.089 0.435 0.476 1    
265:  0.285 0.212 0.504 1    
266:  0.473 0.421 0.107 1    
267:  0.091 0.035 0.874 1    
268:  0.116 0.619 0.266 1    
269:  0.797 0.076 0.127 1    
270:  0.606 0.069 0.325 1    
271:  0.797 0.073 0.129 1    
272:  0.220 0.158 0.622 1    
273:  0.282 0.390 0.328 1    
274:  0.111 0.422 0.467 1    
275:  0.214 0.130 0.656 1    
276:  0.266 0.275 0.460 1    
277:  0.486 0.124 0.390 1    
278:  0.406 0.206 0.388 1    
279:  0.137 0.166 0.697 1    
280:  0.205 0.447 0.348 1    
281:  0.818 0.096 0.086 1    
282:  0.079 0.752 0.169 1    
283:  0.540 0.265 0.195 1    
284:  0.772 0.112 0.116 1    
285:  0.476 0.154 0.370 1    
286:  0.260 0.668 0.072 1    
287:  0.344 0.541 0.115 1    
288:  0.277 0.448 0.275 1    
289:  0.350 0.540 0.110 1    
290:  0.380 0.124 0.495 1    
291:  0.821 0.123 0.056 1    
292:  0.740 0.182 0.077 1    
293:  0.851 0.079 0.070 1    
294:  0.132 0.111 0.757 1    
295:  0.869 0.058 0.074 1    
296:  0.434 0.246 0.320 1    
297:  0.240 0.071 0.688 1    
298:  0.850 0.102 0.049 1    
299:  0.123 0.113 0.765 1    
300:  0.040 0.889 0.071 1    
301:  0.851 0.035 0.114 1    
302:  0.230 0.182 0.588 1    
303:  0.362 0.328 0.310 1    
304:  0.059 0.032 0.908 1    
305:  0.121 0.194 0.685 1    
306:  0.551 0.261 0.188 1    
307:  0.646 0.066 0.288 1    
308:  0.353 0.390 0.258 1    
309:  0.688 0.061 0.250 1    
310:  0.829 0.057 0.114 1    
311:  0.429 0.045 0.525 1    
312:  0.596 0.121 0.283 1    
313:  0.866 0.049 0.085 1    
314:  0.427 0.189 0.383 1    
315:  0.656 0.049 0.295 1    
316:  0.569 0.325 0.106 1    
317:  0.799 0.127 0.075 1    
318:  0.151 0.055 0.794 1    
319:  0.071 0.763 0.166 1    
320:  0.473 0.336 0.191 1    
321:  0.705 0.121 0.174 1    
322:  0.552 0.169 0.280 1    
323:  0.436 0.337 0.227 1    
324:  0.701 0.191 0.108 1    
325:  0.805 0.088 0.108 1    
326:  0.056 0.040 0.904 1    
327:  0.078 0.725 0.197 1    
328:  0.374 0.061 0.565 1    
329:  0.207 0.093 0.700 1    
330:  0.112 0.795 0.093 1    
331:  0.779 0.132 0.089 1    
332:  0.504 0.144 0.352 1    
333:  0.022 0.040 0.938 1    
334:  0.623 0.267 0.110 1    
335:  0.049 0.900 0.051 1    
336:  0.142 0.666 0.192 1    
337:  0.745 0.114 0.141 1    
338:  0.309 0.083 0.608 1    
339:  0.584 0.252 0.164 1    
340:  0.628 0.080 0.291 1    
341:  0.812 0.085 0.103 1    
342:  0.060 0.709 0.231 1    
343:  0.125 0.721 0.154 1    
344:  0.499 0.070 0.431 1    
345:  0.357 0.557 0.087 1    
346:  0.206 0.118 0.676 1    
347:  0.101 0.785 0.115 1    
348:  0.087 0.143 0.771 1    
349:  0.293 0.124 0.583 1    
350:  0.095 0.106 0.798 1    
351:  0.548 0.174 0.278 1    
352:  0.461 0.499 0.040 1    
353:  0.048 0.876 0.077 1    
354:  0.188 0.199 0.613 1    
355:  0.062 0.105 0.833 1    
356:  0.565 0.256 0.179 1    
357:  0.837 0.103 0.061 1    
358:  0.552 0.139 0.309 1    
359:  0.654 0.203 0.143 1    
360:  0.345 0.407 0.248 1    
361:  0.381 0.444 0.175 1    
362:  0.408 0.149 0.443 1    
363:  0.879 0.065 0.056 1    
364:  0.620 0.322 0.059 1    
365:  0.438 0.174 0.388 1    
366:  0.066 0.138 0.796 1    
367:  0.734 0.136 0.130 1    
368:  0.351 0.310 0.338 1    
369:  0.127 0.799 0.074 1    
370:  0.154 0.577 0.269 1    
371:  0.633 0.167 0.199 1    
372:  0.780 0.131 0.089 1    
373:  0.431 0.249 0.320 1    
374:  0.675 0.206 0.119 1    
375:  0.104 0.050 0.846 1    
376:  0.081 0.213 0.706 1    
377:  0.118 0.349 0.533 1    
378:  0.395 0.252 0.353 1    
379:  0.426 0.295 0.279 1    
380:  0.323 0.364 0.313 1    
381:  0.217 0.656 0.127 1    
382:  0.459 0.470 0.072 1    
383:  0.476 0.142 0.382 1    
384:  0.066 0.632 0.302 1    
385:  0.845 0.064 0.091 1    
386:  0.303 0.571 0.126 1    
387:  0.512 0.170 0.318 1    
388:  0.179 0.582 0.238 1    
389:  0.315 0.504 0.181 1    
390:  0.539 0.263 0.198 1    
391:  0.701 0.132 0.167 1    
392:  0.117 0.215 0.668 1    
393:  0.248 0.144 0.607 1    
394:  0.493 0.282 0.225 1    
395:  0.669 0.106 0.225 1    
396:  0.596 0.141 0.263 1    
397:  0.037 0.056 0.907 1    
398:  0.051 0.893 0.056 1    
399:  0.566 0.066 0.368 1    
400:  0.601 0.228 0.171 1    
401:  0.514 0.116 0.370 1    
402:  0.760 0.142 0.098 1    
403:  0.267 0.491 0.242 1    
404:  0.263 0.199 0.538 1    
405:  0.382 0.231 0.387 1    
406:  0.278 0.047 0.675 1    
407:  0.122 0.035 0.843 1    
408:  0.700 0.205 0.095 1    
409:  0.102 0.786 0.111 1    
410:  0.701 0.189 0.110 1    
411:  0.842 0.058 0.101 1    
412:  0.567 0.309 0.124 1    
413:  0.126 0.148 0.727 1    
414:  0.509 0.177 0.315 1    
415:  0.582 0.294 0.124 1    
416:  0.280 0.170 0.550 1    
417:  0.203 0.601 0.196 1    
418:  0.416 0.466 0.118 1    
419:  0.718 0.210 0.072 1    
420:  0.257 0.165 0.578 1    
421:  0.041 0.050 0.909 1    
422:  0.068 0.807 0.126 1    
423:  0.483 0.197 0.320 1    
424:  0.039 0.038 0.923 1    
425:  0.461 0.064 0.475 1    
426:  0.075 0.077 0.849 1    
427:  0.822 0.119 0.059 1    
428:  0.050 0.039 0.911 1    
429:  0.365 0.170 0.465 1    
430:  0.233 0.661 0.106 1    
431:  0.226 0.645 0.129 1    
432:  0.899 0.050 0.051 1    
433:  0.239 0.707 0.054 1    
434:  0.468 0.066 0.466 1    
435:  0.393 0.194 0.413 1    
436:  0.050 0.058 0.893 1    
437:  0.081 0.195 0.725 1    
438:  0.211 0.189 0.600 1    
439:  0.540 0.268 0.192 1    
440:  0.329 0.126 0.544 1    
441:  0.231 0.548 0.222 1    
442:  0.060 0.850 0.089 1    
443:  0.383 0.410 0.207 1    
444:  0.660 0.091 0.249 1    
445:  0.060 0.113 0.828 1    
446:  0.060 0.246 0.693 1    
447:  0.135 0.692 0.172 1    
448:  0.320 0.412 0.268 1    
449:  0.459 0.367 0.174 1    
450:  0.111 0.810 0.079 1    
451:  0.157 0.270 0.573 1    
452:  0.114 0.758 0.128 1    
453:  0.387 0.180 0.433 1    
454:  0.246 0.056 0.698 1    
455:  0.079 0.864 0.057 1    
456:  0.938 0.022 0.041 1    
457:  0.263 0.542 0.195 1    
458:  0.172 0.752 0.077 1    
459:  0.314 0.323 0.362 1    
460:  0.072 0.204 0.724 1    
461:  0.091 0.328 0.581 1    
462:  0.074 0.285 0.642 1    
463:  0.065 0.857 0.077 1    
464:  0.348 0.383 0.269 1    
465:  0.280 0.273 0.447 1    
466:  0.730 0.054 0.216 1    
467:  0.041 0.252 0.708 1    
468:  0.217 0.546 0.237 1    
469:  0.063 0.047 0.890 1    
470:  0.168 0.253 0.578 1    
471:  0.329 0.508 0.163 1    
472:  0.346 0.589 0.065 1    
473:  0.093 0.276 0.631 1    
474:  0.409 0.341 0.250 1    
475:  0.712 0.199 0.089 1    
476:  0.733 0.097 0.170 1    
477:  0.285 0.198 0.517 1    
478:  0.386 0.195 0.418 1    
479:  0.898 0.063 0.038 1    
480:  0.902 0.060 0.038 1    
481:  0.491 0.254 0.256 1    
482:  0.084 0.521 0.395 1    
483:  0.064 0.892 0.044 1    
484:  0.027 0.043 0.930 1    
485:  0.413 0.356 0.232 1    
486:  0.314 0.390 0.295 1    
487:  0.129 0.645 0.225 1    
488:  0.448 0.164 0.388 1    
489:  0.890 0.056 0.054 1    
490:  0.154 0.726 0.120 1    
491:  0.139 0.734 0.127 1    
492:  0.082 0.497 0.421 1    
493:  0.796 0.077 0.127 1    
494:  0.794 0.029 0.178 1    
495:  0.798 0.116 0.086 1    
496:  0.377 0.271 0.352 1    
497:  0.049 0.049 0.902 1    
498:  0.085 0.289 0.626 1    
499:  0.789 0.122 0.088 1    
500:  0.536 0.161 0.303 1    
501:  0.604 0.166 0.229 1    
502:  0.139 0.485 0.375 1    
503:  0.121 0.489 0.390 1    
504:  0.508 0.255 0.237 1    
505:  0.075 0.781 0.144 1    
506:  0.294 0.290 0.417 1    
507:  0.099 0.859 0.042 1    
508:  0.432 0.427 0.141 1    
509:  0.327 0.237 0.436 1    
510:  0.169 0.762 0.070 1    
511:  0.028 0.947 0.025 1    
512:  0.412 0.096 0.492 1    
513:  0.824 0.125 0.052 1    
514:  0.768 0.040 0.192 1    
515:  0.329 0.441 0.230 1    
516:  0.058 0.902 0.040 1    
517:  0.201 0.351 0.449 1    
518:  0.228 0.635 0.137 1    
519:  0.069 0.165 0.766 1    
520:  0.095 0.035 0.870 1    
521:  0.574 0.191 0.235 1    
522:  0.290 0.086 0.624 1    
523:  0.738 0.189 0.073 1    
524:  0.194 0.254 0.552 1    
525:  0.756 0.193 0.050 1    
526:  0.588 0.180 0.231 1    
527:  0.826 0.134 0.040 1    
528:  0.141 0.787 0.072 1    
529:  0.755 0.056 0.189 1    
530:  0.798 0.125 0.077 1    
531:  0.825 0.056 0.119 1    
532:  0.617 0.096 0.287 1    
533:  0.093 0.066 0.841 1    
534:  0.330 0.476 0.194 1    
535:  0.060 0.823 0.117 1    
536:  0.190 0.094 0.716 1    
537:  0.647 0.304 0.049 1    
538:  0.630 0.174 0.196 1    
539:  0.427 0.233 0.340 1    
540:  0.725 0.134 0.141 1    
541:  0.151 0.063 0.786 1    
542:  0.194 0.235 0.571 1    
543:  0.556 0.064 0.380 1    
544:  0.278 0.586 0.136 1    
545:  0.043 0.513 0.443 1    
546:  0.154 0.704 0.142 1    
547:  0.253 0.646 0.101 1    
548:  0.196 0.426 0.378 1    
549:  0.296 0.363 0.341 1    
550:  0.076 0.109 0.816 1    
551:  0.546 0.129 0.325 1    
552:  0.209 0.369 0.422 1    
553:  0.103 0.304 0.594 1    
554:  0.046 0.423 0.531 1    
555:  0.221 0.333 0.446 1    
556:  0.463 0.106 0.431 1    
557:  0.600 0.110 0.290 1    
558:  0.135 0.157 0.708 1    
559:  0.198 0.694 0.108 1    
560:  0.113 0.165 0.721 1    
561:  0.500 0.272 0.228 1    
562:  0.558 0.167 0.274 1    
563:  0.725 0.153 0.122 1    
564:  0.308 0.145 0.548 1    
565:  0.643 0.289 0.068 1    
566:  0.290 0.382 0.328 1    
567:  0.423 0.150 0.428 1    
568:  0.802 0.124 0.074 1    
569:  0.304 0.514 0.181 1    
570:  0.419 0.170 0.412 1    
571:  0.471 0.331 0.199 1    
572:  0.313 0.237 0.450 1    
573:  0.260 0.541 0.198 1    
574:  0.133 0.195 0.672 1    
575:  0.409 0.325 0.266 1    
576:  0.683 0.175 0.143 1    
577:  0.709 0.241 0.050 1    
578:  0.566 0.304 0.130 1    
579:  0.340 0.523 0.137 1    
580:  0.818 0.062 0.120 1    
581:  0.898 0.045 0.057 1    
582:  0.051 0.116 0.832 1    
583:  0.191 0.117 0.692 1    
584:  0.391 0.345 0.263 1    
585:  0.197 0.619 0.184 1    
586:  0.102 0.076 0.822 1    
587:  0.257 0.612 0.132 1    
588:  0.289 0.130 0.581 1    
589:  0.095 0.185 0.720 1    
590:  0.523 0.138 0.339 1    
591:  0.055 0.233 0.712 1    
592:  0.106 0.468 0.426 1    
593:  0.725 0.112 0.163 1    
594:  0.199 0.114 0.687 1    
595:  0.182 0.085 0.732 1    
596:  0.098 0.270 0.632 1    
597:  0.192 0.327 0.481 1    
598:  0.199 0.286 0.515 1    
599:  0.093 0.153 0.754 1    
600:  0.354 0.303 0.344 1    
601:  0.058 0.084 0.858 1    
602:  0.231 0.230 0.539 1    
603:  0.513 0.398 0.089 1    
604:  0.709 0.111 0.180 1    
605:  0.699 0.147 0.154 1    
606:  0.390 0.392 0.218 1    
607:  0.139 0.099 0.763 1    
608:  0.527 0.269 0.204 1    
609:  0.570 0.361 0.069 1    
610:  0.048 0.040 0.912 1    
611:  0.613 0.241 0.146 1    
612:  0.558 0.307 0.136 1    
613:  0.716 0.194 0.089 1    
614:  0.373 0.463 0.164 1    
615:  0.208 0.141 0.651 1    
616:  0.147 0.112 0.741 1    
617:  0.750 0.127 0.123 1    
618:  0.665 0.185 0.149 1    
619:  0.538 0.334 0.128 1    
620:  0.222 0.201 0.578 1    
621:  0.412 0.358 0.231 1    
622:  0.777 0.099 0.124 1    
623:  0.682 0.079 0.238 1    
624:  0.303 0.230 0.466 1    
625:  0.447 0.457 0.095 1    
626:  0.296 0.303 0.402 1    
627:  0.462 0.343 0.194 1    
628:  0.368 0.375 0.257 1    
629:  0.121 0.092 0.787 1    
630:  0.791 0.128 0.082 1    
631:  0.069 0.764 0.167 1    
632:  0.102 0.231 0.666 1    
633:  0.639 0.112 0.249 1    
634:  0.406 0.312 0.283 1    
635:  0.905 0.057 0.038 1    
636:  0.258 0.561 0.180 1    
637:  0.092 0.108 0.800 1    
638:  0.226 0.662 0.112 1    
639:  0.259 0.158 0.583 1    
640:  0.239 0.643 0.118 1    
641:  0.380 0.500 0.120 1    
642:  0.237 0.396 0.367 1    
643:  0.132 0.059 0.809 1    
644:  0.797 0.100 0.103 1    
645:  0.074 0.774 0.153 1    
646:  0.160 0.229 0.611 1    
647:  0.066 0.159 0.775 1    
648:  0.305 0.507 0.189 1    
649:  0.124 0.124 0.752 1    
650:  0.219 0.660 0.121 1    
651:  0.301 0.412 0.287 1    
652:  0.152 0.319 0.529 1    
653:  0.754 0.194 0.052 1    
654:  0.733 0.188 0.079 1    
655:  0.856 0.109 0.035 1    
656:  0.119 0.081 0.800 1    
657:  0.825 0.100 0.075 1    
658:  0.276 0.099 0.624 1    
659:  0.098 0.615 0.288 1    
660:  0.554 0.329 0.118 1    
661:  0.212 0.184 0.604 1    
662:  0.032 0.170 0.798 1    
663:  0.346 0.397 0.256 1    
664:  0.168 0.115 0.717 1    
665:  0.409 0.198 0.392 1    
666:  0.443 0.242 0.315 1    
667:  0.108 0.226 0.666 1    
668:  0.030 0.041 0.929 1    
669:  0.483 0.404 0.113 1    
670:  0.395 0.311 0.294 1    
671:  0.103 0.355 0.542 1    
672:  0.794 0.082 0.124 1    
673:  0.184 0.165 0.651 1    
674:  0.405 0.250 0.345 1    
675:  0.040 0.047 0.913 1    
676:  0.265 0.367 0.368 1    
677:  0.777 0.145 0.077 1    
678:  0.195 0.223 0.583 1    
679:  0.577 0.346 0.076 1    
680:  0.185 0.272 0.543 1    
681:  0.207 0.275 0.519 1    
682:  0.256 0.678 0.066 1    
683:  0.103 0.244 0.653 1    
684:  0.165 0.090 0.745 1    
685:  0.252 0.419 0.329 1    
686:  0.807 0.130 0.063 1    
687:  0.623 0.297 0.080 1    
688:  0.091 0.049 0.860 1    
689:  0.287 0.144 0.569 1    
690:  0.829 0.133 0.038 1    
691:  0.366 0.210 0.424 1    
692:  0.437 0.109 0.454 1    
693:  0.111 0.180 0.709 1    
694:  0.527 0.418 0.054 1    
695:  0.904 0.048 0.048 1    
696:  0.255 0.271 0.474 1    
697:  0.371 0.287 0.342 1    
698:  0.352 0.363 0.285 1    
699:  0.432 0.463 0.105 1    
700:  0.257 0.343 0.400 1    
701:  0.844 0.119 0.037 1    
702:  0.845 0.097 0.057 1    
703:  0.053 0.094 0.852 1    
704:  0.381 0.480 0.139 1    
705:  0.215 0.448 0.337 1    
706:  0.068 0.870 0.062 1    
707:  0.642 0.155 0.203 1    
708:  0.383 0.356 0.261 1    
709:  0.057 0.121 0.823 1    
710:  0.392 0.313 0.295 1    
711:  0.456 0.107 0.437 1    
712:  0.075 0.203 0.722 1    
713:  0.123 0.342 0.535 1    
              
              
1:    0.816 0.119 0.065 1    
2:    0.256 0.699 0.044 1    
3:    0.453 0.311 0.236 1    
4:    0.240 0.521 0.239 1    
5:    0.632 0.334 0.034 1    
6:    0.730 0.206 0.064 1    
7:    0.230 0.630 0.141 1    
8:    0.757 0.076 0.166 1    
9:    0.870 0.046 0.084 1    
10:   0.102 0.528 0.369 1    
11:   0.539 0.382 0.079 1    
12:   0.629 0.164 0.207 1    
13:   0.139 0.132 0.729 1    
14:   0.817 0.075 0.108 1    
15:   0.186 0.109 0.705 1    
16:   0.400 0.162 0.438 1    
17:   0.598 0.316 0.086 1    
18:   0.130 0.177 0.693 1    
19:   0.106 0.593 0.301 1    
20:   0.361 0.328 0.310 1    
21:   0.066 0.833 0.101 1    
22:   0.137 0.786 0.078 1    
23:   0.071 0.845 0.084 1    
24:   0.215 0.334 0.450 1    
25:   0.153 0.326 0.520 1    
26:   0.052 0.618 0.331 1    
27:   0.677 0.212 0.112 1    
28:   0.127 0.723 0.150 1    
29:   0.256 0.536 0.207 1    
30:   0.228 0.077 0.695 1    
31:   0.061 0.840 0.099 1    
32:   0.211 0.561 0.228 1    
33:   0.843 0.070 0.087 1    
34:   0.193 0.562 0.244 1    
35:   0.067 0.880 0.053 1    
36:   0.075 0.761 0.164 1    
37:   0.207 0.078 0.715 1    
38:   0.577 0.308 0.115 1    
39:   0.771 0.111 0.118 1    
40:   0.355 0.090 0.555 1    
41:   0.220 0.382 0.398 1    
42:   0.740 0.142 0.118 1    
43:   0.222 0.100 0.678 1    
44:   0.212 0.083 0.705 1    
45:   0.915 0.040 0.045 1    
46:   0.895 0.042 0.063 1    
47:   0.596 0.209 0.195 1    
48:   0.369 0.167 0.463 1    
49:   0.870 0.075 0.055 1    
50:   0.485 0.129 0.386 1    
51:   0.895 0.050 0.055 1    
52:   0.648 0.238 0.114 1    
53:   0.671 0.193 0.136 1    
54:   0.934 0.035 0.031 1    
55:   0.716 0.213 0.071 1    
56:   0.703 0.069 0.228 1    
57:   0.418 0.202 0.380 1    
58:   0.486 0.251 0.263 1    
59:   0.640 0.156 0.204 1    
60:   0.701 0.168 0.132 1    
61:   0.669 0.152 0.180 1    
62:   0.592 0.174 0.234 1    
63:   0.564 0.127 0.309 1    
64:   0.767 0.120 0.112 1    
65:   0.906 0.046 0.048 1    
66:   0.287 0.317 0.396 1    
67:   0.127 0.349 0.525 1    
68:   0.717 0.193 0.090 1    
69:   0.203 0.328 0.468 1    
70:   0.236 0.623 0.141 1    
71:   0.878 0.056 0.066 1    
72:   0.553 0.204 0.243 1    
73:   0.382 0.240 0.379 1    
74:   0.882 0.071 0.046 1    
75:   0.848 0.089 0.063 1    
76:   0.892 0.059 0.049 1    
77:   0.794 0.091 0.115 1    
78:   0.715 0.084 0.202 1    
79:   0.397 0.265 0.338 1    
80:   0.847 0.085 0.068 1    
81:   0.059 0.873 0.068 1    
82:   0.881 0.052 0.067 1    
83:   0.632 0.282 0.086 1    
84:   0.516 0.426 0.058 1    
85:   0.777 0.145 0.078 1    
86:   0.287 0.592 0.121 1    
87:   0.884 0.071 0.045 1    
88:   0.873 0.048 0.079 1    
89:   0.798 0.150 0.052 1    
90:   0.198 0.551 0.251 1    
91:   0.593 0.130 0.277 1    
92:   0.927 0.036 0.037 1    
93:   0.512 0.126 0.363 1    
94:   0.728 0.173 0.099 1    
95:   0.641 0.305 0.054 1    
96:   0.167 0.386 0.447 1    
97:   0.368 0.116 0.516 1    
98:   0.719 0.215 0.066 1    
99:   0.536 0.159 0.305 1    
100:  0.441 0.112 0.447 1    
101:  0.679 0.110 0.211 1    
102:  0.354 0.073 0.574 1    
103:  0.139 0.223 0.638 1    
104:  0.794 0.047 0.159 1    
105:  0.626 0.141 0.233 1    
106:  0.076 0.204 0.720 1    
107:  0.836 0.065 0.099 1    
108:  0.199 0.755 0.046 1    
109:  0.620 0.238 0.142 1    
110:  0.779 0.096 0.125 1    
111:  0.537 0.374 0.089 1    
112:  0.444 0.414 0.142 1    
113:  0.506 0.340 0.154 1    
114:  0.392 0.299 0.308 1    
115:  0.213 0.651 0.136 1    
116:  0.784 0.112 0.103 1    
117:  0.459 0.181 0.360 1    
118:  0.359 0.145 0.497 1    
119:  0.392 0.208 0.400 1    
120:  0.825 0.101 0.074 1    
121:  0.219 0.327 0.453 1    
122:  0.517 0.133 0.351 1    
123:  0.625 0.141 0.234 1    
124:  0.234 0.177 0.589 1    
125:  0.565 0.099 0.335 1    
126:  0.234 0.243 0.523 1    
127:  0.431 0.391 0.178 1    
128:  0.382 0.354 0.264 1    
129:  0.583 0.239 0.178 1    
130:  0.310 0.515 0.176 1    
131:  0.671 0.218 0.112 1    
132:  0.414 0.423 0.164 1    
133:  0.046 0.880 0.074 1    
134:  0.593 0.226 0.181 1    
135:  0.147 0.255 0.598 1    
136:  0.133 0.715 0.152 1    
137:  0.785 0.074 0.142 1    
138:  0.141 0.778 0.081 1    
139:  0.777 0.110 0.112 1    
140:  0.461 0.319 0.219 1    
141:  0.659 0.187 0.154 1    
142:  0.886 0.046 0.068 1    
143:  0.365 0.111 0.524 1    
144:  0.710 0.204 0.086 1    
145:  0.394 0.098 0.507 1    
146:  0.122 0.733 0.145 1    
147:  0.527 0.277 0.196 1    
148:  0.064 0.857 0.079 1    
149:  0.261 0.462 0.277 1    
150:  0.135 0.729 0.136 1    
151:  0.573 0.106 0.321 1    
152:  0.224 0.532 0.244 1    
153:  0.131 0.673 0.196 1    
154:  0.076 0.125 0.800 1    
155:  0.132 0.659 0.208 1    
156:  0.134 0.367 0.499 1    
157:  0.635 0.163 0.202 1    
158:  0.459 0.324 0.217 1    
159:  0.276 0.135 0.590 1    
160:  0.118 0.067 0.814 1    
161:  0.172 0.640 0.188 1    
162:  0.169 0.653 0.178 1    
163:  0.114 0.144 0.741 1    
164:  0.120 0.512 0.368 1    
165:  0.314 0.126 0.560 1    
166:  0.153 0.182 0.665 1    
167:  0.415 0.468 0.117 1    
168:  0.371 0.113 0.515 1    
169:  0.164 0.183 0.653 1    
170:  0.477 0.142 0.381 1    
171:  0.111 0.732 0.158 1    
172:  0.110 0.677 0.213 1    
173:  0.759 0.136 0.105 1    
174:  0.123 0.375 0.503 1    
175:  0.080 0.091 0.828 1    
176:  0.725 0.138 0.137 1    
177:  0.262 0.160 0.578 1    
178:  0.155 0.594 0.251 1    
179:  0.347 0.406 0.247 1    
180:  0.159 0.590 0.251 1    
181:  0.585 0.118 0.297 1    
182:  0.538 0.395 0.067 1    
183:  0.135 0.146 0.719 1    
184:  0.186 0.526 0.288 1    
185:  0.153 0.214 0.633 1    
186:  0.781 0.103 0.116 1    
187:  0.247 0.489 0.264 1    
188:  0.172 0.359 0.469 1    
189:  0.084 0.078 0.838 1    
190:  0.517 0.361 0.123 1    
191:  0.361 0.415 0.223 1    
192:  0.042 0.907 0.051 1    
193:  0.067 0.842 0.091 1    
194:  0.100 0.241 0.659 1    
195:  0.469 0.347 0.184 1    
196:  0.360 0.494 0.146 1    
197:  0.101 0.848 0.050 1    
198:  0.146 0.612 0.242 1    
199:  0.337 0.412 0.251 1    
200:  0.490 0.400 0.110 1    
201:  0.087 0.832 0.080 1    
202:  0.151 0.762 0.087 1    
203:  0.735 0.199 0.066 1    
204:  0.370 0.155 0.474 1    
205:  0.821 0.110 0.069 1    
206:  0.648 0.182 0.171 1    
207:  0.510 0.293 0.198 1    
208:  0.251 0.450 0.299 1    
209:  0.555 0.268 0.176 1    
210:  0.700 0.254 0.046 1    
211:  0.226 0.650 0.124 1    
212:  0.443 0.429 0.129 1    
213:  0.297 0.603 0.100 1    
214:  0.362 0.531 0.107 1    
215:  0.166 0.550 0.284 1    
216:  0.156 0.417 0.428 1    
217:  0.183 0.373 0.444 1    
218:  0.095 0.517 0.388 1    
219:  0.146 0.649 0.205 1    
220:  0.120 0.277 0.604 1    
221:  0.170 0.782 0.048 1    
222:  0.470 0.296 0.234 1    
223:  0.663 0.155 0.183 1    
224:  0.776 0.107 0.118 1    
225:  0.067 0.852 0.081 1    
226:  0.511 0.356 0.133 1    
227:  0.517 0.244 0.239 1    
228:  0.128 0.339 0.532 1    
229:  0.073 0.045 0.882 1    
230:  0.788 0.120 0.092 1    
231:  0.180 0.275 0.545 1    
232:  0.536 0.183 0.281 1    
233:  0.126 0.811 0.063 1    
234:  0.386 0.239 0.376 1    
235:  0.270 0.550 0.180 1    
236:  0.083 0.837 0.081 1    
237:  0.330 0.382 0.287 1    
238:  0.154 0.038 0.808 1    
239:  0.116 0.625 0.259 1    
240:  0.060 0.878 0.061 1    
241:  0.322 0.557 0.121 1    
242:  0.366 0.377 0.257 1    
243:  0.323 0.345 0.332 1    
244:  0.066 0.085 0.849 1    
245:  0.377 0.381 0.243 1    
246:  0.045 0.034 0.922 1    
247:  0.438 0.144 0.417 1    
248:  0.335 0.237 0.428 1    
249:  0.468 0.096 0.436 1    
250:  0.807 0.091 0.103 1    
251:  0.664 0.151 0.185 1    
252:  0.089 0.430 0.481 1    
253:  0.247 0.516 0.237 1    
254:  0.355 0.500 0.145 1    
255:  0.105 0.180 0.715 1    
256:  0.169 0.295 0.536 1    
257:  0.073 0.345 0.582 1    
258:  0.187 0.169 0.644 1    
259:  0.826 0.110 0.065 1    
260:  0.449 0.164 0.387 1    
261:  0.126 0.693 0.181 1    
262:  0.172 0.167 0.661 1    
263:  0.476 0.312 0.212 1    
264:  0.443 0.485 0.072 1    
265:  0.252 0.428 0.320 1    
266:  0.426 0.104 0.469 1    
267:  0.056 0.816 0.128 1    
268:  0.496 0.372 0.132 1    
269:  0.097 0.114 0.790 1    
270:  0.076 0.332 0.592 1    
271:  0.079 0.120 0.801 1    
272:  0.212 0.596 0.192 1    
273:  0.376 0.306 0.318 1    
274:  0.393 0.503 0.104 1    
275:  0.124 0.608 0.268 1    
276:  0.307 0.447 0.247 1    
277:  0.126 0.319 0.554 1    
278:  0.201 0.409 0.390 1    
279:  0.203 0.639 0.158 1    
280:  0.410 0.333 0.258 1    
281:  0.108 0.116 0.775 1    
282:  0.764 0.162 0.074 1    
283:  0.328 0.201 0.471 1    
284:  0.143 0.148 0.709 1    
285:  0.171 0.380 0.449 1    
286:  0.659 0.093 0.248 1    
287:  0.576 0.095 0.330 1    
288:  0.391 0.247 0.362 1    
289:  0.561 0.129 0.310 1    
290:  0.163 0.431 0.406 1    
291:  0.106 0.075 0.818 1    
292:  0.185 0.101 0.714 1    
293:  0.106 0.094 0.800 1    
294:  0.130 0.737 0.133 1    
295:  0.062 0.089 0.849 1    
296:  0.248 0.361 0.391 1    
297:  0.080 0.631 0.289 1    
298:  0.127 0.074 0.799 1    
299:  0.183 0.728 0.089 1    
300:  0.849 0.092 0.059 1    
301:  0.052 0.097 0.851 1    
302:  0.171 0.545 0.284 1    
303:  0.359 0.299 0.342 1    
304:  0.049 0.852 0.099 1    
305:  0.221 0.630 0.150 1    
306:  0.258 0.205 0.537 1    
307:  0.057 0.245 0.698 1    
308:  0.419 0.262 0.319 1    
309:  0.057 0.194 0.749 1    
310:  0.063 0.113 0.823 1    
311:  0.082 0.586 0.333 1    
312:  0.097 0.245 0.658 1    
313:  0.062 0.069 0.868 1    
314:  0.196 0.437 0.368 1    
315:  0.051 0.182 0.767 1    
316:  0.295 0.110 0.595 1    
317:  0.134 0.060 0.807 1    
318:  0.093 0.781 0.126 1    
319:  0.718 0.202 0.080 1    
320:  0.411 0.203 0.386 1    
321:  0.135 0.166 0.699 1    
322:  0.174 0.236 0.590 1    
323:  0.365 0.200 0.435 1    
324:  0.258 0.125 0.617 1    
325:  0.096 0.122 0.782 1    
326:  0.056 0.880 0.063 1    
327:  0.713 0.184 0.103 1    
328:  0.074 0.429 0.497 1    
329:  0.102 0.706 0.191 1    
330:  0.811 0.104 0.086 1    
331:  0.119 0.083 0.797 1    
332:  0.122 0.267 0.611 1    
333:  0.061 0.904 0.035 1    
334:  0.229 0.092 0.680 1    
335:  0.873 0.072 0.055 1    
336:  0.647 0.198 0.155 1    
337:  0.110 0.166 0.724 1    
338:  0.086 0.559 0.354 1    
339:  0.273 0.141 0.587 1    
340:  0.083 0.218 0.698 1    
341:  0.093 0.119 0.788 1    
342:  0.681 0.256 0.063 1    
343:  0.754 0.135 0.111 1    
344:  0.092 0.349 0.559 1    
345:  0.534 0.129 0.337 1    
346:  0.159 0.721 0.120 1    
347:  0.795 0.118 0.087 1    
348:  0.164 0.754 0.082 1    
349:  0.162 0.560 0.278 1    
350:  0.107 0.786 0.107 1    
351:  0.170 0.274 0.556 1    
352:  0.574 0.060 0.366 1    
353:  0.820 0.100 0.080 1    
354:  0.226 0.561 0.213 1    
355:  0.128 0.780 0.092 1    
356:  0.194 0.148 0.658 1    
357:  0.071 0.054 0.875 1    
358:  0.154 0.321 0.525 1    
359:  0.193 0.162 0.645 1    
360:  0.407 0.228 0.366 1    
361:  0.424 0.199 0.378 1    
362:  0.179 0.387 0.434 1    
363:  0.077 0.057 0.866 1    
364:  0.336 0.070 0.595 1    
365:  0.178 0.345 0.477 1    
366:  0.165 0.743 0.091 1    
367:  0.160 0.157 0.684 1    
368:  0.348 0.280 0.371 1    
369:  0.758 0.077 0.165 1    
370:  0.531 0.270 0.199 1    
371:  0.179 0.240 0.580 1    
372:  0.146 0.107 0.747 1    
373:  0.288 0.282 0.430 1    
374:  0.234 0.121 0.645 1    
375:  0.067 0.777 0.157 1    
376:  0.253 0.636 0.111 1    
377:  0.375 0.491 0.134 1    
378:  0.246 0.310 0.443 1    
379:  0.324 0.342 0.334 1    
380:  0.378 0.323 0.299 1    
381:  0.658 0.120 0.222 1    
382:  0.564 0.087 0.348 1    
383:  0.165 0.406 0.428 1    
384:  0.574 0.340 0.085 1    
385:  0.074 0.127 0.799 1    
386:  0.600 0.133 0.268 1    
387:  0.174 0.251 0.575 1    
388:  0.578 0.302 0.120 1    
389:  0.489 0.184 0.327 1    
390:  0.223 0.168 0.609 1    
391:  0.163 0.216 0.622 1    
392:  0.275 0.598 0.127 1    
393:  0.179 0.500 0.321 1    
394:  0.344 0.258 0.397 1    
395:  0.111 0.178 0.712 1    
396:  0.151 0.296 0.553 1    
397:  0.101 0.853 0.046 1    
398:  0.870 0.077 0.054 1    
399:  0.062 0.205 0.733 1    
400:  0.187 0.158 0.655 1    
401:  0.152 0.299 0.548 1    
402:  0.177 0.132 0.691 1    
403:  0.498 0.268 0.233 1    
404:  0.211 0.466 0.323 1    
405:  0.289 0.405 0.306 1    
406:  0.080 0.642 0.278 1    
407:  0.051 0.866 0.084 1    
408:  0.264 0.117 0.619 1    
409:  0.795 0.106 0.100 1    
410:  0.234 0.149 0.616 1    
411:  0.092 0.120 0.788 1    
412:  0.359 0.156 0.485 1    
413:  0.156 0.654 0.190 1    
414:  0.215 0.285 0.500 1    
415:  0.311 0.155 0.534 1    
416:  0.176 0.502 0.322 1    
417:  0.579 0.238 0.184 1    
418:  0.443 0.139 0.417 1    
419:  0.222 0.081 0.696 1    
420:  0.200 0.487 0.313 1    
421:  0.046 0.895 0.059 1    
422:  0.736 0.166 0.098 1    
423:  0.132 0.291 0.577 1    
424:  0.051 0.892 0.056 1    
425:  0.090 0.378 0.532 1    
426:  0.096 0.809 0.095 1    
427:  0.106 0.070 0.824 1    
428:  0.048 0.870 0.082 1    
429:  0.139 0.443 0.418 1    
430:  0.638 0.157 0.206 1    
431:  0.625 0.151 0.223 1    
432:  0.042 0.054 0.903 1    
433:  0.705 0.091 0.204 1    
434:  0.068 0.342 0.590 1    
435:  0.212 0.433 0.355 1    
436:  0.095 0.843 0.062 1    
437:  0.192 0.709 0.099 1    
438:  0.198 0.555 0.247 1    
439:  0.144 0.169 0.687 1    
440:  0.158 0.488 0.354 1    
441:  0.551 0.231 0.218 1    
442:  0.808 0.112 0.080 1    
443:  0.433 0.258 0.309 1    
444:  0.081 0.255 0.663 1    
445:  0.121 0.820 0.059 1    
446:  0.281 0.656 0.063 1    
447:  0.698 0.194 0.108 1    
448:  0.370 0.225 0.405 1    
449:  0.346 0.194 0.460 1    
450:  0.748 0.102 0.149 1    
451:  0.282 0.574 0.144 1    
452:  0.761 0.141 0.098 1    
453:  0.199 0.396 0.405 1    
454:  0.056 0.633 0.310 1    
455:  0.802 0.093 0.105 1    
456:  0.032 0.042 0.926 1    
457:  0.558 0.267 0.174 1    
458:  0.771 0.089 0.140 1    
459:  0.261 0.423 0.316 1    
460:  0.208 0.694 0.097 1    
461:  0.320 0.615 0.065 1    
462:  0.313 0.614 0.073 1    
463:  0.803 0.116 0.081 1    
464:  0.387 0.287 0.326 1    
465:  0.277 0.432 0.291 1    
466:  0.072 0.204 0.724 1    
467:  0.216 0.736 0.047 1    
468:  0.509 0.339 0.152 1    
469:  0.062 0.853 0.085 1    
470:  0.282 0.564 0.154 1    
471:  0.516 0.146 0.338 1    
472:  0.527 0.085 0.388 1    
473:  0.250 0.638 0.112 1    
474:  0.380 0.344 0.277 1    
475:  0.253 0.141 0.605 1    
476:  0.097 0.186 0.717 1    
477:  0.233 0.430 0.336 1    
478:  0.186 0.436 0.378 1    
479:  0.063 0.062 0.875 1    
480:  0.048 0.055 0.897 1    
481:  0.320 0.370 0.310 1    
482:  0.462 0.415 0.122 1    
483:  0.839 0.080 0.081 1    
484:  0.072 0.892 0.035 1    
485:  0.352 0.282 0.367 1    
486:  0.417 0.357 0.226 1    
487:  0.585 0.257 0.158 1    
488:  0.180 0.353 0.466 1    
489:  0.052 0.080 0.868 1    
490:  0.722 0.136 0.143 1    
491:  0.677 0.175 0.148 1    
492:  0.528 0.380 0.092 1    
493:  0.051 0.071 0.878 1    
494:  0.040 0.161 0.799 1    
495:  0.101 0.123 0.776 1    
496:  0.318 0.398 0.283 1    
497:  0.071 0.855 0.073 1    
498:  0.279 0.614 0.107 1    
499:  0.136 0.096 0.768 1    
500:  0.159 0.313 0.528 1    
501:  0.131 0.180 0.689 1    
502:  0.436 0.388 0.176 1    
503:  0.504 0.391 0.105 1    
504:  0.308 0.240 0.452 1    
505:  0.696 0.203 0.102 1    
506:  0.292 0.347 0.361 1    
507:  0.805 0.077 0.118 1    
508:  0.459 0.162 0.379 1    
509:  0.171 0.474 0.354 1    
510:  0.797 0.102 0.101 1    
511:  0.919 0.039 0.041 1    
512:  0.102 0.503 0.395 1    
513:  0.098 0.084 0.818 1    
514:  0.049 0.157 0.794 1    
515:  0.459 0.231 0.310 1    
516:  0.858 0.060 0.082 1    
517:  0.358 0.501 0.141 1    
518:  0.550 0.165 0.285 1    
519:  0.162 0.761 0.078 1    
520:  0.049 0.809 0.142 1    
521:  0.167 0.209 0.624 1    
522:  0.091 0.562 0.347 1    
523:  0.212 0.092 0.696 1    
524:  0.231 0.519 0.250 1    
525:  0.220 0.062 0.717 1    
526:  0.214 0.285 0.500 1    
527:  0.081 0.060 0.859 1    
528:  0.810 0.101 0.089 1    
529:  0.067 0.172 0.761 1    
530:  0.149 0.111 0.740 1    
531:  0.062 0.094 0.844 1    
532:  0.124 0.326 0.550 1    
533:  0.088 0.788 0.124 1    
534:  0.423 0.196 0.381 1    
535:  0.759 0.151 0.090 1    
536:  0.115 0.701 0.184 1    
537:  0.392 0.095 0.513 1    
538:  0.207 0.220 0.573 1    
539:  0.194 0.312 0.494 1    
540:  0.164 0.149 0.687 1    
541:  0.077 0.753 0.170 1    
542:  0.233 0.465 0.301 1    
543:  0.077 0.375 0.548 1    
544:  0.582 0.143 0.275 1    
545:  0.526 0.417 0.057 1    
546:  0.705 0.159 0.136 1    
547:  0.629 0.135 0.236 1    
548:  0.395 0.434 0.171 1    
549:  0.330 0.311 0.358 1    
550:  0.128 0.762 0.110 1    
551:  0.116 0.237 0.646 1    
552:  0.389 0.388 0.223 1    
553:  0.260 0.626 0.114 1    
554:  0.445 0.506 0.049 1    
555:  0.320 0.451 0.229 1    
556:  0.098 0.343 0.559 1    
557:  0.131 0.258 0.611 1    
558:  0.160 0.704 0.136 1    
559:  0.722 0.122 0.156 1    
560:  0.171 0.715 0.115 1    
561:  0.286 0.235 0.479 1    
562:  0.126 0.239 0.635 1    
563:  0.192 0.129 0.679 1    
564:  0.143 0.492 0.365 1    
565:  0.313 0.080 0.606 1    
566:  0.423 0.349 0.227 1    
567:  0.157 0.401 0.442 1    
568:  0.081 0.101 0.818 1    
569:  0.477 0.159 0.364 1    
570:  0.152 0.338 0.510 1    
571:  0.417 0.180 0.404 1    
572:  0.240 0.438 0.322 1    
573:  0.503 0.266 0.232 1    
574:  0.189 0.664 0.147 1    
575:  0.342 0.282 0.376 1    
576:  0.168 0.162 0.670 1    
577:  0.172 0.072 0.756 1    
578:  0.319 0.110 0.571 1    
579:  0.553 0.165 0.282 1    
580:  0.080 0.108 0.812 1    
581:  0.059 0.064 0.877 1    
582:  0.118 0.793 0.089 1    
583:  0.153 0.618 0.229 1    
584:  0.342 0.244 0.413 1    
585:  0.577 0.256 0.166 1    
586:  0.085 0.788 0.127 1    
587:  0.604 0.158 0.238 1    
588:  0.162 0.579 0.259 1    
589:  0.171 0.743 0.086 1    
590:  0.126 0.257 0.617 1    
591:  0.292 0.632 0.076 1    
592:  0.416 0.424 0.160 1    
593:  0.117 0.147 0.736 1    
594:  0.173 0.620 0.207 1    
595:  0.148 0.724 0.128 1    
596:  0.259 0.614 0.128 1    
597:  0.318 0.429 0.254 1    
598:  0.313 0.479 0.209 1    
599:  0.136 0.755 0.109 1    
600:  0.353 0.333 0.314 1    
601:  0.125 0.802 0.073 1    
602:  0.306 0.448 0.246 1    
603:  0.433 0.095 0.473 1    
604:  0.148 0.196 0.656 1    
605:  0.164 0.147 0.689 1    
606:  0.415 0.262 0.324 1    
607:  0.166 0.683 0.151 1    
608:  0.230 0.205 0.565 1    
609:  0.366 0.076 0.558 1    
610:  0.061 0.888 0.051 1    
611:  0.289 0.179 0.532 1    
612:  0.382 0.154 0.464 1    
613:  0.218 0.126 0.656 1    
614:  0.502 0.227 0.271 1    
615:  0.144 0.564 0.292 1    
616:  0.123 0.687 0.190 1    
617:  0.141 0.119 0.740 1    
618:  0.190 0.150 0.660 1    
619:  0.387 0.156 0.457 1    
