1:    0.240 0.119 0.145 0.091 0.206 0.200 1    
2:    0.184 0.206 0.077 0.132 0.204 0.197 1    
3:    0.141 0.122 0.240 0.224 0.146 0.127 1    
4:    0.228 0.149 0.155 0.130 0.171 0.167 1    
5:    0.163 0.161 0.182 0.143 0.167 0.184 1    
6:    0.174 0.131 0.208 0.154 0.150 0.184 1    
7:    0.170 0.130 0.125 0.258 0.141 0.176 1    
8:    0.193 0.140 0.086 0.215 0.165 0.202 1    
9:    0.216 0.115 0.181 0.156 0.164 0.168 1    
10:   0.247 0.160 0.113 0.118 0.185 0.177 1    
11:   0.213 0.301 0.075 0.103 0.178 0.129 1    
12:   0.154 0.205 0.074 0.110 0.173 0.284 1    
13:   0.159 0.130 0.276 0.167 0.148 0.121 1    
14:   0.139 0.225 0.163 0.186 0.132 0.155 1    
15:   0.255 0.133 0.106 0.170 0.209 0.126 1    
16:   0.218 0.134 0.119 0.193 0.181 0.155 1    
17:   0.185 0.204 0.098 0.168 0.207 0.138 1    
18:   0.162 0.124 0.233 0.119 0.137 0.226 1    
19:   0.220 0.169 0.078 0.187 0.162 0.183 1    
20:   0.143 0.235 0.118 0.136 0.214 0.154 1    
21:   0.136 0.155 0.210 0.191 0.159 0.148 1    
22:   0.125 0.123 0.260 0.220 0.131 0.141 1    
23:   0.159 0.196 0.112 0.134 0.223 0.176 1    
24:   0.164 0.145 0.228 0.155 0.151 0.157 1    
25:   0.134 0.252 0.082 0.234 0.137 0.160 1    
26:   0.139 0.138 0.214 0.169 0.170 0.171 1    
27:   0.155 0.138 0.211 0.169 0.151 0.176 1    
28:   0.182 0.159 0.139 0.137 0.174 0.209 1    
29:   0.138 0.152 0.160 0.197 0.159 0.194 1    
30:   0.223 0.151 0.144 0.116 0.165 0.201 1    
31:   0.109 0.114 0.261 0.265 0.123 0.128 1    
32:   0.178 0.175 0.064 0.164 0.173 0.246 1    
33:   0.165 0.155 0.162 0.190 0.199 0.129 1    
34:   0.133 0.170 0.107 0.125 0.152 0.314 1    
35:   0.179 0.122 0.188 0.241 0.157 0.112 1    
36:   0.095 0.128 0.376 0.134 0.117 0.150 1    
37:   0.181 0.154 0.139 0.180 0.167 0.179 1    
38:   0.247 0.163 0.071 0.114 0.192 0.212 1    
39:   0.179 0.172 0.132 0.142 0.170 0.204 1    
40:   0.269 0.133 0.113 0.118 0.192 0.175 1    
41:   0.143 0.266 0.115 0.127 0.180 0.169 1    
42:   0.172 0.195 0.172 0.143 0.169 0.148 1    
43:   0.144 0.192 0.099 0.150 0.198 0.216 1    
44:   0.162 0.132 0.193 0.210 0.153 0.150 1    
45:   0.143 0.191 0.164 0.184 0.192 0.127 1    
46:   0.221 0.173 0.115 0.120 0.211 0.160 1    
47:   0.223 0.177 0.075 0.153 0.204 0.168 1    
48:   0.258 0.154 0.099 0.137 0.202 0.149 1    
49:   0.260 0.128 0.120 0.162 0.197 0.132 1    
50:   0.142 0.185 0.202 0.122 0.188 0.161 1    
51:   0.104 0.133 0.190 0.216 0.217 0.139 1    
52:   0.152 0.194 0.184 0.150 0.173 0.147 1    
53:   0.177 0.175 0.138 0.166 0.173 0.171 1    
54:   0.109 0.170 0.232 0.149 0.138 0.201 1    
55:   0.177 0.148 0.090 0.234 0.201 0.150 1    
56:   0.228 0.143 0.211 0.123 0.171 0.124 1    
57:   0.145 0.241 0.149 0.148 0.164 0.153 1    
58:   0.169 0.127 0.211 0.147 0.119 0.225 1    
59:   0.151 0.117 0.321 0.161 0.130 0.120 1    
60:   0.112 0.120 0.318 0.170 0.158 0.122 1    
61:   0.146 0.221 0.099 0.130 0.207 0.197 1    
62:   0.140 0.328 0.108 0.135 0.119 0.170 1    
63:   0.162 0.173 0.151 0.129 0.157 0.227 1    
64:   0.179 0.166 0.211 0.120 0.197 0.128 1    
65:   0.138 0.162 0.156 0.149 0.164 0.231 1    
66:   0.170 0.180 0.091 0.152 0.172 0.235 1    
67:   0.174 0.261 0.090 0.161 0.171 0.142 1    
68:   0.143 0.189 0.212 0.129 0.160 0.166 1    
69:   0.179 0.189 0.083 0.150 0.162 0.237 1    
70:   0.175 0.166 0.135 0.166 0.170 0.188 1    
71:   0.148 0.114 0.283 0.150 0.185 0.119 1    
72:   0.176 0.111 0.236 0.192 0.177 0.109 1    
73:   0.199 0.202 0.107 0.142 0.122 0.229 1    
74:   0.206 0.176 0.078 0.102 0.200 0.239 1    
75:   0.186 0.221 0.119 0.140 0.156 0.178 1    
76:   0.183 0.141 0.227 0.143 0.138 0.169 1    
77:   0.154 0.196 0.110 0.160 0.166 0.214 1    
78:   0.173 0.260 0.185 0.105 0.152 0.125 1    
79:   0.132 0.141 0.154 0.159 0.253 0.161 1    
80:   0.214 0.115 0.196 0.200 0.159 0.115 1    
81:   0.148 0.135 0.279 0.144 0.146 0.149 1    
82:   0.222 0.210 0.086 0.083 0.191 0.208 1    
83:   0.172 0.159 0.178 0.179 0.151 0.162 1    
84:   0.152 0.265 0.098 0.127 0.195 0.164 1    
85:   0.159 0.249 0.110 0.150 0.180 0.152 1    
86:   0.164 0.150 0.211 0.198 0.155 0.121 1    
87:   0.162 0.186 0.120 0.147 0.204 0.181 1    
88:   0.174 0.142 0.103 0.200 0.177 0.203 1    
89:   0.149 0.220 0.205 0.124 0.141 0.160 1    
90:   0.102 0.098 0.444 0.151 0.097 0.109 1    
91:   0.163 0.279 0.089 0.128 0.158 0.183 1    
92:   0.130 0.342 0.096 0.145 0.168 0.120 1    
93:   0.149 0.296 0.121 0.116 0.146 0.172 1    
94:   0.184 0.350 0.088 0.106 0.165 0.107 1    
95:   0.186 0.176 0.162 0.162 0.159 0.154 1    
96:   0.123 0.136 0.297 0.173 0.138 0.133 1    
97:   0.180 0.152 0.161 0.197 0.187 0.123 1    
98:   0.280 0.147 0.103 0.125 0.186 0.160 1    
99:   0.132 0.280 0.092 0.164 0.163 0.169 1    
100:  0.171 0.138 0.206 0.174 0.183 0.128 1    
101:  0.191 0.203 0.151 0.125 0.157 0.173 1    
102:  0.176 0.191 0.068 0.165 0.221 0.180 1    
103:  0.136 0.184 0.211 0.164 0.161 0.143 1    
104:  0.166 0.163 0.093 0.242 0.206 0.131 1    
105:  0.194 0.231 0.109 0.140 0.165 0.161 1    
106:  0.214 0.140 0.108 0.213 0.206 0.119 1    
107:  0.148 0.144 0.212 0.134 0.200 0.163 1    
108:  0.188 0.194 0.090 0.180 0.164 0.184 1    
109:  0.164 0.264 0.076 0.159 0.176 0.160 1    
110:  0.185 0.141 0.065 0.132 0.205 0.272 1    
111:  0.192 0.143 0.151 0.211 0.185 0.119 1    
112:  0.136 0.160 0.125 0.132 0.270 0.178 1    
113:  0.164 0.161 0.148 0.156 0.187 0.183 1    
114:  0.198 0.146 0.111 0.210 0.200 0.136 1    
115:  0.136 0.203 0.129 0.118 0.169 0.245 1    
116:  0.228 0.161 0.155 0.117 0.191 0.149 1    
117:  0.203 0.199 0.110 0.097 0.167 0.224 1    
118:  0.180 0.231 0.110 0.153 0.160 0.166 1    
119:  0.158 0.212 0.122 0.153 0.167 0.189 1    
120:  0.168 0.177 0.215 0.141 0.161 0.138 1    
121:  0.166 0.115 0.301 0.132 0.173 0.113 1    
122:  0.183 0.239 0.092 0.131 0.166 0.189 1    
123:  0.189 0.185 0.128 0.136 0.211 0.152 1    
124:  0.114 0.122 0.335 0.194 0.125 0.110 1    
125:  0.161 0.161 0.135 0.272 0.155 0.115 1    
126:  0.231 0.253 0.123 0.095 0.152 0.145 1    
127:  0.217 0.207 0.099 0.138 0.189 0.151 1    
128:  0.185 0.117 0.183 0.163 0.167 0.184 1    
129:  0.251 0.134 0.115 0.163 0.220 0.118 1    
130:  0.212 0.276 0.058 0.124 0.133 0.197 1    
131:  0.192 0.172 0.124 0.167 0.159 0.186 1    
132:  0.237 0.202 0.075 0.122 0.146 0.218 1    
133:  0.207 0.132 0.082 0.157 0.189 0.233 1    
134:  0.194 0.193 0.144 0.146 0.165 0.158 1    
135:  0.197 0.134 0.183 0.148 0.180 0.158 1    
136:  0.260 0.150 0.103 0.166 0.207 0.115 1    
137:  0.210 0.180 0.110 0.113 0.191 0.196 1    
138:  0.136 0.234 0.225 0.132 0.123 0.150 1    
139:  0.204 0.175 0.112 0.126 0.205 0.177 1    
140:  0.130 0.089 0.414 0.136 0.137 0.094 1    
141:  0.175 0.163 0.178 0.196 0.164 0.124 1    
142:  0.190 0.166 0.183 0.165 0.170 0.126 1    
143:  0.211 0.158 0.100 0.186 0.239 0.106 1    
144:  0.131 0.223 0.116 0.117 0.171 0.243 1    
145:  0.227 0.170 0.086 0.159 0.149 0.209 1    
146:  0.158 0.142 0.210 0.178 0.179 0.133 1    
147:  0.187 0.135 0.194 0.141 0.214 0.130 1    
148:  0.155 0.184 0.084 0.241 0.102 0.233 1    
149:  0.150 0.172 0.291 0.128 0.131 0.128 1    
150:  0.123 0.301 0.085 0.207 0.122 0.162 1    
151:  0.186 0.151 0.108 0.246 0.192 0.116 1    
152:  0.179 0.202 0.119 0.153 0.160 0.188 1    
153:  0.166 0.174 0.102 0.233 0.174 0.151 1    
154:  0.135 0.209 0.085 0.189 0.125 0.258 1    
155:  0.124 0.145 0.206 0.171 0.236 0.118 1    
156:  0.069 0.075 0.559 0.148 0.074 0.074 1    
157:  0.127 0.131 0.230 0.184 0.184 0.143 1    
158:  0.222 0.127 0.129 0.222 0.144 0.156 1    
159:  0.163 0.154 0.185 0.160 0.183 0.156 1    
160:  0.109 0.132 0.274 0.133 0.206 0.147 1    
161:  0.140 0.172 0.102 0.138 0.164 0.284 1    
162:  0.124 0.178 0.236 0.167 0.122 0.172 1    
163:  0.151 0.161 0.105 0.257 0.142 0.184 1    
164:  0.133 0.159 0.195 0.143 0.183 0.188 1    
165:  0.200 0.141 0.206 0.129 0.205 0.120 1    
166:  0.146 0.118 0.272 0.151 0.152 0.160 1    
167:  0.126 0.353 0.166 0.114 0.137 0.104 1    
168:  0.106 0.168 0.113 0.207 0.163 0.243 1    
169:  0.207 0.173 0.103 0.158 0.197 0.162 1    
170:  0.145 0.140 0.265 0.171 0.141 0.138 1    
171:  0.129 0.184 0.129 0.177 0.215 0.167 1    
172:  0.149 0.164 0.196 0.171 0.166 0.154 1    
173:  0.130 0.116 0.347 0.160 0.119 0.127 1    
174:  0.151 0.240 0.120 0.174 0.186 0.128 1    
175:  0.221 0.123 0.166 0.178 0.166 0.147 1    
176:  0.184 0.173 0.090 0.138 0.128 0.288 1    
177:  0.198 0.216 0.102 0.107 0.141 0.235 1    
178:  0.130 0.144 0.165 0.210 0.169 0.182 1    
179:  0.237 0.116 0.118 0.242 0.174 0.114 1    
180:  0.241 0.125 0.133 0.142 0.195 0.165 1    
181:  0.179 0.132 0.234 0.142 0.170 0.143 1    
182:  0.250 0.145 0.106 0.165 0.216 0.117 1    
183:  0.185 0.153 0.097 0.304 0.112 0.149 1    
184:  0.190 0.126 0.073 0.347 0.149 0.114 1    
185:  0.173 0.144 0.123 0.193 0.120 0.247 1    
186:  0.075 0.073 0.541 0.157 0.080 0.074 1    
187:  0.200 0.112 0.225 0.123 0.187 0.151 1    
188:  0.138 0.138 0.095 0.298 0.141 0.191 1    
189:  0.199 0.122 0.314 0.122 0.137 0.107 1    
190:  0.108 0.157 0.163 0.191 0.163 0.217 1    
191:  0.262 0.130 0.099 0.125 0.179 0.206 1    
192:  0.161 0.232 0.114 0.157 0.144 0.192 1    
193:  0.148 0.119 0.093 0.354 0.133 0.154 1    
194:  0.186 0.223 0.067 0.275 0.138 0.111 1    
195:  0.146 0.143 0.207 0.210 0.152 0.143 1    
196:  0.128 0.092 0.423 0.140 0.124 0.093 1    
197:  0.225 0.133 0.086 0.313 0.135 0.109 1    
198:  0.077 0.080 0.507 0.174 0.092 0.070 1    
199:  0.167 0.279 0.155 0.111 0.110 0.177 1    
200:  0.148 0.192 0.051 0.356 0.109 0.146 1    
201:  0.187 0.306 0.089 0.104 0.137 0.177 1    
202:  0.123 0.147 0.292 0.126 0.141 0.170 1    
203:  0.106 0.139 0.380 0.158 0.109 0.107 1    
204:  0.102 0.463 0.082 0.093 0.105 0.155 1    
205:  0.213 0.150 0.165 0.146 0.178 0.148 1    
206:  0.131 0.137 0.141 0.275 0.110 0.206 1    
207:  0.156 0.266 0.090 0.104 0.173 0.211 1    
208:  0.148 0.159 0.152 0.264 0.141 0.136 1    
209:  0.143 0.183 0.104 0.352 0.114 0.105 1    
210:  0.211 0.135 0.114 0.208 0.157 0.175 1    
211:  0.198 0.127 0.096 0.244 0.164 0.171 1    
212:  0.181 0.154 0.085 0.160 0.190 0.230 1    
213:  0.158 0.190 0.122 0.161 0.176 0.193 1    
214:  0.168 0.181 0.056 0.200 0.120 0.276 1    
215:  0.314 0.160 0.061 0.173 0.177 0.115 1    
216:  0.139 0.104 0.340 0.182 0.129 0.105 1    
217:  0.144 0.117 0.137 0.123 0.191 0.288 1    
218:  0.162 0.199 0.094 0.134 0.215 0.197 1    
219:  0.102 0.206 0.088 0.221 0.106 0.276 1    
220:  0.169 0.162 0.094 0.206 0.145 0.225 1    
221:  0.186 0.191 0.089 0.136 0.247 0.150 1    
222:  0.122 0.170 0.238 0.160 0.133 0.176 1    
223:  0.137 0.163 0.168 0.261 0.143 0.128 1    
224:  0.172 0.182 0.119 0.177 0.218 0.132 1    
225:  0.193 0.141 0.161 0.136 0.191 0.178 1    
226:  0.150 0.206 0.160 0.156 0.150 0.178 1    
227:  0.114 0.129 0.366 0.139 0.153 0.099 1    
228:  0.175 0.109 0.219 0.206 0.176 0.115 1    
229:  0.177 0.210 0.107 0.131 0.216 0.159 1    
230:  0.167 0.135 0.179 0.168 0.165 0.187 1    
231:  0.193 0.150 0.129 0.137 0.206 0.186 1    
232:  0.118 0.086 0.424 0.173 0.110 0.088 1    
233:  0.121 0.220 0.179 0.157 0.164 0.159 1    
234:  0.166 0.148 0.149 0.157 0.133 0.247 1    
235:  0.182 0.244 0.080 0.139 0.156 0.198 1    
236:  0.177 0.222 0.134 0.116 0.145 0.206 1    
237:  0.151 0.241 0.075 0.134 0.178 0.220 1    
238:  0.165 0.140 0.136 0.217 0.166 0.176 1    
239:  0.118 0.128 0.339 0.149 0.137 0.129 1    
240:  0.128 0.164 0.133 0.252 0.145 0.178 1    
241:  0.136 0.139 0.102 0.279 0.138 0.207 1    
242:  0.231 0.173 0.110 0.143 0.166 0.177 1    
243:  0.105 0.086 0.489 0.141 0.084 0.095 1    
244:  0.206 0.158 0.133 0.179 0.144 0.180 1    
245:  0.139 0.185 0.079 0.196 0.178 0.223 1    
246:  0.172 0.152 0.119 0.221 0.168 0.168 1    
247:  0.175 0.151 0.110 0.203 0.202 0.160 1    
248:  0.170 0.254 0.117 0.122 0.135 0.202 1    
249:  0.233 0.191 0.102 0.121 0.175 0.178 1    
250:  0.198 0.205 0.112 0.139 0.154 0.192 1    
251:  0.184 0.169 0.168 0.175 0.132 0.171 1    
252:  0.205 0.154 0.155 0.171 0.217 0.099 1    
253:  0.178 0.181 0.116 0.168 0.172 0.184 1    
254:  0.146 0.256 0.167 0.144 0.169 0.118 1    
255:  0.201 0.153 0.114 0.161 0.230 0.141 1    
256:  0.123 0.172 0.066 0.260 0.102 0.278 1    
257:  0.190 0.163 0.085 0.172 0.187 0.202 1    
258:  0.218 0.153 0.131 0.143 0.203 0.152 1    
259:  0.315 0.153 0.063 0.167 0.182 0.120 1    
260:  0.131 0.147 0.200 0.128 0.179 0.215 1    
261:  0.168 0.155 0.138 0.171 0.146 0.222 1    
262:  0.147 0.118 0.132 0.119 0.182 0.302 1    
263:  0.163 0.207 0.128 0.108 0.194 0.200 1    
264:  0.145 0.118 0.132 0.140 0.165 0.299 1    
265:  0.199 0.161 0.086 0.183 0.235 0.136 1    
266:  0.198 0.155 0.086 0.166 0.208 0.186 1    
267:  0.141 0.263 0.164 0.118 0.149 0.165 1    
268:  0.165 0.218 0.090 0.123 0.208 0.196 1    
269:  0.151 0.151 0.301 0.130 0.145 0.122 1    
270:  0.112 0.218 0.086 0.214 0.103 0.267 1    
271:  0.193 0.160 0.111 0.176 0.206 0.154 1    
272:  0.121 0.141 0.113 0.172 0.274 0.179 1    
273:  0.108 0.095 0.466 0.138 0.102 0.092 1    
274:  0.172 0.226 0.118 0.122 0.125 0.236 1    
275:  0.110 0.167 0.203 0.130 0.238 0.152 1    
276:  0.212 0.160 0.117 0.137 0.223 0.150 1    
277:  0.132 0.168 0.134 0.172 0.210 0.184 1    
278:  0.088 0.096 0.465 0.119 0.143 0.089 1    
279:  0.151 0.141 0.178 0.162 0.192 0.176 1    
280:  0.120 0.097 0.441 0.140 0.125 0.077 1    
281:  0.081 0.111 0.443 0.196 0.087 0.081 1    
282:  0.201 0.157 0.117 0.129 0.204 0.191 1    
283:  0.159 0.191 0.102 0.180 0.220 0.148 1    
284:  0.193 0.101 0.278 0.137 0.172 0.118 1    
285:  0.178 0.188 0.141 0.154 0.123 0.216 1    
286:  0.169 0.154 0.094 0.164 0.177 0.241 1    
287:  0.159 0.140 0.151 0.158 0.187 0.206 1    
288:  0.174 0.122 0.213 0.187 0.162 0.142 1    
289:  0.157 0.190 0.125 0.161 0.173 0.194 1    
290:  0.147 0.180 0.110 0.235 0.191 0.137 1    
291:  0.117 0.132 0.269 0.179 0.171 0.131 1    
292:  0.208 0.118 0.104 0.236 0.202 0.131 1    
293:  0.153 0.197 0.171 0.173 0.174 0.133 1    
294:  0.126 0.140 0.206 0.180 0.163 0.184 1    
295:  0.192 0.126 0.146 0.234 0.143 0.158 1    
296:  0.212 0.197 0.091 0.151 0.192 0.158 1    
297:  0.092 0.101 0.476 0.131 0.107 0.092 1    
298:  0.129 0.348 0.087 0.111 0.110 0.215 1    
299:  0.195 0.194 0.089 0.114 0.229 0.180 1    
300:  0.112 0.121 0.285 0.218 0.140 0.124 1    
301:  0.151 0.146 0.135 0.150 0.200 0.217 1    
302:  0.093 0.101 0.402 0.188 0.100 0.116 1    
303:  0.157 0.182 0.127 0.121 0.197 0.216 1    
304:  0.184 0.176 0.083 0.130 0.244 0.183 1    
305:  0.133 0.161 0.086 0.214 0.175 0.231 1    
306:  0.220 0.157 0.130 0.187 0.159 0.147 1    
307:  0.117 0.176 0.144 0.248 0.175 0.140 1    
308:  0.167 0.218 0.095 0.125 0.163 0.233 1    
309:  0.176 0.182 0.096 0.153 0.158 0.237 1    
310:  0.142 0.203 0.132 0.225 0.167 0.131 1    
311:  0.180 0.132 0.089 0.275 0.208 0.116 1    
312:  0.126 0.129 0.293 0.145 0.147 0.160 1    
313:  0.162 0.190 0.083 0.156 0.209 0.200 1    
314:  0.156 0.135 0.152 0.299 0.140 0.118 1    
315:  0.146 0.133 0.188 0.212 0.140 0.181 1    
316:  0.157 0.174 0.299 0.095 0.133 0.141 1    
317:  0.241 0.197 0.097 0.112 0.200 0.153 1    
318:  0.140 0.255 0.106 0.142 0.178 0.179 1    
319:  0.192 0.158 0.119 0.186 0.190 0.155 1    
320:  0.147 0.107 0.372 0.131 0.134 0.109 1    
321:  0.221 0.145 0.096 0.151 0.177 0.210 1    
322:  0.233 0.130 0.206 0.121 0.164 0.146 1    
323:  0.170 0.174 0.145 0.125 0.158 0.227 1    
324:  0.211 0.122 0.208 0.194 0.135 0.129 1    
325:  0.184 0.249 0.094 0.124 0.191 0.157 1    
326:  0.180 0.133 0.248 0.150 0.141 0.148 1    
327:  0.132 0.188 0.273 0.153 0.121 0.132 1    
328:  0.148 0.149 0.182 0.189 0.162 0.171 1    
329:  0.123 0.141 0.314 0.147 0.114 0.161 1    
330:  0.189 0.235 0.104 0.155 0.155 0.162 1    
331:  0.109 0.137 0.335 0.136 0.148 0.135 1    
332:  0.146 0.192 0.258 0.121 0.129 0.155 1    
333:  0.133 0.131 0.201 0.185 0.218 0.133 1    
334:  0.137 0.133 0.209 0.189 0.167 0.166 1    
335:  0.170 0.267 0.104 0.098 0.185 0.175 1    
336:  0.097 0.147 0.364 0.138 0.120 0.132 1    
337:  0.122 0.147 0.148 0.237 0.198 0.148 1    
338:  0.104 0.166 0.283 0.173 0.116 0.158 1    
339:  0.162 0.194 0.154 0.177 0.159 0.154 1    
340:  0.162 0.180 0.173 0.182 0.159 0.144 1    
341:  0.173 0.144 0.251 0.141 0.156 0.135 1    
342:  0.230 0.197 0.073 0.122 0.200 0.179 1    
343:  0.164 0.212 0.105 0.092 0.201 0.227 1    
344:  0.125 0.166 0.192 0.204 0.156 0.158 1    
345:  0.262 0.157 0.091 0.119 0.182 0.188 1    
346:  0.162 0.222 0.093 0.157 0.194 0.172 1    
347:  0.107 0.211 0.155 0.194 0.096 0.237 1    
348:  0.135 0.151 0.147 0.282 0.167 0.118 1    
349:  0.132 0.146 0.081 0.358 0.126 0.156 1    
350:  0.143 0.204 0.107 0.106 0.131 0.309 1    
351:  0.121 0.216 0.144 0.147 0.178 0.195 1    
352:  0.133 0.159 0.166 0.164 0.202 0.175 1    
353:  0.132 0.254 0.085 0.131 0.216 0.183 1    
354:  0.214 0.150 0.098 0.108 0.240 0.190 1    
355:  0.179 0.152 0.240 0.153 0.150 0.125 1    
356:  0.147 0.204 0.087 0.145 0.189 0.228 1    
357:  0.213 0.173 0.155 0.123 0.167 0.169 1    
358:  0.174 0.169 0.151 0.117 0.208 0.182 1    
359:  0.132 0.123 0.274 0.163 0.182 0.125 1    
360:  0.138 0.135 0.198 0.156 0.168 0.205 1    
361:  0.143 0.187 0.180 0.175 0.149 0.167 1    
362:  0.143 0.157 0.135 0.246 0.140 0.180 1    
363:  0.115 0.198 0.264 0.158 0.127 0.137 1    
364:  0.113 0.157 0.274 0.159 0.153 0.144 1    
365:  0.203 0.189 0.119 0.163 0.174 0.152 1    
366:  0.149 0.158 0.157 0.167 0.216 0.154 1    
367:  0.149 0.142 0.167 0.209 0.151 0.183 1    
368:  0.186 0.249 0.123 0.138 0.177 0.126 1    
369:  0.265 0.115 0.181 0.133 0.193 0.114 1    
370:  0.132 0.201 0.088 0.281 0.138 0.160 1    
371:  0.130 0.185 0.120 0.179 0.226 0.160 1    
372:  0.156 0.200 0.102 0.211 0.162 0.169 1    
373:  0.144 0.141 0.140 0.226 0.194 0.154 1    
374:  0.100 0.094 0.379 0.134 0.174 0.119 1    
375:  0.171 0.156 0.179 0.136 0.167 0.191 1    
376:  0.130 0.164 0.254 0.125 0.174 0.153 1    
377:  0.236 0.135 0.093 0.112 0.225 0.199 1    
378:  0.168 0.145 0.170 0.190 0.168 0.159 1    
379:  0.234 0.112 0.160 0.112 0.209 0.173 1    
380:  0.147 0.155 0.133 0.164 0.200 0.200 1    
381:  0.158 0.163 0.092 0.212 0.159 0.216 1    
382:  0.137 0.223 0.141 0.145 0.157 0.198 1    
383:  0.227 0.131 0.175 0.132 0.183 0.152 1    
384:  0.174 0.129 0.112 0.192 0.182 0.211 1    
385:  0.102 0.170 0.292 0.164 0.107 0.166 1    
386:  0.114 0.138 0.353 0.198 0.106 0.092 1    
387:  0.239 0.121 0.193 0.149 0.138 0.159 1    
388:  0.155 0.176 0.210 0.123 0.171 0.165 1    
389:  0.143 0.249 0.187 0.139 0.132 0.151 1    
390:  0.112 0.265 0.240 0.131 0.117 0.134 1    
391:  0.133 0.122 0.282 0.185 0.151 0.127 1    
392:  0.105 0.100 0.378 0.213 0.115 0.089 1    
393:  0.095 0.129 0.409 0.148 0.101 0.119 1    
394:  0.129 0.153 0.283 0.146 0.150 0.138 1    
395:  0.159 0.129 0.229 0.192 0.148 0.143 1    
396:  0.163 0.125 0.192 0.190 0.144 0.185 1    
397:  0.127 0.183 0.124 0.253 0.132 0.181 1    
398:  0.144 0.172 0.185 0.146 0.173 0.178 1    
399:  0.133 0.134 0.173 0.236 0.198 0.125 1    
400:  0.175 0.116 0.212 0.175 0.190 0.132 1    
401:  0.150 0.158 0.153 0.163 0.179 0.197 1    
402:  0.125 0.184 0.128 0.153 0.165 0.244 1    
403:  0.142 0.151 0.180 0.177 0.150 0.200 1    
404:  0.194 0.170 0.103 0.132 0.143 0.258 1    
405:  0.150 0.302 0.104 0.135 0.158 0.152 1    
406:  0.138 0.195 0.128 0.141 0.187 0.211 1    
407:  0.181 0.186 0.142 0.126 0.160 0.206 1    
408:  0.217 0.154 0.172 0.176 0.177 0.104 1    
409:  0.123 0.156 0.217 0.185 0.148 0.171 1    
410:  0.254 0.147 0.113 0.149 0.157 0.181 1    
411:  0.172 0.117 0.241 0.162 0.142 0.167 1    
412:  0.149 0.174 0.130 0.204 0.193 0.150 1    
413:  0.176 0.186 0.111 0.203 0.139 0.185 1    
414:  0.160 0.131 0.178 0.166 0.221 0.144 1    
415:  0.144 0.122 0.291 0.185 0.157 0.101 1    
416:  0.186 0.210 0.156 0.129 0.140 0.179 1    
417:  0.126 0.220 0.167 0.211 0.138 0.138 1    
418:  0.191 0.156 0.218 0.119 0.156 0.161 1    
419:  0.145 0.308 0.147 0.098 0.154 0.148 1    
420:  0.184 0.165 0.171 0.107 0.163 0.210 1    
421:  0.169 0.170 0.114 0.153 0.230 0.165 1    
422:  0.172 0.174 0.234 0.139 0.142 0.140 1    
423:  0.189 0.114 0.197 0.142 0.160 0.198 1    
424:  0.118 0.120 0.353 0.134 0.117 0.159 1    
425:  0.115 0.177 0.217 0.176 0.152 0.163 1    
426:  0.208 0.154 0.086 0.244 0.182 0.127 1    
427:  0.112 0.212 0.189 0.128 0.141 0.217 1    
428:  0.130 0.089 0.411 0.150 0.134 0.086 1    
429:  0.130 0.194 0.112 0.174 0.215 0.176 1    
430:  0.144 0.181 0.093 0.237 0.170 0.175 1    
431:  0.145 0.177 0.092 0.252 0.203 0.132 1    
432:  0.183 0.161 0.110 0.250 0.146 0.150 1    
433:  0.165 0.166 0.191 0.167 0.154 0.157 1    
434:  0.150 0.146 0.186 0.161 0.211 0.146 1    
435:  0.196 0.165 0.086 0.126 0.207 0.220 1    
436:  0.131 0.135 0.260 0.189 0.146 0.139 1    
437:  0.150 0.250 0.092 0.190 0.160 0.157 1    
438:  0.163 0.199 0.095 0.161 0.160 0.222 1    
439:  0.131 0.180 0.164 0.206 0.194 0.125 1    
440:  0.161 0.169 0.112 0.160 0.148 0.250 1    
441:  0.208 0.158 0.133 0.110 0.148 0.245 1    
442:  0.242 0.142 0.082 0.206 0.193 0.136 1    
443:  0.226 0.173 0.111 0.161 0.173 0.156 1    
444:  0.215 0.155 0.134 0.132 0.198 0.166 1    
445:  0.157 0.154 0.149 0.149 0.175 0.216 1    
446:  0.223 0.169 0.117 0.138 0.156 0.197 1    
447:  0.153 0.199 0.120 0.146 0.169 0.213 1    
448:  0.247 0.130 0.135 0.141 0.238 0.109 1    
449:  0.165 0.287 0.136 0.118 0.117 0.177 1    
450:  0.159 0.270 0.127 0.117 0.149 0.178 1    
451:  0.185 0.174 0.153 0.139 0.149 0.201 1    
452:  0.121 0.187 0.243 0.165 0.165 0.118 1    
453:  0.151 0.138 0.213 0.185 0.137 0.177 1    
454:  0.145 0.162 0.161 0.129 0.161 0.241 1    
455:  0.216 0.138 0.143 0.144 0.197 0.162 1    
456:  0.174 0.223 0.103 0.157 0.181 0.162 1    
457:  0.186 0.117 0.300 0.139 0.139 0.119 1    
458:  0.200 0.184 0.098 0.102 0.186 0.231 1    
459:  0.122 0.091 0.408 0.160 0.102 0.117 1    
460:  0.211 0.156 0.092 0.165 0.231 0.146 1    
461:  0.217 0.129 0.140 0.158 0.190 0.166 1    
462:  0.183 0.138 0.208 0.174 0.142 0.154 1    
463:  0.139 0.225 0.167 0.125 0.187 0.156 1    
464:  0.159 0.151 0.221 0.198 0.157 0.115 1    
465:  0.195 0.171 0.183 0.138 0.171 0.141 1    
466:  0.180 0.197 0.084 0.189 0.169 0.180 1    
467:  0.085 0.365 0.134 0.173 0.124 0.120 1    
468:  0.173 0.151 0.150 0.140 0.227 0.158 1    
469:  0.176 0.130 0.148 0.207 0.160 0.178 1    
470:  0.163 0.131 0.251 0.113 0.147 0.195 1    
471:  0.147 0.095 0.389 0.160 0.114 0.096 1    
472:  0.179 0.149 0.141 0.175 0.223 0.133 1    
473:  0.135 0.181 0.268 0.126 0.135 0.154 1    
474:  0.173 0.142 0.212 0.159 0.154 0.160 1    
475:  0.182 0.170 0.088 0.171 0.229 0.160 1    
476:  0.150 0.150 0.160 0.152 0.207 0.181 1    
477:  0.137 0.241 0.139 0.135 0.148 0.200 1    
478:  0.187 0.156 0.096 0.207 0.155 0.199 1    
479:  0.200 0.165 0.094 0.188 0.131 0.221 1    
480:  0.154 0.153 0.164 0.139 0.167 0.223 1    
481:  0.118 0.240 0.085 0.207 0.195 0.155 1    
482:  0.111 0.106 0.357 0.200 0.127 0.099 1    
483:  0.142 0.147 0.216 0.123 0.156 0.216 1    
484:  0.202 0.142 0.162 0.139 0.205 0.150 1    
485:  0.175 0.209 0.086 0.148 0.183 0.198 1    
486:  0.188 0.212 0.112 0.150 0.147 0.190 1    
487:  0.128 0.117 0.263 0.232 0.130 0.131 1    
488:  0.214 0.170 0.160 0.101 0.148 0.207 1    
489:  0.177 0.180 0.108 0.120 0.184 0.232 1    
490:  0.173 0.138 0.194 0.174 0.202 0.120 1    
491:  0.103 0.149 0.275 0.180 0.189 0.104 1    
492:  0.159 0.164 0.213 0.123 0.214 0.129 1    
493:  0.134 0.125 0.310 0.141 0.178 0.112 1    
494:  0.187 0.157 0.078 0.284 0.145 0.149 1    
495:  0.167 0.231 0.105 0.130 0.183 0.184 1    
496:  0.155 0.120 0.237 0.120 0.142 0.226 1    
497:  0.284 0.118 0.127 0.160 0.191 0.121 1    
498:  0.165 0.100 0.309 0.141 0.164 0.121 1    
499:  0.119 0.159 0.294 0.160 0.159 0.109 1    
500:  0.120 0.165 0.212 0.164 0.189 0.149 1    
501:  0.117 0.084 0.397 0.189 0.119 0.095 1    
502:  0.159 0.161 0.089 0.206 0.226 0.158 1    
503:  0.142 0.122 0.300 0.165 0.141 0.131 1    
504:  0.297 0.139 0.106 0.112 0.225 0.121 1    
505:  0.171 0.156 0.152 0.140 0.159 0.222 1    
506:  0.249 0.128 0.100 0.124 0.204 0.195 1    
507:  0.216 0.147 0.181 0.145 0.194 0.118 1    
508:  0.161 0.300 0.060 0.177 0.118 0.184 1    
509:  0.142 0.247 0.125 0.127 0.194 0.166 1    
510:  0.194 0.116 0.198 0.201 0.187 0.104 1    
511:  0.166 0.192 0.187 0.120 0.179 0.156 1    
512:  0.152 0.146 0.247 0.145 0.132 0.179 1    
513:  0.179 0.304 0.071 0.157 0.110 0.178 1    
514:  0.142 0.166 0.199 0.162 0.160 0.171 1    
515:  0.179 0.142 0.094 0.150 0.186 0.249 1    
516:  0.224 0.159 0.153 0.119 0.173 0.172 1    
517:  0.196 0.132 0.127 0.171 0.212 0.163 1    
518:  0.252 0.131 0.135 0.132 0.243 0.107 1    
519:  0.185 0.139 0.169 0.220 0.180 0.108 1    
520:  0.115 0.108 0.296 0.266 0.119 0.097 1    
521:  0.149 0.208 0.153 0.108 0.188 0.195 1    
522:  0.140 0.165 0.116 0.205 0.193 0.181 1    
523:  0.198 0.106 0.282 0.117 0.157 0.141 1    
524:  0.161 0.151 0.134 0.227 0.175 0.153 1    
525:  0.196 0.162 0.135 0.116 0.178 0.213 1    
526:  0.131 0.154 0.208 0.168 0.182 0.158 1    
527:  0.118 0.133 0.355 0.142 0.123 0.129 1    
528:  0.153 0.170 0.179 0.160 0.190 0.148 1    
529:  0.136 0.171 0.080 0.178 0.167 0.268 1    
530:  0.138 0.192 0.085 0.195 0.158 0.232 1    
531:  0.160 0.243 0.088 0.157 0.176 0.177 1    
532:  0.179 0.133 0.165 0.175 0.152 0.196 1    
533:  0.194 0.119 0.247 0.156 0.170 0.113 1    
534:  0.118 0.223 0.105 0.170 0.160 0.224 1    
535:  0.156 0.136 0.144 0.258 0.151 0.155 1    
536:  0.089 0.158 0.250 0.162 0.194 0.147 1    
537:  0.223 0.138 0.123 0.122 0.195 0.198 1    
538:  0.148 0.263 0.078 0.134 0.132 0.245 1    
539:  0.143 0.182 0.204 0.167 0.149 0.155 1    
540:  0.156 0.160 0.126 0.129 0.123 0.305 1    
541:  0.209 0.181 0.126 0.109 0.167 0.209 1    
542:  0.129 0.189 0.146 0.167 0.180 0.189 1    
543:  0.205 0.149 0.087 0.179 0.171 0.208 1    
544:  0.280 0.154 0.110 0.128 0.210 0.117 1    
545:  0.138 0.105 0.276 0.204 0.154 0.123 1    
546:  0.175 0.142 0.249 0.119 0.140 0.175 1    
547:  0.163 0.156 0.212 0.129 0.190 0.149 1    
548:  0.161 0.235 0.096 0.090 0.139 0.278 1    
549:  0.089 0.112 0.248 0.298 0.129 0.124 1    
550:  0.127 0.119 0.315 0.154 0.165 0.121 1    
551:  0.150 0.223 0.114 0.112 0.145 0.256 1    
552:  0.232 0.162 0.209 0.118 0.154 0.126 1    
553:  0.193 0.154 0.193 0.154 0.152 0.153 1    
554:  0.235 0.141 0.075 0.247 0.138 0.163 1    
555:  0.175 0.116 0.137 0.299 0.160 0.114 1    
556:  0.117 0.140 0.219 0.233 0.150 0.141 1    
557:  0.258 0.224 0.084 0.120 0.153 0.161 1    
558:  0.186 0.151 0.113 0.185 0.155 0.211 1    
559:  0.212 0.154 0.107 0.191 0.154 0.182 1    
560:  0.277 0.139 0.128 0.128 0.159 0.170 1    
561:  0.162 0.107 0.353 0.140 0.122 0.115 1    
562:  0.119 0.106 0.376 0.122 0.121 0.155 1    
563:  0.207 0.154 0.242 0.111 0.144 0.143 1    
564:  0.146 0.134 0.217 0.170 0.191 0.143 1    
565:  0.151 0.177 0.139 0.155 0.184 0.195 1    
566:  0.188 0.150 0.177 0.165 0.157 0.163 1    
567:  0.111 0.154 0.294 0.118 0.179 0.144 1    
568:  0.153 0.225 0.121 0.160 0.198 0.144 1    
569:  0.170 0.171 0.157 0.159 0.186 0.158 1    
570:  0.154 0.153 0.162 0.214 0.180 0.136 1    
571:  0.156 0.149 0.079 0.294 0.131 0.191 1    
572:  0.173 0.224 0.112 0.131 0.153 0.208 1    
573:  0.192 0.147 0.164 0.150 0.173 0.173 1    
574:  0.124 0.137 0.073 0.261 0.200 0.205 1    
575:  0.193 0.147 0.120 0.178 0.176 0.186 1    
576:  0.173 0.145 0.235 0.134 0.152 0.161 1    
577:  0.136 0.199 0.166 0.152 0.127 0.220 1    
578:  0.139 0.253 0.073 0.181 0.145 0.209 1    
579:  0.154 0.173 0.132 0.203 0.160 0.177 1    
580:  0.160 0.166 0.119 0.245 0.124 0.186 1    
581:  0.179 0.165 0.171 0.177 0.132 0.176 1    
582:  0.196 0.124 0.178 0.112 0.194 0.196 1    
583:  0.104 0.164 0.313 0.174 0.136 0.109 1    
584:  0.151 0.165 0.094 0.195 0.136 0.259 1    
585:  0.153 0.165 0.086 0.163 0.229 0.204 1    
586:  0.129 0.165 0.112 0.213 0.130 0.252 1    
587:  0.146 0.159 0.137 0.159 0.244 0.155 1    
588:  0.161 0.140 0.181 0.256 0.142 0.121 1    
589:  0.200 0.120 0.219 0.131 0.144 0.187 1    
590:  0.182 0.132 0.201 0.163 0.165 0.157 1    
591:  0.215 0.159 0.077 0.152 0.152 0.245 1    
592:  0.139 0.129 0.109 0.333 0.114 0.176 1    
593:  0.265 0.199 0.081 0.127 0.147 0.181 1    
594:  0.148 0.179 0.116 0.167 0.217 0.173 1    
595:  0.144 0.136 0.128 0.187 0.233 0.171 1    
596:  0.106 0.173 0.202 0.168 0.215 0.136 1    
597:  0.210 0.163 0.129 0.167 0.159 0.172 1    
598:  0.130 0.157 0.183 0.167 0.156 0.207 1    
599:  0.186 0.146 0.154 0.134 0.167 0.213 1    
600:  0.222 0.139 0.134 0.175 0.188 0.142 1    
601:  0.126 0.164 0.107 0.256 0.137 0.209 1    
602:  0.160 0.177 0.106 0.329 0.109 0.119 1    
603:  0.156 0.261 0.073 0.109 0.205 0.196 1    
604:  0.229 0.170 0.105 0.116 0.151 0.229 1    
605:  0.104 0.159 0.137 0.315 0.118 0.167 1    
606:  0.122 0.145 0.339 0.134 0.137 0.123 1    
607:  0.172 0.168 0.219 0.138 0.183 0.120 1    
608:  0.104 0.120 0.337 0.152 0.144 0.144 1    
609:  0.148 0.134 0.253 0.180 0.126 0.159 1    
610:  0.134 0.155 0.198 0.225 0.132 0.156 1    
611:  0.224 0.141 0.181 0.143 0.153 0.157 1    
612:  0.115 0.121 0.270 0.210 0.154 0.130 1    
613:  0.128 0.164 0.098 0.162 0.258 0.189 1    
614:  0.169 0.121 0.134 0.243 0.165 0.168 1    
615:  0.099 0.138 0.221 0.321 0.117 0.104 1    
616:  0.199 0.173 0.127 0.114 0.171 0.215 1    
617:  0.126 0.169 0.160 0.273 0.164 0.107 1    
618:  0.182 0.172 0.114 0.194 0.172 0.166 1    
619:  0.130 0.103 0.374 0.150 0.141 0.102 1    
620:  0.124 0.127 0.185 0.205 0.193 0.166 1    
621:  0.187 0.177 0.135 0.118 0.183 0.200 1    
622:  0.175 0.220 0.070 0.178 0.165 0.192 1    
623:  0.148 0.183 0.163 0.143 0.159 0.204 1    
624:  0.252 0.184 0.071 0.167 0.192 0.133 1    
625:  0.115 0.209 0.187 0.150 0.159 0.179 1    
626:  0.106 0.147 0.141 0.209 0.204 0.194 1    
627:  0.142 0.145 0.122 0.174 0.160 0.258 1    
628:  0.107 0.167 0.322 0.179 0.099 0.127 1    
629:  0.173 0.180 0.110 0.155 0.187 0.195 1    
630:  0.151 0.302 0.100 0.159 0.147 0.141 1    
631:  0.135 0.113 0.112 0.347 0.112 0.181 1    
632:  0.183 0.111 0.208 0.206 0.146 0.145 1    
633:  0.116 0.122 0.265 0.165 0.206 0.126 1    
634:  0.177 0.200 0.126 0.148 0.178 0.171 1    
635:  0.146 0.169 0.188 0.178 0.161 0.158 1    
636:  0.142 0.364 0.105 0.115 0.105 0.170 1    
637:  0.198 0.122 0.192 0.119 0.190 0.179 1    
638:  0.120 0.115 0.308 0.194 0.156 0.107 1    
639:  0.185 0.128 0.189 0.156 0.165 0.176 1    
640:  0.168 0.156 0.180 0.214 0.142 0.139 1    
641:  0.169 0.131 0.209 0.148 0.152 0.191 1    
642:  0.223 0.165 0.129 0.156 0.154 0.173 1    
643:  0.191 0.176 0.109 0.132 0.197 0.195 1    
644:  0.136 0.142 0.152 0.303 0.127 0.140 1    
645:  0.167 0.207 0.251 0.119 0.133 0.123 1    
646:  0.183 0.168 0.093 0.147 0.166 0.243 1    
647:  0.172 0.154 0.139 0.154 0.145 0.236 1    
648:  0.238 0.132 0.151 0.114 0.197 0.169 1    
649:  0.172 0.214 0.137 0.178 0.150 0.149 1    
650:  0.113 0.129 0.164 0.364 0.120 0.109 1    
651:  0.173 0.144 0.101 0.181 0.209 0.191 1    
652:  0.128 0.174 0.236 0.147 0.185 0.131 1    
653:  0.098 0.113 0.326 0.278 0.106 0.080 1    
654:  0.123 0.140 0.284 0.171 0.128 0.153 1    
655:  0.181 0.179 0.110 0.196 0.171 0.164 1    
656:  0.193 0.144 0.172 0.148 0.192 0.150 1    
657:  0.178 0.168 0.124 0.139 0.182 0.209 1    
658:  0.149 0.102 0.330 0.120 0.136 0.162 1    
659:  0.186 0.145 0.150 0.140 0.196 0.183 1    
660:  0.216 0.109 0.265 0.145 0.157 0.108 1    
661:  0.108 0.098 0.350 0.178 0.155 0.110 1    
662:  0.111 0.131 0.274 0.193 0.135 0.156 1    
663:  0.170 0.113 0.240 0.140 0.217 0.120 1    
664:  0.142 0.127 0.264 0.191 0.114 0.162 1    
665:  0.147 0.148 0.133 0.272 0.120 0.180 1    
666:  0.141 0.135 0.201 0.208 0.141 0.172 1    
667:  0.194 0.287 0.086 0.133 0.144 0.157 1    
668:  0.129 0.154 0.116 0.170 0.232 0.199 1    
669:  0.170 0.148 0.229 0.161 0.163 0.130 1    
670:  0.204 0.131 0.204 0.131 0.182 0.148 1    
671:  0.137 0.156 0.200 0.156 0.153 0.198 1    
672:  0.277 0.187 0.076 0.127 0.208 0.125 1    
673:  0.129 0.146 0.193 0.250 0.140 0.143 1    
674:  0.114 0.132 0.289 0.160 0.154 0.151 1    
675:  0.178 0.177 0.146 0.130 0.140 0.229 1    
676:  0.098 0.132 0.281 0.195 0.166 0.128 1    
677:  0.219 0.151 0.080 0.213 0.183 0.154 1    
678:  0.260 0.154 0.065 0.144 0.189 0.189 1    
679:  0.178 0.198 0.132 0.119 0.171 0.202 1    
680:  0.148 0.183 0.091 0.234 0.139 0.205 1    
681:  0.223 0.163 0.106 0.152 0.192 0.164 1    
682:  0.178 0.167 0.129 0.179 0.148 0.199 1    
683:  0.099 0.231 0.191 0.137 0.216 0.126 1    
684:  0.198 0.148 0.090 0.211 0.158 0.195 1    
685:  0.113 0.123 0.208 0.187 0.251 0.118 1    
686:  0.228 0.222 0.111 0.114 0.125 0.201 1    
687:  0.145 0.148 0.211 0.130 0.189 0.177 1    
688:  0.111 0.163 0.255 0.157 0.170 0.144 1    
689:  0.266 0.122 0.146 0.122 0.234 0.110 1    
690:  0.123 0.147 0.290 0.166 0.145 0.129 1    
691:  0.168 0.164 0.110 0.163 0.151 0.244 1    
692:  0.151 0.175 0.117 0.190 0.161 0.206 1    
693:  0.121 0.169 0.338 0.108 0.111 0.154 1    
694:  0.184 0.207 0.118 0.181 0.133 0.178 1    
695:  0.218 0.135 0.111 0.185 0.167 0.185 1    
696:  0.158 0.127 0.258 0.170 0.176 0.111 1    
697:  0.196 0.170 0.141 0.137 0.195 0.162 1    
698:  0.186 0.152 0.118 0.185 0.214 0.145 1    
699:  0.204 0.130 0.120 0.218 0.179 0.149 1    
700:  0.121 0.228 0.075 0.154 0.164 0.258 1    
701:  0.124 0.142 0.095 0.366 0.134 0.140 1    
702:  0.216 0.155 0.101 0.137 0.168 0.222 1    
703:  0.234 0.139 0.179 0.142 0.166 0.140 1    
704:  0.188 0.156 0.212 0.159 0.178 0.108 1    
705:  0.179 0.160 0.174 0.186 0.151 0.150 1    
706:  0.147 0.134 0.219 0.164 0.179 0.157 1    
707:  0.223 0.123 0.114 0.134 0.227 0.179 1    
708:  0.152 0.176 0.149 0.155 0.193 0.175 1    
709:  0.211 0.132 0.145 0.196 0.176 0.140 1    
710:  0.241 0.146 0.126 0.181 0.155 0.152 1    
711:  0.160 0.161 0.071 0.182 0.136 0.290 1    
712:  0.143 0.115 0.242 0.140 0.185 0.174 1    
713:  0.203 0.168 0.138 0.122 0.221 0.148 1    
714:  0.222 0.156 0.114 0.175 0.210 0.123 1    
715:  0.175 0.173 0.116 0.239 0.179 0.119 1    
716:  0.097 0.117 0.351 0.208 0.097 0.130 1    
717:  0.139 0.201 0.104 0.130 0.268 0.159 1    
718:  0.128 0.105 0.345 0.173 0.130 0.120 1    
719:  0.207 0.164 0.110 0.134 0.216 0.168 1    
720:  0.140 0.150 0.153 0.207 0.144 0.207 1    
721:  0.158 0.167 0.118 0.209 0.212 0.136 1    
722:  0.181 0.147 0.141 0.137 0.161 0.233 1    
723:  0.226 0.122 0.199 0.132 0.164 0.158 1    
724:  0.190 0.148 0.176 0.168 0.182 0.135 1    
725:  0.234 0.203 0.115 0.139 0.151 0.159 1    
726:  0.185 0.133 0.166 0.162 0.175 0.179 1    
727:  0.148 0.180 0.173 0.172 0.163 0.164 1    
728:  0.147 0.158 0.135 0.142 0.170 0.248 1    
729:  0.245 0.150 0.101 0.124 0.219 0.162 1    
730:  0.115 0.161 0.251 0.157 0.179 0.135 1    
731:  0.186 0.189 0.076 0.121 0.156 0.272 1    
732:  0.230 0.207 0.087 0.115 0.195 0.166 1    
733:  0.159 0.140 0.198 0.175 0.209 0.120 1    
734:  0.125 0.130 0.186 0.149 0.170 0.241 1    
735:  0.249 0.130 0.097 0.131 0.214 0.178 1    
736:  0.134 0.270 0.154 0.113 0.153 0.176 1    
737:  0.199 0.168 0.076 0.242 0.193 0.122 1    
738:  0.202 0.146 0.158 0.154 0.187 0.153 1    
739:  0.200 0.160 0.120 0.132 0.190 0.198 1    
740:  0.112 0.246 0.101 0.194 0.179 0.168 1    
741:  0.179 0.125 0.232 0.125 0.201 0.138 1    
742:  0.266 0.204 0.091 0.128 0.170 0.142 1    
743:  0.161 0.320 0.104 0.137 0.126 0.152 1    
744:  0.149 0.129 0.270 0.155 0.156 0.141 1    
745:  0.211 0.126 0.163 0.142 0.215 0.143 1    
746:  0.074 0.144 0.313 0.207 0.157 0.105 1    
747:  0.157 0.143 0.171 0.181 0.223 0.126 1    
748:  0.128 0.181 0.177 0.192 0.134 0.187 1    
749:  0.224 0.177 0.120 0.119 0.205 0.155 1    
750:  0.238 0.152 0.100 0.150 0.165 0.195 1    
751:  0.164 0.143 0.147 0.185 0.172 0.190 1    
752:  0.126 0.129 0.310 0.133 0.150 0.152 1    
753:  0.146 0.156 0.116 0.226 0.133 0.223 1    
754:  0.193 0.195 0.116 0.175 0.183 0.138 1    
755:  0.158 0.200 0.136 0.165 0.187 0.153 1    
756:  0.201 0.147 0.090 0.170 0.244 0.148 1    
757:  0.172 0.133 0.119 0.274 0.169 0.133 1    
758:  0.119 0.138 0.325 0.129 0.143 0.147 1    
759:  0.132 0.174 0.329 0.150 0.101 0.113 1    
760:  0.092 0.106 0.398 0.159 0.117 0.127 1    
761:  0.230 0.130 0.063 0.259 0.145 0.173 1    
762:  0.101 0.227 0.183 0.137 0.227 0.125 1    
763:  0.120 0.104 0.339 0.175 0.160 0.102 1    
764:  0.155 0.329 0.084 0.108 0.163 0.160 1    
765:  0.129 0.127 0.323 0.136 0.173 0.113 1    
766:  0.144 0.147 0.307 0.134 0.135 0.134 1    
767:  0.209 0.184 0.092 0.179 0.143 0.193 1    
768:  0.136 0.139 0.203 0.202 0.146 0.174 1    
769:  0.209 0.149 0.104 0.139 0.179 0.220 1    
770:  0.148 0.151 0.181 0.217 0.146 0.157 1    
771:  0.125 0.121 0.217 0.195 0.193 0.150 1    
772:  0.190 0.180 0.152 0.143 0.164 0.171 1    
773:  0.130 0.166 0.101 0.172 0.179 0.252 1    
774:  0.205 0.136 0.134 0.202 0.175 0.148 1    
775:  0.138 0.214 0.156 0.140 0.145 0.207 1    
776:  0.187 0.167 0.107 0.174 0.207 0.159 1    
777:  0.198 0.136 0.182 0.205 0.152 0.129 1    
778:  0.144 0.299 0.058 0.134 0.118 0.247 1    
779:  0.157 0.164 0.153 0.196 0.145 0.185 1    
780:  0.130 0.122 0.245 0.223 0.170 0.111 1    
781:  0.146 0.172 0.126 0.150 0.162 0.244 1    
782:  0.119 0.121 0.208 0.189 0.241 0.123 1    
783:  0.144 0.165 0.123 0.163 0.135 0.270 1    
784:  0.147 0.137 0.102 0.319 0.171 0.124 1    
785:  0.115 0.152 0.142 0.202 0.195 0.194 1    
786:  0.138 0.188 0.117 0.196 0.207 0.153 1    
787:  0.235 0.167 0.095 0.133 0.171 0.199 1    
788:  0.157 0.248 0.089 0.110 0.156 0.241 1    
789:  0.200 0.160 0.117 0.170 0.183 0.170 1    
790:  0.165 0.142 0.233 0.156 0.153 0.151 1    
791:  0.217 0.186 0.077 0.107 0.185 0.228 1    
792:  0.196 0.185 0.092 0.112 0.158 0.257 1    
793:  0.218 0.142 0.154 0.174 0.180 0.132 1    
794:  0.134 0.169 0.273 0.124 0.145 0.155 1    
795:  0.257 0.139 0.099 0.132 0.211 0.163 1    
796:  0.152 0.226 0.133 0.224 0.141 0.124 1    
797:  0.147 0.147 0.244 0.146 0.137 0.178 1    
798:  0.237 0.233 0.096 0.119 0.136 0.179 1    
799:  0.104 0.255 0.153 0.134 0.133 0.221 1    
800:  0.152 0.303 0.083 0.123 0.153 0.187 1    
801:  0.148 0.161 0.145 0.168 0.159 0.220 1    
802:  0.257 0.120 0.142 0.145 0.193 0.143 1    
803:  0.152 0.129 0.193 0.215 0.134 0.179 1    
804:  0.170 0.121 0.225 0.155 0.157 0.174 1    
805:  0.137 0.239 0.136 0.143 0.148 0.197 1    
806:  0.158 0.149 0.181 0.184 0.134 0.194 1    
807:  0.238 0.159 0.094 0.130 0.174 0.205 1    
808:  0.255 0.141 0.064 0.199 0.195 0.146 1    
809:  0.133 0.263 0.090 0.124 0.190 0.199 1    
810:  0.197 0.148 0.253 0.127 0.139 0.137 1    
811:  0.158 0.129 0.260 0.162 0.166 0.125 1    
812:  0.298 0.138 0.080 0.148 0.194 0.142 1    
813:  0.125 0.130 0.219 0.153 0.180 0.193 1    
                       
                       
1:    0.120 0.122 0.177 0.298 0.190 0.093 1    
2:    0.237 0.195 0.092 0.182 0.195 0.099 1    
3:    0.118 0.138 0.186 0.138 0.165 0.255 1    
4:    0.150 0.146 0.180 0.222 0.166 0.137 1    
5:    0.156 0.208 0.180 0.129 0.178 0.150 1    
6:    0.133 0.130 0.239 0.169 0.157 0.173 1    
7:    0.132 0.152 0.119 0.153 0.150 0.293 1    
8:    0.146 0.167 0.092 0.202 0.176 0.216 1    
9:    0.111 0.131 0.168 0.229 0.185 0.175 1    
10:   0.162 0.107 0.129 0.283 0.186 0.132 1    
11:   0.304 0.116 0.090 0.235 0.152 0.103 1    
12:   0.206 0.205 0.113 0.218 0.157 0.101 1    
13:   0.136 0.140 0.222 0.157 0.168 0.177 1    
14:   0.234 0.148 0.143 0.159 0.130 0.186 1    
15:   0.134 0.120 0.127 0.256 0.180 0.183 1    
16:   0.153 0.134 0.130 0.242 0.166 0.176 1    
17:   0.200 0.158 0.114 0.224 0.160 0.144 1    
18:   0.129 0.135 0.271 0.183 0.148 0.134 1    
19:   0.162 0.187 0.112 0.178 0.157 0.203 1    
