1:    0.203 0.159 0.491 0.148 1    
2:    0.130 0.328 0.365 0.176 1    
3:    0.329 0.191 0.346 0.134 1    
4:    0.201 0.070 0.664 0.065 1    
5:    0.424 0.299 0.185 0.091 1    
6:    0.312 0.290 0.136 0.262 1    
7:    0.380 0.153 0.377 0.091 1    
8:    0.288 0.305 0.333 0.074 1    
9:    0.298 0.207 0.267 0.228 1    
10:   0.158 0.479 0.169 0.193 1    
11:   0.142 0.091 0.611 0.156 1    
12:   0.412 0.394 0.067 0.127 1    
13:   0.106 0.091 0.748 0.055 1    
14:   0.359 0.426 0.053 0.162 1    
15:   0.437 0.159 0.243 0.161 1    
16:   0.134 0.228 0.309 0.328 1    
17:   0.143 0.519 0.263 0.075 1    
18:   0.117 0.152 0.662 0.069 1    
19:   0.206 0.162 0.515 0.117 1    
20:   0.097 0.128 0.555 0.220 1    
21:   0.118 0.174 0.446 0.262 1    
22:   0.841 0.053 0.072 0.034 1    
23:   0.128 0.373 0.417 0.081 1    
24:   0.064 0.117 0.652 0.167 1    
25:   0.221 0.464 0.218 0.096 1    
26:   0.358 0.387 0.139 0.116 1    
27:   0.045 0.114 0.795 0.046 1    
28:   0.349 0.501 0.090 0.061 1    
29:   0.293 0.533 0.077 0.097 1    
30:   0.071 0.158 0.729 0.042 1    
31:   0.123 0.431 0.300 0.146 1    
32:   0.070 0.704 0.154 0.072 1    
33:   0.045 0.231 0.630 0.095 1    
34:   0.163 0.196 0.550 0.090 1    
35:   0.097 0.059 0.801 0.042 1    
36:   0.080 0.190 0.628 0.102 1    
37:   0.118 0.114 0.629 0.139 1    
38:   0.150 0.155 0.645 0.050 1    
39:   0.329 0.280 0.259 0.131 1    
40:   0.340 0.177 0.313 0.170 1    
41:   0.377 0.140 0.255 0.228 1    
42:   0.086 0.501 0.139 0.273 1    
43:   0.071 0.068 0.814 0.047 1    
44:   0.102 0.753 0.092 0.053 1    
45:   0.543 0.082 0.284 0.091 1    
46:   0.100 0.186 0.601 0.113 1    
47:   0.152 0.122 0.600 0.126 1    
48:   0.208 0.286 0.409 0.097 1    
49:   0.670 0.098 0.099 0.133 1    
50:   0.740 0.108 0.087 0.066 1    
51:   0.230 0.250 0.302 0.218 1    
52:   0.059 0.197 0.649 0.094 1    
53:   0.202 0.112 0.581 0.104 1    
54:   0.195 0.209 0.270 0.326 1    
55:   0.141 0.556 0.226 0.077 1    
56:   0.059 0.047 0.837 0.056 1    
57:   0.763 0.076 0.107 0.054 1    
58:   0.166 0.234 0.444 0.156 1    
59:   0.108 0.071 0.774 0.047 1    
60:   0.243 0.143 0.354 0.260 1    
61:   0.155 0.387 0.358 0.100 1    
62:   0.773 0.074 0.100 0.053 1    
63:   0.071 0.052 0.831 0.046 1    
64:   0.526 0.112 0.283 0.079 1    
65:   0.316 0.501 0.116 0.067 1    
66:   0.058 0.043 0.857 0.043 1    
67:   0.375 0.234 0.128 0.263 1    
68:   0.051 0.047 0.862 0.040 1    
69:   0.238 0.481 0.106 0.174 1    
70:   0.659 0.117 0.089 0.135 1    
71:   0.432 0.191 0.171 0.205 1    
72:   0.181 0.344 0.387 0.088 1    
73:   0.071 0.153 0.185 0.590 1    
74:   0.096 0.063 0.803 0.039 1    
75:   0.167 0.167 0.478 0.188 1    
76:   0.176 0.149 0.265 0.410 1    
77:   0.310 0.530 0.079 0.081 1    
78:   0.125 0.404 0.354 0.116 1    
79:   0.674 0.094 0.111 0.121 1    
80:   0.316 0.447 0.053 0.185 1    
81:   0.137 0.098 0.698 0.067 1    
82:   0.261 0.555 0.120 0.064 1    
83:   0.474 0.084 0.360 0.082 1    
84:   0.083 0.241 0.492 0.184 1    
85:   0.474 0.104 0.379 0.042 1    
86:   0.296 0.217 0.324 0.163 1    
87:   0.049 0.056 0.853 0.042 1    
88:   0.509 0.173 0.204 0.114 1    
89:   0.055 0.036 0.881 0.028 1    
90:   0.128 0.268 0.304 0.301 1    
91:   0.334 0.187 0.329 0.150 1    
92:   0.200 0.181 0.554 0.065 1    
93:   0.304 0.248 0.354 0.094 1    
94:   0.068 0.078 0.781 0.073 1    
95:   0.345 0.176 0.174 0.306 1    
96:   0.201 0.097 0.634 0.068 1    
97:   0.816 0.069 0.052 0.063 1    
98:   0.055 0.085 0.790 0.070 1    
99:   0.707 0.114 0.100 0.079 1    
100:  0.685 0.066 0.184 0.065 1    
101:  0.075 0.578 0.291 0.056 1    
102:  0.698 0.180 0.078 0.043 1    
103:  0.128 0.156 0.613 0.103 1    
104:  0.342 0.383 0.079 0.196 1    
105:  0.266 0.126 0.091 0.518 1    
106:  0.130 0.232 0.310 0.328 1    
107:  0.171 0.212 0.202 0.414 1    
108:  0.190 0.108 0.049 0.653 1    
109:  0.271 0.536 0.131 0.062 1    
110:  0.052 0.213 0.081 0.653 1    
111:  0.139 0.486 0.107 0.269 1    
112:  0.388 0.310 0.061 0.241 1    
113:  0.398 0.166 0.286 0.149 1    
114:  0.258 0.108 0.076 0.558 1    
115:  0.332 0.139 0.222 0.307 1    
116:  0.283 0.230 0.061 0.426 1    
117:  0.324 0.163 0.244 0.269 1    
118:  0.155 0.163 0.262 0.420 1    
119:  0.335 0.103 0.089 0.472 1    
120:  0.334 0.365 0.071 0.230 1    
121:  0.162 0.211 0.371 0.256 1    
122:  0.157 0.286 0.135 0.422 1    
123:  0.424 0.193 0.310 0.073 1    
124:  0.445 0.117 0.116 0.322 1    
125:  0.082 0.108 0.648 0.162 1    
126:  0.061 0.173 0.574 0.192 1    
127:  0.402 0.130 0.302 0.166 1    
128:  0.657 0.109 0.090 0.143 1    
129:  0.197 0.353 0.109 0.340 1    
130:  0.121 0.352 0.360 0.168 1    
131:  0.244 0.289 0.262 0.205 1    
132:  0.107 0.095 0.048 0.750 1    
133:  0.038 0.193 0.051 0.717 1    
134:  0.285 0.144 0.235 0.336 1    
135:  0.325 0.565 0.045 0.065 1    
136:  0.162 0.103 0.578 0.158 1    
137:  0.206 0.267 0.056 0.471 1    
138:  0.502 0.272 0.109 0.117 1    
139:  0.104 0.595 0.124 0.177 1    
140:  0.250 0.202 0.058 0.490 1    
141:  0.117 0.148 0.044 0.691 1    
142:  0.112 0.093 0.120 0.675 1    
143:  0.081 0.219 0.042 0.658 1    
144:  0.372 0.341 0.132 0.155 1    
145:  0.184 0.129 0.616 0.071 1    
146:  0.122 0.330 0.338 0.210 1    
147:  0.040 0.096 0.808 0.056 1    
148:  0.129 0.361 0.136 0.375 1    
149:  0.128 0.217 0.195 0.459 1    
150:  0.198 0.346 0.292 0.164 1    
151:  0.110 0.193 0.081 0.616 1    
152:  0.146 0.160 0.527 0.167 1    
153:  0.092 0.465 0.264 0.179 1    
154:  0.603 0.187 0.104 0.106 1    
155:  0.083 0.313 0.421 0.184 1    
156:  0.121 0.604 0.097 0.177 1    
157:  0.136 0.214 0.432 0.219 1    
158:  0.143 0.164 0.593 0.099 1    
159:  0.067 0.623 0.189 0.121 1    
160:  0.180 0.499 0.114 0.207 1    
161:  0.108 0.538 0.260 0.094 1    
162:  0.169 0.284 0.256 0.291 1    
163:  0.510 0.150 0.239 0.101 1    
164:  0.054 0.093 0.045 0.808 1    
165:  0.060 0.089 0.789 0.061 1    
166:  0.154 0.191 0.478 0.178 1    
167:  0.247 0.393 0.148 0.212 1    
168:  0.089 0.490 0.073 0.348 1    
169:  0.076 0.656 0.125 0.143 1    
170:  0.287 0.253 0.143 0.317 1    
171:  0.237 0.218 0.069 0.475 1    
172:  0.101 0.101 0.729 0.069 1    
173:  0.075 0.563 0.267 0.095 1    
174:  0.090 0.162 0.324 0.424 1    
175:  0.131 0.605 0.184 0.081 1    
176:  0.386 0.246 0.169 0.199 1    
177:  0.077 0.156 0.393 0.374 1    
178:  0.242 0.209 0.163 0.386 1    
179:  0.555 0.118 0.148 0.180 1    
180:  0.292 0.260 0.139 0.309 1    
181:  0.459 0.119 0.054 0.368 1    
182:  0.101 0.497 0.232 0.170 1    
183:  0.312 0.572 0.049 0.067 1    
184:  0.183 0.245 0.176 0.396 1    
185:  0.075 0.397 0.093 0.435 1    
186:  0.129 0.589 0.098 0.184 1    
187:  0.510 0.181 0.227 0.082 1    
188:  0.129 0.110 0.034 0.727 1    
189:  0.370 0.376 0.155 0.099 1    
190:  0.123 0.229 0.094 0.554 1    
191:  0.098 0.267 0.464 0.170 1    
192:  0.137 0.347 0.156 0.360 1    
193:  0.376 0.485 0.077 0.062 1    
194:  0.360 0.385 0.183 0.072 1    
195:  0.129 0.095 0.053 0.723 1    
196:  0.664 0.101 0.126 0.109 1    
197:  0.116 0.182 0.113 0.588 1    
198:  0.206 0.325 0.218 0.251 1    
199:  0.103 0.187 0.128 0.582 1    
200:  0.306 0.162 0.248 0.284 1    
201:  0.244 0.236 0.082 0.438 1    
202:  0.329 0.258 0.110 0.303 1    
203:  0.181 0.202 0.308 0.310 1    
204:  0.249 0.105 0.054 0.592 1    
205:  0.176 0.500 0.088 0.236 1    
206:  0.309 0.121 0.491 0.079 1    
207:  0.321 0.213 0.208 0.258 1    
208:  0.090 0.205 0.083 0.622 1    
209:  0.286 0.184 0.178 0.352 1    
210:  0.584 0.124 0.223 0.070 1    
211:  0.379 0.339 0.157 0.125 1    
212:  0.332 0.189 0.255 0.223 1    
213:  0.296 0.309 0.239 0.156 1    
214:  0.388 0.346 0.090 0.177 1    
215:  0.207 0.155 0.410 0.228 1    
216:  0.041 0.861 0.041 0.058 1    
217:  0.547 0.168 0.122 0.163 1    
218:  0.448 0.228 0.116 0.208 1    
219:  0.177 0.235 0.159 0.429 1    
220:  0.123 0.148 0.057 0.671 1    
221:  0.474 0.275 0.107 0.143 1    
222:  0.292 0.188 0.171 0.348 1    
223:  0.265 0.187 0.224 0.324 1    
224:  0.310 0.270 0.315 0.105 1    
225:  0.262 0.195 0.323 0.219 1    
226:  0.219 0.416 0.117 0.248 1    
227:  0.102 0.082 0.178 0.639 1    
228:  0.038 0.876 0.048 0.038 1    
229:  0.314 0.136 0.424 0.125 1    
230:  0.150 0.336 0.092 0.423 1    
231:  0.190 0.275 0.143 0.392 1    
232:  0.154 0.234 0.532 0.080 1    
233:  0.404 0.354 0.118 0.124 1    
234:  0.081 0.155 0.073 0.691 1    
235:  0.053 0.559 0.070 0.318 1    
236:  0.163 0.539 0.104 0.194 1    
237:  0.303 0.257 0.135 0.306 1    
238:  0.430 0.210 0.221 0.139 1    
239:  0.244 0.327 0.234 0.195 1    
240:  0.215 0.313 0.113 0.360 1    
241:  0.119 0.274 0.105 0.502 1    
242:  0.063 0.403 0.129 0.405 1    
243:  0.248 0.116 0.097 0.539 1    
244:  0.221 0.177 0.178 0.424 1    
245:  0.223 0.176 0.116 0.485 1    
246:  0.141 0.601 0.128 0.130 1    
247:  0.216 0.549 0.099 0.136 1    
248:  0.120 0.095 0.067 0.717 1    
249:  0.492 0.290 0.128 0.091 1    
250:  0.169 0.110 0.480 0.241 1    
251:  0.165 0.442 0.175 0.218 1    
252:  0.134 0.323 0.174 0.369 1    
253:  0.432 0.154 0.201 0.214 1    
254:  0.213 0.358 0.168 0.261 1    
255:  0.171 0.164 0.154 0.512 1    
256:  0.327 0.378 0.134 0.161 1    
257:  0.111 0.189 0.128 0.571 1    
258:  0.586 0.137 0.065 0.213 1    
259:  0.136 0.289 0.122 0.453 1    
260:  0.166 0.276 0.417 0.140 1    
261:  0.246 0.120 0.082 0.553 1    
262:  0.428 0.242 0.238 0.091 1    
263:  0.386 0.394 0.096 0.123 1    
264:  0.331 0.300 0.124 0.245 1    
265:  0.267 0.198 0.180 0.355 1    
266:  0.251 0.215 0.101 0.433 1    
267:  0.347 0.119 0.458 0.076 1    
268:  0.292 0.426 0.108 0.175 1    
269:  0.439 0.163 0.055 0.343 1    
270:  0.340 0.210 0.050 0.400 1    
271:  0.333 0.101 0.064 0.502 1    
272:  0.397 0.306 0.075 0.222 1    
273:  0.190 0.315 0.090 0.405 1    
274:  0.261 0.182 0.122 0.435 1    
275:  0.143 0.494 0.211 0.153 1    
276:  0.309 0.140 0.150 0.401 1    
277:  0.415 0.220 0.273 0.091 1    
278:  0.139 0.355 0.139 0.366 1    
279:  0.316 0.352 0.128 0.203 1    
280:  0.096 0.192 0.207 0.505 1    
281:  0.207 0.575 0.076 0.141 1    
282:  0.424 0.298 0.090 0.187 1    
283:  0.049 0.092 0.114 0.745 1    
284:  0.256 0.136 0.055 0.552 1    
285:  0.312 0.271 0.086 0.331 1    
286:  0.074 0.484 0.100 0.342 1    
287:  0.364 0.339 0.172 0.125 1    
288:  0.332 0.158 0.096 0.413 1    
289:  0.340 0.119 0.121 0.420 1    
290:  0.156 0.470 0.111 0.263 1    
291:  0.149 0.121 0.079 0.651 1    
292:  0.314 0.441 0.069 0.176 1    
293:  0.289 0.167 0.157 0.387 1    
294:  0.098 0.092 0.666 0.144 1    
295:  0.160 0.163 0.142 0.535 1    
296:  0.093 0.234 0.138 0.535 1    
297:  0.098 0.093 0.086 0.723 1    
298:  0.262 0.240 0.226 0.272 1    
299:  0.088 0.109 0.062 0.741 1    
300:  0.222 0.239 0.115 0.425 1    
301:  0.247 0.249 0.128 0.376 1    
302:  0.197 0.230 0.104 0.469 1    
303:  0.247 0.344 0.321 0.088 1    
304:  0.070 0.125 0.474 0.331 1    
305:  0.205 0.206 0.319 0.270 1    
306:  0.183 0.174 0.117 0.526 1    
307:  0.065 0.087 0.064 0.785 1    
308:  0.269 0.562 0.076 0.093 1    
309:  0.111 0.217 0.119 0.553 1    
310:  0.101 0.161 0.194 0.544 1    
311:  0.102 0.540 0.129 0.229 1    
312:  0.118 0.495 0.111 0.276 1    
313:  0.225 0.289 0.333 0.153 1    
314:  0.154 0.209 0.060 0.577 1    
315:  0.314 0.226 0.238 0.222 1    
316:  0.215 0.256 0.255 0.273 1    
317:  0.131 0.258 0.138 0.473 1    
318:  0.515 0.091 0.040 0.354 1    
319:  0.204 0.546 0.105 0.145 1    
320:  0.063 0.526 0.149 0.262 1    
321:  0.363 0.254 0.315 0.068 1    
322:  0.204 0.444 0.198 0.155 1    
323:  0.208 0.243 0.069 0.480 1    
324:  0.125 0.124 0.148 0.602 1    
325:  0.427 0.298 0.071 0.205 1    
326:  0.624 0.111 0.103 0.162 1    
327:  0.590 0.165 0.061 0.183 1    
328:  0.247 0.245 0.100 0.408 1    
329:  0.184 0.081 0.053 0.682 1    
330:  0.331 0.118 0.416 0.136 1    
331:  0.105 0.099 0.244 0.552 1    
332:  0.342 0.295 0.173 0.189 1    
333:  0.363 0.189 0.244 0.205 1    
334:  0.126 0.092 0.074 0.708 1    
335:  0.660 0.168 0.055 0.117 1    
336:  0.113 0.251 0.256 0.381 1    
337:  0.545 0.274 0.139 0.042 1    
338:  0.259 0.093 0.583 0.066 1    
339:  0.112 0.467 0.187 0.234 1    
340:  0.221 0.255 0.374 0.150 1    
341:  0.101 0.071 0.098 0.731 1    
342:  0.285 0.089 0.066 0.560 1    
343:  0.154 0.672 0.098 0.077 1    
344:  0.127 0.229 0.142 0.502 1    
345:  0.319 0.299 0.098 0.284 1    
346:  0.217 0.440 0.225 0.119 1    
347:  0.381 0.160 0.378 0.081 1    
348:  0.206 0.338 0.210 0.246 1    
349:  0.194 0.402 0.216 0.188 1    
350:  0.151 0.198 0.148 0.504 1    
351:  0.073 0.399 0.157 0.371 1    
352:  0.440 0.199 0.105 0.256 1    
                 
                 
1:    0.383 0.225 0.165 0.227 1    
2:    0.211 0.329 0.197 0.262 1    
3:    0.316 0.279 0.207 0.198 1    
4:    0.800 0.066 0.084 0.050 1    
5:    0.271 0.452 0.118 0.158 1    
6:    0.163 0.329 0.319 0.189 1    
7:    0.529 0.220 0.118 0.133 1    
8:    0.429 0.358 0.105 0.108 1    
9:    0.259 0.197 0.287 0.258 1    
10:   0.112 0.569 0.134 0.186 1    
11:   0.385 0.094 0.068 0.453 1    
12:   0.151 0.500 0.094 0.255 1    
13:   0.581 0.156 0.070 0.193 1    
14:   0.062 0.470 0.370 0.098 1    
15:   0.478 0.158 0.141 0.222 1    
16:   0.107 0.244 0.271 0.379 1    
17:   0.181 0.530 0.050 0.240 1    
18:   0.700 0.125 0.066 0.109 1    
19:   0.455 0.173 0.129 0.243 1    
20:   0.191 0.168 0.431 0.210 1    
21:   0.257 0.121 0.360 0.263 1    
22:   0.791 0.090 0.056 0.063 1    
23:   0.359 0.471 0.075 0.095 1    
24:   0.236 0.188 0.138 0.438 1    
25:   0.205 0.504 0.127 0.164 1    
26:   0.275 0.375 0.219 0.131 1    
27:   0.508 0.249 0.044 0.198 1    
28:   0.126 0.679 0.139 0.057 1    
29:   0.079 0.682 0.161 0.078 1    
30:   0.607 0.280 0.045 0.068 1    
31:   0.215 0.373 0.081 0.331 1    
32:   0.060 0.763 0.042 0.135 1    
33:   0.185 0.259 0.042 0.514 1    
34:   0.501 0.213 0.101 0.184 1    
35:   0.833 0.066 0.042 0.059 1    
36:   0.281 0.322 0.111 0.285 1    
37:   0.473 0.164 0.089 0.274 1    
38:   0.737 0.145 0.070 0.048 1    
39:   0.561 0.232 0.083 0.124 1    
40:   0.304 0.235 0.351 0.110 1    
41:   0.376 0.146 0.158 0.319 1    
42:   0.066 0.425 0.095 0.414 1    
43:   0.823 0.069 0.047 0.061 1    
44:   0.088 0.795 0.040 0.077 1    
45:   0.721 0.076 0.049 0.153 1    
46:   0.345 0.287 0.083 0.285 1    
47:   0.564 0.121 0.130 0.185 1    
48:   0.455 0.284 0.147 0.114 1    
49:   0.542 0.128 0.132 0.198 1    
50:   0.671 0.127 0.082 0.119 1    
51:   0.168 0.232 0.374 0.226 1    
52:   0.302 0.276 0.075 0.347 1    
53:   0.770 0.086 0.097 0.047 1    
54:   0.099 0.120 0.097 0.684 1    
55:   0.123 0.715 0.084 0.078 1    
56:   0.832 0.050 0.057 0.060 1    
57:   0.789 0.093 0.058 0.059 1    
58:   0.248 0.321 0.183 0.248 1    
59:   0.852 0.046 0.068 0.033 1    
60:   0.157 0.175 0.107 0.561 1    
61:   0.392 0.329 0.086 0.192 1    
62:   0.769 0.082 0.072 0.078 1    
63:   0.837 0.054 0.056 0.052 1    
64:   0.814 0.061 0.052 0.072 1    
65:   0.200 0.575 0.125 0.100 1    
66:   0.796 0.054 0.042 0.108 1    
67:   0.234 0.237 0.189 0.340 1    
68:   0.805 0.056 0.041 0.098 1    
69:   0.073 0.479 0.089 0.360 1    
70:   0.531 0.151 0.097 0.221 1    
71:   0.307 0.194 0.373 0.126 1    
72:   0.413 0.368 0.069 0.150 1    
73:   0.069 0.117 0.188 0.627 1    
74:   0.855 0.060 0.036 0.050 1    
75:   0.437 0.185 0.202 0.176 1    
76:   0.155 0.120 0.416 0.310 1    
77:   0.100 0.702 0.116 0.082 1    
78:   0.258 0.530 0.126 0.086 1    
79:   0.590 0.087 0.202 0.121 1    
80:   0.054 0.384 0.516 0.046 1    
81:   0.622 0.106 0.064 0.208 1    
82:   0.307 0.562 0.077 0.054 1    
83:   0.702 0.072 0.057 0.169 1    
84:   0.274 0.279 0.254 0.193 1    
85:   0.825 0.081 0.041 0.052 1    
86:   0.480 0.193 0.111 0.216 1    
87:   0.839 0.061 0.049 0.050 1    
88:   0.590 0.145 0.134 0.131 1    
89:   0.910 0.029 0.028 0.034 1    
90:   0.121 0.280 0.407 0.192 1    
91:   0.427 0.178 0.219 0.175 1    
92:   0.678 0.174 0.069 0.078 1    
93:   0.414 0.314 0.119 0.152 1    
94:   0.485 0.129 0.051 0.335 1    
95:   0.153 0.167 0.541 0.139 1    
96:   0.747 0.093 0.082 0.079 1    
97:   0.639 0.110 0.093 0.158 1    
98:   0.447 0.176 0.113 0.263 1    
99:   0.584 0.116 0.202 0.098 1    
100:  0.836 0.049 0.037 0.078 1    
101:  0.178 0.681 0.052 0.090 1    
102:  0.470 0.335 0.148 0.047 1    
103:  0.238 0.167 0.044 0.551 1    
104:  0.110 0.438 0.341 0.111 1    
105:  0.066 0.099 0.597 0.238 1    
106:  0.125 0.203 0.213 0.459 1    
107:  0.140 0.152 0.455 0.254 1    
108:  0.070 0.100 0.514 0.316 1    
109:  0.124 0.751 0.075 0.050 1    
110:  0.035 0.120 0.280 0.566 1    
111:  0.078 0.524 0.170 0.229 1    
112:  0.085 0.379 0.313 0.222 1    
113:  0.427 0.231 0.140 0.202 1    
114:  0.078 0.087 0.249 0.586 1    
115:  0.264 0.142 0.400 0.194 1    
116:  0.065 0.219 0.416 0.300 1    
117:  0.265 0.190 0.339 0.207 1    
118:  0.145 0.100 0.099 0.656 1    
119:  0.073 0.090 0.250 0.586 1    
120:  0.084 0.460 0.324 0.133 1    
121:  0.243 0.170 0.106 0.482 1    
122:  0.070 0.258 0.185 0.488 1    
123:  0.682 0.164 0.067 0.088 1    
124:  0.188 0.101 0.196 0.514 1    
125:  0.313 0.106 0.072 0.509 1    
126:  0.199 0.196 0.204 0.401 1    
127:  0.507 0.109 0.195 0.189 1    
128:  0.320 0.149 0.223 0.308 1    
129:  0.060 0.238 0.608 0.094 1    
130:  0.204 0.349 0.185 0.262 1    
131:  0.166 0.309 0.246 0.278 1    
132:  0.043 0.070 0.299 0.588 1    
133:  0.024 0.111 0.213 0.652 1    
134:  0.337 0.155 0.238 0.270 1    
135:  0.044 0.840 0.060 0.056 1    
136:  0.471 0.111 0.138 0.281 1    
137:  0.052 0.224 0.570 0.155 1    
138:  0.303 0.333 0.168 0.197 1    
139:  0.063 0.490 0.284 0.163 1    
140:  0.063 0.176 0.411 0.350 1    
141:  0.036 0.091 0.745 0.128 1    
142:  0.066 0.071 0.110 0.754 1    
143:  0.034 0.166 0.620 0.180 1    
144:  0.179 0.388 0.232 0.201 1    
145:  0.643 0.177 0.069 0.111 1    
146:  0.149 0.269 0.311 0.271 1    
147:  0.337 0.273 0.057 0.333 1    
148:  0.108 0.313 0.305 0.273 1    
149:  0.116 0.174 0.519 0.191 1    
150:  0.218 0.482 0.120 0.180 1    
151:  0.051 0.117 0.709 0.123 1    
152:  0.376 0.182 0.190 0.252 1    
153:  0.104 0.472 0.173 0.251 1    
154:  0.389 0.270 0.230 0.112 1    
155:  0.214 0.318 0.147 0.322 1    
156:  0.072 0.489 0.332 0.106 1    
157:  0.281 0.271 0.261 0.188 1    
158:  0.492 0.189 0.086 0.233 1    
159:  0.070 0.651 0.129 0.150 1    
160:  0.088 0.324 0.465 0.123 1    
161:  0.162 0.599 0.118 0.121 1    
162:  0.257 0.244 0.124 0.376 1    
163:  0.592 0.166 0.157 0.084 1    
164:  0.029 0.051 0.773 0.147 1    
165:  0.403 0.154 0.054 0.389 1    
166:  0.449 0.212 0.244 0.096 1    
167:  0.134 0.334 0.467 0.065 1    
168:  0.049 0.499 0.282 0.171 1    
169:  0.054 0.622 0.203 0.121 1    
170:  0.172 0.215 0.480 0.133 1    
171:  0.079 0.191 0.487 0.243 1    
172:  0.506 0.126 0.060 0.308 1    
173:  0.083 0.640 0.095 0.182 1    
174:  0.125 0.167 0.233 0.475 1    
175:  0.092 0.612 0.246 0.050 1    
176:  0.262 0.254 0.251 0.233 1    
177:  0.070 0.155 0.244 0.532 1    
178:  0.160 0.170 0.504 0.166 1    
179:  0.406 0.165 0.224 0.205 1    
180:  0.103 0.223 0.097 0.578 1    
181:  0.104 0.105 0.530 0.261 1    
182:  0.093 0.469 0.091 0.347 1    
183:  0.056 0.827 0.062 0.055 1    
184:  0.082 0.202 0.116 0.599 1    
185:  0.043 0.367 0.326 0.264 1    
186:  0.059 0.577 0.234 0.130 1    
187:  0.479 0.240 0.159 0.122 1    
188:  0.033 0.070 0.751 0.146 1    
189:  0.178 0.592 0.130 0.100 1    
190:  0.061 0.178 0.622 0.139 1    
191:  0.253 0.312 0.133 0.303 1    
192:  0.064 0.223 0.144 0.569 1    
193:  0.111 0.701 0.137 0.051 1    
194:  0.302 0.475 0.128 0.096 1    
195:  0.051 0.077 0.650 0.223 1    
196:  0.557 0.121 0.157 0.165 1    
197:  0.053 0.133 0.616 0.198 1    
198:  0.153 0.299 0.297 0.250 1    
199:  0.065 0.111 0.687 0.138 1    
200:  0.265 0.131 0.265 0.339 1    
201:  0.087 0.183 0.337 0.393 1    
202:  0.183 0.229 0.330 0.257 1    
203:  0.201 0.185 0.157 0.458 1    
204:  0.054 0.055 0.821 0.070 1    
205:  0.074 0.359 0.512 0.055 1    
206:  0.689 0.108 0.112 0.091 1    
207:  0.213 0.167 0.079 0.542 1    
208:  0.065 0.250 0.500 0.184 1    
209:  0.152 0.144 0.539 0.165 1    
210:  0.700 0.097 0.046 0.156 1    
211:  0.218 0.414 0.095 0.274 1    
212:  0.187 0.179 0.163 0.471 1    
213:  0.263 0.286 0.354 0.097 1    
214:  0.161 0.510 0.152 0.178 1    
215:  0.353 0.143 0.161 0.343 1    
216:  0.034 0.870 0.059 0.038 1    
217:  0.259 0.138 0.532 0.071 1    
218:  0.250 0.207 0.410 0.133 1    
219:  0.073 0.121 0.071 0.736 1    
220:  0.041 0.133 0.400 0.425 1    
221:  0.172 0.301 0.444 0.083 1    
222:  0.136 0.187 0.397 0.280 1    
223:  0.134 0.137 0.128 0.601 1    
224:  0.495 0.209 0.067 0.229 1    
225:  0.361 0.230 0.201 0.209 1    
226:  0.086 0.309 0.537 0.069 1    
227:  0.085 0.056 0.129 0.730 1    
228:  0.034 0.894 0.034 0.038 1    
229:  0.549 0.133 0.106 0.213 1    
230:  0.077 0.273 0.236 0.414 1    
231:  0.115 0.250 0.328 0.307 1    
232:  0.572 0.234 0.077 0.118 1    
233:  0.298 0.393 0.130 0.179 1    
234:  0.037 0.108 0.742 0.112 1    
235:  0.042 0.615 0.175 0.168 1    
236:  0.050 0.462 0.323 0.165 1    
237:  0.135 0.181 0.615 0.068 1    
238:  0.299 0.173 0.438 0.090 1    
239:  0.228 0.278 0.377 0.117 1    
240:  0.083 0.199 0.625 0.094 1    
241:  0.051 0.199 0.278 0.472 1    
242:  0.044 0.451 0.302 0.204 1    
243:  0.079 0.103 0.652 0.166 1    
244:  0.132 0.132 0.514 0.222 1    
245:  0.077 0.119 0.577 0.228 1    
246:  0.067 0.493 0.090 0.350 1    
247:  0.081 0.448 0.402 0.069 1    
248:  0.052 0.087 0.583 0.279 1    
249:  0.226 0.448 0.156 0.171 1    
250:  0.426 0.119 0.215 0.240 1    
251:  0.158 0.416 0.111 0.314 1    
252:  0.092 0.279 0.403 0.227 1    
253:  0.359 0.162 0.220 0.259 1    
254:  0.254 0.323 0.200 0.224 1    
255:  0.065 0.074 0.793 0.068 1    
256:  0.110 0.448 0.216 0.227 1    
257:  0.080 0.159 0.367 0.394 1    
258:  0.181 0.161 0.584 0.074 1    
259:  0.108 0.255 0.186 0.451 1    
260:  0.198 0.306 0.132 0.363 1    
261:  0.071 0.077 0.704 0.148 1    
262:  0.513 0.249 0.159 0.080 1    
263:  0.084 0.454 0.364 0.099 1    
264:  0.108 0.335 0.293 0.264 1    
265:  0.150 0.170 0.492 0.189 1    
266:  0.061 0.086 0.792 0.061 1    
267:  0.719 0.113 0.102 0.065 1    
268:  0.110 0.305 0.507 0.078 1    
269:  0.167 0.203 0.435 0.195 1    
270:  0.067 0.124 0.715 0.094 1    
271:  0.060 0.075 0.760 0.105 1    
272:  0.132 0.257 0.264 0.346 1    
273:  0.068 0.219 0.638 0.074 1    
274:  0.081 0.127 0.669 0.123 1    
275:  0.124 0.358 0.179 0.338 1    
276:  0.187 0.110 0.168 0.536 1    
277:  0.592 0.180 0.171 0.057 1    
278:  0.121 0.330 0.304 0.244 1    
279:  0.221 0.298 0.241 0.241 1    
280:  0.100 0.198 0.204 0.497 1    
281:  0.074 0.615 0.233 0.078 1    
282:  0.130 0.286 0.472 0.112 1    
283:  0.037 0.052 0.115 0.796 1    
284:  0.073 0.140 0.351 0.436 1    
285:  0.139 0.213 0.466 0.181 1    
286:  0.048 0.374 0.078 0.500 1    
287:  0.309 0.310 0.299 0.082 1    
288:  0.177 0.142 0.403 0.277 1    
289:  0.151 0.115 0.207 0.527 1    
290:  0.069 0.394 0.437 0.100 1    
291:  0.071 0.112 0.302 0.515 1    
292:  0.061 0.383 0.499 0.056 1    
293:  0.245 0.149 0.232 0.374 1    
294:  0.344 0.131 0.167 0.358 1    
295:  0.078 0.071 0.084 0.766 1    
296:  0.088 0.180 0.332 0.400 1    
297:  0.039 0.065 0.297 0.599 1    
298:  0.186 0.212 0.284 0.318 1    
299:  0.045 0.084 0.354 0.516 1    
300:  0.068 0.185 0.608 0.139 1    
301:  0.104 0.207 0.168 0.521 1    
302:  0.047 0.115 0.692 0.146 1    
303:  0.327 0.354 0.081 0.238 1    
304:  0.060 0.070 0.045 0.824 1    
305:  0.192 0.182 0.163 0.463 1    
306:  0.064 0.096 0.758 0.082 1    
307:  0.036 0.083 0.273 0.608 1    
308:  0.050 0.639 0.221 0.090 1    
309:  0.045 0.067 0.048 0.840 1    
310:  0.095 0.130 0.171 0.603 1    
311:  0.059 0.458 0.260 0.223 1    
312:  0.077 0.497 0.150 0.275 1    
313:  0.520 0.218 0.129 0.133 1    
314:  0.064 0.157 0.285 0.494 1    
315:  0.218 0.172 0.094 0.516 1    
316:  0.159 0.218 0.437 0.186 1    
317:  0.100 0.146 0.093 0.661 1    
318:  0.105 0.103 0.456 0.336 1    
319:  0.070 0.453 0.384 0.093 1    
320:  0.048 0.483 0.284 0.186 1    
321:  0.645 0.171 0.129 0.055 1    
322:  0.219 0.458 0.106 0.217 1    
323:  0.064 0.174 0.325 0.436 1    
324:  0.057 0.073 0.130 0.739 1    
325:  0.099 0.361 0.437 0.102 1    
326:  0.300 0.171 0.153 0.375 1    
327:  0.202 0.237 0.274 0.287 1    
328:  0.068 0.237 0.517 0.178 1    
329:  0.044 0.089 0.466 0.401 1    
330:  0.538 0.109 0.210 0.142 1    
331:  0.060 0.054 0.063 0.823 1    
332:  0.206 0.230 0.416 0.148 1    
333:  0.371 0.148 0.121 0.360 1    
334:  0.045 0.068 0.106 0.781 1    
335:  0.208 0.275 0.457 0.059 1    
336:  0.116 0.211 0.269 0.404 1    
337:  0.474 0.370 0.089 0.068 1    
338:  0.732 0.069 0.053 0.145 1    
339:  0.073 0.306 0.064 0.557 1    
340:  0.227 0.238 0.113 0.422 1    
341:  0.074 0.067 0.208 0.651 1    
342:  0.069 0.076 0.571 0.284 1    
343:  0.083 0.549 0.048 0.321 1    
344:  0.105 0.217 0.315 0.363 1    
345:  0.134 0.337 0.322 0.207 1    
346:  0.203 0.461 0.271 0.065 1    
347:  0.475 0.189 0.091 0.244 1    
348:  0.170 0.321 0.312 0.196 1    
349:  0.139 0.268 0.076 0.516 1    
350:  0.103 0.173 0.390 0.334 1    
351:  0.088 0.368 0.220 0.324 1    
352:  0.151 0.201 0.463 0.184 1    
                 
                 
1:    0.282 0.092 0.171 0.455 1    
2:    0.236 0.180 0.358 0.226 1    
3:    0.251 0.124 0.265 0.361 1    
4:    0.069 0.039 0.043 0.850 1    
5:    0.159 0.087 0.487 0.267 1    
6:    0.337 0.226 0.279 0.158 1    
7:    0.181 0.064 0.168 0.586 1    
8:    0.105 0.070 0.405 0.419 1    
9:    0.336 0.199 0.170 0.295 1    
10:   0.113 0.161 0.599 0.127 1    
11:   0.044 0.421 0.083 0.453 1    
12:   0.068 0.393 0.446 0.093 1    
13:   0.058 0.053 0.101 0.788 1    
14:   0.364 0.115 0.487 0.034 1    
15:   0.192 0.197 0.161 0.450 1    
16:   0.384 0.201 0.221 0.195 1    
17:   0.049 0.109 0.598 0.244 1    
18:   0.045 0.049 0.097 0.808 1    
19:   0.164 0.149 0.176 0.511 1    
20:   0.525 0.087 0.087 0.301 1    
21:   0.371 0.177 0.168 0.284 1    
22:   0.135 0.104 0.087 0.674 1    
23:   0.065 0.058 0.427 0.450 1    
24:   0.164 0.219 0.163 0.455 1    
25:   0.111 0.099 0.554 0.236 1    
26:   0.278 0.098 0.450 0.174 1    
27:   0.028 0.083 0.198 0.691 1    
28:   0.126 0.056 0.742 0.076 1    
29:   0.155 0.071 0.721 0.053 1    
30:   0.023 0.042 0.218 0.717 1    
31:   0.130 0.234 0.421 0.216 1    
32:   0.032 0.064 0.845 0.059 1    
33:   0.035 0.364 0.269 0.332 1    
34:   0.094 0.085 0.148 0.672 1    
35:   0.024 0.022 0.035 0.919 1    
36:   0.156 0.155 0.274 0.415 1    
37:   0.046 0.129 0.132 0.694 1    
38:   0.043 0.022 0.094 0.842 1    
39:   0.075 0.109 0.241 0.575 1    
40:   0.477 0.063 0.155 0.305 1    
41:   0.126 0.340 0.140 0.395 1    
42:   0.084 0.353 0.498 0.065 1    
43:   0.038 0.034 0.044 0.883 1    
44:   0.024 0.050 0.867 0.059 1    
45:   0.040 0.180 0.085 0.695 1    
46:   0.046 0.177 0.240 0.538 1    
47:   0.082 0.112 0.085 0.722 1    
48:   0.119 0.098 0.298 0.485 1    
49:   0.151 0.273 0.114 0.463 1    
50:   0.157 0.173 0.190 0.480 1    
51:   0.500 0.124 0.206 0.170 1    
52:   0.064 0.234 0.294 0.408 1    
53:   0.060 0.030 0.059 0.851 1    
54:   0.083 0.695 0.108 0.113 1    
55:   0.067 0.055 0.624 0.254 1    
56:   0.032 0.029 0.031 0.907 1    
57:   0.122 0.099 0.111 0.668 1    
58:   0.220 0.133 0.338 0.309 1    
59:   0.039 0.018 0.037 0.906 1    
60:   0.133 0.423 0.198 0.246 1    
61:   0.081 0.081 0.371 0.467 1    
62:   0.133 0.138 0.102 0.627 1    
63:   0.047 0.039 0.040 0.874 1    
64:   0.052 0.090 0.071 0.788 1    
65:   0.130 0.060 0.689 0.121 1    
66:   0.028 0.029 0.031 0.912 1    
67:   0.153 0.547 0.166 0.135 1    
68:   0.018 0.031 0.032 0.918 1    
69:   0.089 0.348 0.484 0.078 1    
70:   0.096 0.352 0.097 0.454 1    
71:   0.514 0.105 0.140 0.240 1    
72:   0.043 0.124 0.368 0.465 1    
73:   0.211 0.599 0.119 0.071 1    
74:   0.024 0.025 0.037 0.914 1    
75:   0.169 0.113 0.174 0.543 1    
76:   0.408 0.341 0.151 0.100 1    
77:   0.183 0.044 0.727 0.046 1    
78:   0.132 0.049 0.474 0.345 1    
79:   0.278 0.147 0.078 0.497 1    
80:   0.627 0.024 0.325 0.023 1    
81:   0.056 0.059 0.089 0.795 1    
82:   0.092 0.034 0.587 0.287 1    
83:   0.044 0.148 0.067 0.741 1    
84:   0.384 0.068 0.226 0.322 1    
85:   0.051 0.036 0.079 0.834 1    
86:   0.168 0.133 0.191 0.509 1    
87:   0.028 0.020 0.034 0.917 1    
88:   0.190 0.105 0.176 0.529 1    
89:   0.017 0.014 0.018 0.951 1    
90:   0.369 0.123 0.358 0.150 1    
91:   0.232 0.141 0.192 0.435 1    
92:   0.054 0.040 0.117 0.788 1    
93:   0.188 0.098 0.310 0.404 1    
94:   0.053 0.090 0.089 0.768 1    
95:   0.609 0.105 0.137 0.150 1    
96:   0.092 0.038 0.072 0.798 1    
97:   0.164 0.293 0.105 0.438 1    
98:   0.114 0.062 0.090 0.735 1    
99:   0.289 0.098 0.131 0.482 1    
100:  0.084 0.112 0.036 0.769 1    
101:  0.032 0.037 0.742 0.189 1    
102:  0.214 0.044 0.415 0.327 1    
103:  0.066 0.360 0.183 0.390 1    
104:  0.423 0.096 0.425 0.056 1    
105:  0.463 0.397 0.095 0.044 1    
106:  0.191 0.430 0.221 0.157 1    
107:  0.383 0.345 0.153 0.120 1    
108:  0.312 0.558 0.085 0.045 1    
109:  0.234 0.023 0.664 0.078 1    
110:  0.360 0.475 0.140 0.025 1    
111:  0.160 0.164 0.627 0.050 1    
112:  0.235 0.374 0.338 0.052 1    
113:  0.122 0.242 0.184 0.453 1    
114:  0.132 0.785 0.049 0.034 1    
115:  0.498 0.154 0.089 0.259 1    
116:  0.442 0.382 0.139 0.036 1    
117:  0.438 0.167 0.151 0.245 1    
118:  0.049 0.784 0.080 0.087 1    
119:  0.184 0.725 0.042 0.049 1    
120:  0.411 0.124 0.415 0.049 1    
121:  0.085 0.492 0.185 0.238 1    
122:  0.151 0.574 0.224 0.051 1    
123:  0.043 0.076 0.104 0.776 1    
124:  0.126 0.718 0.068 0.087 1    
125:  0.104 0.306 0.115 0.475 1    
126:  0.214 0.278 0.236 0.272 1    
127:  0.174 0.254 0.111 0.461 1    
128:  0.216 0.511 0.131 0.143 1    
129:  0.705 0.062 0.195 0.038 1    
130:  0.173 0.327 0.311 0.189 1    
131:  0.310 0.142 0.341 0.208 1    
132:  0.126 0.819 0.037 0.017 1    
133:  0.282 0.548 0.154 0.015 1    
134:  0.175 0.317 0.174 0.334 1    
135:  0.234 0.040 0.698 0.029 1    
136:  0.125 0.237 0.084 0.554 1    
137:  0.624 0.176 0.171 0.030 1    
138:  0.101 0.201 0.445 0.253 1    
139:  0.349 0.072 0.535 0.044 1    
140:  0.474 0.350 0.134 0.042 1    
141:  0.703 0.171 0.104 0.021 1    
142:  0.062 0.870 0.032 0.036 1    
143:  0.471 0.315 0.190 0.024 1    
144:  0.235 0.202 0.430 0.132 1    
145:  0.059 0.066 0.163 0.712 1    
146:  0.364 0.136 0.309 0.191 1    
147:  0.043 0.077 0.219 0.661 1    
148:  0.231 0.308 0.362 0.099 1    
149:  0.587 0.164 0.157 0.091 1    
150:  0.145 0.137 0.440 0.277 1    
151:  0.661 0.151 0.149 0.038 1    
152:  0.146 0.210 0.170 0.474 1    
153:  0.182 0.141 0.538 0.139 1    
154:  0.302 0.133 0.302 0.263 1    
155:  0.159 0.172 0.384 0.286 1    
156:  0.338 0.077 0.541 0.044 1    
157:  0.269 0.128 0.255 0.348 1    
158:  0.097 0.104 0.175 0.624 1    
159:  0.137 0.070 0.731 0.062 1    
160:  0.497 0.082 0.350 0.071 1    
161:  0.103 0.050 0.674 0.173 1    
162:  0.097 0.383 0.295 0.224 1    
163:  0.228 0.095 0.160 0.517 1    
164:  0.701 0.226 0.054 0.019 1    
165:  0.059 0.141 0.132 0.668 1    
166:  0.172 0.086 0.153 0.589 1    
167:  0.562 0.060 0.255 0.123 1    
168:  0.319 0.108 0.539 0.034 1    
169:  0.229 0.046 0.657 0.068 1    
170:  0.499 0.129 0.216 0.157 1    
171:  0.408 0.341 0.207 0.044 1    
172:  0.031 0.088 0.114 0.767 1    
173:  0.090 0.080 0.701 0.129 1    
174:  0.211 0.445 0.188 0.156 1    
175:  0.183 0.027 0.703 0.087 1    
176:  0.278 0.262 0.223 0.237 1    
177:  0.352 0.390 0.152 0.106 1    
178:  0.509 0.169 0.204 0.118 1    
179:  0.294 0.207 0.154 0.346 1    
180:  0.077 0.632 0.189 0.103 1    
181:  0.339 0.480 0.126 0.055 1    
182:  0.113 0.285 0.461 0.141 1    
183:  0.182 0.026 0.760 0.031 1    
184:  0.144 0.589 0.184 0.083 1    
185:  0.332 0.262 0.366 0.040 1    
186:  0.336 0.075 0.548 0.040 1    
187:  0.187 0.106 0.256 0.451 1    
188:  0.599 0.280 0.104 0.018 1    
189:  0.226 0.065 0.601 0.108 1    
190:  0.572 0.142 0.243 0.044 1    
191:  0.178 0.211 0.305 0.307 1    
192:  0.093 0.679 0.171 0.057 1    
193:  0.312 0.025 0.606 0.057 1    
194:  0.189 0.050 0.447 0.314 1    
195:  0.479 0.396 0.096 0.029 1    
196:  0.145 0.293 0.112 0.450 1    
197:  0.631 0.195 0.131 0.043 1    
198:  0.410 0.130 0.317 0.142 1    
199:  0.673 0.180 0.099 0.048 1    
200:  0.427 0.182 0.160 0.231 1    
201:  0.326 0.375 0.239 0.060 1    
202:  0.302 0.342 0.265 0.090 1    
203:  0.124 0.532 0.152 0.192 1    
204:  0.746 0.158 0.066 0.031 1    
205:  0.567 0.048 0.348 0.037 1    
206:  0.163 0.039 0.111 0.687 1    
207:  0.051 0.552 0.178 0.218 1    
208:  0.442 0.216 0.291 0.051 1    
209:  0.685 0.102 0.103 0.110 1    
210:  0.056 0.178 0.136 0.631 1    
211:  0.080 0.192 0.484 0.244 1    
212:  0.141 0.474 0.187 0.198 1    
213:  0.458 0.059 0.283 0.199 1    
214:  0.236 0.182 0.486 0.096 1    
215:  0.120 0.323 0.123 0.433 1    
216:  0.028 0.021 0.933 0.017 1    
217:  0.642 0.051 0.132 0.175 1    
218:  0.446 0.117 0.246 0.192 1    
219:  0.057 0.755 0.133 0.055 1    
220:  0.481 0.391 0.100 0.028 1    
221:  0.555 0.061 0.251 0.133 1    
222:  0.370 0.308 0.218 0.104 1    
223:  0.056 0.752 0.093 0.100 1    
224:  0.075 0.199 0.248 0.478 1    
225:  0.201 0.170 0.177 0.452 1    
226:  0.542 0.063 0.341 0.055 1    
227:  0.028 0.904 0.028 0.040 1    
228:  0.021 0.015 0.946 0.018 1    
229:  0.087 0.124 0.136 0.653 1    
230:  0.200 0.501 0.255 0.044 1    
231:  0.347 0.310 0.254 0.089 1    
232:  0.053 0.095 0.216 0.636 1    
233:  0.072 0.187 0.436 0.304 1    
234:  0.740 0.132 0.100 0.028 1    
235:  0.118 0.198 0.658 0.026 1    
236:  0.460 0.124 0.376 0.040 1    
237:  0.747 0.046 0.149 0.058 1    
238:  0.501 0.074 0.215 0.211 1    
239:  0.462 0.088 0.282 0.168 1    
240:  0.630 0.095 0.227 0.049 1    
241:  0.224 0.536 0.205 0.034 1    
242:  0.457 0.096 0.387 0.060 1    
243:  0.645 0.199 0.096 0.060 1    
244:  0.534 0.233 0.138 0.095 1    
245:  0.414 0.384 0.153 0.049 1    
246:  0.086 0.220 0.635 0.059 1    
247:  0.410 0.055 0.476 0.060 1    
248:  0.461 0.432 0.071 0.036 1    
249:  0.214 0.141 0.426 0.219 1    
250:  0.199 0.172 0.119 0.511 1    
251:  0.113 0.312 0.414 0.161 1    
252:  0.486 0.141 0.297 0.077 1    
253:  0.183 0.376 0.138 0.303 1    
254:  0.156 0.273 0.365 0.206 1    
255:  0.849 0.046 0.068 0.037 1    
256:  0.319 0.179 0.414 0.087 1    
257:  0.432 0.366 0.135 0.066 1    
258:  0.673 0.096 0.135 0.095 1    
259:  0.144 0.477 0.303 0.076 1    
260:  0.208 0.159 0.370 0.263 1    
261:  0.659 0.200 0.093 0.047 1    
262:  0.146 0.089 0.330 0.435 1    
263:  0.534 0.055 0.360 0.051 1    
264:  0.356 0.287 0.277 0.081 1    
265:  0.631 0.172 0.111 0.086 1    
266:  0.819 0.046 0.095 0.040 1    
267:  0.135 0.045 0.088 0.732 1    
268:  0.604 0.049 0.267 0.081 1    
269:  0.403 0.281 0.221 0.095 1    
270:  0.681 0.123 0.152 0.043 1    
271:  0.771 0.132 0.061 0.036 1    
272:  0.210 0.402 0.332 0.055 1    
273:  0.711 0.074 0.166 0.049 1    
274:  0.679 0.127 0.142 0.052 1    
275:  0.175 0.178 0.535 0.112 1    
276:  0.103 0.690 0.089 0.119 1    
277:  0.205 0.060 0.221 0.514 1    
278:  0.300 0.313 0.267 0.120 1    
279:  0.273 0.281 0.345 0.101 1    
280:  0.151 0.562 0.189 0.098 1    
281:  0.188 0.075 0.692 0.045 1    
282:  0.594 0.075 0.266 0.065 1    
283:  0.027 0.905 0.040 0.028 1    
284:  0.237 0.596 0.129 0.039 1    
285:  0.481 0.177 0.244 0.098 1    
286:  0.039 0.575 0.350 0.036 1    
287:  0.365 0.059 0.380 0.196 1    
288:  0.340 0.438 0.124 0.099 1    
289:  0.139 0.700 0.080 0.081 1    
290:  0.403 0.098 0.439 0.060 1    
291:  0.154 0.732 0.066 0.047 1    
292:  0.581 0.034 0.350 0.035 1    
293:  0.144 0.565 0.123 0.167 1    
294:  0.294 0.120 0.093 0.493 1    
295:  0.040 0.868 0.045 0.047 1    
296:  0.368 0.343 0.217 0.072 1    
297:  0.162 0.750 0.055 0.033 1    
298:  0.235 0.405 0.178 0.182 1    
299:  0.176 0.737 0.058 0.029 1    
300:  0.715 0.100 0.136 0.049 1    
301:  0.088 0.671 0.174 0.066 1    
302:  0.744 0.113 0.110 0.033 1    
303:  0.089 0.218 0.387 0.306 1    
304:  0.027 0.808 0.059 0.106 1    
305:  0.144 0.443 0.215 0.197 1    
306:  0.800 0.064 0.096 0.040 1    
307:  0.076 0.857 0.046 0.021 1    
308:  0.448 0.041 0.469 0.042 1    
309:  0.031 0.888 0.048 0.033 1    
310:  0.100 0.724 0.094 0.081 1    
311:  0.304 0.158 0.466 0.072 1    
312:  0.106 0.245 0.584 0.066 1    
313:  0.141 0.126 0.242 0.491 1    
314:  0.154 0.708 0.107 0.031 1    
315:  0.067 0.553 0.181 0.199 1    
316:  0.508 0.138 0.209 0.145 1    
317:  0.051 0.784 0.105 0.060 1    
318:  0.354 0.538 0.071 0.037 1    
319:  0.504 0.039 0.410 0.047 1    
320:  0.324 0.137 0.488 0.051 1    
321:  0.131 0.038 0.163 0.668 1    
322:  0.118 0.117 0.556 0.209 1    
323:  0.222 0.604 0.137 0.037 1    
324:  0.061 0.855 0.046 0.038 1    
325:  0.485 0.091 0.371 0.053 1    
326:  0.129 0.538 0.156 0.177 1    
327:  0.201 0.495 0.198 0.106 1    
328:  0.551 0.163 0.241 0.045 1    
329:  0.352 0.565 0.059 0.024 1    
330:  0.279 0.118 0.077 0.525 1    
331:  0.045 0.856 0.046 0.053 1    
332:  0.385 0.127 0.334 0.153 1    
333:  0.156 0.255 0.292 0.297 1    
334:  0.032 0.905 0.038 0.025 1    
335:  0.540 0.046 0.321 0.094 1    
336:  0.221 0.400 0.231 0.148 1    
337:  0.083 0.046 0.394 0.477 1    
338:  0.057 0.050 0.064 0.829 1    
339:  0.058 0.486 0.388 0.067 1    
340:  0.227 0.209 0.294 0.270 1    
341:  0.062 0.859 0.035 0.043 1    
342:  0.501 0.401 0.059 0.039 1    
343:  0.033 0.226 0.697 0.044 1    
344:  0.297 0.371 0.252 0.081 1    
345:  0.420 0.234 0.244 0.103 1    
346:  0.286 0.042 0.471 0.201 1    
347:  0.167 0.105 0.194 0.534 1    
348:  0.453 0.102 0.303 0.141 1    
349:  0.086 0.364 0.429 0.122 1    
350:  0.316 0.387 0.174 0.123 1    
351:  0.221 0.265 0.452 0.062 1    
352:  0.414 0.183 0.252 0.151 1    
                 
                 
1:    0.439 0.178 0.198 0.185 1    
2:    0.286 0.157 0.348 0.209 1    
3:    0.327 0.230 0.256 0.187 1    
4:    0.703 0.123 0.079 0.095 1    
5:    0.203 0.359 0.321 0.118 1    
6:    0.187 0.268 0.263 0.282 1    
7:    0.431 0.226 0.224 0.119 1    
8:    0.339 0.256 0.284 0.121 1    
9:    0.267 0.273 0.201 0.259 1    
10:   0.176 0.173 0.491 0.160 1    
11:   0.513 0.261 0.114 0.113 1    
12:   0.097 0.403 0.398 0.102 1    
13:   0.604 0.160 0.142 0.093 1    
14:   0.093 0.143 0.514 0.249 1    
15:   0.322 0.346 0.149 0.182 1    
16:   0.209 0.199 0.267 0.324 1    
17:   0.188 0.176 0.554 0.082 1    
18:   0.608 0.136 0.164 0.091 1    
19:   0.412 0.251 0.185 0.152 1    
20:   0.411 0.108 0.133 0.348 1    
21:   0.376 0.149 0.148 0.327 1    
22:   0.283 0.582 0.087 0.048 1    
23:   0.489 0.097 0.330 0.084 1    
24:   0.452 0.164 0.161 0.224 1    
25:   0.266 0.173 0.430 0.131 1    
26:   0.185 0.172 0.480 0.163 1    
27:   0.711 0.088 0.148 0.053 1    
28:   0.150 0.228 0.520 0.102 1    
29:   0.120 0.152 0.610 0.118 1    
30:   0.658 0.075 0.211 0.056 1    
31:   0.282 0.182 0.405 0.131 1    
32:   0.151 0.096 0.670 0.083 1    
33:   0.488 0.155 0.283 0.074 1    
34:   0.546 0.146 0.193 0.115 1    
35:   0.767 0.109 0.072 0.053 1    
36:   0.500 0.121 0.231 0.148 1    
37:   0.570 0.187 0.144 0.100 1    
38:   0.671 0.131 0.132 0.066 1    
39:   0.387 0.257 0.252 0.104 1    
40:   0.304 0.158 0.240 0.297 1    
41:   0.289 0.389 0.132 0.190 1    
42:   0.148 0.181 0.505 0.166 1    
43:   0.794 0.070 0.077 0.060 1    
44:   0.110 0.113 0.717 0.060 1    
45:   0.291 0.555 0.084 0.069 1    
46:   0.469 0.185 0.234 0.112 1    
47:   0.537 0.184 0.131 0.149 1    
48:   0.463 0.167 0.258 0.112 1    
49:   0.215 0.540 0.111 0.134 1    
50:   0.259 0.530 0.133 0.078 1    
51:   0.260 0.148 0.256 0.336 1    
52:   0.494 0.144 0.240 0.122 1    
