1:    0.011 0.014 0.969 0.006 1    
2:    0.022 0.019 0.953 0.006 1    
3:    0.006 0.005 0.985 0.005 1    
4:    0.015 0.014 0.955 0.016 1    
5:    0.040 0.070 0.879 0.011 1    
6:    0.013 0.017 0.952 0.018 1    
7:    0.008 0.012 0.973 0.007 1    
8:    0.010 0.008 0.979 0.003 1    
9:    0.034 0.912 0.047 0.007 1    
10:   0.010 0.977 0.007 0.005 1    
11:   0.017 0.968 0.011 0.004 1    
12:   0.076 0.905 0.011 0.008 1    
13:   0.059 0.909 0.017 0.014 1    
14:   0.015 0.967 0.009 0.009 1    
15:   0.019 0.933 0.043 0.005 1    
16:   0.011 0.976 0.009 0.005 1    
17:   0.018 0.959 0.018 0.004 1    
18:   0.007 0.011 0.005 0.976 1    
19:   0.008 0.010 0.006 0.977 1    
20:   0.004 0.009 0.004 0.983 1    
21:   0.005 0.006 0.006 0.982 1    
22:   0.004 0.009 0.005 0.981 1    
23:   0.006 0.005 0.006 0.983 1    
24:   0.007 0.004 0.005 0.984 1    
25:   0.975 0.008 0.009 0.009 1    
26:   0.955 0.009 0.009 0.027 1    
27:   0.922 0.013 0.023 0.042 1    
28:   0.962 0.009 0.023 0.006 1    
29:   0.920 0.007 0.027 0.046 1    
30:   0.955 0.007 0.014 0.025 1    
31:   0.963 0.007 0.020 0.010 1    
32:   0.004 0.985 0.006 0.005 1    
33:   0.008 0.978 0.008 0.006 1    
34:   0.006 0.974 0.012 0.007 1    
35:   0.003 0.984 0.007 0.005 1    
36:   0.006 0.977 0.012 0.005 1    
37:   0.011 0.967 0.013 0.009 1    
38:   0.004 0.984 0.006 0.007 1    
39:   0.008 0.937 0.011 0.044 1    
40:   0.011 0.893 0.013 0.083 1    
41:   0.021 0.871 0.018 0.090 1    
42:   0.008 0.876 0.016 0.100 1    
43:   0.013 0.929 0.012 0.047 1    
44:   0.017 0.910 0.012 0.061 1    
45:   0.021 0.924 0.007 0.048 1    
46:   0.008 0.891 0.040 0.061 1    
47:   0.933 0.014 0.017 0.036 1    
48:   0.956 0.009 0.011 0.024 1    
49:   0.949 0.009 0.015 0.027 1    
50:   0.938 0.016 0.018 0.028 1    
51:   0.945 0.015 0.015 0.025 1    
52:   0.088 0.644 0.153 0.115 1    
53:   0.094 0.518 0.177 0.211 1    
54:   0.059 0.730 0.083 0.128 1    
55:   0.011 0.968 0.005 0.016 1    
56:   0.009 0.971 0.005 0.015 1    
57:   0.368 0.520 0.029 0.083 1    
58:   0.036 0.550 0.016 0.398 1    
59:   0.024 0.653 0.167 0.156 1    
60:   0.814 0.094 0.054 0.038 1    
61:   0.885 0.081 0.025 0.010 1    
62:   0.917 0.050 0.019 0.014 1    
63:   0.909 0.060 0.015 0.016 1    
64:   0.832 0.108 0.015 0.046 1    
65:   0.908 0.034 0.007 0.050 1    
66:   0.022 0.940 0.005 0.032 1    
67:   0.048 0.929 0.007 0.016 1    
68:   0.047 0.916 0.008 0.029 1    
69:   0.045 0.937 0.006 0.011 1    
70:   0.063 0.852 0.011 0.074 1    
71:   0.053 0.923 0.007 0.017 1    
72:   0.031 0.927 0.007 0.036 1    
73:   0.070 0.898 0.009 0.023 1    
74:   0.006 0.979 0.006 0.010 1    
75:   0.014 0.946 0.008 0.032 1    
76:   0.024 0.903 0.032 0.041 1    
77:   0.138 0.742 0.096 0.025 1    
78:   0.006 0.957 0.010 0.027 1    
79:   0.038 0.935 0.015 0.012 1    
80:   0.022 0.964 0.005 0.010 1    
81:   0.588 0.251 0.022 0.140 1    
82:   0.673 0.122 0.035 0.170 1    
83:   0.823 0.106 0.020 0.052 1    
84:   0.822 0.014 0.011 0.152 1    
85:   0.529 0.099 0.032 0.339 1    
86:   0.895 0.070 0.013 0.022 1    
87:   0.957 0.018 0.020 0.005 1    
88:   0.959 0.028 0.007 0.005 1    
89:   0.874 0.102 0.016 0.008 1    
90:   0.968 0.007 0.010 0.015 1    
91:   0.032 0.951 0.012 0.005 1    
92:   0.045 0.927 0.019 0.010 1    
93:   0.011 0.978 0.005 0.007 1    
94:   0.057 0.910 0.022 0.011 1    
95:   0.028 0.932 0.012 0.028 1    
96:   0.029 0.884 0.008 0.079 1    
97:   0.923 0.051 0.018 0.008 1    
98:   0.935 0.021 0.021 0.023 1    
99:   0.945 0.015 0.026 0.014 1    
100:  0.764 0.165 0.050 0.021 1    
101:  0.968 0.010 0.017 0.006 1    
102:  0.946 0.028 0.019 0.008 1    
103:  0.969 0.010 0.013 0.008 1    
104:  0.009 0.031 0.006 0.954 1    
105:  0.006 0.018 0.011 0.966 1    
106:  0.054 0.013 0.009 0.924 1    
107:  0.010 0.008 0.006 0.976 1    
108:  0.052 0.014 0.010 0.924 1    
109:  0.269 0.043 0.011 0.677 1    
110:  0.008 0.024 0.012 0.956 1    
111:  0.020 0.016 0.009 0.954 1    
112:  0.007 0.014 0.009 0.970 1    
113:  0.011 0.005 0.005 0.979 1    
114:  0.008 0.006 0.006 0.980 1    
115:  0.008 0.019 0.009 0.964 1    
116:  0.005 0.004 0.004 0.987 1    
117:  0.007 0.047 0.014 0.933 1    
118:  0.008 0.005 0.004 0.983 1    
119:  0.010 0.005 0.005 0.980 1    
120:  0.005 0.004 0.005 0.986 1    
121:  0.010 0.008 0.013 0.969 1    
122:  0.007 0.005 0.005 0.983 1    
123:  0.005 0.018 0.008 0.969 1    
124:  0.004 0.004 0.004 0.987 1    
125:  0.010 0.005 0.007 0.978 1    
126:  0.005 0.007 0.005 0.984 1    
127:  0.004 0.005 0.006 0.985 1    
128:  0.009 0.006 0.005 0.980 1    
129:  0.547 0.374 0.012 0.068 1    
130:  0.473 0.454 0.039 0.034 1    
131:  0.961 0.019 0.011 0.010 1    
132:  0.751 0.214 0.011 0.023 1    
133:  0.965 0.015 0.007 0.013 1    
134:  0.744 0.216 0.014 0.025 1    
135:  0.818 0.083 0.033 0.065 1    
136:  0.981 0.005 0.009 0.004 1    
137:  0.979 0.003 0.008 0.010 1    
138:  0.969 0.011 0.014 0.006 1    
139:  0.978 0.011 0.007 0.004 1    
140:  0.980 0.005 0.009 0.006 1    
141:  0.947 0.017 0.018 0.018 1    
142:  0.979 0.004 0.010 0.007 1    
143:  0.987 0.005 0.005 0.004 1    
144:  0.985 0.004 0.006 0.004 1    
145:  0.982 0.008 0.007 0.003 1    
146:  0.977 0.007 0.006 0.010 1    
147:  0.965 0.016 0.007 0.012 1    
148:  0.924 0.005 0.025 0.046 1    
149:  0.903 0.008 0.050 0.039 1    
150:  0.959 0.006 0.017 0.019 1    
151:  0.977 0.006 0.005 0.012 1    
152:  0.890 0.037 0.012 0.061 1    
153:  0.985 0.005 0.005 0.006 1    
154:  0.959 0.007 0.011 0.022 1    
155:  0.953 0.021 0.011 0.015 1    
156:  0.003 0.987 0.005 0.005 1    
157:  0.007 0.973 0.010 0.009 1    
158:  0.004 0.976 0.006 0.013 1    
159:  0.005 0.984 0.007 0.004 1    
160:  0.003 0.989 0.004 0.004 1    
161:  0.004 0.987 0.004 0.005 1    
162:  0.004 0.987 0.005 0.005 1    
163:  0.009 0.972 0.011 0.008 1    
164:  0.004 0.987 0.006 0.003 1    
165:  0.006 0.981 0.005 0.009 1    
166:  0.004 0.981 0.009 0.006 1    
167:  0.011 0.963 0.015 0.011 1    
168:  0.006 0.983 0.007 0.005 1    
169:  0.007 0.979 0.009 0.006 1    
170:  0.009 0.976 0.010 0.006 1    
171:  0.013 0.970 0.010 0.007 1    
172:  0.008 0.979 0.005 0.009 1    
173:  0.006 0.983 0.005 0.006 1    
174:  0.013 0.956 0.022 0.008 1    
175:  0.007 0.949 0.038 0.006 1    
176:  0.006 0.981 0.007 0.006 1    
177:  0.006 0.983 0.008 0.003 1    
178:  0.007 0.946 0.039 0.007 1    
179:  0.973 0.010 0.012 0.005 1    
180:  0.967 0.007 0.013 0.012 1    
181:  0.978 0.009 0.004 0.009 1    
182:  0.978 0.007 0.006 0.009 1    
183:  0.973 0.008 0.012 0.006 1    
184:  0.965 0.005 0.008 0.022 1    
185:  0.983 0.005 0.003 0.008 1    
186:  0.984 0.004 0.005 0.006 1    
187:  0.930 0.037 0.016 0.018 1    
188:  0.936 0.005 0.051 0.008 1    
189:  0.920 0.017 0.050 0.013 1    
190:  0.974 0.007 0.011 0.009 1    
191:  0.934 0.014 0.031 0.021 1    
192:  0.934 0.016 0.032 0.017 1    
193:  0.944 0.021 0.023 0.012 1    
194:  0.580 0.019 0.389 0.012 1    
195:  0.744 0.009 0.200 0.047 1    
196:  0.910 0.012 0.070 0.009 1    
197:  0.450 0.378 0.165 0.007 1    
198:  0.007 0.012 0.977 0.005 1    
199:  0.009 0.013 0.969 0.009 1    
200:  0.006 0.014 0.973 0.007 1    
201:  0.008 0.012 0.974 0.006 1    
202:  0.007 0.131 0.856 0.005 1    
203:  0.005 0.072 0.914 0.009 1    
204:  0.007 0.010 0.976 0.006 1    
205:  0.004 0.006 0.983 0.007 1    
206:  0.014 0.009 0.967 0.009 1    
207:  0.006 0.008 0.978 0.007 1    
208:  0.006 0.005 0.984 0.005 1    
209:  0.005 0.006 0.985 0.005 1    
210:  0.009 0.006 0.978 0.006 1    
211:  0.007 0.004 0.984 0.005 1    
212:  0.008 0.013 0.972 0.007 1    
213:  0.011 0.011 0.966 0.012 1    
214:  0.021 0.009 0.895 0.075 1    
215:  0.009 0.010 0.957 0.024 1    
216:  0.010 0.013 0.856 0.121 1    
217:  0.065 0.025 0.872 0.038 1    
218:  0.058 0.014 0.890 0.038 1    
219:  0.055 0.021 0.681 0.243 1    
220:  0.052 0.006 0.860 0.081 1    
221:  0.015 0.006 0.937 0.042 1    
222:  0.039 0.015 0.866 0.079 1    
223:  0.011 0.008 0.973 0.007 1    
224:  0.006 0.019 0.968 0.008 1    
225:  0.008 0.006 0.975 0.011 1    
226:  0.035 0.024 0.918 0.024 1    
227:  0.022 0.016 0.949 0.013 1    
228:  0.006 0.005 0.983 0.006 1    
229:  0.006 0.005 0.983 0.006 1    
230:  0.091 0.027 0.867 0.014 1    
231:  0.010 0.012 0.970 0.007 1    
232:  0.058 0.179 0.734 0.029 1    
233:  0.043 0.100 0.705 0.152 1    
234:  0.480 0.125 0.372 0.023 1    
235:  0.353 0.075 0.444 0.128 1    
236:  0.432 0.247 0.177 0.144 1    
                 
                 
1:    0.024 0.009 0.959 0.008 1    
2:    0.016 0.007 0.971 0.005 1    
3:    0.042 0.008 0.942 0.008 1    
4:    0.083 0.019 0.884 0.014 1    
5:    0.041 0.076 0.866 0.017 1    
6:    0.011 0.014 0.966 0.009 1    
7:    0.030 0.010 0.953 0.007 1    
8:    0.033 0.009 0.951 0.007 1    
9:    0.040 0.928 0.019 0.013 1    
10:   0.009 0.974 0.010 0.008 1    
11:   0.009 0.973 0.008 0.010 1    
12:   0.030 0.932 0.014 0.024 1    
13:   0.014 0.927 0.020 0.039 1    
14:   0.014 0.953 0.015 0.018 1    
15:   0.023 0.917 0.040 0.020 1    
16:   0.011 0.972 0.009 0.008 1    
17:   0.026 0.955 0.010 0.009 1    
18:   0.008 0.027 0.020 0.945 1    
19:   0.012 0.016 0.012 0.960 1    
20:   0.005 0.011 0.039 0.945 1    
21:   0.011 0.010 0.011 0.969 1    
22:   0.007 0.011 0.072 0.910 1    
23:   0.014 0.009 0.008 0.968 1    
24:   0.006 0.006 0.006 0.982 1    
25:   0.006 0.006 0.010 0.978 1    
26:   0.010 0.007 0.010 0.972 1    
27:   0.061 0.017 0.021 0.901 1    
28:   0.274 0.009 0.050 0.667 1    
29:   0.263 0.007 0.028 0.702 1    
30:   0.053 0.004 0.024 0.919 1    
31:   0.595 0.012 0.021 0.372 1    
32:   0.005 0.986 0.005 0.004 1    
33:   0.007 0.979 0.009 0.006 1    
34:   0.008 0.950 0.035 0.006 1    
35:   0.006 0.983 0.007 0.004 1    
36:   0.009 0.975 0.008 0.008 1    
37:   0.007 0.968 0.017 0.007 1    
38:   0.005 0.980 0.010 0.004 1    
39:   0.026 0.712 0.230 0.032 1    
40:   0.010 0.097 0.868 0.025 1    
41:   0.044 0.711 0.183 0.062 1    
42:   0.006 0.028 0.947 0.019 1    
43:   0.008 0.867 0.061 0.063 1    
44:   0.007 0.051 0.925 0.018 1    
45:   0.021 0.344 0.574 0.061 1    
46:   0.013 0.030 0.940 0.018 1    
47:   0.009 0.012 0.014 0.964 1    
48:   0.009 0.006 0.011 0.974 1    
49:   0.008 0.009 0.008 0.974 1    
50:   0.010 0.009 0.012 0.969 1    
51:   0.010 0.009 0.012 0.969 1    
52:   0.017 0.021 0.943 0.019 1    
53:   0.058 0.113 0.793 0.036 1    
54:   0.032 0.233 0.640 0.095 1    
55:   0.007 0.955 0.018 0.020 1    
56:   0.005 0.954 0.020 0.021 1    
57:   0.153 0.214 0.550 0.083 1    
58:   0.025 0.315 0.411 0.249 1    
59:   0.053 0.800 0.095 0.052 1    
60:   0.011 0.071 0.291 0.627 1    
61:   0.017 0.103 0.185 0.695 1    
62:   0.015 0.062 0.309 0.613 1    
63:   0.032 0.086 0.175 0.707 1    
64:   0.024 0.086 0.096 0.794 1    
65:   0.011 0.029 0.014 0.946 1    
66:   0.014 0.019 0.941 0.026 1    
67:   0.009 0.020 0.961 0.010 1    
68:   0.018 0.013 0.951 0.018 1    
69:   0.007 0.035 0.935 0.023 1    
70:   0.012 0.013 0.920 0.055 1    
71:   0.008 0.012 0.967 0.012 1    
72:   0.009 0.036 0.936 0.020 1    
73:   0.010 0.020 0.954 0.015 1    
74:   0.008 0.058 0.918 0.015 1    
75:   0.009 0.856 0.100 0.035 1    
76:   0.023 0.896 0.048 0.033 1    
77:   0.028 0.656 0.187 0.129 1    
78:   0.009 0.899 0.064 0.029 1    
79:   0.015 0.916 0.024 0.045 1    
80:   0.008 0.926 0.014 0.052 1    
81:   0.037 0.184 0.145 0.634 1    
82:   0.127 0.089 0.050 0.734 1    
83:   0.056 0.136 0.021 0.787 1    
84:   0.068 0.014 0.020 0.898 1    
85:   0.069 0.057 0.083 0.791 1    
86:   0.062 0.098 0.022 0.818 1    
87:   0.981 0.007 0.007 0.005 1    
88:   0.968 0.014 0.010 0.008 1    
89:   0.947 0.033 0.013 0.008 1    
90:   0.847 0.008 0.032 0.113 1    
91:   0.038 0.938 0.018 0.006 1    
92:   0.021 0.944 0.017 0.017 1    
93:   0.007 0.978 0.006 0.009 1    
94:   0.025 0.919 0.029 0.027 1    
95:   0.023 0.934 0.016 0.027 1    
96:   0.012 0.893 0.017 0.079 1    
97:   0.211 0.081 0.458 0.250 1    
98:   0.365 0.016 0.562 0.057 1    
99:   0.349 0.013 0.573 0.066 1    
100:  0.193 0.255 0.305 0.246 1    
101:  0.817 0.007 0.165 0.011 1    
102:  0.760 0.036 0.178 0.027 1    
103:  0.702 0.034 0.213 0.050 1    
104:  0.007 0.062 0.023 0.907 1    
105:  0.008 0.055 0.111 0.826 1    
106:  0.016 0.007 0.024 0.953 1    
107:  0.005 0.012 0.021 0.962 1    
108:  0.020 0.013 0.036 0.930 1    
109:  0.010 0.018 0.018 0.954 1    
110:  0.011 0.016 0.031 0.942 1    
111:  0.009 0.016 0.050 0.925 1    
112:  0.007 0.020 0.030 0.943 1    
113:  0.009 0.007 0.069 0.916 1    
114:  0.008 0.007 0.011 0.974 1    
115:  0.008 0.017 0.462 0.513 1    
116:  0.006 0.010 0.015 0.969 1    
117:  0.010 0.062 0.736 0.191 1    
118:  0.006 0.005 0.010 0.979 1    
119:  0.006 0.005 0.015 0.974 1    
120:  0.005 0.005 0.008 0.982 1    
121:  0.010 0.009 0.139 0.842 1    
122:  0.005 0.006 0.012 0.977 1    
123:  0.010 0.033 0.302 0.655 1    
124:  0.009 0.005 0.043 0.943 1    
125:  0.009 0.006 0.102 0.882 1    
126:  0.007 0.031 0.018 0.944 1    
127:  0.006 0.007 0.009 0.978 1    
128:  0.007 0.006 0.010 0.977 1    
129:  0.040 0.333 0.018 0.608 1    
130:  0.489 0.227 0.169 0.115 1    
131:  0.223 0.034 0.034 0.709 1    
132:  0.075 0.303 0.018 0.604 1    
133:  0.122 0.060 0.018 0.800 1    
134:  0.075 0.314 0.022 0.589 1    
135:  0.096 0.033 0.107 0.764 1    
136:  0.984 0.003 0.007 0.006 1    
137:  0.950 0.004 0.010 0.036 1    
138:  0.977 0.007 0.008 0.009 1    
139:  0.977 0.009 0.007 0.007 1    
140:  0.958 0.005 0.014 0.023 1    
141:  0.917 0.015 0.017 0.051 1    
142:  0.975 0.003 0.009 0.013 1    
143:  0.976 0.005 0.005 0.014 1    
144:  0.973 0.004 0.007 0.017 1    
145:  0.976 0.006 0.007 0.011 1    
146:  0.839 0.016 0.020 0.125 1    
147:  0.009 0.008 0.017 0.966 1    
148:  0.019 0.006 0.015 0.961 1    
149:  0.018 0.007 0.017 0.958 1    
150:  0.008 0.005 0.010 0.977 1    
151:  0.007 0.006 0.008 0.979 1    
152:  0.007 0.016 0.017 0.961 1    
153:  0.007 0.006 0.006 0.981 1    
154:  0.006 0.006 0.013 0.976 1    
155:  0.009 0.014 0.017 0.960 1    
156:  0.003 0.985 0.006 0.005 1    
157:  0.006 0.974 0.013 0.007 1    
158:  0.004 0.978 0.009 0.008 1    
159:  0.004 0.985 0.006 0.005 1    
160:  0.004 0.988 0.004 0.004 1    
161:  0.004 0.984 0.007 0.005 1    
162:  0.005 0.986 0.005 0.004 1    
163:  0.005 0.974 0.012 0.008 1    
164:  0.005 0.988 0.004 0.004 1    
165:  0.006 0.978 0.010 0.006 1    
166:  0.009 0.978 0.009 0.005 1    
167:  0.008 0.960 0.018 0.014 1    
168:  0.009 0.977 0.009 0.006 1    
169:  0.008 0.977 0.009 0.006 1    
170:  0.009 0.967 0.017 0.007 1    
171:  0.010 0.967 0.012 0.011 1    
172:  0.006 0.976 0.008 0.010 1    
173:  0.006 0.976 0.011 0.007 1    
174:  0.023 0.928 0.037 0.012 1    
175:  0.012 0.930 0.051 0.007 1    
176:  0.006 0.978 0.011 0.006 1    
177:  0.005 0.985 0.006 0.004 1    
178:  0.008 0.937 0.043 0.012 1    
179:  0.261 0.013 0.055 0.671 1    
180:  0.021 0.007 0.018 0.953 1    
181:  0.011 0.012 0.008 0.968 1    
182:  0.008 0.010 0.014 0.968 1    
183:  0.103 0.014 0.069 0.814 1    
184:  0.019 0.005 0.010 0.966 1    
185:  0.011 0.005 0.007 0.977 1    
186:  0.038 0.005 0.011 0.946 1    
187:  0.026 0.038 0.072 0.864 1    
188:  0.978 0.005 0.008 0.010 1    
189:  0.964 0.011 0.012 0.013 1    
190:  0.965 0.008 0.012 0.015 1    
191:  0.963 0.009 0.014 0.013 1    
192:  0.955 0.016 0.017 0.012 1    
193:  0.948 0.014 0.020 0.018 1    
194:  0.886 0.014 0.080 0.020 1    
195:  0.942 0.006 0.019 0.032 1    
196:  0.974 0.010 0.009 0.006 1    
197:  0.658 0.328 0.007 0.006 1    
198:  0.019 0.009 0.964 0.007 1    
199:  0.007 0.008 0.972 0.014 1    
200:  0.051 0.014 0.929 0.006 1    
201:  0.074 0.012 0.906 0.008 1    
202:  0.012 0.105 0.878 0.006 1    
203:  0.008 0.038 0.945 0.009 1    
204:  0.009 0.013 0.969 0.009 1    
205:  0.953 0.025 0.017 0.005 1    
206:  0.948 0.011 0.022 0.019 1    
207:  0.963 0.014 0.018 0.005 1    
208:  0.960 0.009 0.024 0.008 1    
209:  0.942 0.018 0.034 0.006 1    
210:  0.937 0.009 0.044 0.011 1    
211:  0.930 0.006 0.052 0.012 1    
212:  0.916 0.030 0.048 0.007 1    
213:  0.963 0.011 0.014 0.011 1    
214:  0.011 0.008 0.944 0.037 1    
215:  0.011 0.010 0.971 0.008 1    
216:  0.021 0.011 0.945 0.024 1    
217:  0.024 0.018 0.898 0.061 1    
218:  0.011 0.011 0.967 0.011 1    
219:  0.025 0.014 0.779 0.182 1    
220:  0.009 0.006 0.950 0.035 1    
221:  0.034 0.005 0.927 0.034 1    
222:  0.008 0.008 0.969 0.016 1    
223:  0.970 0.013 0.010 0.007 1    
224:  0.949 0.029 0.015 0.008 1    
225:  0.981 0.004 0.006 0.009 1    
226:  0.937 0.019 0.022 0.022 1    
227:  0.976 0.009 0.007 0.008 1    
228:  0.969 0.010 0.013 0.008 1    
229:  0.975 0.007 0.012 0.006 1    
230:  0.944 0.027 0.011 0.018 1    
231:  0.957 0.023 0.014 0.006 1    
232:  0.230 0.065 0.693 0.013 1    
233:  0.094 0.026 0.818 0.062 1    
234:  0.025 0.013 0.928 0.033 1    
235:  0.046 0.012 0.829 0.114 1    
236:  0.048 0.031 0.749 0.173 1    
                 
                 
1:    0.015 0.941 0.015 0.030 1    
2:    0.014 0.952 0.007 0.027 1    
3:    0.009 0.954 0.007 0.030 1    
4:    0.014 0.951 0.009 0.026 1    
5:    0.106 0.810 0.023 0.062 1    
6:    0.009 0.971 0.009 0.010 1    
7:    0.018 0.927 0.011 0.043 1    
8:    0.010 0.950 0.005 0.034 1    
9:    0.897 0.026 0.016 0.061 1    
10:   0.975 0.007 0.009 0.010 1    
11:   0.971 0.010 0.010 0.009 1    
12:   0.937 0.011 0.028 0.024 1    
13:   0.907 0.034 0.045 0.014 1    
14:   0.964 0.005 0.019 0.011 1    
15:   0.933 0.024 0.020 0.024 1    
16:   0.973 0.006 0.012 0.009 1    
17:   0.951 0.007 0.012 0.031 1    
18:   0.053 0.008 0.931 0.007 1    
19:   0.017 0.006 0.966 0.010 1    
20:   0.027 0.010 0.958 0.005 1    
21:   0.010 0.006 0.974 0.010 1    
22:   0.036 0.007 0.950 0.007 1    
23:   0.006 0.007 0.974 0.013 1    
24:   0.006 0.006 0.982 0.006 1    
25:   0.006 0.007 0.980 0.007 1    
26:   0.008 0.006 0.978 0.008 1    
27:   0.018 0.009 0.935 0.038 1    
28:   0.010 0.033 0.734 0.223 1    
29:   0.006 0.018 0.758 0.218 1    
30:   0.006 0.016 0.954 0.025 1    
31:   0.012 0.022 0.449 0.517 1    
32:   0.986 0.005 0.005 0.004 1    
33:   0.976 0.010 0.006 0.008 1    
34:   0.976 0.009 0.008 0.007 1    
35:   0.984 0.005 0.005 0.006 1    
36:   0.976 0.007 0.008 0.009 1    
37:   0.969 0.012 0.009 0.010 1    
38:   0.984 0.005 0.006 0.005 1    
39:   0.948 0.013 0.025 0.014 1    
40:   0.920 0.038 0.022 0.020 1    
41:   0.929 0.021 0.026 0.024 1    
42:   0.951 0.022 0.020 0.007 1    
43:   0.953 0.013 0.026 0.008 1    
44:   0.917 0.048 0.022 0.012 1    
45:   0.940 0.021 0.027 0.012 1    
46:   0.894 0.076 0.017 0.013 1    
47:   0.009 0.023 0.956 0.012 1    
48:   0.005 0.023 0.960 0.012 1    
49:   0.013 0.015 0.960 0.013 1    
50:   0.010 0.017 0.961 0.012 1    
51:   0.009 0.020 0.959 0.012 1    
52:   0.071 0.863 0.050 0.017 1    
53:   0.091 0.746 0.091 0.072 1    
54:   0.192 0.358 0.398 0.052 1    
55:   0.929 0.032 0.031 0.008 1    
56:   0.920 0.043 0.030 0.007 1    
57:   0.140 0.676 0.059 0.124 1    
58:   0.187 0.064 0.735 0.015 1    
59:   0.746 0.037 0.152 0.065 1    
60:   0.048 0.026 0.916 0.010 1    
61:   0.064 0.036 0.882 0.018 1    
62:   0.048 0.068 0.867 0.017 1    
63:   0.063 0.028 0.886 0.024 1    
64:   0.056 0.028 0.901 0.015 1    
65:   0.023 0.010 0.958 0.009 1    
66:   0.914 0.008 0.061 0.017 1    
67:   0.911 0.012 0.062 0.014 1    
68:   0.897 0.014 0.065 0.025 1    
69:   0.929 0.013 0.047 0.010 1    
70:   0.664 0.011 0.313 0.012 1    
71:   0.912 0.009 0.064 0.014 1    
72:   0.910 0.009 0.067 0.014 1    
73:   0.897 0.015 0.070 0.018 1    
74:   0.969 0.007 0.018 0.006 1    
75:   0.945 0.022 0.025 0.008 1    
76:   0.849 0.094 0.029 0.027 1    
77:   0.677 0.230 0.070 0.024 1    
78:   0.961 0.011 0.021 0.007 1    
79:   0.908 0.028 0.041 0.023 1    
80:   0.943 0.007 0.042 0.008 1    
81:   0.153 0.270 0.543 0.033 1    
82:   0.064 0.029 0.802 0.105 1    
83:   0.125 0.037 0.786 0.052 1    
84:   0.013 0.036 0.862 0.089 1    
85:   0.041 0.042 0.854 0.063 1    
86:   0.091 0.025 0.842 0.042 1    
87:   0.009 0.006 0.006 0.979 1    
88:   0.018 0.009 0.008 0.965 1    
89:   0.032 0.010 0.008 0.951 1    
90:   0.010 0.061 0.060 0.869 1    
91:   0.933 0.009 0.010 0.048 1    
92:   0.915 0.029 0.023 0.033 1    
93:   0.973 0.005 0.010 0.012 1    
94:   0.919 0.022 0.027 0.032 1    
95:   0.913 0.015 0.039 0.033 1    
96:   0.831 0.011 0.143 0.015 1    
97:   0.163 0.226 0.324 0.287 1    
98:   0.046 0.204 0.137 0.613 1    
99:   0.019 0.238 0.136 0.608 1    
100:  0.246 0.194 0.281 0.280 1    
101:  0.009 0.141 0.012 0.837 1    
102:  0.049 0.092 0.031 0.828 1    
103:  0.035 0.161 0.065 0.740 1    
104:  0.051 0.009 0.932 0.009 1    
105:  0.068 0.021 0.902 0.009 1    
106:  0.009 0.011 0.960 0.020 1    
107:  0.010 0.010 0.975 0.005 1    
108:  0.012 0.023 0.949 0.016 1    
109:  0.018 0.029 0.942 0.011 1    
110:  0.015 0.022 0.950 0.013 1    
111:  0.015 0.038 0.936 0.011 1    
112:  0.023 0.021 0.948 0.008 1    
113:  0.010 0.055 0.928 0.007 1    
114:  0.007 0.009 0.974 0.011 1    
115:  0.033 0.224 0.732 0.011 1    
116:  0.008 0.010 0.976 0.006 1    
117:  0.132 0.540 0.317 0.011 1    
118:  0.005 0.008 0.981 0.006 1    
119:  0.006 0.023 0.965 0.006 1    
120:  0.006 0.010 0.979 0.006 1    
121:  0.009 0.085 0.899 0.007 1    
122:  0.005 0.022 0.966 0.007 1    
123:  0.046 0.183 0.764 0.006 1    
124:  0.006 0.024 0.961 0.008 1    
125:  0.008 0.075 0.908 0.009 1    
126:  0.021 0.015 0.957 0.007 1    
127:  0.008 0.013 0.973 0.007 1    
128:  0.006 0.006 0.981 0.007 1    
129:  0.244 0.011 0.729 0.017 1    
130:  0.401 0.018 0.195 0.386 1    
131:  0.030 0.026 0.786 0.157 1    
132:  0.192 0.022 0.755 0.031 1    
133:  0.036 0.025 0.866 0.073 1    
134:  0.178 0.024 0.754 0.044 1    
135:  0.063 0.045 0.765 0.127 1    
136:  0.003 0.005 0.006 0.985 1    
137:  0.005 0.008 0.031 0.956 1    
138:  0.009 0.006 0.009 0.976 1    
139:  0.009 0.006 0.008 0.977 1    
140:  0.005 0.012 0.016 0.968 1    
141:  0.016 0.012 0.039 0.932 1    
142:  0.004 0.010 0.013 0.973 1    
143:  0.005 0.006 0.012 0.977 1    
144:  0.006 0.008 0.023 0.963 1    
145:  0.006 0.006 0.010 0.978 1    
146:  0.014 0.019 0.128 0.839 1    
147:  0.017 0.963 0.012 0.009 1    
148:  0.006 0.939 0.033 0.022 1    
149:  0.006 0.968 0.011 0.015 1    
150:  0.004 0.965 0.023 0.008 1    
151:  0.007 0.968 0.017 0.008 1    
152:  0.029 0.955 0.010 0.007 1    
153:  0.005 0.979 0.010 0.006 1    
154:  0.005 0.981 0.009 0.005 1    
155:  0.013 0.969 0.009 0.008 1    
156:  0.986 0.006 0.004 0.004 1    
157:  0.969 0.016 0.008 0.007 1    
158:  0.979 0.010 0.006 0.004 1    
159:  0.983 0.007 0.004 0.006 1    
160:  0.988 0.005 0.004 0.004 1    
161:  0.988 0.005 0.004 0.004 1    
162:  0.985 0.005 0.005 0.004 1    
163:  0.969 0.019 0.006 0.006 1    
164:  0.985 0.005 0.004 0.005 1    
165:  0.982 0.006 0.007 0.006 1    
166:  0.980 0.006 0.006 0.008 1    
167:  0.927 0.046 0.019 0.008 1    
168:  0.976 0.008 0.006 0.009 1    
169:  0.976 0.010 0.007 0.006 1    
170:  0.978 0.008 0.006 0.008 1    
171:  0.963 0.010 0.013 0.014 1    
172:  0.970 0.007 0.017 0.005 1    
173:  0.842 0.148 0.006 0.005 1    
174:  0.739 0.242 0.008 0.011 1    
175:  0.877 0.108 0.006 0.008 1    
176:  0.750 0.240 0.005 0.005 1    
177:  0.712 0.278 0.004 0.006 1    
178:  0.874 0.106 0.011 0.009 1    
179:  0.016 0.032 0.682 0.270 1    
180:  0.005 0.021 0.956 0.018 1    
181:  0.010 0.013 0.968 0.010 1    
182:  0.009 0.013 0.968 0.009 1    
183:  0.011 0.016 0.892 0.081 1    
184:  0.005 0.008 0.969 0.018 1    
185:  0.006 0.022 0.960 0.011 1    
186:  0.005 0.011 0.949 0.036 1    
187:  0.034 0.011 0.935 0.020 1    
188:  0.004 0.008 0.014 0.974 1    
189:  0.012 0.015 0.015 0.959 1    
190:  0.007 0.020 0.013 0.959 1    
191:  0.009 0.020 0.013 0.958 1    
192:  0.010 0.033 0.013 0.943 1    
193:  0.016 0.027 0.014 0.943 1    
194:  0.013 0.211 0.011 0.765 1    
195:  0.006 0.018 0.027 0.949 1    
196:  0.010 0.008 0.009 0.974 1    
197:  0.263 0.020 0.006 0.712 1    
198:  0.010 0.967 0.007 0.017 1    
199:  0.011 0.973 0.010 0.006 1    
200:  0.014 0.904 0.005 0.077 1    
201:  0.012 0.864 0.010 0.114 1    
202:  0.201 0.773 0.006 0.019 1    
203:  0.035 0.950 0.009 0.006 1    
204:  0.008 0.976 0.007 0.008 1    
205:  0.017 0.019 0.008 0.956 1    
206:  0.009 0.011 0.021 0.959 1    
207:  0.018 0.012 0.005 0.964 1    
208:  0.011 0.015 0.009 0.965 1    
209:  0.018 0.015 0.008 0.959 1    
210:  0.009 0.013 0.013 0.964 1    
211:  0.006 0.016 0.014 0.963 1    
212:  0.034 0.016 0.009 0.941 1    
213:  0.008 0.006 0.012 0.973 1    
214:  0.013 0.932 0.036 0.020 1    
215:  0.016 0.951 0.016 0.017 1    
216:  0.016 0.907 0.051 0.026 1    
217:  0.016 0.940 0.025 0.019 1    
218:  0.014 0.940 0.028 0.018 1    
219:  0.016 0.802 0.146 0.036 1    
220:  0.007 0.936 0.045 0.012 1    
221:  0.009 0.889 0.047 0.055 1    
222:  0.016 0.935 0.036 0.013 1    
223:  0.011 0.009 0.010 0.970 1    
224:  0.026 0.013 0.010 0.952 1    
225:  0.004 0.010 0.009 0.977 1    
226:  0.018 0.028 0.022 0.932 1    
227:  0.009 0.007 0.011 0.973 1    
228:  0.006 0.018 0.006 0.970 1    
229:  0.007 0.023 0.006 0.963 1    
230:  0.021 0.009 0.018 0.953 1    
231:  0.022 0.017 0.008 0.953 1    
232:  0.214 0.208 0.017 0.560 1    
233:  0.130 0.097 0.432 0.341 1    
234:  0.120 0.588 0.126 0.166 1    
235:  0.041 0.497 0.234 0.229 1    
236:  0.157 0.213 0.426 0.205 1    
                 
                 
1:    0.975 0.007 0.009 0.010 1    
2:    0.957 0.010 0.018 0.015 1    
3:    0.986 0.004 0.006 0.004 1    
4:    0.958 0.016 0.013 0.014 1    
5:    0.894 0.018 0.038 0.050 1    
6:    0.957 0.014 0.009 0.020 1    
7:    0.976 0.008 0.007 0.008 1    
8:    0.977 0.005 0.010 0.008 1    
9:    0.033 0.007 0.033 0.927 1    
10:   0.007 0.008 0.009 0.976 1    
11:   0.011 0.005 0.009 0.974 1    
12:   0.008 0.023 0.130 0.838 1    
13:   0.015 0.015 0.065 0.904 1    
14:   0.010 0.015 0.019 0.956 1    
15:   0.044 0.012 0.017 0.927 1    
16:   0.010 0.007 0.010 0.972 1    
17:   0.012 0.006 0.016 0.966 1    
18:   0.007 0.976 0.009 0.008 1    
19:   0.007 0.974 0.013 0.006 1    
20:   0.005 0.985 0.005 0.005 1    
21:   0.007 0.981 0.007 0.005 1    
22:   0.005 0.986 0.004 0.005 1    
23:   0.009 0.976 0.010 0.005 1    
24:   0.006 0.981 0.008 0.005 1    
25:   0.008 0.010 0.975 0.007 1    
26:   0.011 0.028 0.954 0.007 1    
27:   0.020 0.053 0.914 0.013 1    
28:   0.019 0.006 0.966 0.008 1    
29:   0.017 0.039 0.939 0.005 1    
30:   0.015 0.028 0.953 0.004 1    
31:   0.021 0.026 0.946 0.008 1    
32:   0.005 0.006 0.004 0.985 1    
33:   0.008 0.005 0.006 0.981 1    
34:   0.013 0.010 0.006 0.972 1    
35:   0.008 0.006 0.004 0.983 1    
36:   0.011 0.006 0.007 0.976 1    
37:   0.013 0.011 0.009 0.967 1    
38:   0.007 0.007 0.004 0.982 1    
39:   0.014 0.827 0.011 0.149 1    
40:   0.020 0.937 0.011 0.032 1    
41:   0.014 0.910 0.016 0.060 1    
42:   0.012 0.967 0.006 0.015 1    
43:   0.013 0.774 0.013 0.200 1    
44:   0.013 0.959 0.009 0.018 1    
45:   0.013 0.855 0.025 0.107 1    
46:   0.031 0.934 0.008 0.027 1    
47:   0.019 0.023 0.940 0.018 1    
48:   0.009 0.010 0.973 0.007 1    
49:   0.011 0.016 0.966 0.008 1    
50:   0.014 0.016 0.953 0.017 1    
51:   0.017 0.021 0.950 0.013 1    
52:   0.091 0.816 0.036 0.057 1    
53:   0.112 0.592 0.094 0.201 1    
54:   0.059 0.520 0.066 0.355 1    
55:   0.006 0.100 0.017 0.877 1    
56:   0.004 0.111 0.009 0.876 1    
57:   0.022 0.352 0.377 0.249 1    
58:   0.013 0.730 0.039 0.218 1    
59:   0.196 0.240 0.028 0.537 1    
60:   0.041 0.084 0.777 0.098 1    
61:   0.015 0.016 0.918 0.051 1    
62:   0.018 0.023 0.916 0.043 1    
63:   0.012 0.045 0.899 0.044 1    
64:   0.016 0.115 0.797 0.073 1    
65:   0.008 0.069 0.884 0.039 1    
66:   0.005 0.972 0.011 0.013 1    
67:   0.006 0.967 0.014 0.013 1    
68:   0.011 0.919 0.042 0.028 1    
69:   0.008 0.893 0.040 0.059 1    
70:   0.008 0.951 0.028 0.013 1    
71:   0.006 0.970 0.013 0.011 1    
72:   0.005 0.975 0.008 0.013 1    
73:   0.006 0.956 0.021 0.017 1    
74:   0.009 0.909 0.008 0.073 1    
75:   0.024 0.417 0.017 0.542 1    
76:   0.080 0.282 0.041 0.597 1    
77:   0.139 0.198 0.234 0.429 1    
78:   0.013 0.617 0.009 0.360 1    
79:   0.030 0.138 0.192 0.640 1    
80:   0.007 0.385 0.056 0.553 1    
81:   0.016 0.669 0.227 0.089 1    
82:   0.014 0.695 0.259 0.032 1    
83:   0.011 0.638 0.298 0.052 1    
84:   0.015 0.463 0.515 0.008 1    
85:   0.036 0.702 0.204 0.058 1    
86:   0.011 0.448 0.485 0.056 1    
87:   0.021 0.011 0.953 0.015 1    
88:   0.006 0.008 0.959 0.027 1    
89:   0.021 0.021 0.871 0.087 1    
90:   0.009 0.015 0.969 0.007 1    
91:   0.011 0.008 0.036 0.944 1    
92:   0.010 0.011 0.023 0.957 1    
93:   0.005 0.011 0.016 0.968 1    
94:   0.014 0.011 0.037 0.937 1    
95:   0.011 0.021 0.021 0.946 1    
96:   0.009 0.068 0.032 0.891 1    
97:   0.016 0.018 0.932 0.033 1    
98:   0.013 0.035 0.930 0.022 1    
99:   0.024 0.022 0.939 0.015 1    
100:  0.062 0.047 0.703 0.188 1    
101:  0.019 0.006 0.968 0.007 1    
102:  0.019 0.008 0.939 0.034 1    
103:  0.019 0.010 0.960 0.011 1    
104:  0.006 0.954 0.008 0.031 1    
105:  0.010 0.967 0.005 0.018 1    
106:  0.007 0.905 0.080 0.007 1    
107:  0.005 0.980 0.007 0.007 1    
108:  0.010 0.941 0.040 0.008 1    
109:  0.008 0.842 0.136 0.015 1    
110:  0.012 0.972 0.007 0.010 1    
111:  0.011 0.962 0.016 0.011 1    
112:  0.010 0.970 0.007 0.013 1    
113:  0.010 0.957 0.027 0.005 1    
114:  0.009 0.977 0.008 0.006 1    
115:  0.008 0.971 0.010 0.010 1    
116:  0.005 0.983 0.006 0.005 1    
117:  0.014 0.951 0.007 0.028 1    
118:  0.007 0.975 0.014 0.004 1    
119:  0.008 0.964 0.025 0.004 1    
120:  0.004 0.985 0.007 0.004 1    
121:  0.028 0.936 0.026 0.010 1    
122:  0.010 0.977 0.008 0.006 1    
123:  0.006 0.978 0.006 0.010 1    
124:  0.008 0.983 0.006 0.003 1    
125:  0.008 0.970 0.018 0.004 1    
126:  0.007 0.979 0.005 0.008 1    
127:  0.008 0.981 0.005 0.006 1    
128:  0.005 0.985 0.006 0.005 1    
129:  0.012 0.043 0.590 0.355 1    
130:  0.058 0.251 0.519 0.173 1    
131:  0.011 0.010 0.961 0.018 1    
132:  0.012 0.031 0.700 0.256 1    
133:  0.008 0.014 0.963 0.014 1    
134:  0.010 0.019 0.706 0.266 1    
135:  0.026 0.291 0.659 0.024 1    
136:  0.009 0.005 0.982 0.004 1    
137:  0.008 0.011 0.977 0.004 1    
138:  0.013 0.012 0.967 0.009 1    
139:  0.010 0.007 0.973 0.010 1    
140:  0.009 0.007 0.980 0.004 1    
141:  0.021 0.058 0.906 0.016 1    
142:  0.009 0.008 0.979 0.004 1    
143:  0.005 0.004 0.986 0.005 1    
144:  0.005 0.005 0.986 0.004 1    
145:  0.008 0.005 0.981 0.006 1    
146:  0.008 0.010 0.975 0.007 1    
147:  0.006 0.015 0.966 0.013 1    
148:  0.023 0.026 0.946 0.006 1    
149:  0.034 0.026 0.933 0.008 1    
150:  0.016 0.013 0.965 0.005 1    
151:  0.005 0.009 0.981 0.005 1    
152:  0.010 0.080 0.880 0.029 1    
153:  0.005 0.004 0.984 0.006 1    
154:  0.011 0.009 0.974 0.006 1    
155:  0.009 0.022 0.946 0.023 1    
156:  0.005 0.006 0.003 0.987 1    
157:  0.008 0.014 0.008 0.970 1    
158:  0.007 0.019 0.004 0.970 1    
159:  0.005 0.004 0.004 0.987 1    
160:  0.003 0.005 0.003 0.988 1    
161:  0.004 0.006 0.003 0.987 1    
162:  0.004 0.006 0.004 0.986 1    
163:  0.009 0.008 0.006 0.976 1    
164:  0.005 0.005 0.003 0.987 1    
165:  0.006 0.020 0.008 0.966 1    
166:  0.007 0.007 0.006 0.981 1    
167:  0.009 0.023 0.011 0.958 1    
168:  0.007 0.008 0.006 0.980 1    
169:  0.007 0.008 0.006 0.979 1    
170:  0.010 0.012 0.010 0.968 1    
171:  0.006 0.012 0.013 0.969 1    
172:  0.005 0.035 0.012 0.948 1    
173:  0.006 0.007 0.007 0.980 1    
174:  0.033 0.013 0.024 0.930 1    
175:  0.050 0.010 0.008 0.932 1    
176:  0.007 0.006 0.007 0.980 1    
177:  0.007 0.004 0.005 0.984 1    
178:  0.016 0.008 0.006 0.970 1    
179:  0.013 0.006 0.973 0.008 1    
180:  0.010 0.009 0.974 0.007 1    
181:  0.004 0.007 0.983 0.006 1    
182:  0.005 0.012 0.977 0.007 1    
183:  0.012 0.009 0.972 0.007 1    
184:  0.007 0.018 0.970 0.005 1    
185:  0.003 0.007 0.985 0.005 1    
186:  0.005 0.007 0.983 0.005 1    
187:  0.017 0.039 0.900 0.044 1    
188:  0.038 0.007 0.951 0.005 1    
189:  0.046 0.014 0.914 0.026 1    
190:  0.009 0.009 0.972 0.011 1    
191:  0.029 0.020 0.932 0.019 1    
192:  0.025 0.013 0.940 0.022 1    
193:  0.018 0.020 0.936 0.026 1    
194:  0.343 0.018 0.617 0.022 1    
195:  0.195 0.033 0.764 0.008 1    
196:  0.069 0.008 0.914 0.009 1    
197:  0.129 0.007 0.401 0.463 1    
198:  0.972 0.006 0.007 0.015 1    
199:  0.970 0.009 0.011 0.010 1    
200:  0.972 0.008 0.007 0.013 1    
201:  0.973 0.008 0.010 0.010 1    
202:  0.764 0.009 0.008 0.219 1    
203:  0.868 0.010 0.006 0.116 1    
204:  0.973 0.008 0.007 0.012 1    
205:  0.978 0.007 0.004 0.011 1    
206:  0.965 0.013 0.013 0.009 1    
207:  0.981 0.006 0.005 0.008 1    
208:  0.983 0.007 0.005 0.005 1    
209:  0.985 0.005 0.004 0.006 1    
210:  0.978 0.007 0.008 0.007 1    
211:  0.984 0.004 0.007 0.005 1    
212:  0.970 0.008 0.007 0.015 1    
213:  0.969 0.011 0.012 0.008 1    
214:  0.673 0.295 0.022 0.010 1    
215:  0.660 0.322 0.007 0.011 1    
216:  0.586 0.392 0.011 0.012 1    
217:  0.572 0.360 0.047 0.021 1    
218:  0.584 0.371 0.031 0.014 1    
219:  0.506 0.444 0.038 0.011 1    
220:  0.566 0.378 0.050 0.005 1    
221:  0.632 0.344 0.018 0.005 1    
222:  0.550 0.415 0.023 0.011 1    
223:  0.973 0.008 0.008 0.011 1    
224:  0.972 0.008 0.007 0.013 1    
225:  0.978 0.008 0.009 0.005 1    
226:  0.909 0.022 0.042 0.027 1    
227:  0.959 0.013 0.016 0.012 1    
228:  0.982 0.006 0.006 0.005 1    
229:  0.984 0.006 0.005 0.005 1    
230:  0.883 0.018 0.062 0.038 1    
231:  0.966 0.007 0.011 0.015 1    
232:  0.621 0.122 0.094 0.163 1    
233:  0.526 0.398 0.029 0.047 1    
234:  0.301 0.201 0.439 0.059 1    
235:  0.360 0.372 0.235 0.034 1    
236:  0.174 0.336 0.377 0.114 1    
                 
                 
1:    0.974 0.008 0.008 0.009 1    
2:    0.956 0.015 0.019 0.010 1    
3:    0.983 0.006 0.007 0.005 1    
4:    0.954 0.022 0.011 0.014 1    
5:    0.896 0.047 0.037 0.020 1    
6:    0.959 0.019 0.013 0.009 1    
7:    0.975 0.009 0.008 0.008 1    
8:    0.973 0.010 0.013 0.005 1    
9:    0.033 0.928 0.032 0.007 1    
10:   0.007 0.978 0.008 0.007 1    
11:   0.011 0.971 0.012 0.005 1    
12:   0.009 0.842 0.125 0.024 1    
13:   0.018 0.905 0.056 0.021 1    
14:   0.013 0.954 0.017 0.016 1    
15:   0.069 0.889 0.024 0.018 1    
16:   0.010 0.974 0.010 0.006 1    
17:   0.015 0.961 0.017 0.006 1    
18:   0.005 0.008 0.008 0.979 1    
19:   0.008 0.008 0.013 0.971 1    
20:   0.005 0.005 0.005 0.985 1    
21:   0.006 0.005 0.006 0.983 1    
22:   0.005 0.004 0.006 0.985 1    
23:   0.009 0.005 0.009 0.977 1    
24:   0.007 0.004 0.009 0.980 1    
25:   0.008 0.006 0.977 0.009 1    
26:   0.010 0.007 0.957 0.026 1    
27:   0.022 0.014 0.882 0.081 1    
28:   0.022 0.008 0.961 0.009 1    
29:   0.023 0.005 0.898 0.074 1    
30:   0.016 0.004 0.949 0.031 1    
31:   0.015 0.006 0.950 0.029 1    
32:   0.005 0.985 0.004 0.006 1    
33:   0.006 0.981 0.007 0.005 1    
34:   0.013 0.970 0.006 0.011 1    
35:   0.007 0.981 0.004 0.007 1    
36:   0.011 0.974 0.007 0.008 1    
37:   0.011 0.971 0.009 0.009 1    
38:   0.006 0.982 0.005 0.007 1    
39:   0.018 0.112 0.015 0.855 1    
40:   0.023 0.049 0.009 0.920 1    
41:   0.013 0.025 0.013 0.950 1    
42:   0.016 0.018 0.005 0.961 1    
43:   0.013 0.096 0.009 0.882 1    
44:   0.016 0.020 0.008 0.956 1    
45:   0.011 0.070 0.014 0.905 1    
46:   0.046 0.025 0.006 0.922 1    
47:   0.023 0.012 0.934 0.031 1    
48:   0.009 0.007 0.970 0.013 1    
49:   0.011 0.011 0.962 0.016 1    
50:   0.016 0.013 0.954 0.017 1    
51:   0.016 0.013 0.954 0.017 1    
52:   0.064 0.038 0.029 0.869 1    
53:   0.065 0.094 0.079 0.763 1    
54:   0.059 0.156 0.065 0.720 1    
55:   0.007 0.784 0.015 0.194 1    
56:   0.006 0.793 0.012 0.189 1    
57:   0.022 0.168 0.360 0.449 1    
58:   0.011 0.142 0.023 0.824 1    
59:   0.215 0.473 0.028 0.284 1    
60:   0.056 0.107 0.728 0.109 1    
61:   0.014 0.054 0.916 0.016 1    
62:   0.024 0.049 0.907 0.020 1    
63:   0.016 0.040 0.897 0.047 1    
64:   0.014 0.069 0.825 0.091 1    
65:   0.007 0.029 0.865 0.099 1    
66:   0.005 0.014 0.015 0.967 1    
67:   0.005 0.016 0.013 0.967 1    
68:   0.008 0.023 0.032 0.938 1    
69:   0.007 0.061 0.048 0.884 1    
70:   0.008 0.015 0.026 0.951 1    
71:   0.007 0.015 0.014 0.964 1    
72:   0.005 0.011 0.008 0.977 1    
73:   0.007 0.024 0.022 0.947 1    
74:   0.009 0.061 0.010 0.920 1    
75:   0.020 0.452 0.021 0.508 1    
76:   0.112 0.480 0.039 0.369 1    
77:   0.170 0.318 0.287 0.225 1    
78:   0.014 0.155 0.008 0.823 1    
79:   0.046 0.524 0.228 0.203 1    
80:   0.006 0.307 0.049 0.638 1    
81:   0.013 0.076 0.195 0.715 1    
82:   0.012 0.033 0.206 0.749 1    
83:   0.012 0.058 0.316 0.615 1    
84:   0.012 0.008 0.511 0.468 1    
85:   0.031 0.043 0.174 0.752 1    
86:   0.015 0.050 0.454 0.481 1    
87:   0.022 0.015 0.952 0.012 1    
88:   0.006 0.029 0.955 0.011 1    
89:   0.016 0.093 0.865 0.026 1    
90:   0.011 0.008 0.959 0.022 1    
91:   0.011 0.943 0.038 0.008 1    
92:   0.009 0.955 0.023 0.012 1    
93:   0.004 0.966 0.017 0.013 1    
94:   0.017 0.935 0.035 0.013 1    
95:   0.008 0.941 0.024 0.027 1    
96:   0.005 0.888 0.037 0.070 1    
97:   0.015 0.033 0.923 0.028 1    
98:   0.018 0.020 0.919 0.043 1    
99:   0.027 0.016 0.934 0.024 1    
100:  0.062 0.208 0.685 0.045 1    
101:  0.018 0.008 0.967 0.007 1    
102:  0.014 0.023 0.954 0.009 1    
103:  0.012 0.008 0.971 0.009 1    
104:  0.008 0.015 0.007 0.971 1    
105:  0.008 0.011 0.004 0.976 1    
106:  0.011 0.007 0.061 0.921 1    
107:  0.005 0.006 0.010 0.979 1    
108:  0.012 0.006 0.028 0.955 1    
109:  0.008 0.013 0.135 0.845 1    
110:  0.013 0.011 0.008 0.967 1    
111:  0.010 0.008 0.014 0.968 1    
112:  0.007 0.009 0.005 0.978 1    
113:  0.011 0.007 0.040 0.942 1    
114:  0.008 0.007 0.016 0.969 1    
115:  0.008 0.006 0.011 0.974 1    
116:  0.006 0.005 0.009 0.980 1    
117:  0.012 0.026 0.005 0.957 1    
118:  0.007 0.004 0.010 0.979 1    
119:  0.008 0.005 0.020 0.967 1    
120:  0.005 0.004 0.006 0.985 1    
121:  0.046 0.010 0.031 0.913 1    
122:  0.012 0.005 0.009 0.973 1    
123:  0.007 0.008 0.006 0.979 1    
124:  0.009 0.004 0.006 0.981 1    
125:  0.011 0.005 0.022 0.963 1    
126:  0.011 0.012 0.005 0.972 1    
127:  0.010 0.006 0.006 0.978 1    
128:  0.005 0.005 0.010 0.981 1    
129:  0.010 0.365 0.578 0.047 1    
130:  0.055 0.131 0.486 0.327 1    
131:  0.012 0.014 0.964 0.010 1    
132:  0.013 0.254 0.722 0.012 1    
133:  0.009 0.020 0.960 0.012 1    
134:  0.012 0.239 0.733 0.016 1    
135:  0.036 0.019 0.673 0.273 1    
136:  0.011 0.004 0.981 0.005 1    
137:  0.010 0.003 0.976 0.011 1    
138:  0.013 0.010 0.967 0.010 1    
139:  0.008 0.012 0.972 0.008 1    
140:  0.009 0.004 0.981 0.006 1    
141:  0.027 0.017 0.902 0.054 1    
142:  0.010 0.004 0.978 0.008 1    
143:  0.005 0.004 0.986 0.005 1    
144:  0.005 0.005 0.985 0.006 1    
145:  0.007 0.006 0.982 0.005 1    
146:  0.006 0.007 0.973 0.014 1    
147:  0.007 0.011 0.965 0.017 1    
148:  0.033 0.006 0.937 0.024 1    
149:  0.036 0.009 0.933 0.022 1    
150:  0.014 0.005 0.969 0.011 1    
151:  0.005 0.006 0.978 0.011 1    
152:  0.012 0.034 0.886 0.068 1    
153:  0.005 0.005 0.984 0.006 1    
154:  0.011 0.005 0.975 0.009 1    
155:  0.010 0.019 0.952 0.019 1    
156:  0.005 0.986 0.004 0.005 1    
157:  0.010 0.966 0.010 0.015 1    
158:  0.008 0.965 0.006 0.020 1    
159:  0.006 0.986 0.004 0.004 1    
160:  0.005 0.988 0.003 0.005 1    
161:  0.004 0.985 0.003 0.007 1    
162:  0.005 0.985 0.004 0.006 1    
163:  0.011 0.974 0.007 0.008 1    
