      H105.4  1 0.2085 0.1672 0.0096 0.2738 0.3409 
      H115.3  1 0.0706 0.1931 0.0252 0.4377 0.2734 
      H145.1  1 0.2406 0.2361 0.0066 0.3808 0.1360 
      H149.6  1 0.1578 0.2679 0.0897 0.3049 0.1797 
      H150.1  1 0.2245 0.1649 0.0093 0.3758 0.2255 
   H169607.8  1 0.1174 0.1776 0.0089 0.4099 0.2862 
   H169633.5  1 0.2374 0.2809 0.0150 0.3450 0.1217 
   H169688.2  1 0.1259 0.2985 0.0124 0.2184 0.3449 
   H171901.5  1 0.1320 0.3197 0.0094 0.3102 0.2287 
   H171902.3  1 0.0947 0.2372 0.0177 0.3286 0.3217 
   H171903.5  1 0.1678 0.2365 0.0519 0.2640 0.2798 
      H177.6  1 0.0552 0.3441 0.0498 0.3801 0.1708 
      H179.1  1 0.2590 0.3744 0.0140 0.1548 0.1978 
      H180.2  1 0.0742 0.1730 0.0211 0.2647 0.4670 
      H181.7  1 0.0808 0.3877 0.0091 0.3344 0.1880 
 H194.6_2004  1 0.2422 0.1591 0.0352 0.2850 0.2786 
 H195.3_2003  1 0.2830 0.1645 0.0056 0.2927 0.2542 
 H195.3_2004  1 0.1887 0.2010 0.0218 0.3769 0.2116 
      H415.5  1 0.1978 0.3859 0.0683 0.1682 0.1797 
      H506.5  1 0.0753 0.5704 0.0071 0.2404 0.1068 
      H533.4  1 0.0621 0.5280 0.0080 0.2948 0.1072 
      H535.1  1 0.2001 0.1949 0.0439 0.3145 0.2467 
      H539.5  1 0.1494 0.1484 0.0084 0.4948 0.1989 
      H540.7  1 0.3455 0.1700 0.0166 0.3304 0.1375 
     H9558.1  1 0.2101 0.1778 0.0063 0.3993 0.2065 
    kos339.2  1 0.1818 0.3546 0.0106 0.2931 0.1599 
      H008.9  2 0.2937 0.2416 0.0098 0.2887 0.1662 
 H029.5_2002  2 0.2674 0.3204 0.0094 0.1612 0.2416 
 H029.5_2003  2 0.1498 0.3986 0.0063 0.1725 0.2728 
      H030.1  2 0.0808 0.2416 0.0234 0.1624 0.4917 
      H038.4  2 0.1315 0.3877 0.0105 0.2934 0.1769 
      H041.2  2 0.4589 0.3226 0.0072 0.0879 0.1234 
 H042.3_2003  2 0.3153 0.1942 0.0160 0.2190 0.2554 
 H042.4_2002  2 0.3993 0.1424 0.0418 0.1560 0.2605 
   H042_2002  2 0.5006 0.1772 0.0091 0.2245 0.0885 
   H042_2003  2 0.4947 0.1764 0.0085 0.2144 0.1060 
      H043.7  2 0.0861 0.2880 0.0071 0.4383 0.1805 
      H047.6  2 0.2618 0.3956 0.0166 0.1164 0.2096 
 H071.1_2003  2 0.1074 0.2117 0.0053 0.3131 0.3625 
 H071.5_2002  2 0.0880 0.2511 0.0170 0.2680 0.3758 
 H081.3_2003  2 0.1493 0.2838 0.0296 0.3007 0.2367 
      H081.7  2 0.1273 0.2528 0.0121 0.3373 0.2705 
      H083.1  2 0.0717 0.2507 0.0163 0.2009 0.4604 
      H084.5  2 0.2460 0.3089 0.0510 0.1635 0.2307 
 H085.1_2003  2 0.1623 0.1999 0.0117 0.2863 0.3398 
 H085.5_2002  2 0.1733 0.1655 0.0157 0.3886 0.2569 
      H088.7  2 0.3565 0.2955 0.0137 0.1063 0.2280 
      H091.1  2 0.1321 0.1437 0.0066 0.2055 0.5121 
      H109.6  2 0.2083 0.4043 0.0294 0.2520 0.1060 
      H126.2  2 0.1054 0.3090 0.0130 0.2540 0.3187 
      H130.3  2 0.0627 0.1671 0.0201 0.2404 0.5097 
      H133.1  2 0.0870 0.4383 0.0100 0.2526 0.2121 
      H147.4  2 0.1156 0.2167 0.0061 0.3179 0.3436 
      H148.6  2 0.3728 0.1828 0.0330 0.2264 0.1850 
   H166022.2  2 0.2227 0.1835 0.0405 0.1991 0.3542 
   H167397.3  2 0.1297 0.5709 0.0114 0.2073 0.0807 
   H167496.6  2 0.1716 0.1751 0.0068 0.2122 0.4344 
   H167513.8  2 0.0573 0.4847 0.0326 0.2283 0.1971 
   H167547.4  2 0.1503 0.1416 0.0306 0.2673 0.4101 
   H169750.2  2 0.2120 0.2137 0.0079 0.2889 0.2776 
   H171929.2  2 0.1761 0.2883 0.1552 0.1738 0.2067 
   H171930.8  2 0.4282 0.2074 0.0221 0.1326 0.2097 
   H171933.7  2 0.1762 0.2056 0.0109 0.1941 0.4133 
      H190.6  2 0.1763 0.1244 0.3504 0.1509 0.1980 
      H400.4  2 0.2830 0.2790 0.0095 0.1559 0.2726 
 H428.2_2006  2 0.0460 0.2298 0.0286 0.2581 0.4373 
 H428.6_2005  2 0.2420 0.2799 0.0254 0.2263 0.2264 
      H453.3  2 0.1409 0.1737 0.0138 0.2792 0.3924 
     H512.10  2 0.0440 0.2768 0.0085 0.2554 0.4152 
      H513.2  2 0.2248 0.1966 0.0170 0.1722 0.3893 
      H532.3  2 0.1002 0.1590 0.0980 0.1668 0.4760 
      H543.8  2 0.1145 0.4532 0.0115 0.2455 0.1753 
 H545.1_2005  2 0.0129 0.5735 0.0061 0.3396 0.0679 
 H545.3_2006  2 0.0102 0.5863 0.0059 0.3403 0.0574 
      H547.7  2 0.1481 0.1012 0.0193 0.2642 0.4671 
      H548.3  2 0.0326 0.5917 0.0049 0.3018 0.0690 
     H7389.1  2 0.2866 0.1891 0.0108 0.1825 0.3311 
      H747.2  2 0.1265 0.2280 0.2992 0.1208 0.2254 
     H7484.8  2 0.3236 0.2445 0.0172 0.1689 0.2458 
     H7485.6  2 0.0660 0.5205 0.0137 0.3319 0.0680 
     H7496.6  2 0.1552 0.1596 0.0102 0.2218 0.4533 
        UNK9  2 0.1396 0.1943 0.0170 0.2052 0.4439 
      H009.6  4 0.4178 0.1269 0.0071 0.2904 0.1578 
      H046.4  4 0.1743 0.2425 0.0465 0.2859 0.2508 
 H076.2_2004  4 0.3390 0.1300 0.1546 0.1640 0.2124 
 H076.5_2002  4 0.6267 0.0814 0.0205 0.1401 0.1313 
 H076.6_2003  4 0.8978 0.0267 0.0064 0.0255 0.0437 
      H477.6  4 0.1337 0.1561 0.0160 0.2673 0.4268 
 H479.4_2006  4 0.1157 0.3070 0.0104 0.2355 0.3313 
 H479.8_2005  4 0.1468 0.3186 0.0093 0.1644 0.3609 
      H516.4  4 0.1244 0.3920 0.0325 0.2228 0.2283 
      H646.2  4 0.0564 0.1426 0.0171 0.3917 0.3922 
      H658.6  4 0.1076 0.2311 0.0178 0.3488 0.2948 
      H682.1  4 0.2266 0.1902 0.0212 0.1768 0.3852 
      H720.4  4 0.2966 0.1850 0.0388 0.2035 0.2761 
      H724.6  4 0.8059 0.0649 0.0091 0.0664 0.0536 
      H725.5  4 0.1542 0.1949 0.0157 0.1761 0.4590 
      H726.2  4 0.1097 0.1680 0.1529 0.1911 0.3784 
      H016.4  5 0.1458 0.4671 0.0077 0.1394 0.2401 
 H017.1_2002  5 0.1880 0.1210 0.0463 0.4003 0.2444 
 H017.5_2003  5 0.0766 0.1555 0.0103 0.5466 0.2110 
      H032.3  5 0.1669 0.3309 0.0083 0.1966 0.2973 
 H034.4_2002  5 0.6920 0.0766 0.0263 0.1302 0.0750 
 H034.5_2003  5 0.2842 0.2443 0.0174 0.3007 0.1534 
      H048.4  5 0.2092 0.2916 0.0195 0.1611 0.3187 
      H060.1  5 0.0652 0.4067 0.0064 0.3264 0.1953 
 H070.3_2002  5 0.3589 0.1786 0.0073 0.3268 0.1283 
 H070.4_2004  5 0.4392 0.1348 0.0087 0.2883 0.1290 
 H070.5_2003  5 0.3906 0.1539 0.0060 0.3112 0.1383 
      H077.4  5 0.1190 0.2890 0.0139 0.3716 0.2066 
      H097.6  5 0.1624 0.1353 0.0105 0.2281 0.4637 
      H124.5  5 0.1994 0.3087 0.0073 0.2610 0.2237 
      H132.5  5 0.3429 0.3388 0.0098 0.1574 0.1510 
      H155.7  5 0.4616 0.1979 0.0286 0.2125 0.0994 
      H169.2  5 0.0632 0.3589 0.0131 0.3502 0.2146 
      H457.8  5 0.0509 0.2047 0.0128 0.3227 0.4088 
      H462.4  5 0.3572 0.1147 0.0670 0.3281 0.1330 
      H481.8  5 0.1989 0.1485 0.0130 0.2641 0.3756 
      H509.4  5 0.3396 0.1546 0.0255 0.1593 0.3209 
      H567.2  5 0.4894 0.0766 0.0146 0.2046 0.2147 
      H608.4  5 0.1045 0.2574 0.0078 0.3070 0.3233 
      H615.4  5 0.3128 0.1985 0.0141 0.2657 0.2089 
      H635.4  5 0.1866 0.2891 0.0566 0.2535 0.2142 
      H728.5  5 0.0863 0.4884 0.0155 0.2734 0.1363 
 H7395.1_200  5 0.2150 0.1956 0.1140 0.2472 0.2282 
     H7395.5  5 0.0684 0.4289 0.0290 0.2619 0.2118 
      H742.2  5 0.3739 0.2023 0.0227 0.2063 0.1948 
      H958.3  5 0.2738 0.1396 0.0098 0.1776 0.3992 
      H452.9 10 0.9057 0.0240 0.0050 0.0350 0.0303 
      H473.5 10 0.0417 0.3702 0.0055 0.2273 0.3553 
      H487.5 10 0.8323 0.0225 0.0498 0.0328 0.0626 
     H703.10 10 0.1408 0.2467 0.0252 0.3056 0.2817 
      H705.2 10 0.3569 0.1436 0.0174 0.1870 0.2952 
     H7352.5 10 0.1055 0.5166 0.0198 0.1932 0.1649 
     H7354.1 10 0.0849 0.2421 0.0708 0.2923 0.3098 
     H7359.1 10 0.1958 0.3299 0.0486 0.2338 0.1920 
      H909.8 10 0.2305 0.1693 0.1369 0.2505 0.2128 
     H9555.3 10 0.8799 0.0193 0.0326 0.0189 0.0493 
     H9703.4 10 0.1335 0.0969 0.4481 0.1430 0.1785 
     H9707.6 10 0.4501 0.1419 0.0125 0.1445 0.2509 
     HSAA4.2 10 0.7975 0.0191 0.1262 0.0182 0.0390 
   saaRTON.1 10 0.0071 0.0064 0.9731 0.0069 0.0064 
  saaRTON.10 10 0.0150 0.0124 0.9486 0.0122 0.0118 
   saaRTON.2 10 0.0061 0.0052 0.9754 0.0063 0.0070 
   saaRTON.3 10 0.0111 0.0083 0.9620 0.0090 0.0095 
   saaRTON.4 10 0.0053 0.0063 0.9771 0.0057 0.0056 
   saaRTON.5 10 0.0062 0.0064 0.9749 0.0062 0.0062 
   saaRTON.6 10 0.0081 0.0073 0.9690 0.0072 0.0084 
   saaRTON.7 10 0.0143 0.0116 0.9521 0.0116 0.0104 
   saaRTON.8 10 0.0069 0.0058 0.9728 0.0071 0.0075 
   saaRTON.9 10 0.0050 0.0049 0.9807 0.0046 0.0048 
      H005.8 11 0.1265 0.3001 0.0153 0.2951 0.2630 
      H031.2 11 0.3748 0.1596 0.0180 0.2371 0.2104 
      H136.1 11 0.2080 0.2144 0.0179 0.2583 0.3013 
      H153.4 11 0.2056 0.1503 0.1336 0.2254 0.2851 
      H167.1 11 0.2226 0.3285 0.0062 0.2151 0.2276 
      H173.1 11 0.1757 0.2257 0.0148 0.2882 0.2956 
 H194.8_2003 11 0.6272 0.0856 0.0475 0.1148 0.1248 
      H196.6 11 0.8588 0.0519 0.0191 0.0337 0.0364 
 H356.5_2002 11 0.0594 0.2494 0.0211 0.2616 0.4085 
 H356.6_2001 11 0.0469 0.2033 0.1234 0.1840 0.4424 
      H360.6 11 0.1589 0.2078 0.0157 0.1890 0.4286 
 H369.1_2001 11 0.3791 0.2500 0.0065 0.2153 0.1489 
      H369.4 11 0.2439 0.1986 0.0138 0.3525 0.1912 
      H374.3 11 0.0761 0.2221 0.0188 0.4750 0.2079 
      H376.1 11 0.1501 0.2777 0.0139 0.1632 0.3950 
      H381.1 11 0.1632 0.1926 0.0142 0.3547 0.2753 
      H386.5 11 0.0521 0.4602 0.0091 0.3439 0.1346 
 H387.5_2001 11 0.1395 0.1108 0.0697 0.3579 0.3221 
      H387.9 11 0.0414 0.2509 0.0246 0.2855 0.3976 
      H392.6 11 0.1204 0.3165 0.0155 0.2503 0.2974 
 H393.4_2001 11 0.0684 0.2184 0.0153 0.4450 0.2530 
 H393.4_2002 11 0.0683 0.2090 0.0267 0.4365 0.2595 
      H394.5 11 0.1713 0.1656 0.0130 0.4197 0.2305 
      H412.9 11 0.2102 0.1392 0.1783 0.2468 0.2255 
      H439.5 11 0.2557 0.2627 0.0527 0.2482 0.1807 
 H441.6_2004 11 0.7616 0.0312 0.0079 0.0925 0.1068 
 H441.7_2005 11 0.3744 0.2217 0.0156 0.2694 0.1189 
 H442.6_2004 11 0.3956 0.1296 0.0439 0.1708 0.2601 
      H442.9 11 0.1839 0.1968 0.0153 0.2104 0.3935 
      H446.6 11 0.3537 0.1490 0.0154 0.1668 0.3152 
      H447.7 11 0.2076 0.2544 0.0263 0.1967 0.3150 
      H448.2 11 0.7162 0.0806 0.0130 0.0653 0.1250 
      H586.2 11 0.0540 0.3756 0.0226 0.2980 0.2497 
     H590.10 11 0.0584 0.3881 0.0148 0.3002 0.2385 
      H610.7 11 0.3042 0.2148 0.0162 0.1498 0.3150 
      H611.4 11 0.1812 0.3617 0.0089 0.2361 0.2121 
 H7379.2_200 11 0.2219 0.4466 0.0426 0.1467 0.1422 
 H7379.4_200 11 0.2830 0.3758 0.0209 0.2177 0.1027 
      H741.1 11 0.1007 0.2514 0.0157 0.2883 0.3440 
      H927.3 11 0.1996 0.2785 0.0059 0.2495 0.2666 
      H928.4 11 0.1595 0.2563 0.0436 0.2788 0.2618 
     H9560.4 11 0.2003 0.1095 0.3240 0.1783 0.1879 
    Rad451.3 11 0.0655 0.4748 0.0069 0.2298 0.2230 
      H409.8 12 0.4431 0.2729 0.0100 0.1239 0.1501 
      H413.2 12 0.4297 0.1501 0.0338 0.1646 0.2218 
      H563.3 12 0.5525 0.1487 0.0106 0.1717 0.1165 
     H7374.6 12 0.1821 0.3202 0.0114 0.2877 0.1987 
     H9563.8 12 0.2353 0.2371 0.1120 0.1182 0.2975 
     H9572.4 12 0.1451 0.2967 0.0187 0.2710 0.2685 
