      H105.4  1 0.4561 0.1503 0.3936 
      H115.3  1 0.3495 0.3062 0.3442 
      H145.1  1 0.5555 0.1356 0.3089 
      H149.6  1 0.2761 0.4952 0.2287 
      H150.1  1 0.3663 0.1381 0.4956 
   H169607.8  1 0.4779 0.1461 0.3760 
   H169633.5  1 0.4070 0.3293 0.2637 
   H169688.2  1 0.3075 0.1452 0.5473 
   H171901.5  1 0.4578 0.2460 0.2962 
   H171902.3  1 0.3221 0.1948 0.4830 
   H171903.5  1 0.3084 0.4122 0.2794 
      H177.6  1 0.3311 0.3965 0.2724 
      H179.1  1 0.4861 0.2086 0.3054 
      H180.2  1 0.2263 0.1992 0.5745 
      H181.7  1 0.4463 0.1469 0.4068 
 H194.6_2004  1 0.2938 0.4059 0.3003 
 H195.3_2003  1 0.4574 0.1010 0.4417 
 H195.3_2004  1 0.4107 0.2321 0.3572 
      H415.5  1 0.2438 0.3981 0.3580 
      H506.5  1 0.4645 0.1263 0.4092 
      H533.4  1 0.5262 0.1550 0.3187 
      H535.1  1 0.3557 0.2920 0.3523 
      H539.5  1 0.4661 0.1949 0.3390 
      H540.7  1 0.3214 0.4184 0.2602 
     H9558.1  1 0.4394 0.1147 0.4460 
    kos339.2  1 0.4558 0.2252 0.3190 
      H008.9  2 0.5969 0.1450 0.2581 
 H029.5_2002  2 0.4558 0.1164 0.4278 
 H029.5_2003  2 0.3201 0.0828 0.5971 
      H030.1  2 0.2907 0.3460 0.3633 
      H038.4  2 0.5081 0.0977 0.3943 
      H041.2  2 0.4904 0.1466 0.3630 
 H042.3_2003  2 0.3081 0.2609 0.4310 
 H042.4_2002  2 0.1954 0.5040 0.3007 
   H042_2002  2 0.4783 0.2204 0.3013 
   H042_2003  2 0.4683 0.2368 0.2949 
      H043.7  2 0.5035 0.1033 0.3931 
      H047.6  2 0.3720 0.1942 0.4338 
 H071.1_2003  2 0.5446 0.1148 0.3406 
 H071.5_2002  2 0.3947 0.2035 0.4018 
 H081.3_2003  2 0.3479 0.3507 0.3015 
      H081.7  2 0.5940 0.1301 0.2759 
      H083.1  2 0.3506 0.1845 0.4649 
      H084.5  2 0.2793 0.3037 0.4170 
 H085.1_2003  2 0.4987 0.1334 0.3679 
 H085.5_2002  2 0.4926 0.2057 0.3018 
      H088.7  2 0.4154 0.1897 0.3949 
      H091.1  2 0.2633 0.1172 0.6195 
      H109.6  2 0.3764 0.3208 0.3029 
      H126.2  2 0.3450 0.1820 0.4730 
      H130.3  2 0.2129 0.2165 0.5706 
      H133.1  2 0.3789 0.1406 0.4806 
      H147.4  2 0.6129 0.0847 0.3025 
      H148.6  2 0.4798 0.3007 0.2195 
   H166022.2  2 0.3262 0.3319 0.3420 
   H167397.3  2 0.4019 0.1184 0.4797 
   H167496.6  2 0.4746 0.1412 0.3842 
   H167513.8  2 0.3557 0.2438 0.4005 
   H167547.4  2 0.2634 0.2605 0.4760 
   H169750.2  2 0.5384 0.1555 0.3061 
   H171929.2  2 0.2191 0.4873 0.2935 
   H171930.8  2 0.2825 0.3134 0.4041 
   H171933.7  2 0.3730 0.1950 0.4320 
      H190.6  2 0.1008 0.7729 0.1263 
      H400.4  2 0.3354 0.1566 0.5080 
 H428.2_2006  2 0.3538 0.1564 0.4898 
 H428.6_2005  2 0.4412 0.3044 0.2544 
      H453.3  2 0.2358 0.1586 0.6057 
     H512.10  2 0.3117 0.1048 0.5835 
      H513.2  2 0.3263 0.2061 0.4676 
      H532.3  2 0.2278 0.4471 0.3252 
      H543.8  2 0.5288 0.1051 0.3660 
 H545.1_2005  2 0.4460 0.0567 0.4973 
 H545.3_2006  2 0.4323 0.0540 0.5137 
      H547.7  2 0.2986 0.2002 0.5012 
      H548.3  2 0.5324 0.0670 0.4006 
     H7389.1  2 0.3364 0.1836 0.4799 
      H747.2  2 0.1575 0.5795 0.2630 
     H7484.8  2 0.4475 0.2820 0.2705 
     H7485.6  2 0.5143 0.1504 0.3353 
     H7496.6  2 0.4166 0.2200 0.3634 
        UNK9  2 0.3482 0.2237 0.4281 
      H009.6  4 0.4345 0.1729 0.3926 
      H046.4  4 0.2707 0.4715 0.2578 
 H076.2_2004  4 0.2288 0.4885 0.2827 
 H076.5_2002  4 0.2328 0.3128 0.4544 
 H076.6_2003  4 0.2577 0.3573 0.3850 
      H477.6  4 0.2647 0.2750 0.4603 
 H479.4_2006  4 0.5099 0.1271 0.3630 
 H479.8_2005  4 0.5155 0.1487 0.3358 
      H516.4  4 0.2963 0.3025 0.4013 
      H646.2  4 0.1497 0.1409 0.7095 
      H658.6  4 0.2841 0.3808 0.3351 
      H682.1  4 0.3407 0.3517 0.3076 
      H720.4  4 0.1990 0.3999 0.4011 
      H724.6  4 0.3931 0.2654 0.3415 
      H725.5  4 0.3441 0.3921 0.2638 
      H726.2  4 0.2154 0.4961 0.2885 
      H016.4  5 0.4563 0.1008 0.4429 
 H017.1_2002  5 0.2554 0.3384 0.4062 
 H017.5_2003  5 0.3417 0.1494 0.5089 
      H032.3  5 0.3896 0.1361 0.4742 
 H034.4_2002  5 0.3678 0.4127 0.2195 
 H034.5_2003  5 0.3918 0.3585 0.2496 
      H048.4  5 0.3704 0.1421 0.4875 
      H060.1  5 0.4812 0.0925 0.4263 
 H070.3_2002  5 0.6246 0.1087 0.2668 
 H070.4_2004  5 0.5817 0.1846 0.2337 
 H070.5_2003  5 0.6624 0.1122 0.2254 
      H077.4  5 0.4801 0.2105 0.3094 
      H097.6  5 0.2583 0.1120 0.6298 
      H124.5  5 0.4541 0.1033 0.4426 
      H132.5  5 0.4344 0.1403 0.4253 
      H155.7  5 0.3442 0.4239 0.2320 
      H169.2  5 0.4235 0.2394 0.3370 
      H457.8  5 0.2645 0.1432 0.5923 
      H462.4  5 0.3750 0.3989 0.2261 
      H481.8  5 0.3440 0.3817 0.2743 
      H509.4  5 0.2553 0.4820 0.2627 
      H567.2  5 0.3277 0.3771 0.2952 
      H608.4  5 0.3492 0.1054 0.5454 
      H615.4  5 0.3769 0.3546 0.2685 
      H635.4  5 0.3036 0.3846 0.3118 
      H728.5  5 0.4707 0.1623 0.3671 
 H7395.1_200  5 0.3221 0.3935 0.2844 
     H7395.5  5 0.3736 0.2056 0.4208 
      H742.2  5 0.3187 0.4360 0.2454 
      H958.3  5 0.2530 0.2681 0.4789 
      H452.9 10 0.3922 0.2292 0.3786 
      H473.5 10 0.3739 0.0597 0.5664 
      H487.5 10 0.1462 0.6243 0.2295 
     H703.10 10 0.3346 0.3643 0.3010 
      H705.2 10 0.2907 0.3351 0.3742 
     H7352.5 10 0.3448 0.1201 0.5351 
     H7354.1 10 0.3347 0.3523 0.3129 
     H7359.1 10 0.3125 0.4410 0.2465 
      H909.8 10 0.2917 0.5269 0.1814 
     H9555.3 10 0.1931 0.6058 0.2011 
     H9703.4 10 0.1145 0.7362 0.1493 
     H9707.6 10 0.3915 0.2941 0.3144 
     HSAA4.2 10 0.1393 0.6863 0.1745 
   saaRTON.1 10 0.0528 0.8835 0.0638 
  saaRTON.10 10 0.0991 0.7917 0.1092 
   saaRTON.2 10 0.0526 0.8921 0.0554 
   saaRTON.3 10 0.0757 0.8279 0.0964 
   saaRTON.4 10 0.0529 0.8874 0.0596 
   saaRTON.5 10 0.0487 0.8952 0.0561 
   saaRTON.6 10 0.0558 0.8826 0.0616 
   saaRTON.7 10 0.0768 0.8471 0.0761 
   saaRTON.8 10 0.0599 0.8735 0.0666 
   saaRTON.9 10 0.0423 0.9061 0.0516 
      H005.8 11 0.4962 0.1607 0.3431 
      H031.2 11 0.3764 0.3471 0.2765 
      H136.1 11 0.2457 0.2911 0.4632 
      H153.4 11 0.1992 0.4236 0.3772 
      H167.1 11 0.5363 0.1020 0.3617 
      H173.1 11 0.4392 0.2329 0.3279 
 H194.8_2003 11 0.2474 0.5550 0.1976 
      H196.6 11 0.2391 0.5455 0.2153 
 H356.5_2002 11 0.2264 0.3097 0.4639 
 H356.6_2001 11 0.2168 0.4911 0.2922 
      H360.6 11 0.3376 0.3465 0.3159 
 H369.1_2001 11 0.6568 0.1014 0.2417 
      H369.4 11 0.4696 0.2708 0.2596 
      H374.3 11 0.4051 0.2725 0.3223 
      H376.1 11 0.2441 0.1769 0.5790 
      H381.1 11 0.4510 0.2188 0.3301 
      H386.5 11 0.4942 0.1378 0.3681 
 H387.5_2001 11 0.2230 0.2422 0.5348 
      H387.9 11 0.2496 0.2097 0.5407 
      H392.6 11 0.2596 0.2229 0.5175 
 H393.4_2001 11 0.3637 0.1233 0.5131 
 H393.4_2002 11 0.4435 0.1873 0.3692 
      H394.5 11 0.5313 0.1293 0.3394 
      H412.9 11 0.2315 0.5413 0.2273 
      H439.5 11 0.3329 0.4363 0.2308 
 H441.6_2004 11 0.3093 0.2865 0.4041 
 H441.7_2005 11 0.5402 0.2025 0.2572 
 H442.6_2004 11 0.2115 0.5502 0.2383 
      H442.9 11 0.3348 0.3522 0.3130 
      H446.6 11 0.2050 0.3258 0.4692 
      H447.7 11 0.3739 0.2571 0.3691 
      H448.2 11 0.2198 0.5470 0.2332 
      H586.2 11 0.2959 0.1757 0.5284 
     H590.10 11 0.3426 0.1607 0.4967 
      H610.7 11 0.3557 0.2887 0.3556 
      H611.4 11 0.4578 0.1583 0.3839 
 H7379.2_200 11 0.3936 0.3325 0.2739 
 H7379.4_200 11 0.4746 0.2496 0.2758 
      H741.1 11 0.3295 0.2688 0.4017 
      H927.3 11 0.4810 0.1010 0.4180 
      H928.4 11 0.3102 0.3001 0.3897 
     H9560.4 11 0.1551 0.6804 0.1644 
    Rad451.3 11 0.4371 0.1680 0.3949 
      H409.8 12 0.2868 0.2611 0.4520 
      H413.2 12 0.2775 0.3184 0.4042 
      H563.3 12 0.3666 0.3325 0.3009 
     H7374.6 12 0.3665 0.1390 0.4945 
     H9563.8 12 0.2072 0.5281 0.2647 
     H9572.4 12 0.5088 0.1997 0.2915 
