      H105.4  1 0.2000 0.0132 0.2840 0.4074 0.0954 
      H115.3  1 0.1624 0.0310 0.2163 0.3800 0.2102 
      H145.1  1 0.1912 0.0068 0.1825 0.2557 0.3638 
      H149.6  1 0.1733 0.0991 0.0948 0.3231 0.3098 
      H150.1  1 0.1792 0.0085 0.3498 0.2756 0.1869 
   H169607.8  1 0.2140 0.0103 0.1711 0.4550 0.1496 
   H169633.5  1 0.2102 0.0206 0.0989 0.2497 0.4207 
   H169688.2  1 0.1306 0.0147 0.2628 0.3114 0.2805 
   H171901.5  1 0.2066 0.0132 0.1878 0.2628 0.3296 
   H171902.3  1 0.1801 0.0208 0.1376 0.3476 0.3139 
   H171903.5  1 0.2249 0.0589 0.1409 0.3082 0.2670 
      H177.6  1 0.1766 0.0519 0.0873 0.2451 0.4391 
      H179.1  1 0.1905 0.0156 0.1570 0.1374 0.4995 
      H180.2  1 0.1075 0.0194 0.2417 0.4721 0.1593 
      H181.7  1 0.1348 0.0112 0.0688 0.3278 0.4574 
 H194.6_2004  1 0.2800 0.0408 0.2366 0.2648 0.1778 
 H195.3_2003  1 0.2012 0.0069 0.3284 0.3189 0.1447 
 H195.3_2004  1 0.1709 0.0305 0.1398 0.3754 0.2834 
      H415.5  1 0.1624 0.0739 0.1103 0.2444 0.4091 
      H506.5  1 0.1258 0.0075 0.0901 0.1774 0.5991 
      H533.4  1 0.1088 0.0086 0.0774 0.1552 0.6501 
      H535.1  1 0.3139 0.0434 0.1340 0.2984 0.2103 
      H539.5  1 0.1795 0.0111 0.3930 0.2194 0.1970 
      H540.7  1 0.2547 0.0200 0.3120 0.2113 0.2020 
     H9558.1  1 0.1723 0.0075 0.2851 0.2688 0.2662 
    kos339.2  1 0.2769 0.0121 0.1130 0.1779 0.4202 
      H008.9  2 0.3242 0.0093 0.2727 0.1794 0.2144 
 H029.5_2002  2 0.2038 0.0123 0.2574 0.1693 0.3572 
 H029.5_2003  2 0.0735 0.0073 0.2399 0.2629 0.4163 
      H030.1  2 0.2831 0.0328 0.3084 0.2537 0.1220 
      H038.4  2 0.1798 0.0108 0.1342 0.1708 0.5043 
      H041.2  2 0.2542 0.0095 0.2456 0.1193 0.3713 
 H042.3_2003  2 0.2605 0.0190 0.3756 0.1833 0.1617 
 H042.4_2002  2 0.3070 0.0521 0.4027 0.1663 0.0720 
   H042_2002  2 0.3437 0.0089 0.3947 0.0920 0.1607 
   H042_2003  2 0.3191 0.0086 0.3906 0.1425 0.1393 
      H043.7  2 0.1510 0.0079 0.1463 0.3237 0.3711 
      H047.6  2 0.1282 0.0191 0.2064 0.1659 0.4803 
 H071.1_2003  2 0.2980 0.0065 0.2973 0.2762 0.1219 
 H071.5_2002  2 0.1964 0.0199 0.2558 0.3496 0.1783 
 H081.3_2003  2 0.1902 0.0269 0.1504 0.2992 0.3333 
      H081.7  2 0.2308 0.0110 0.2926 0.2714 0.1943 
      H083.1  2 0.2151 0.0179 0.2604 0.3354 0.1712 
      H084.5  2 0.1444 0.0587 0.1445 0.2827 0.3698 
 H085.1_2003  2 0.3061 0.0150 0.3349 0.1993 0.1448 
 H085.5_2002  2 0.3985 0.0165 0.2895 0.2324 0.0632 
      H088.7  2 0.2653 0.0163 0.2807 0.1707 0.2670 
      H091.1  2 0.3754 0.0070 0.4414 0.1515 0.0248 
      H109.6  2 0.1193 0.0457 0.1232 0.1448 0.5670 
      H126.2  2 0.2225 0.0155 0.1824 0.3222 0.2574 
      H130.3  2 0.1072 0.0245 0.2484 0.4306 0.1893 
      H133.1  2 0.0636 0.0131 0.1581 0.1800 0.5852 
      H147.4  2 0.2830 0.0094 0.3428 0.2098 0.1550 
      H148.6  2 0.2977 0.0464 0.2255 0.2090 0.2214 
   H166022.2  2 0.3449 0.0576 0.3014 0.1953 0.1008 
   H167397.3  2 0.0724 0.0167 0.1093 0.2013 0.6004 
   H167496.6  2 0.3553 0.0079 0.3979 0.1527 0.0861 
   H167513.8  2 0.0833 0.0383 0.1066 0.2017 0.5701 
   H167547.4  2 0.1915 0.0351 0.3332 0.3223 0.1178 
   H169750.2  2 0.3324 0.0091 0.3413 0.1755 0.1416 
   H171929.2  2 0.1859 0.1788 0.1588 0.2304 0.2461 
   H171930.8  2 0.2990 0.0273 0.2302 0.1860 0.2576 
   H171933.7  2 0.2946 0.0093 0.2916 0.3543 0.0501 
      H190.6  2 0.1800 0.3503 0.2206 0.1886 0.0605 
      H400.4  2 0.2290 0.0119 0.3028 0.2249 0.2314 
 H428.2_2006  2 0.1489 0.0335 0.2738 0.4295 0.1143 
 H428.6_2005  2 0.2834 0.0318 0.1131 0.3089 0.2628 
      H453.3  2 0.3070 0.0139 0.3342 0.3073 0.0375 
     H512.10  2 0.1123 0.0098 0.1495 0.4924 0.2360 
      H513.2  2 0.2986 0.0174 0.2869 0.3275 0.0696 
      H532.3  2 0.2359 0.0833 0.2841 0.3182 0.0786 
      H543.8  2 0.1267 0.0138 0.1070 0.2486 0.5039 
 H545.1_2005  2 0.0204 0.0059 0.0256 0.2153 0.7327 
 H545.3_2006  2 0.0181 0.0069 0.0185 0.2168 0.7397 
      H547.7  2 0.2887 0.0192 0.3956 0.2387 0.0578 
      H548.3  2 0.0348 0.0057 0.0359 0.1860 0.7376 
     H7389.1  2 0.3156 0.0120 0.2615 0.3174 0.0934 
      H747.2  2 0.1284 0.3434 0.1157 0.1775 0.2349 
     H7484.8  2 0.3019 0.0187 0.1930 0.2508 0.2356 
     H7485.6  2 0.0477 0.0183 0.0318 0.2382 0.6640 
     H7496.6  2 0.3627 0.0124 0.4260 0.1429 0.0561 
        UNK9  2 0.2469 0.0173 0.3155 0.2493 0.1709 
      H009.6  4 0.2609 0.0065 0.4058 0.2136 0.1132 
      H046.4  4 0.1998 0.0510 0.3275 0.2489 0.1729 
 H076.2_2004  4 0.2817 0.1566 0.2247 0.2152 0.1218 
 H076.5_2002  4 0.3948 0.0220 0.3582 0.1808 0.0442 
 H076.6_2003  4 0.4696 0.0064 0.4266 0.0693 0.0282 
      H477.6  4 0.2003 0.0234 0.3007 0.3571 0.1185 
 H479.4_2006  4 0.2479 0.0110 0.2011 0.1884 0.3516 
 H479.8_2005  4 0.2601 0.0111 0.1656 0.1994 0.3638 
      H516.4  4 0.1505 0.0328 0.1218 0.3098 0.3852 
      H646.2  4 0.1563 0.0250 0.1836 0.5387 0.0964 
      H658.6  4 0.2085 0.0193 0.2436 0.3020 0.2266 
      H682.1  4 0.3191 0.0260 0.3219 0.2016 0.1315 
      H720.4  4 0.2223 0.0502 0.2402 0.3145 0.1728 
      H724.6  4 0.4175 0.0094 0.4158 0.0827 0.0746 
      H725.5  4 0.3514 0.0160 0.3919 0.1684 0.0724 
      H726.2  4 0.2191 0.1307 0.1995 0.3324 0.1182 
      H016.4  5 0.1781 0.0075 0.1330 0.1947 0.4867 
 H017.1_2002  5 0.2061 0.0675 0.2605 0.3192 0.1466 
 H017.5_2003  5 0.1442 0.0143 0.2616 0.3699 0.2099 
      H032.3  5 0.1818 0.0094 0.2934 0.1940 0.3214 
 H034.4_2002  5 0.3818 0.0251 0.4250 0.0931 0.0751 
 H034.5_2003  5 0.1851 0.0179 0.2132 0.2301 0.3538 
      H048.4  5 0.2175 0.0219 0.2437 0.2705 0.2465 
      H060.1  5 0.1089 0.0076 0.1099 0.3229 0.4508 
 H070.3_2002  5 0.2775 0.0076 0.3370 0.1646 0.2134 
 H070.4_2004  5 0.4091 0.0091 0.3850 0.1195 0.0773 
 H070.5_2003  5 0.3280 0.0063 0.3474 0.1077 0.2106 
      H077.4  5 0.1831 0.0187 0.1326 0.2634 0.4022 
      H097.6  5 0.3027 0.0133 0.3670 0.2543 0.0627 
      H124.5  5 0.2055 0.0082 0.1989 0.2241 0.3632 
      H132.5  5 0.2067 0.0122 0.2191 0.1810 0.3809 
      H155.7  5 0.3058 0.0334 0.3595 0.1559 0.1454 
      H169.2  5 0.1401 0.0157 0.0822 0.3785 0.3835 
      H457.8  5 0.1247 0.0160 0.2196 0.4945 0.1453 
      H462.4  5 0.2707 0.0659 0.3654 0.1576 0.1403 
      H481.8  5 0.2841 0.0128 0.3306 0.2646 0.1079 
      H509.4  5 0.3617 0.0313 0.4021 0.1423 0.0627 
      H567.2  5 0.3745 0.0175 0.4482 0.1140 0.0458 
      H608.4  5 0.1223 0.0079 0.3113 0.3272 0.2313 
      H615.4  5 0.2543 0.0168 0.3120 0.1943 0.2226 
      H635.4  5 0.1509 0.0633 0.2117 0.2504 0.3237 
      H728.5  5 0.1487 0.0182 0.0722 0.1475 0.6134 
 H7395.1_200  5 0.2770 0.1239 0.1576 0.2391 0.2023 
     H7395.5  5 0.1414 0.0397 0.0758 0.1971 0.5460 
      H742.2  5 0.3189 0.0326 0.1957 0.2442 0.2087 
      H958.3  5 0.2531 0.0119 0.4356 0.2584 0.0411 
      H452.9 10 0.5007 0.0065 0.4340 0.0350 0.0238 
      H473.5 10 0.0489 0.0057 0.1405 0.3636 0.4414 
      H487.5 10 0.4500 0.0592 0.4136 0.0520 0.0253 
     H703.10 10 0.2516 0.0268 0.1904 0.3215 0.2097 
      H705.2 10 0.4088 0.0225 0.2512 0.2783 0.0392 
     H7352.5 10 0.0493 0.0244 0.0992 0.2217 0.6055 
     H7354.1 10 0.1429 0.0707 0.2075 0.3494 0.2295 
     H7359.1 10 0.1453 0.0730 0.1731 0.2322 0.3763 
      H909.8 10 0.2425 0.1469 0.1723 0.2926 0.1457 
     H9555.3 10 0.4757 0.0354 0.4201 0.0497 0.0190 
     H9703.4 10 0.2193 0.4394 0.1766 0.1233 0.0413 
     H9707.6 10 0.3721 0.0151 0.2877 0.1611 0.1640 
     HSAA4.2 10 0.4643 0.1618 0.3158 0.0408 0.0173 
   saaRTON.1 10 0.0078 0.9687 0.0083 0.0077 0.0075 
  saaRTON.10 10 0.0115 0.9474 0.0135 0.0150 0.0125 
   saaRTON.2 10 0.0077 0.9702 0.0078 0.0079 0.0064 
   saaRTON.3 10 0.0096 0.9556 0.0125 0.0121 0.0101 
   saaRTON.4 10 0.0063 0.9726 0.0071 0.0066 0.0075 
   saaRTON.5 10 0.0068 0.9730 0.0069 0.0076 0.0058 
   saaRTON.6 10 0.0085 0.9659 0.0087 0.0097 0.0072 
   saaRTON.7 10 0.0186 0.9404 0.0157 0.0135 0.0118 
   saaRTON.8 10 0.0065 0.9713 0.0074 0.0077 0.0071 
   saaRTON.9 10 0.0053 0.9777 0.0059 0.0060 0.0051 
      H005.8 11 0.1953 0.0201 0.1578 0.2906 0.3362 
      H031.2 11 0.3621 0.0268 0.2686 0.2060 0.1365 
      H136.1 11 0.2483 0.0182 0.2459 0.3436 0.1440 
      H153.4 11 0.2603 0.1535 0.1924 0.2887 0.1050 
      H167.1 11 0.2222 0.0072 0.1650 0.2905 0.3151 
      H173.1 11 0.3091 0.0163 0.1641 0.2923 0.2181 
 H194.8_2003 11 0.3482 0.0589 0.3806 0.1077 0.1047 
      H196.6 11 0.4653 0.0234 0.4477 0.0307 0.0329 
 H356.5_2002 11 0.1304 0.0278 0.1143 0.6096 0.1178 
 H356.6_2001 11 0.1639 0.1178 0.2603 0.3917 0.0662 
      H360.6 11 0.2884 0.0204 0.2763 0.3366 0.0782 
 H369.1_2001 11 0.2871 0.0083 0.1671 0.1547 0.3828 
      H369.4 11 0.3119 0.0170 0.2544 0.2308 0.1858 
      H374.3 11 0.1731 0.0208 0.0744 0.4643 0.2675 
      H376.1 11 0.1083 0.0173 0.0845 0.4024 0.3875 
      H381.1 11 0.2310 0.0167 0.2198 0.2762 0.2563 
      H386.5 11 0.1132 0.0127 0.0734 0.2665 0.5342 
 H387.5_2001 11 0.2536 0.0610 0.2347 0.3896 0.0611 
      H387.9 11 0.0733 0.0262 0.0740 0.5766 0.2498 
      H392.6 11 0.1443 0.0192 0.0673 0.4308 0.3383 
 H393.4_2001 11 0.0769 0.0161 0.1561 0.6065 0.1445 
 H393.4_2002 11 0.1499 0.0296 0.1963 0.5060 0.1182 
      H394.5 11 0.2010 0.0128 0.3178 0.2778 0.1906 
      H412.9 11 0.2322 0.2068 0.1676 0.2239 0.1695 
      H439.5 11 0.1842 0.0650 0.1915 0.2255 0.3338 
 H441.6_2004 11 0.4601 0.0076 0.4180 0.0913 0.0230 
 H441.7_2005 11 0.3384 0.0177 0.3252 0.1451 0.1737 
 H442.6_2004 11 0.3171 0.0498 0.3955 0.1305 0.1072 
      H442.9 11 0.2177 0.0230 0.2781 0.2115 0.2697 
      H446.6 11 0.3553 0.0190 0.2468 0.2930 0.0859 
      H447.7 11 0.3027 0.0286 0.2564 0.2085 0.2039 
      H448.2 11 0.5260 0.0142 0.3640 0.0697 0.0261 
      H586.2 11 0.0573 0.0301 0.1202 0.3897 0.4027 
     H590.10 11 0.0806 0.0150 0.0694 0.4239 0.4112 
      H610.7 11 0.3524 0.0198 0.2223 0.2484 0.1571 
      H611.4 11 0.1607 0.0113 0.1529 0.1970 0.4781 
 H7379.2_200 11 0.1384 0.0489 0.1538 0.1559 0.5031 
 H7379.4_200 11 0.1932 0.0243 0.1741 0.1409 0.4675 
      H741.1 11 0.1833 0.0209 0.3366 0.2708 0.1885 
      H927.3 11 0.2714 0.0065 0.2037 0.2122 0.3062 
      H928.4 11 0.1264 0.0549 0.3250 0.2385 0.2551 
     H9560.4 11 0.1570 0.3029 0.3111 0.1536 0.0754 
    Rad451.3 11 0.1880 0.0113 0.1194 0.2099 0.4714 
      H409.8 12 0.3588 0.0134 0.2785 0.1654 0.1838 
      H413.2 12 0.3068 0.0436 0.3029 0.2992 0.0475 
      H563.3 12 0.4304 0.0142 0.3788 0.0995 0.0770 
     H7374.6 12 0.1734 0.0151 0.1333 0.3365 0.3416 
     H9563.8 12 0.2313 0.1269 0.2567 0.2252 0.1599 
     H9572.4 12 0.2514 0.0267 0.2276 0.2633 0.2310 
