      H105.4  1 0.0076 0.2322 0.5120 0.2482 
      H115.3  1 0.0198 0.4442 0.4386 0.0974 
      H145.1  1 0.0074 0.5596 0.1306 0.3024 
      H149.6  1 0.0768 0.3806 0.1359 0.4068 
      H150.1  1 0.0077 0.5447 0.1994 0.2482 
   H169607.8  1 0.0078 0.3737 0.4546 0.1638 
   H169633.5  1 0.0156 0.5624 0.0996 0.3224 
   H169688.2  1 0.0116 0.3011 0.4692 0.2181 
   H171901.5  1 0.0100 0.4473 0.2108 0.3319 
   H171902.3  1 0.0155 0.4370 0.3089 0.2386 
   H171903.5  1 0.0564 0.4288 0.2110 0.3038 
      H177.6  1 0.0408 0.5817 0.1598 0.2177 
      H179.1  1 0.0113 0.4318 0.1483 0.4086 
      H180.2  1 0.0144 0.3261 0.5343 0.1252 
      H181.7  1 0.0078 0.7526 0.1364 0.1032 
 H194.6_2004  1 0.0407 0.1914 0.3020 0.4659 
 H195.3_2003  1 0.0058 0.2188 0.3877 0.3878 
 H195.3_2004  1 0.0208 0.3928 0.2755 0.3109 
      H415.5  1 0.0650 0.4386 0.0703 0.4261 
      H506.5  1 0.0056 0.5429 0.0995 0.3519 
      H533.4  1 0.0071 0.7058 0.1501 0.1369 
      H535.1  1 0.0416 0.2672 0.2302 0.4609 
      H539.5  1 0.0081 0.5048 0.2495 0.2376 
      H540.7  1 0.0216 0.5178 0.1148 0.3458 
     H9558.1  1 0.0057 0.4559 0.2107 0.3277 
    kos339.2  1 0.0115 0.4739 0.1968 0.3177 
      H008.9  2 0.0079 0.4042 0.2158 0.3721 
 H029.5_2002  2 0.0088 0.2635 0.2365 0.4911 
 H029.5_2003  2 0.0059 0.3505 0.1546 0.4891 
      H030.1  2 0.0263 0.1168 0.7444 0.1125 
      H038.4  2 0.0097 0.5256 0.2494 0.2154 
      H041.2  2 0.0089 0.2550 0.1153 0.6208 
 H042.3_2003  2 0.0168 0.2179 0.4287 0.3366 
 H042.4_2002  2 0.0503 0.1046 0.4435 0.4016 
   H042_2002  2 0.0079 0.3873 0.0862 0.5186 
   H042_2003  2 0.0069 0.4247 0.0965 0.4719 
      H043.7  2 0.0051 0.5688 0.3187 0.1074 
      H047.6  2 0.0138 0.3686 0.1330 0.4845 
 H071.1_2003  2 0.0044 0.2129 0.5889 0.1937 
 H071.5_2002  2 0.0154 0.3615 0.5086 0.1145 
 H081.3_2003  2 0.0228 0.4665 0.2435 0.2671 
      H081.7  2 0.0078 0.3248 0.5091 0.1583 
      H083.1  2 0.0173 0.2424 0.6382 0.1021 
      H084.5  2 0.0529 0.3356 0.2639 0.3476 
 H085.1_2003  2 0.0107 0.1487 0.7157 0.1249 
 H085.5_2002  2 0.0123 0.1422 0.6617 0.1838 
      H088.7  2 0.0111 0.2405 0.1379 0.6105 
      H091.1  2 0.0061 0.0427 0.8626 0.0885 
      H109.6  2 0.0286 0.6364 0.0894 0.2457 
      H126.2  2 0.0118 0.4758 0.2891 0.2233 
      H130.3  2 0.0166 0.1519 0.6663 0.1652 
      H133.1  2 0.0091 0.5801 0.1404 0.2704 
      H147.4  2 0.0071 0.1962 0.6519 0.1448 
      H148.6  2 0.0351 0.3402 0.2391 0.3856 
   H166022.2  2 0.0348 0.1445 0.4734 0.3473 
   H167397.3  2 0.0107 0.5146 0.0938 0.3810 
   H167496.6  2 0.0073 0.0883 0.6183 0.2862 
   H167513.8  2 0.0295 0.6031 0.1608 0.2066 
   H167547.4  2 0.0278 0.1404 0.7039 0.1279 
   H169750.2  2 0.0086 0.2058 0.4883 0.2972 
   H171929.2  2 0.1516 0.3287 0.2543 0.2654 
   H171930.8  2 0.0197 0.1969 0.1754 0.6080 
   H171933.7  2 0.0092 0.0895 0.8133 0.0880 
      H190.6  2 0.3481 0.1416 0.3213 0.1890 
      H400.4  2 0.0083 0.1737 0.3701 0.4479 
 H428.2_2006  2 0.0253 0.1762 0.7043 0.0943 
 H428.6_2005  2 0.0238 0.3015 0.4752 0.1995 
      H453.3  2 0.0101 0.0488 0.8585 0.0826 
     H512.10  2 0.0065 0.2746 0.5696 0.1493 
      H513.2  2 0.0126 0.0959 0.7131 0.1784 
      H532.3  2 0.0912 0.1047 0.6550 0.1491 
      H543.8  2 0.0111 0.6538 0.1881 0.1470 
 H545.1_2005  2 0.0053 0.9310 0.0405 0.0232 
 H545.3_2006  2 0.0063 0.9378 0.0290 0.0269 
      H547.7  2 0.0164 0.1059 0.6647 0.2131 
      H548.3  2 0.0045 0.9247 0.0335 0.0372 
     H7389.1  2 0.0119 0.0902 0.7084 0.1895 
      H747.2  2 0.3033 0.2737 0.2012 0.2219 
     H7484.8  2 0.0144 0.3482 0.3913 0.2461 
     H7485.6  2 0.0119 0.8691 0.0703 0.0488 
     H7496.6  2 0.0077 0.0619 0.7261 0.2043 
        UNK9  2 0.0129 0.1985 0.6764 0.1123 
      H009.6  4 0.0069 0.2448 0.1939 0.5544 
      H046.4  4 0.0401 0.4171 0.2172 0.3256 
 H076.2_2004  4 0.1634 0.1194 0.2118 0.5054 
 H076.5_2002  4 0.0171 0.0459 0.1742 0.7628 
 H076.6_2003  4 0.0045 0.0278 0.0316 0.9361 
      H477.6  4 0.0187 0.1607 0.7272 0.0935 
 H479.4_2006  4 0.0080 0.3662 0.4354 0.1904 
 H479.8_2005  4 0.0087 0.3142 0.5559 0.1212 
      H516.4  4 0.0364 0.5096 0.1442 0.3098 
      H646.2  4 0.0167 0.1101 0.6009 0.2723 
      H658.6  4 0.0149 0.3454 0.3478 0.2919 
      H682.1  4 0.0209 0.1506 0.5940 0.2345 
      H720.4  4 0.0440 0.1366 0.3826 0.4367 
      H724.6  4 0.0096 0.0912 0.0610 0.8383 
      H725.5  4 0.0185 0.0877 0.7143 0.1794 
      H726.2  4 0.1429 0.1792 0.3164 0.3615 
      H016.4  5 0.0062 0.5412 0.1960 0.2565 
 H017.1_2002  5 0.0570 0.3779 0.3092 0.2559 
 H017.5_2003  5 0.0097 0.4877 0.4052 0.0974 
      H032.3  5 0.0086 0.3333 0.2627 0.3954 
 H034.4_2002  5 0.0236 0.1728 0.1380 0.6656 
 H034.5_2003  5 0.0162 0.4930 0.1736 0.3171 
      H048.4  5 0.0174 0.3086 0.2428 0.4312 
      H060.1  5 0.0056 0.7785 0.0887 0.1272 
 H070.3_2002  5 0.0061 0.4633 0.1386 0.3920 
 H070.4_2004  5 0.0078 0.2517 0.2656 0.4749 
 H070.5_2003  5 0.0049 0.4388 0.1580 0.3982 
      H077.4  5 0.0147 0.6430 0.1903 0.1521 
      H097.6  5 0.0095 0.1083 0.7014 0.1808 
      H124.5  5 0.0070 0.3730 0.2416 0.3785 
      H132.5  5 0.0106 0.2532 0.2040 0.5322 
      H155.7  5 0.0295 0.3975 0.1713 0.4017 
      H169.2  5 0.0113 0.6509 0.1699 0.1679 
      H457.8  5 0.0123 0.2922 0.5983 0.0972 
      H462.4  5 0.0676 0.3865 0.2326 0.3133 
      H481.8  5 0.0113 0.2414 0.4885 0.2588 
      H509.4  5 0.0245 0.0903 0.5216 0.3635 
      H567.2  5 0.0159 0.1441 0.3443 0.4957 
      H608.4  5 0.0069 0.2034 0.5020 0.2878 
      H615.4  5 0.0122 0.4012 0.2404 0.3462 
      H635.4  5 0.0535 0.4771 0.2073 0.2620 
      H728.5  5 0.0146 0.7712 0.0985 0.1157 
 H7395.1_200  5 0.1235 0.2738 0.3531 0.2496 
     H7395.5  5 0.0257 0.6956 0.2037 0.0751 
      H742.2  5 0.0287 0.2954 0.1663 0.5095 
      H958.3  5 0.0099 0.1002 0.6069 0.2831 
      H452.9 10 0.0047 0.0535 0.0762 0.8655 
      H473.5 10 0.0043 0.3268 0.4826 0.1863 
      H487.5 10 0.0362 0.0365 0.0767 0.8506 
     H703.10 10 0.0264 0.3292 0.5112 0.1331 
      H705.2 10 0.0169 0.0785 0.6702 0.2344 
     H7352.5 10 0.0140 0.4656 0.0793 0.4411 
     H7354.1 10 0.0653 0.3744 0.4483 0.1120 
     H7359.1 10 0.0478 0.4929 0.1682 0.2911 
      H909.8 10 0.1355 0.2845 0.3040 0.2760 
     H9555.3 10 0.0292 0.0356 0.0873 0.8479 
     H9703.4 10 0.4795 0.0876 0.2992 0.1336 
     H9707.6 10 0.0132 0.1431 0.3801 0.4635 
     HSAA4.2 10 0.1296 0.0404 0.1436 0.6863 
   saaRTON.1 10 0.9809 0.0063 0.0062 0.0066 
  saaRTON.10 10 0.9674 0.0102 0.0102 0.0122 
   saaRTON.2 10 0.9817 0.0056 0.0072 0.0055 
   saaRTON.3 10 0.9744 0.0087 0.0075 0.0093 
   saaRTON.4 10 0.9836 0.0055 0.0048 0.0061 
   saaRTON.5 10 0.9813 0.0063 0.0061 0.0062 
   saaRTON.6 10 0.9772 0.0072 0.0077 0.0080 
   saaRTON.7 10 0.9643 0.0109 0.0137 0.0111 
   saaRTON.8 10 0.9828 0.0052 0.0060 0.0059 
   saaRTON.9 10 0.9866 0.0045 0.0046 0.0044 
      H005.8 11 0.0132 0.4411 0.2676 0.2781 
      H031.2 11 0.0191 0.1872 0.2405 0.5532 
      H136.1 11 0.0156 0.2391 0.4381 0.3072 
      H153.4 11 0.1651 0.2035 0.3338 0.2976 
      H167.1 11 0.0066 0.4269 0.3371 0.2294 
      H173.1 11 0.0148 0.2355 0.4304 0.3192 
 H194.8_2003 11 0.0520 0.1377 0.1805 0.6299 
      H196.6 11 0.0217 0.0490 0.0626 0.8666 
 H356.5_2002 11 0.0162 0.2458 0.6220 0.1160 
 H356.6_2001 11 0.0854 0.1057 0.7495 0.0595 
      H360.6 11 0.0173 0.1364 0.6177 0.2286 
 H369.1_2001 11 0.0061 0.3896 0.1567 0.4475 
      H369.4 11 0.0138 0.2688 0.3382 0.3792 
      H374.3 11 0.0159 0.5675 0.2324 0.1842 
      H376.1 11 0.0111 0.3628 0.3655 0.2606 
      H381.1 11 0.0128 0.4496 0.3360 0.2016 
      H386.5 11 0.0095 0.7531 0.0909 0.1466 
 H387.5_2001 11 0.0707 0.0599 0.4931 0.3764 
      H387.9 11 0.0209 0.4158 0.4821 0.0812 
      H392.6 11 0.0222 0.5539 0.0981 0.3259 
 H393.4_2001 11 0.0192 0.3816 0.4604 0.1388 
 H393.4_2002 11 0.0289 0.3294 0.5132 0.1285 
      H394.5 11 0.0106 0.4006 0.3550 0.2339 
      H412.9 11 0.2022 0.1932 0.1464 0.4582 
      H439.5 11 0.0600 0.4495 0.1661 0.3243 
 H441.6_2004 11 0.0060 0.0625 0.1483 0.7832 
 H441.7_2005 11 0.0124 0.4455 0.1389 0.4031 
 H442.6_2004 11 0.0398 0.1033 0.2685 0.5883 
      H442.9 11 0.0176 0.3071 0.4199 0.2553 
      H446.6 11 0.0115 0.1260 0.4836 0.3788 
      H447.7 11 0.0238 0.2361 0.4828 0.2572 
      H448.2 11 0.0134 0.0882 0.3032 0.5951 
      H586.2 11 0.0226 0.7049 0.1616 0.1109 
     H590.10 11 0.0114 0.7176 0.1865 0.0846 
      H610.7 11 0.0166 0.2209 0.4192 0.3434 
      H611.4 11 0.0102 0.5016 0.2328 0.2554 
 H7379.2_200 11 0.0460 0.4567 0.1318 0.3655 
 H7379.4_200 11 0.0202 0.5813 0.0727 0.3259 
      H741.1 11 0.0154 0.2447 0.5341 0.2057 
      H927.3 11 0.0061 0.3144 0.3744 0.3051 
      H928.4 11 0.0351 0.2298 0.4386 0.2965 
     H9560.4 11 0.3002 0.1258 0.2281 0.3459 
    Rad451.3 11 0.0085 0.4930 0.1205 0.3780 
      H409.8 12 0.0096 0.2548 0.0745 0.6611 
      H413.2 12 0.0320 0.0924 0.6034 0.2722 
      H563.3 12 0.0133 0.2804 0.1834 0.5230 
     H7374.6 12 0.0103 0.4342 0.1767 0.3789 
     H9563.8 12 0.0827 0.1550 0.3263 0.4359 
     H9572.4 12 0.0143 0.4193 0.2990 0.2675 
