      H105.4  1 0.2488 0.3560 0.1502 0.2351 0.0099 
      H115.3  1 0.1114 0.4557 0.2564 0.1541 0.0224 
      H145.1  1 0.3095 0.2026 0.3233 0.1591 0.0055 
      H149.6  1 0.2563 0.1312 0.2543 0.2790 0.0791 
      H150.1  1 0.1868 0.3585 0.2972 0.1515 0.0061 
   H169607.8  1 0.1689 0.4149 0.2349 0.1736 0.0077 
   H169633.5  1 0.2831 0.1005 0.4188 0.1857 0.0120 
   H169688.2  1 0.1068 0.2444 0.2585 0.3794 0.0109 
   H171901.5  1 0.1884 0.1753 0.3286 0.2989 0.0088 
   H171902.3  1 0.1494 0.1972 0.3247 0.3097 0.0190 
   H171903.5  1 0.1583 0.2843 0.2343 0.2778 0.0453 
      H177.6  1 0.0969 0.1638 0.4486 0.2542 0.0366 
      H179.1  1 0.2245 0.0940 0.3261 0.3429 0.0125 
      H180.2  1 0.0489 0.2817 0.2702 0.3830 0.0163 
      H181.7  1 0.1024 0.1066 0.5347 0.2474 0.0089 
 H194.6_2004  1 0.2822 0.2553 0.1688 0.2691 0.0245 
 H195.3_2003  1 0.3167 0.2275 0.1889 0.2611 0.0059 
 H195.3_2004  1 0.2557 0.2069 0.2701 0.2502 0.0172 
      H415.5  1 0.1245 0.1027 0.2835 0.4367 0.0527 
      H506.5  1 0.0542 0.0840 0.4494 0.4071 0.0053 
      H533.4  1 0.0675 0.0801 0.5633 0.2826 0.0065 
      H535.1  1 0.2101 0.1873 0.2209 0.3393 0.0424 
      H539.5  1 0.2019 0.4058 0.2734 0.1108 0.0080 
      H540.7  1 0.2781 0.2135 0.3157 0.1731 0.0196 
     H9558.1  1 0.2013 0.2997 0.2668 0.2265 0.0056 
    kos339.2  1 0.1980 0.1862 0.3532 0.2541 0.0085 
      H008.9  2 0.3355 0.2458 0.2487 0.1619 0.0080 
 H029.5_2002  2 0.1565 0.1654 0.2383 0.4318 0.0080 
 H029.5_2003  2 0.1078 0.1415 0.2069 0.5380 0.0058 
      H030.1  2 0.0987 0.4494 0.1776 0.2433 0.0310 
      H038.4  2 0.0995 0.1903 0.3161 0.3841 0.0100 
      H041.2  2 0.2843 0.0696 0.1762 0.4607 0.0092 
 H042.3_2003  2 0.2236 0.3088 0.1827 0.2707 0.0142 
 H042.4_2002  2 0.4018 0.2508 0.1284 0.1817 0.0373 
   H042_2002  2 0.4615 0.1552 0.2383 0.1378 0.0072 
   H042_2003  2 0.4816 0.1581 0.1992 0.1545 0.0066 
      H043.7  2 0.0814 0.3924 0.3690 0.1519 0.0053 
      H047.6  2 0.1954 0.1356 0.2323 0.4227 0.0140 
 H071.1_2003  2 0.1953 0.5466 0.1442 0.1095 0.0044 
 H071.5_2002  2 0.0965 0.5081 0.2207 0.1582 0.0165 
 H081.3_2003  2 0.1649 0.2209 0.3504 0.2399 0.0240 
      H081.7  2 0.1365 0.4695 0.1726 0.2102 0.0111 
      H083.1  2 0.1027 0.4339 0.2258 0.2204 0.0173 
      H084.5  2 0.1751 0.1471 0.2584 0.3685 0.0509 
 H085.1_2003  2 0.1448 0.3846 0.2039 0.2575 0.0092 
 H085.5_2002  2 0.2206 0.5466 0.0939 0.1268 0.0121 
      H088.7  2 0.3085 0.1029 0.1664 0.4115 0.0106 
      H091.1  2 0.1045 0.4462 0.1281 0.3152 0.0060 
      H109.6  2 0.1060 0.0865 0.4368 0.3406 0.0301 
      H126.2  2 0.1522 0.3231 0.2629 0.2496 0.0122 
      H130.3  2 0.0561 0.3460 0.1935 0.3885 0.0158 
      H133.1  2 0.0677 0.1841 0.3630 0.3758 0.0094 
      H147.4  2 0.0870 0.4648 0.1677 0.2747 0.0057 
      H148.6  2 0.3640 0.1978 0.2500 0.1486 0.0396 
   H166022.2  2 0.2280 0.3128 0.1616 0.2511 0.0465 
   H167397.3  2 0.0745 0.1397 0.3643 0.4088 0.0127 
   H167496.6  2 0.1675 0.3993 0.1610 0.2658 0.0064 
   H167513.8  2 0.0665 0.1402 0.4632 0.2978 0.0323 
   H167547.4  2 0.0877 0.4546 0.1536 0.2766 0.0275 
   H169750.2  2 0.1923 0.3929 0.2255 0.1817 0.0076 
   H171929.2  2 0.2385 0.1399 0.2555 0.2160 0.1500 
   H171930.8  2 0.3086 0.0719 0.3011 0.3006 0.0179 
   H171933.7  2 0.1071 0.5322 0.1689 0.1829 0.0090 
      H190.6  2 0.2117 0.2228 0.1141 0.1243 0.3271 
      H400.4  2 0.2111 0.1592 0.2052 0.4149 0.0096 
 H428.2_2006  2 0.0888 0.4976 0.1965 0.1961 0.0210 
 H428.6_2005  2 0.2877 0.2068 0.2584 0.2302 0.0168 
      H453.3  2 0.0887 0.4553 0.1071 0.3398 0.0092 
     H512.10  2 0.1208 0.2761 0.2483 0.3478 0.0069 
      H513.2  2 0.2190 0.3976 0.2030 0.1683 0.0120 
      H532.3  2 0.0972 0.4324 0.1632 0.2317 0.0756 
      H543.8  2 0.0883 0.1464 0.4381 0.3166 0.0105 
 H545.1_2005  2 0.0125 0.1493 0.5904 0.2429 0.0049 
 H545.3_2006  2 0.0105 0.1544 0.5897 0.2398 0.0056 
      H547.7  2 0.0868 0.4126 0.1457 0.3392 0.0157 
      H548.3  2 0.0209 0.1088 0.6441 0.2224 0.0038 
     H7389.1  2 0.2918 0.3310 0.1760 0.1924 0.0089 
      H747.2  2 0.0833 0.1101 0.2446 0.2629 0.2991 
     H7484.8  2 0.3119 0.2539 0.2300 0.1896 0.0145 
     H7485.6  2 0.0709 0.1087 0.5912 0.2135 0.0158 
     H7496.6  2 0.1476 0.4348 0.1286 0.2811 0.0079 
        UNK9  2 0.0923 0.3884 0.2828 0.2218 0.0147 
      H009.6  4 0.5372 0.1775 0.1059 0.1725 0.0069 
      H046.4  4 0.2120 0.2673 0.2897 0.1904 0.0406 
 H076.2_2004  4 0.2668 0.1183 0.1436 0.3414 0.1299 
 H076.5_2002  4 0.6442 0.0487 0.0724 0.2208 0.0139 
 H076.6_2003  4 0.8159 0.0156 0.0352 0.1281 0.0052 
      H477.6  4 0.0743 0.4531 0.2286 0.2215 0.0225 
 H479.4_2006  4 0.0986 0.1999 0.3076 0.3843 0.0096 
 H479.8_2005  4 0.0923 0.3420 0.2849 0.2732 0.0076 
      H516.4  4 0.1234 0.1862 0.2885 0.3764 0.0255 
      H646.2  4 0.1702 0.2218 0.1181 0.4731 0.0168 
      H658.6  4 0.1612 0.2391 0.2798 0.3023 0.0176 
      H682.1  4 0.1885 0.4286 0.2021 0.1625 0.0183 
      H720.4  4 0.1912 0.1836 0.1952 0.3870 0.0431 
      H724.6  4 0.7120 0.0439 0.0678 0.1680 0.0082 
      H725.5  4 0.1252 0.5008 0.1892 0.1725 0.0123 
      H726.2  4 0.1996 0.1855 0.1955 0.2798 0.1396 
      H016.4  5 0.1187 0.1295 0.3731 0.3724 0.0063 
 H017.1_2002  5 0.3328 0.3218 0.1437 0.1459 0.0558 
 H017.5_2003  5 0.1363 0.4044 0.2848 0.1649 0.0096 
      H032.3  5 0.0851 0.1955 0.2282 0.4838 0.0074 
 H034.4_2002  5 0.6658 0.0913 0.1029 0.1178 0.0222 
 H034.5_2003  5 0.3140 0.1473 0.3560 0.1698 0.0130 
      H048.4  5 0.1962 0.1882 0.1954 0.4061 0.0141 
      H060.1  5 0.0711 0.2114 0.4948 0.2165 0.0063 
 H070.3_2002  5 0.4154 0.2466 0.1684 0.1632 0.0065 
 H070.4_2004  5 0.5016 0.2757 0.1032 0.1124 0.0071 
 H070.5_2003  5 0.4544 0.1922 0.2059 0.1433 0.0042 
      H077.4  5 0.1197 0.2024 0.4580 0.2057 0.0141 
      H097.6  5 0.1691 0.3881 0.1380 0.2959 0.0089 
      H124.5  5 0.1292 0.2284 0.1983 0.4359 0.0081 
      H132.5  5 0.2389 0.1167 0.2080 0.4285 0.0080 
      H155.7  5 0.4436 0.1914 0.2019 0.1354 0.0277 
      H169.2  5 0.1267 0.2227 0.4440 0.1929 0.0137 
      H457.8  5 0.0921 0.3659 0.1915 0.3373 0.0133 
      H462.4  5 0.4925 0.2618 0.1434 0.0477 0.0546 
      H481.8  5 0.2471 0.4529 0.1698 0.1179 0.0123 
      H509.4  5 0.3571 0.3027 0.1335 0.1827 0.0240 
      H567.2  5 0.5002 0.2707 0.0888 0.1269 0.0134 
      H608.4  5 0.1214 0.3076 0.2095 0.3537 0.0077 
      H615.4  5 0.3802 0.2248 0.2764 0.1064 0.0121 
      H635.4  5 0.1583 0.2127 0.3117 0.2625 0.0549 
      H728.5  5 0.0395 0.0810 0.5186 0.3485 0.0124 
 H7395.1_200  5 0.1724 0.2610 0.2418 0.2219 0.1029 
     H7395.5  5 0.0326 0.1282 0.4930 0.3206 0.0256 
      H742.2  5 0.3785 0.1468 0.2115 0.2368 0.0264 
      H958.3  5 0.2553 0.3838 0.1292 0.2222 0.0095 
      H452.9 10 0.8316 0.0305 0.0280 0.1049 0.0050 
      H473.5 10 0.0423 0.2209 0.2927 0.4400 0.0041 
      H487.5 10 0.8031 0.0165 0.0182 0.1205 0.0418 
     H703.10 10 0.1144 0.3935 0.3089 0.1563 0.0268 
      H705.2 10 0.3223 0.4126 0.1123 0.1351 0.0178 
     H7352.5 10 0.0612 0.1076 0.3203 0.4947 0.0162 
     H7354.1 10 0.0955 0.2810 0.3432 0.2127 0.0675 
     H7359.1 10 0.1798 0.1582 0.3711 0.2306 0.0603 
      H909.8 10 0.3293 0.2860 0.1497 0.1148 0.1202 
     H9555.3 10 0.8183 0.0277 0.0183 0.1091 0.0266 
     H9703.4 10 0.1133 0.2466 0.0796 0.1110 0.4495 
     H9707.6 10 0.3437 0.2459 0.1968 0.2010 0.0126 
     HSAA4.2 10 0.7639 0.0441 0.0152 0.0796 0.0972 
   saaRTON.1 10 0.0056 0.0063 0.0063 0.0056 0.9761 
  saaRTON.10 10 0.0136 0.0091 0.0101 0.0123 0.9549 
   saaRTON.2 10 0.0064 0.0059 0.0057 0.0052 0.9767 
   saaRTON.3 10 0.0086 0.0078 0.0090 0.0079 0.9666 
   saaRTON.4 10 0.0055 0.0055 0.0055 0.0054 0.9781 
   saaRTON.5 10 0.0056 0.0059 0.0057 0.0050 0.9779 
   saaRTON.6 10 0.0069 0.0077 0.0059 0.0078 0.9717 
   saaRTON.7 10 0.0133 0.0153 0.0120 0.0118 0.9476 
   saaRTON.8 10 0.0059 0.0054 0.0050 0.0051 0.9787 
   saaRTON.9 10 0.0042 0.0041 0.0043 0.0042 0.9832 
      H005.8 11 0.1313 0.1978 0.3146 0.3422 0.0141 
      H031.2 11 0.3699 0.2432 0.1361 0.2345 0.0162 
      H136.1 11 0.2148 0.3062 0.2213 0.2433 0.0145 
      H153.4 11 0.1974 0.2445 0.2274 0.2012 0.1295 
      H167.1 11 0.1505 0.2200 0.3029 0.3214 0.0053 
      H173.1 11 0.2413 0.2567 0.2523 0.2385 0.0112 
 H194.8_2003 11 0.5846 0.1293 0.0947 0.1441 0.0473 
      H196.6 11 0.7963 0.0159 0.0362 0.1328 0.0187 
 H356.5_2002 11 0.1050 0.5038 0.1713 0.1971 0.0228 
 H356.6_2001 11 0.0650 0.5723 0.1459 0.1274 0.0894 
      H360.6 11 0.1957 0.4863 0.1492 0.1539 0.0149 
 H369.1_2001 11 0.4117 0.1396 0.2086 0.2329 0.0072 
      H369.4 11 0.2540 0.3184 0.2254 0.1872 0.0151 
      H374.3 11 0.1885 0.3319 0.2506 0.2102 0.0188 
      H376.1 11 0.1204 0.2652 0.2328 0.3709 0.0107 
      H381.1 11 0.2088 0.2955 0.3154 0.1664 0.0139 
      H386.5 11 0.0610 0.1558 0.5442 0.2283 0.0106 
 H387.5_2001 11 0.1858 0.2757 0.1103 0.3659 0.0623 
      H387.9 11 0.0694 0.3120 0.2624 0.3319 0.0243 
      H392.6 11 0.1342 0.1720 0.2997 0.3765 0.0176 
 H393.4_2001 11 0.1992 0.4179 0.1747 0.1937 0.0145 
 H393.4_2002 11 0.2094 0.4946 0.1879 0.0836 0.0245 
      H394.5 11 0.2709 0.3973 0.2014 0.1213 0.0091 
      H412.9 11 0.1952 0.1445 0.1360 0.3422 0.1821 
      H439.5 11 0.2381 0.1435 0.3969 0.1804 0.0411 
 H441.6_2004 11 0.7876 0.0655 0.0332 0.1079 0.0057 
 H441.7_2005 11 0.3861 0.2178 0.2632 0.1225 0.0103 
 H442.6_2004 11 0.4118 0.1885 0.1387 0.2152 0.0457 
      H442.9 11 0.1454 0.2421 0.2907 0.3001 0.0216 
      H446.6 11 0.3142 0.3177 0.1211 0.2329 0.0141 
      H447.7 11 0.1929 0.3104 0.1960 0.2765 0.0242 
      H448.2 11 0.6808 0.1345 0.0994 0.0707 0.0146 
      H586.2 11 0.0681 0.1538 0.3536 0.4037 0.0209 
     H590.10 11 0.0658 0.2454 0.4668 0.2106 0.0114 
      H610.7 11 0.2588 0.3162 0.2283 0.1821 0.0146 
      H611.4 11 0.2067 0.1588 0.3872 0.2386 0.0088 
 H7379.2_200 11 0.1920 0.0944 0.3283 0.3415 0.0438 
 H7379.4_200 11 0.2947 0.1095 0.3748 0.2042 0.0169 
      H741.1 11 0.1015 0.3253 0.2444 0.3135 0.0154 
      H927.3 11 0.1846 0.3015 0.2479 0.2610 0.0050 
      H928.4 11 0.1280 0.2988 0.1753 0.3592 0.0386 
     H9560.4 11 0.1935 0.2093 0.1648 0.1588 0.2736 
    Rad451.3 11 0.1691 0.0962 0.3760 0.3501 0.0087 
      H409.8 12 0.3355 0.1026 0.1688 0.3829 0.0102 
      H413.2 12 0.4672 0.2181 0.1334 0.1525 0.0288 
      H563.3 12 0.5242 0.1707 0.1926 0.0999 0.0127 
     H7374.6 12 0.2112 0.0875 0.2880 0.4034 0.0099 
     H9563.8 12 0.1912 0.2337 0.1571 0.3334 0.0846 
     H9572.4 12 0.2256 0.2383 0.2907 0.2295 0.0159 
