      H105.4  1 0.2270 0.1836 0.0097 0.1622 0.2514 0.1662 
      H115.3  1 0.1904 0.2523 0.0190 0.0767 0.2296 0.2321 
      H145.1  1 0.1183 0.1066 0.0064 0.0594 0.5387 0.1706 
      H149.6  1 0.1993 0.0555 0.0847 0.0586 0.4569 0.1451 
      H150.1  1 0.2324 0.3703 0.0074 0.1344 0.1625 0.0931 
   H169607.8  1 0.2437 0.2281 0.0089 0.0702 0.2598 0.1894 
   H169633.5  1 0.1010 0.0492 0.0198 0.0686 0.6420 0.1194 
   H169688.2  1 0.2806 0.2400 0.0101 0.1544 0.1335 0.1814 
   H171901.5  1 0.1628 0.1021 0.0073 0.0934 0.4683 0.1660 
   H171902.3  1 0.3707 0.1391 0.0153 0.0596 0.2546 0.1608 
   H171903.5  1 0.2362 0.1432 0.0583 0.1114 0.2732 0.1778 
      H177.6  1 0.1289 0.0743 0.0386 0.0433 0.5410 0.1739 
      H179.1  1 0.1383 0.1551 0.0108 0.2595 0.2481 0.1881 
      H180.2  1 0.3673 0.1960 0.0171 0.0942 0.1457 0.1797 
      H181.7  1 0.2214 0.0737 0.0079 0.0390 0.5085 0.1495 
 H194.6_2004  1 0.1648 0.1115 0.0364 0.0928 0.3723 0.2224 
 H195.3_2003  1 0.2020 0.2029 0.0056 0.2748 0.1689 0.1458 
 H195.3_2004  1 0.1701 0.1009 0.0213 0.0681 0.4761 0.1637 
      H415.5  1 0.1944 0.2033 0.0640 0.1678 0.1534 0.2172 
      H506.5  1 0.1157 0.0893 0.0071 0.1036 0.4834 0.2008 
      H533.4  1 0.0728 0.0943 0.0077 0.0406 0.5818 0.2028 
      H535.1  1 0.1855 0.1386 0.0418 0.0654 0.4150 0.1537 
      H539.5  1 0.0757 0.4371 0.0096 0.1521 0.1915 0.1340 
      H540.7  1 0.1846 0.3021 0.0173 0.1948 0.1943 0.1069 
     H9558.1  1 0.1780 0.3277 0.0053 0.1672 0.1863 0.1355 
    kos339.2  1 0.1494 0.0595 0.0111 0.0655 0.5611 0.1535 
      H008.9  2 0.1487 0.2551 0.0108 0.1797 0.2814 0.1243 
 H029.5_2002  2 0.0922 0.2269 0.0077 0.4193 0.1068 0.1471 
 H029.5_2003  2 0.2247 0.2087 0.0060 0.3329 0.1203 0.1074 
      H030.1  2 0.1147 0.1447 0.0246 0.1042 0.0939 0.5180 
      H038.4  2 0.1610 0.2422 0.0092 0.2333 0.2371 0.1173 
      H041.2  2 0.0568 0.2078 0.0072 0.5214 0.0948 0.1120 
 H042.3_2003  2 0.2281 0.1713 0.0132 0.2704 0.1119 0.2051 
 H042.4_2002  2 0.1560 0.2013 0.0351 0.3760 0.0923 0.1393 
   H042_2002  2 0.0861 0.3804 0.0068 0.4011 0.0707 0.0549 
   H042_2003  2 0.0770 0.3713 0.0092 0.4135 0.0779 0.0511 
      H043.7  2 0.1552 0.3549 0.0061 0.0821 0.2491 0.1526 
      H047.6  2 0.1460 0.2674 0.0165 0.3984 0.0770 0.0947 
 H071.1_2003  2 0.1037 0.2540 0.0049 0.1140 0.0974 0.4260 
 H071.5_2002  2 0.1612 0.3444 0.0162 0.1050 0.0903 0.2828 
 H081.3_2003  2 0.2483 0.1797 0.0261 0.1368 0.2262 0.1829 
      H081.7  2 0.1292 0.2467 0.0102 0.1459 0.2177 0.2503 
      H083.1  2 0.2335 0.2026 0.0159 0.0911 0.0970 0.3600 
      H084.5  2 0.2767 0.1555 0.0538 0.1765 0.1106 0.2269 
 H085.1_2003  2 0.1219 0.1796 0.0117 0.1330 0.1220 0.4319 
 H085.5_2002  2 0.1138 0.2199 0.0144 0.1209 0.1286 0.4025 
      H088.7  2 0.1245 0.2091 0.0117 0.4769 0.0761 0.1018 
      H091.1  2 0.1171 0.1470 0.0064 0.1094 0.0985 0.5216 
      H109.6  2 0.1528 0.1852 0.0303 0.1250 0.2970 0.2096 
      H126.2  2 0.3431 0.2702 0.0103 0.1324 0.1125 0.1314 
      H130.3  2 0.4025 0.2113 0.0197 0.0828 0.0543 0.2294 
      H133.1  2 0.2055 0.2545 0.0096 0.1683 0.1550 0.2072 
      H147.4  2 0.1026 0.2123 0.0055 0.1509 0.1647 0.3639 
      H148.6  2 0.1365 0.2028 0.0347 0.2187 0.2729 0.1345 
   H166022.2  2 0.2138 0.1277 0.0492 0.1074 0.1981 0.3038 
   H167397.3  2 0.1908 0.1709 0.0117 0.2178 0.2367 0.1721 
   H167496.6  2 0.1147 0.1499 0.0070 0.1939 0.0818 0.4527 
   H167513.8  2 0.2033 0.2965 0.0380 0.1169 0.1748 0.1704 
   H167547.4  2 0.2983 0.1571 0.0269 0.0842 0.1305 0.3031 
   H169750.2  2 0.1507 0.1805 0.0096 0.1455 0.1495 0.3641 
   H171929.2  2 0.2173 0.2041 0.1450 0.2019 0.1085 0.1231 
   H171930.8  2 0.2922 0.1069 0.0184 0.2022 0.2200 0.1603 
   H171933.7  2 0.2061 0.1602 0.0101 0.1053 0.0720 0.4464 
      H190.6  2 0.1489 0.1563 0.3335 0.1312 0.1296 0.1004 
      H400.4  2 0.2372 0.1761 0.0089 0.2564 0.0707 0.2508 
 H428.2_2006  2 0.2264 0.1798 0.0256 0.0861 0.0810 0.4011 
 H428.6_2005  2 0.1695 0.1556 0.0241 0.1378 0.3670 0.1460 
      H453.3  2 0.2164 0.0942 0.0127 0.0700 0.1000 0.5067 
     H512.10  2 0.4086 0.1539 0.0082 0.0610 0.1368 0.2315 
      H513.2  2 0.1939 0.2496 0.0166 0.2050 0.1109 0.2240 
      H532.3  2 0.1725 0.1372 0.0761 0.1070 0.1035 0.4037 
      H543.8  2 0.2046 0.1921 0.0097 0.1256 0.3306 0.1374 
 H545.1_2005  2 0.0864 0.3941 0.0055 0.0482 0.2642 0.2016 
 H545.3_2006  2 0.1058 0.3554 0.0060 0.0317 0.2915 0.2096 
      H547.7  2 0.2103 0.1842 0.0151 0.1240 0.1001 0.3663 
      H548.3  2 0.1225 0.2443 0.0053 0.0407 0.3789 0.2081 
     H7389.1  2 0.2445 0.1615 0.0106 0.2115 0.1104 0.2615 
      H747.2  2 0.2305 0.1840 0.2776 0.1005 0.0870 0.1203 
     H7484.8  2 0.1875 0.2322 0.0154 0.2100 0.2030 0.1519 
     H7485.6  2 0.1112 0.2234 0.0154 0.0711 0.4279 0.1510 
     H7496.6  2 0.0917 0.1502 0.0095 0.1414 0.1063 0.5009 
        UNK9  2 0.1842 0.1955 0.0138 0.1269 0.1577 0.3219 
      H009.6  4 0.1744 0.3201 0.0061 0.2821 0.1251 0.0921 
      H046.4  4 0.2188 0.2195 0.0402 0.1574 0.1821 0.1821 
 H076.2_2004  4 0.2245 0.1351 0.1492 0.2207 0.1089 0.1616 
 H076.5_2002  4 0.1933 0.1409 0.0133 0.5259 0.0424 0.0843 
 H076.6_2003  4 0.0695 0.1829 0.0057 0.6818 0.0401 0.0200 
      H477.6  4 0.3146 0.1945 0.0197 0.0846 0.1415 0.2451 
 H479.4_2006  4 0.1744 0.2448 0.0083 0.1418 0.1632 0.2675 
 H479.8_2005  4 0.1596 0.1481 0.0082 0.1204 0.2618 0.3019 
      H516.4  4 0.2461 0.2110 0.0428 0.1183 0.1859 0.1959 
      H646.2  4 0.6065 0.0841 0.0155 0.0333 0.0797 0.1809 
      H658.6  4 0.1845 0.1116 0.0131 0.0294 0.4515 0.2098 
      H682.1  4 0.2020 0.1739 0.0216 0.2061 0.1090 0.2874 
      H720.4  4 0.2897 0.2416 0.0462 0.1835 0.0854 0.1536 
      H724.6  4 0.0880 0.1743 0.0076 0.6472 0.0446 0.0384 
      H725.5  4 0.1032 0.1409 0.0134 0.1337 0.0926 0.5162 
      H726.2  4 0.2764 0.0772 0.1233 0.0985 0.2554 0.1693 
      H016.4  5 0.2783 0.1687 0.0061 0.1722 0.1557 0.2190 
 H017.1_2002  5 0.3398 0.1517 0.0379 0.0612 0.2913 0.1180 
 H017.5_2003  5 0.3297 0.2294 0.0110 0.0445 0.2312 0.1543 
      H032.3  5 0.2244 0.2254 0.0070 0.2005 0.1393 0.2033 
 H034.4_2002  5 0.0740 0.2650 0.0226 0.5124 0.0896 0.0364 
 H034.5_2003  5 0.1654 0.1529 0.0147 0.1106 0.4518 0.1046 
      H048.4  5 0.2326 0.1886 0.0151 0.2717 0.1229 0.1692 
      H060.1  5 0.2180 0.2845 0.0074 0.0728 0.2879 0.1294 
 H070.3_2002  5 0.0938 0.3303 0.0075 0.1794 0.2813 0.1077 
 H070.4_2004  5 0.0790 0.2952 0.0067 0.4121 0.1363 0.0707 
 H070.5_2003  5 0.1060 0.3017 0.0056 0.1997 0.3060 0.0809 
      H077.4  5 0.1833 0.1184 0.0165 0.0516 0.4716 0.1586 
      H097.6  5 0.2671 0.1473 0.0101 0.1295 0.0932 0.3529 
      H124.5  5 0.2591 0.1950 0.0076 0.2550 0.1335 0.1498 
      H132.5  5 0.1978 0.2779 0.0081 0.3120 0.0742 0.1300 
      H155.7  5 0.0923 0.3097 0.0276 0.3736 0.0789 0.1179 
      H169.2  5 0.1662 0.1399 0.0125 0.0448 0.4917 0.1449 
      H457.8  5 0.4341 0.1785 0.0119 0.0315 0.1012 0.2428 
      H462.4  5 0.1662 0.3568 0.0561 0.1971 0.1522 0.0716 
      H481.8  5 0.1755 0.2612 0.0104 0.1662 0.1408 0.2459 
      H509.4  5 0.1390 0.1192 0.0314 0.2661 0.0984 0.3459 
      H567.2  5 0.1123 0.2742 0.0127 0.4048 0.0896 0.1063 
      H608.4  5 0.2570 0.2742 0.0072 0.1403 0.1514 0.1699 
      H615.4  5 0.1907 0.2916 0.0123 0.1847 0.1947 0.1259 
      H635.4  5 0.2016 0.2296 0.0604 0.1827 0.1162 0.2094 
      H728.5  5 0.2049 0.1073 0.0116 0.0545 0.4354 0.1863 
 H7395.1_200  5 0.2056 0.0971 0.0939 0.1101 0.2159 0.2774 
     H7395.5  5 0.2967 0.0895 0.0250 0.0440 0.3398 0.2050 
      H742.2  5 0.2048 0.1588 0.0257 0.1731 0.3128 0.1247 
      H958.3  5 0.3348 0.1581 0.0084 0.1869 0.1186 0.1931 
      H452.9 10 0.0806 0.1792 0.0049 0.6718 0.0247 0.0388 
      H473.5 10 0.2817 0.2708 0.0048 0.1124 0.1374 0.1930 
      H487.5 10 0.0486 0.1933 0.0528 0.6430 0.0281 0.0342 
     H703.10 10 0.2353 0.1160 0.0284 0.0598 0.3271 0.2334 
      H705.2 10 0.2584 0.1226 0.0178 0.1620 0.1068 0.3325 
     H7352.5 10 0.2011 0.2706 0.0179 0.1941 0.1191 0.1972 
     H7354.1 10 0.2788 0.1781 0.0627 0.0421 0.2470 0.1913 
     H7359.1 10 0.2605 0.1470 0.0539 0.1659 0.2184 0.1543 
      H909.8 10 0.1539 0.1514 0.1257 0.0867 0.3664 0.1159 
     H9555.3 10 0.0596 0.1803 0.0364 0.6767 0.0243 0.0227 
     H9703.4 10 0.1402 0.0762 0.4433 0.0546 0.0768 0.2090 
     H9707.6 10 0.1769 0.1415 0.0154 0.3596 0.0997 0.2069 
     HSAA4.2 10 0.0728 0.1299 0.1393 0.5925 0.0232 0.0423 
   saaRTON.1 10 0.0067 0.0051 0.9674 0.0066 0.0064 0.0077 
  saaRTON.10 10 0.0126 0.0135 0.9375 0.0133 0.0114 0.0118 
   saaRTON.2 10 0.0049 0.0065 0.9705 0.0055 0.0058 0.0068 
   saaRTON.3 10 0.0077 0.0105 0.9563 0.0090 0.0079 0.0085 
   saaRTON.4 10 0.0054 0.0053 0.9721 0.0069 0.0053 0.0049 
   saaRTON.5 10 0.0059 0.0061 0.9703 0.0056 0.0055 0.0066 
   saaRTON.6 10 0.0080 0.0077 0.9625 0.0073 0.0068 0.0077 
   saaRTON.7 10 0.0103 0.0114 0.9409 0.0149 0.0099 0.0126 
   saaRTON.8 10 0.0062 0.0059 0.9690 0.0065 0.0065 0.0059 
   saaRTON.9 10 0.0043 0.0043 0.9777 0.0049 0.0047 0.0042 
      H005.8 11 0.2072 0.1470 0.0147 0.1018 0.3349 0.1943 
      H031.2 11 0.2208 0.1852 0.0167 0.2010 0.2056 0.1706 
      H136.1 11 0.3404 0.1949 0.0156 0.1549 0.1262 0.1680 
      H153.4 11 0.3727 0.1926 0.1118 0.0852 0.1362 0.1017 
      H167.1 11 0.2339 0.2068 0.0058 0.1301 0.2116 0.2119 
      H173.1 11 0.1462 0.1357 0.0133 0.0710 0.4179 0.2159 
 H194.8_2003 11 0.1244 0.1967 0.0489 0.4550 0.0934 0.0816 
      H196.6 11 0.0318 0.1930 0.0167 0.7344 0.0124 0.0117 
 H356.5_2002 11 0.2799 0.1776 0.0197 0.0621 0.0781 0.3826 
 H356.6_2001 11 0.1352 0.1724 0.0910 0.0405 0.0793 0.4816 
      H360.6 11 0.1377 0.1669 0.0165 0.1223 0.1252 0.4315 
 H369.1_2001 11 0.0976 0.1561 0.0066 0.2563 0.3354 0.1480 
      H369.4 11 0.1723 0.1489 0.0122 0.1017 0.3626 0.2023 
      H374.3 11 0.1694 0.0796 0.0177 0.0145 0.5682 0.1506 
      H376.1 11 0.4416 0.1115 0.0117 0.1386 0.0926 0.2040 
      H381.1 11 0.2270 0.2066 0.0126 0.0705 0.3314 0.1519 
      H386.5 11 0.1319 0.2040 0.0094 0.0369 0.3952 0.2226 
 H387.5_2001 11 0.3527 0.1041 0.0560 0.0799 0.1346 0.2729 
      H387.9 11 0.3749 0.2375 0.0237 0.0381 0.1412 0.1845 
      H392.6 11 0.4035 0.1937 0.0162 0.0803 0.1159 0.1904 
 H393.4_2001 11 0.3914 0.2226 0.0136 0.0390 0.1854 0.1480 
 H393.4_2002 11 0.2577 0.2739 0.0238 0.0587 0.2496 0.1363 
      H394.5 11 0.1912 0.2862 0.0102 0.1977 0.1615 0.1532 
      H412.9 11 0.2493 0.1389 0.1662 0.1426 0.1795 0.1235 
      H439.5 11 0.1716 0.1569 0.0574 0.1483 0.2881 0.1777 
 H441.6_2004 11 0.0824 0.1675 0.0063 0.6378 0.0372 0.0687 
 H441.7_2005 11 0.0982 0.3132 0.0169 0.2808 0.1516 0.1394 
 H442.6_2004 11 0.1634 0.2190 0.0513 0.2839 0.1373 0.1450 
      H442.9 11 0.2061 0.1847 0.0180 0.1060 0.3239 0.1612 
      H446.6 11 0.3324 0.0772 0.0186 0.1933 0.0760 0.3024 
      H447.7 11 0.2486 0.1287 0.0252 0.1518 0.1516 0.2940 
      H448.2 11 0.1033 0.2487 0.0131 0.5089 0.0711 0.0549 
      H586.2 11 0.4233 0.1680 0.0189 0.0658 0.1578 0.1661 
     H590.10 11 0.2953 0.2592 0.0123 0.0551 0.1920 0.1860 
      H610.7 11 0.1723 0.1330 0.0176 0.2446 0.1046 0.3278 
      H611.4 11 0.1856 0.2108 0.0084 0.0583 0.3046 0.2323 
 H7379.2_200 11 0.1887 0.2221 0.0444 0.2690 0.1144 0.1614 
 H7379.4_200 11 0.1330 0.2885 0.0179 0.2270 0.1828 0.1509 
      H741.1 11 0.2400 0.1993 0.0149 0.1162 0.1656 0.2640 
      H927.3 11 0.2460 0.1392 0.0063 0.1276 0.2062 0.2747 
      H928.4 11 0.2371 0.2139 0.0320 0.1402 0.1135 0.2634 
     H9560.4 11 0.1606 0.1763 0.2790 0.1518 0.1000 0.1323 
    Rad451.3 11 0.1814 0.1130 0.0083 0.0878 0.3917 0.2178 
      H409.8 12 0.2637 0.1506 0.0111 0.3442 0.1350 0.0953 
      H413.2 12 0.2368 0.1914 0.0394 0.3111 0.1024 0.1189 
      H563.3 12 0.1180 0.3326 0.0110 0.4167 0.0774 0.0444 
     H7374.6 12 0.3273 0.1331 0.0112 0.0820 0.2778 0.1685 
     H9563.8 12 0.2290 0.1474 0.0903 0.1879 0.1063 0.2392 
     H9572.4 12 0.1747 0.1724 0.0202 0.1102 0.3419 0.1806 
