      H105.4  1 0.1735 0.4124 0.4141 
      H115.3  1 0.2137 0.4825 0.3037 
      H145.1  1 0.0910 0.6570 0.2519 
      H149.6  1 0.5267 0.2574 0.2159 
      H150.1  1 0.0894 0.5517 0.3589 
   H169607.8  1 0.0916 0.6058 0.3026 
   H169633.5  1 0.2711 0.5125 0.2164 
   H169688.2  1 0.1314 0.2420 0.6266 
   H171901.5  1 0.2136 0.4699 0.3164 
   H171902.3  1 0.1903 0.3503 0.4594 
   H171903.5  1 0.3371 0.3992 0.2637 
      H177.6  1 0.3392 0.3876 0.2732 
      H179.1  1 0.1549 0.4036 0.4415 
      H180.2  1 0.2358 0.1997 0.5645 
      H181.7  1 0.0913 0.5643 0.3444 
 H194.6_2004  1 0.4368 0.2352 0.3280 
 H195.3_2003  1 0.0740 0.4812 0.4448 
 H195.3_2004  1 0.2001 0.4767 0.3233 
      H415.5  1 0.3874 0.2206 0.3921 
      H506.5  1 0.0782 0.4324 0.4894 
      H533.4  1 0.1024 0.5725 0.3251 
      H535.1  1 0.3346 0.2836 0.3819 
      H539.5  1 0.1110 0.6644 0.2246 
      H540.7  1 0.2763 0.4909 0.2328 
     H9558.1  1 0.0810 0.5848 0.3342 
    kos339.2  1 0.2049 0.4858 0.3093 
      H008.9  2 0.1132 0.5969 0.2899 
 H029.5_2002  2 0.0731 0.3661 0.5608 
 H029.5_2003  2 0.0561 0.2436 0.7003 
      H030.1  2 0.3275 0.2407 0.4318 
      H038.4  2 0.0732 0.5843 0.3425 
      H041.2  2 0.1252 0.3445 0.5303 
 H042.3_2003  2 0.3065 0.2483 0.4452 
 H042.4_2002  2 0.5566 0.1303 0.3131 
   H042_2002  2 0.1879 0.5776 0.2345 
   H042_2003  2 0.1796 0.5860 0.2344 
      H043.7  2 0.0653 0.6624 0.2723 
      H047.6  2 0.1646 0.3464 0.4890 
 H071.1_2003  2 0.0741 0.5762 0.3497 
 H071.5_2002  2 0.1331 0.5589 0.3081 
 H081.3_2003  2 0.2798 0.4393 0.2808 
      H081.7  2 0.0805 0.6286 0.2910 
      H083.1  2 0.1494 0.4058 0.4448 
      H084.5  2 0.2696 0.2212 0.5092 
 H085.1_2003  2 0.1054 0.3945 0.5001 
 H085.5_2002  2 0.1938 0.4550 0.3512 
      H088.7  2 0.1750 0.3069 0.5180 
      H091.1  2 0.1546 0.1434 0.7020 
      H109.6  2 0.2084 0.5078 0.2838 
      H126.2  2 0.1491 0.4329 0.4179 
      H130.3  2 0.1997 0.1588 0.6415 
      H133.1  2 0.0996 0.3964 0.5040 
      H147.4  2 0.0616 0.5212 0.4172 
      H148.6  2 0.2694 0.5264 0.2042 
   H166022.2  2 0.3611 0.2901 0.3488 
   H167397.3  2 0.0778 0.4322 0.4901 
   H167496.6  2 0.1150 0.3068 0.5781 
   H167513.8  2 0.1670 0.4406 0.3924 
   H167547.4  2 0.3098 0.2182 0.4720 
   H169750.2  2 0.1449 0.4771 0.3780 
   H171929.2  2 0.5528 0.1951 0.2521 
   H171930.8  2 0.2519 0.2814 0.4667 
   H171933.7  2 0.2431 0.3062 0.4507 
      H190.6  2 0.8421 0.0736 0.0843 
      H400.4  2 0.1226 0.2456 0.6318 
 H428.2_2006  2 0.1168 0.3621 0.5211 
 H428.6_2005  2 0.2824 0.4422 0.2754 
      H453.3  2 0.1549 0.1363 0.7088 
     H512.10  2 0.0734 0.2644 0.6622 
      H513.2  2 0.2770 0.2753 0.4477 
      H532.3  2 0.4168 0.1986 0.3846 
      H543.8  2 0.0753 0.6240 0.3007 
 H545.1_2005  2 0.0301 0.6766 0.2933 
 H545.3_2006  2 0.0292 0.6985 0.2723 
      H547.7  2 0.1789 0.2076 0.6135 
      H548.3  2 0.0389 0.7466 0.2146 
     H7389.1  2 0.2202 0.2259 0.5539 
      H747.2  2 0.5985 0.1508 0.2507 
     H7484.8  2 0.2519 0.4672 0.2809 
     H7485.6  2 0.0814 0.7137 0.2049 
     H7496.6  2 0.1976 0.2417 0.5607 
        UNK9  2 0.2683 0.3337 0.3979 
      H009.6  4 0.1333 0.4533 0.4134 
      H046.4  4 0.4001 0.3331 0.2668 
 H076.2_2004  4 0.5073 0.1356 0.3572 
 H076.5_2002  4 0.3713 0.1481 0.4807 
 H076.6_2003  4 0.4525 0.1506 0.3969 
      H477.6  4 0.3049 0.3023 0.3927 
 H479.4_2006  4 0.0907 0.4310 0.4783 
 H479.8_2005  4 0.1379 0.4629 0.3992 
      H516.4  4 0.2434 0.3215 0.4351 
      H646.2  4 0.1470 0.1075 0.7454 
      H658.6  4 0.4155 0.2711 0.3134 
      H682.1  4 0.3632 0.2943 0.3425 
      H720.4  4 0.4256 0.1562 0.4183 
      H724.6  4 0.3096 0.3040 0.3864 
      H725.5  4 0.3864 0.2129 0.4007 
      H726.2  4 0.5920 0.1660 0.2420 
      H016.4  5 0.0678 0.4720 0.4602 
 H017.1_2002  5 0.3900 0.3271 0.2829 
 H017.5_2003  5 0.1266 0.4615 0.4119 
      H032.3  5 0.1134 0.3075 0.5791 
 H034.4_2002  5 0.4766 0.3252 0.1982 
 H034.5_2003  5 0.3049 0.4530 0.2421 
      H048.4  5 0.0984 0.2714 0.6302 
      H060.1  5 0.0568 0.6756 0.2677 
 H070.3_2002  5 0.0681 0.7373 0.1947 
 H070.4_2004  5 0.1472 0.6134 0.2394 
 H070.5_2003  5 0.0879 0.7112 0.2009 
      H077.4  5 0.1535 0.5762 0.2703 
      H097.6  5 0.1242 0.2190 0.6568 
      H124.5  5 0.0789 0.4607 0.4604 
      H132.5  5 0.1461 0.3257 0.5282 
      H155.7  5 0.3801 0.4245 0.1954 
      H169.2  5 0.1815 0.5577 0.2607 
      H457.8  5 0.0964 0.3113 0.5922 
      H462.4  5 0.3198 0.5053 0.1749 
      H481.8  5 0.3511 0.3621 0.2868 
      H509.4  5 0.5112 0.1673 0.3215 
      H567.2  5 0.4013 0.3050 0.2938 
      H608.4  5 0.0826 0.3347 0.5827 
      H615.4  5 0.2802 0.4791 0.2408 
      H635.4  5 0.2800 0.4219 0.2980 
      H728.5  5 0.0961 0.5933 0.3106 
 H7395.1_200  5 0.4233 0.2803 0.2964 
     H7395.5  5 0.1217 0.5538 0.3245 
      H742.2  5 0.4476 0.3056 0.2468 
      H958.3  5 0.4076 0.1259 0.4665 
      H452.9 10 0.3227 0.2732 0.4041 
      H473.5 10 0.0418 0.2935 0.6647 
      H487.5 10 0.7527 0.0787 0.1686 
     H703.10 10 0.3171 0.4111 0.2717 
      H705.2 10 0.4819 0.1768 0.3413 
     H7352.5 10 0.0888 0.3395 0.5717 
     H7354.1 10 0.3252 0.3662 0.3086 
     H7359.1 10 0.3841 0.3807 0.2352 
      H909.8 10 0.5830 0.2707 0.1462 
     H9555.3 10 0.7368 0.0937 0.1695 
     H9703.4 10 0.8049 0.0775 0.1175 
     H9707.6 10 0.3404 0.3149 0.3447 
     HSAA4.2 10 0.8100 0.0631 0.1270 
   saaRTON.1 10 0.9237 0.0354 0.0409 
  saaRTON.10 10 0.8635 0.0616 0.0749 
   saaRTON.2 10 0.9373 0.0304 0.0324 
   saaRTON.3 10 0.9003 0.0479 0.0518 
   saaRTON.4 10 0.9305 0.0331 0.0364 
   saaRTON.5 10 0.9395 0.0293 0.0311 
   saaRTON.6 10 0.9229 0.0375 0.0397 
   saaRTON.7 10 0.8986 0.0472 0.0542 
   saaRTON.8 10 0.9186 0.0390 0.0424 
   saaRTON.9 10 0.9436 0.0244 0.0321 
      H005.8 11 0.1137 0.5310 0.3553 
      H031.2 11 0.3610 0.3497 0.2893 
      H136.1 11 0.3322 0.2751 0.3927 
      H153.4 11 0.5628 0.1853 0.2519 
      H167.1 11 0.0667 0.5092 0.4241 
      H173.1 11 0.2412 0.3981 0.3607 
 H194.8_2003 11 0.6107 0.2059 0.1834 
      H196.6 11 0.6850 0.1322 0.1829 
 H356.5_2002 11 0.2047 0.3388 0.4565 
 H356.6_2001 11 0.3909 0.2363 0.3728 
      H360.6 11 0.3178 0.3426 0.3396 
 H369.1_2001 11 0.0836 0.6028 0.3136 
      H369.4 11 0.2612 0.4521 0.2867 
      H374.3 11 0.1921 0.5636 0.2443 
      H376.1 11 0.1070 0.2358 0.6572 
      H381.1 11 0.1368 0.5989 0.2643 
      H386.5 11 0.0927 0.5710 0.3363 
 H387.5_2001 11 0.2912 0.1376 0.5711 
      H387.9 11 0.1545 0.3581 0.4874 
      H392.6 11 0.1895 0.2689 0.5416 
 H393.4_2001 11 0.0856 0.4493 0.4651 
 H393.4_2002 11 0.1198 0.5719 0.3083 
      H394.5 11 0.0925 0.5972 0.3103 
      H412.9 11 0.6040 0.1931 0.2030 
      H439.5 11 0.4173 0.3714 0.2113 
 H441.6_2004 11 0.4146 0.1967 0.3887 
 H441.7_2005 11 0.1538 0.6156 0.2306 
 H442.6_2004 11 0.6067 0.1628 0.2305 
      H442.9 11 0.3479 0.3247 0.3274 
      H446.6 11 0.3637 0.1611 0.4752 
      H447.7 11 0.2746 0.3421 0.3833 
      H448.2 11 0.6631 0.1613 0.1755 
      H586.2 11 0.1358 0.3524 0.5118 
     H590.10 11 0.0952 0.5414 0.3634 
      H610.7 11 0.3121 0.2838 0.4040 
      H611.4 11 0.1536 0.4687 0.3776 
 H7379.2_200 11 0.2648 0.4020 0.3332 
 H7379.4_200 11 0.1910 0.5901 0.2189 
      H741.1 11 0.2112 0.3241 0.4647 
      H927.3 11 0.0925 0.4803 0.4272 
      H928.4 11 0.2510 0.2347 0.5143 
     H9560.4 11 0.7626 0.1143 0.1231 
    Rad451.3 11 0.1436 0.3578 0.4986 
      H409.8 12 0.2727 0.2400 0.4873 
      H413.2 12 0.4156 0.2168 0.3675 
      H563.3 12 0.3411 0.4191 0.2399 
     H7374.6 12 0.1010 0.3611 0.5378 
     H9563.8 12 0.5826 0.1251 0.2923 
     H9572.4 12 0.1376 0.5808 0.2816 
