      H105.4  1 0.3726 0.0116 0.2580 0.3578 
      H115.3  1 0.6250 0.0253 0.0922 0.2575 
      H145.1  1 0.3738 0.0063 0.1753 0.4446 
      H149.6  1 0.2483 0.0655 0.2471 0.4390 
      H150.1  1 0.6172 0.0085 0.1441 0.2301 
   H169607.8  1 0.4715 0.0095 0.1608 0.3581 
   H169633.5  1 0.3534 0.0203 0.1803 0.4461 
   H169688.2  1 0.2522 0.0132 0.2476 0.4870 
   H171901.5  1 0.3438 0.0103 0.2633 0.3827 
   H171902.3  1 0.3311 0.0227 0.1945 0.4517 
   H171903.5  1 0.4497 0.0445 0.1846 0.3212 
      H177.6  1 0.3694 0.0442 0.1945 0.3918 
      H179.1  1 0.1619 0.0125 0.3476 0.4780 
      H180.2  1 0.4252 0.0197 0.1300 0.4251 
      H181.7  1 0.4166 0.0093 0.0847 0.4895 
 H194.6_2004  1 0.2058 0.0381 0.4874 0.2687 
 H195.3_2003  1 0.2927 0.0060 0.3468 0.3545 
 H195.3_2004  1 0.2663 0.0265 0.2611 0.4462 
      H415.5  1 0.1464 0.0761 0.3750 0.4024 
      H506.5  1 0.1917 0.0059 0.2669 0.5354 
      H533.4  1 0.3170 0.0088 0.1046 0.5697 
      H535.1  1 0.1822 0.0410 0.4331 0.3438 
      H539.5  1 0.6600 0.0099 0.1409 0.1892 
      H540.7  1 0.5455 0.0198 0.1730 0.2617 
     H9558.1  1 0.5007 0.0077 0.2578 0.2338 
    kos339.2  1 0.2532 0.0143 0.2714 0.4612 
      H008.9  2 0.3241 0.0077 0.3698 0.2984 
 H029.5_2002  2 0.1143 0.0086 0.5337 0.3434 
 H029.5_2003  2 0.1261 0.0070 0.4635 0.4034 
      H030.1  2 0.2745 0.0398 0.4031 0.2827 
      H038.4  2 0.1842 0.0103 0.3697 0.4358 
      H041.2  2 0.0508 0.0071 0.6728 0.2693 
 H042.3_2003  2 0.3723 0.0186 0.2697 0.3395 
 H042.4_2002  2 0.2721 0.0558 0.4035 0.2686 
   H042_2002  2 0.3961 0.0097 0.2618 0.3323 
   H042_2003  2 0.4460 0.0095 0.2469 0.2976 
      H043.7  2 0.6048 0.0059 0.0589 0.3304 
      H047.6  2 0.1500 0.0188 0.5009 0.3303 
 H071.1_2003  2 0.4991 0.0057 0.2922 0.2030 
 H071.5_2002  2 0.6167 0.0178 0.1407 0.2248 
 H081.3_2003  2 0.4306 0.0241 0.2099 0.3354 
      H081.7  2 0.3881 0.0107 0.3414 0.2599 
      H083.1  2 0.4540 0.0158 0.1769 0.3532 
      H084.5  2 0.1923 0.0607 0.4516 0.2954 
 H085.1_2003  2 0.1872 0.0134 0.4670 0.3324 
 H085.5_2002  2 0.3058 0.0158 0.4060 0.2724 
      H088.7  2 0.0841 0.0129 0.6248 0.2782 
      H091.1  2 0.2733 0.0071 0.4789 0.2407 
      H109.6  2 0.3264 0.0305 0.1666 0.4765 
      H126.2  2 0.5525 0.0121 0.1452 0.2902 
      H130.3  2 0.2991 0.0204 0.2708 0.4097 
      H133.1  2 0.2378 0.0125 0.2469 0.5029 
      H147.4  2 0.2383 0.0064 0.4479 0.3074 
      H148.6  2 0.3300 0.0381 0.3266 0.3054 
   H166022.2  2 0.2301 0.0498 0.4941 0.2260 
   H167397.3  2 0.1205 0.0140 0.3404 0.5251 
   H167496.6  2 0.2111 0.0070 0.5460 0.2359 
   H167513.8  2 0.3621 0.0456 0.1735 0.4188 
   H167547.4  2 0.3873 0.0314 0.2163 0.3650 
   H169750.2  2 0.2880 0.0075 0.3979 0.3066 
   H171929.2  2 0.3029 0.2241 0.2171 0.2558 
   H171930.8  2 0.1436 0.0209 0.5987 0.2368 
   H171933.7  2 0.4923 0.0107 0.1672 0.3298 
      H190.6  2 0.2733 0.3825 0.1460 0.1983 
      H400.4  2 0.0917 0.0109 0.6498 0.2476 
 H428.2_2006  2 0.3459 0.0252 0.2231 0.4058 
 H428.6_2005  2 0.2984 0.0292 0.2301 0.4424 
      H453.3  2 0.2600 0.0109 0.4520 0.2772 
     H512.10  2 0.3087 0.0089 0.2853 0.3971 
      H513.2  2 0.4465 0.0165 0.2016 0.3355 
      H532.3  2 0.3305 0.0900 0.3133 0.2663 
      H543.8  2 0.2879 0.0123 0.1969 0.5028 
 H545.1_2005  2 0.4117 0.0058 0.0447 0.5378 
 H545.3_2006  2 0.3951 0.0066 0.0532 0.5451 
      H547.7  2 0.2971 0.0210 0.4317 0.2502 
      H548.3  2 0.4045 0.0049 0.0716 0.5190 
     H7389.1  2 0.3694 0.0139 0.2761 0.3407 
      H747.2  2 0.1849 0.3496 0.2076 0.2578 
     H7484.8  2 0.3824 0.0172 0.2071 0.3933 
     H7485.6  2 0.3524 0.0141 0.0806 0.5529 
     H7496.6  2 0.2311 0.0115 0.5266 0.2308 
        UNK9  2 0.4243 0.0153 0.2020 0.3583 
      H009.6  4 0.3515 0.0083 0.3960 0.2442 
      H046.4  4 0.4360 0.0430 0.2336 0.2873 
 H076.2_2004  4 0.1090 0.1633 0.5965 0.1312 
 H076.5_2002  4 0.0865 0.0270 0.8266 0.0600 
 H076.6_2003  4 0.0777 0.0179 0.8481 0.0564 
      H477.6  4 0.4821 0.0221 0.1245 0.3712 
 H479.4_2006  4 0.2732 0.0095 0.3014 0.4159 
 H479.8_2005  4 0.2472 0.0097 0.2405 0.5025 
      H516.4  4 0.2960 0.0327 0.2480 0.4233 
      H646.2  4 0.2609 0.0192 0.4489 0.2711 
      H658.6  4 0.4003 0.0183 0.2598 0.3215 
      H682.1  4 0.3866 0.0268 0.2578 0.3288 
      H720.4  4 0.2549 0.0473 0.4434 0.2544 
      H724.6  4 0.0987 0.0147 0.7840 0.1026 
      H725.5  4 0.2462 0.0170 0.4597 0.2772 
      H726.2  4 0.2851 0.1677 0.2916 0.2555 
      H016.4  5 0.2387 0.0076 0.2838 0.4699 
 H017.1_2002  5 0.4230 0.0574 0.2459 0.2737 
 H017.5_2003  5 0.4844 0.0130 0.2008 0.3018 
      H032.3  5 0.1465 0.0087 0.4607 0.3841 
 H034.4_2002  5 0.2470 0.0329 0.4878 0.2323 
 H034.5_2003  5 0.4280 0.0163 0.1986 0.3571 
      H048.4  5 0.1433 0.0175 0.5991 0.2402 
      H060.1  5 0.5494 0.0057 0.0697 0.3751 
 H070.3_2002  5 0.4306 0.0077 0.2120 0.3497 
 H070.4_2004  5 0.4004 0.0087 0.3480 0.2428 
 H070.5_2003  5 0.4352 0.0061 0.2496 0.3091 
      H077.4  5 0.5019 0.0165 0.0923 0.3893 
      H097.6  5 0.2870 0.0118 0.4332 0.2681 
      H124.5  5 0.1829 0.0107 0.3911 0.4153 
      H132.5  5 0.1304 0.0090 0.5034 0.3572 
      H155.7  5 0.4328 0.0398 0.2263 0.3011 
      H169.2  5 0.4471 0.0145 0.1299 0.4085 
      H457.8  5 0.3999 0.0134 0.2215 0.3651 
      H462.4  5 0.4914 0.0792 0.1519 0.2775 
      H481.8  5 0.5697 0.0133 0.2096 0.2073 
      H509.4  5 0.2001 0.0330 0.5679 0.1991 
      H567.2  5 0.2768 0.0178 0.4564 0.2489 
      H608.4  5 0.3254 0.0091 0.2899 0.3756 
      H615.4  5 0.5479 0.0135 0.2043 0.2343 
      H635.4  5 0.3828 0.0571 0.2654 0.2946 
      H728.5  5 0.3465 0.0136 0.1011 0.5388 
 H7395.1_200  5 0.2323 0.1192 0.4306 0.2178 
     H7395.5  5 0.3322 0.0270 0.1014 0.5394 
      H742.2  5 0.2932 0.0320 0.4043 0.2704 
      H958.3  5 0.4228 0.0110 0.3001 0.2661 
      H452.9 10 0.1320 0.0086 0.8005 0.0588 
      H473.5 10 0.2387 0.0052 0.1211 0.6349 
      H487.5 10 0.1175 0.0860 0.7514 0.0452 
     H703.10 10 0.4632 0.0281 0.2382 0.2705 
      H705.2 10 0.3788 0.0200 0.3398 0.2614 
     H7352.5 10 0.1055 0.0201 0.3758 0.4987 
     H7354.1 10 0.4036 0.0706 0.1061 0.4198 
     H7359.1 10 0.3684 0.0674 0.1860 0.3782 
      H909.8 10 0.3573 0.1538 0.1828 0.3061 
     H9555.3 10 0.1285 0.0604 0.7626 0.0485 
     H9703.4 10 0.1384 0.4903 0.2148 0.1565 
     H9707.6 10 0.2440 0.0146 0.4843 0.2571 
     HSAA4.2 10 0.1315 0.1838 0.6449 0.0398 
   saaRTON.1 10 0.0072 0.9784 0.0070 0.0074 
  saaRTON.10 10 0.0145 0.9590 0.0151 0.0114 
   saaRTON.2 10 0.0064 0.9802 0.0068 0.0065 
   saaRTON.3 10 0.0104 0.9695 0.0108 0.0093 
   saaRTON.4 10 0.0073 0.9810 0.0056 0.0061 
   saaRTON.5 10 0.0071 0.9792 0.0076 0.0061 
   saaRTON.6 10 0.0084 0.9738 0.0086 0.0092 
   saaRTON.7 10 0.0117 0.9620 0.0131 0.0132 
   saaRTON.8 10 0.0060 0.9812 0.0063 0.0065 
   saaRTON.9 10 0.0048 0.9839 0.0063 0.0051 
      H005.8 11 0.3396 0.0179 0.2593 0.3832 
      H031.2 11 0.2061 0.0200 0.5326 0.2412 
      H136.1 11 0.4903 0.0201 0.1473 0.3423 
      H153.4 11 0.4527 0.1264 0.1247 0.2962 
      H167.1 11 0.2885 0.0075 0.2733 0.4307 
      H173.1 11 0.3039 0.0133 0.2410 0.4418 
 H194.8_2003 11 0.2440 0.0650 0.4930 0.1980 
      H196.6 11 0.0950 0.0438 0.7775 0.0837 
 H356.5_2002 11 0.5969 0.0260 0.2392 0.1379 
 H356.6_2001 11 0.5347 0.1165 0.1675 0.1812 
      H360.6 11 0.3512 0.0188 0.4047 0.2252 
 H369.1_2001 11 0.2190 0.0067 0.4213 0.3529 
      H369.4 11 0.3343 0.0138 0.3558 0.2961 
      H374.3 11 0.4773 0.0197 0.1190 0.3841 
      H376.1 11 0.3825 0.0133 0.3496 0.2545 
      H381.1 11 0.4829 0.0129 0.1590 0.3452 
      H386.5 11 0.3460 0.0112 0.0910 0.5518 
 H387.5_2001 11 0.2066 0.0716 0.5795 0.1423 
      H387.9 11 0.5071 0.0283 0.1442 0.3205 
      H392.6 11 0.3488 0.0219 0.1851 0.4441 
 H393.4_2001 11 0.5092 0.0195 0.1361 0.3352 
 H393.4_2002 11 0.5863 0.0286 0.1138 0.2713 
      H394.5 11 0.5443 0.0115 0.2152 0.2290 
      H412.9 11 0.1908 0.1938 0.4182 0.1972 
      H439.5 11 0.3373 0.0519 0.2667 0.3442 
 H441.6_2004 11 0.1809 0.0115 0.7580 0.0497 
 H441.7_2005 11 0.4557 0.0157 0.2477 0.2809 
 H442.6_2004 11 0.2291 0.0541 0.5096 0.2073 
      H442.9 11 0.3386 0.0240 0.2761 0.3613 
      H446.6 11 0.4111 0.0161 0.3388 0.2340 
      H447.7 11 0.2321 0.0276 0.3587 0.3815 
      H448.2 11 0.3692 0.0220 0.4297 0.1791 
      H586.2 11 0.3589 0.0305 0.1136 0.4971 
     H590.10 11 0.5187 0.0135 0.0700 0.3978 
      H610.7 11 0.3179 0.0168 0.3997 0.2656 
      H611.4 11 0.3119 0.0106 0.1538 0.5237 
 H7379.2_200 11 0.2267 0.0500 0.2809 0.4424 
 H7379.4_200 11 0.3830 0.0227 0.1608 0.4335 
      H741.1 11 0.3399 0.0204 0.2764 0.3633 
      H927.3 11 0.1855 0.0072 0.4701 0.3372 
      H928.4 11 0.2609 0.0375 0.3198 0.3819 
     H9560.4 11 0.3085 0.3406 0.2066 0.1443 
    Rad451.3 11 0.1567 0.0101 0.3040 0.5292 
      H409.8 12 0.1776 0.0130 0.4852 0.3242 
      H413.2 12 0.3941 0.0399 0.2505 0.3155 
      H563.3 12 0.4749 0.0151 0.3084 0.2016 
     H7374.6 12 0.2346 0.0136 0.3354 0.4164 
     H9563.8 12 0.2044 0.1059 0.4209 0.2688 
     H9572.4 12 0.4141 0.0185 0.2737 0.2937 
