      H105.4  1 0.3570 0.0096 0.2686 0.3647 
      H115.3  1 0.2821 0.0269 0.5315 0.1595 
      H145.1  1 0.1091 0.0068 0.8188 0.0653 
      H149.6  1 0.3060 0.0898 0.4061 0.1981 
      H150.1  1 0.3552 0.0077 0.4505 0.1867 
   H169607.8  1 0.2897 0.0088 0.6092 0.0923 
   H169633.5  1 0.0901 0.0170 0.7823 0.1106 
   H169688.2  1 0.6267 0.0111 0.1085 0.2538 
   H171901.5  1 0.2669 0.0119 0.5058 0.2154 
   H171902.3  1 0.5441 0.0180 0.3501 0.0878 
   H171903.5  1 0.3506 0.0612 0.3961 0.1922 
      H177.6  1 0.1739 0.0453 0.7024 0.0784 
      H179.1  1 0.2983 0.0115 0.2870 0.4031 
      H180.2  1 0.7454 0.0191 0.0762 0.1594 
      H181.7  1 0.1741 0.0095 0.7618 0.0547 
 H194.6_2004  1 0.3791 0.0349 0.2638 0.3221 
 H195.3_2003  1 0.4620 0.0057 0.2486 0.2836 
 H195.3_2004  1 0.2689 0.0224 0.5993 0.1094 
      H415.5  1 0.5037 0.0574 0.1852 0.2536 
      H506.5  1 0.3698 0.0073 0.4605 0.1624 
      H533.4  1 0.1575 0.0080 0.7830 0.0515 
      H535.1  1 0.3674 0.0477 0.3627 0.2223 
      H539.5  1 0.1778 0.0092 0.6671 0.1458 
      H540.7  1 0.2143 0.0221 0.5462 0.2173 
     H9558.1  1 0.3392 0.0062 0.4903 0.1643 
    kos339.2  1 0.1857 0.0103 0.5751 0.2290 
      H008.9  2 0.1670 0.0089 0.5375 0.2865 
 H029.5_2002  2 0.3552 0.0093 0.1333 0.5022 
 H029.5_2003  2 0.5474 0.0069 0.0700 0.3758 
      H030.1  2 0.3647 0.0314 0.1806 0.4233 
      H038.4  2 0.2853 0.0109 0.4916 0.2121 
      H041.2  2 0.2037 0.0073 0.1093 0.6797 
 H042.3_2003  2 0.3189 0.0150 0.1328 0.5333 
 H042.4_2002  2 0.2785 0.0390 0.0563 0.6261 
   H042_2002  2 0.1932 0.0078 0.3989 0.4002 
   H042_2003  2 0.1902 0.0075 0.4081 0.3942 
      H043.7  2 0.2006 0.0067 0.6606 0.1321 
      H047.6  2 0.4216 0.0171 0.1122 0.4492 
 H071.1_2003  2 0.2109 0.0055 0.4817 0.3020 
 H071.5_2002  2 0.2159 0.0173 0.4429 0.3239 
 H081.3_2003  2 0.2680 0.0232 0.4963 0.2125 
      H081.7  2 0.1429 0.0095 0.6144 0.2332 
      H083.1  2 0.3433 0.0170 0.2430 0.3967 
      H084.5  2 0.5599 0.0459 0.1466 0.2476 
 H085.1_2003  2 0.3178 0.0111 0.2427 0.4284 
 H085.5_2002  2 0.1355 0.0140 0.4111 0.4394 
      H088.7  2 0.2577 0.0115 0.1011 0.6297 
      H091.1  2 0.3898 0.0068 0.0505 0.5529 
      H109.6  2 0.2372 0.0274 0.5892 0.1462 
      H126.2  2 0.4877 0.0142 0.2527 0.2455 
      H130.3  2 0.7364 0.0194 0.0481 0.1962 
      H133.1  2 0.4264 0.0081 0.3468 0.2187 
      H147.4  2 0.2260 0.0082 0.3982 0.3676 
      H148.6  2 0.1615 0.0352 0.5133 0.2900 
   H166022.2  2 0.3540 0.0460 0.1924 0.4076 
   H167397.3  2 0.5883 0.0150 0.2147 0.1820 
   H167496.6  2 0.2331 0.0075 0.1041 0.6553 
   H167513.8  2 0.4494 0.0362 0.3693 0.1451 
   H167547.4  2 0.5822 0.0241 0.1075 0.2863 
   H169750.2  2 0.2355 0.0085 0.2822 0.4738 
   H171929.2  2 0.3205 0.1821 0.1542 0.3432 
   H171930.8  2 0.4818 0.0199 0.1732 0.3251 
   H171933.7  2 0.3562 0.0110 0.1580 0.4748 
      H190.6  2 0.1897 0.3662 0.1592 0.2850 
      H400.4  2 0.4108 0.0087 0.0540 0.5266 
 H428.2_2006  2 0.4901 0.0272 0.3034 0.1793 
 H428.6_2005  2 0.1925 0.0278 0.4557 0.3240 
      H453.3  2 0.5622 0.0115 0.0524 0.3739 
     H512.10  2 0.5684 0.0062 0.2852 0.1403 
      H513.2  2 0.3190 0.0128 0.1098 0.5585 
      H532.3  2 0.3866 0.0906 0.1390 0.3837 
      H543.8  2 0.3367 0.0117 0.5089 0.1427 
 H545.1_2005  2 0.3309 0.0045 0.6349 0.0298 
 H545.3_2006  2 0.2671 0.0062 0.7001 0.0266 
      H547.7  2 0.4976 0.0159 0.0914 0.3951 
      H548.3  2 0.1444 0.0042 0.8293 0.0221 
     H7389.1  2 0.3409 0.0142 0.1032 0.5417 
      H747.2  2 0.3765 0.3165 0.1422 0.1647 
     H7484.8  2 0.1990 0.0186 0.4396 0.3428 
     H7485.6  2 0.0969 0.0174 0.8512 0.0344 
     H7496.6  2 0.2227 0.0103 0.0871 0.6800 
        UNK9  2 0.3435 0.0164 0.1319 0.5081 
      H009.6  4 0.3059 0.0069 0.3872 0.3000 
      H046.4  4 0.2187 0.0463 0.4512 0.2839 
 H076.2_2004  4 0.3405 0.1198 0.1294 0.4103 
 H076.5_2002  4 0.4278 0.0165 0.0545 0.5012 
 H076.6_2003  4 0.1526 0.0066 0.0329 0.8080 
      H477.6  4 0.5450 0.0253 0.1640 0.2658 
 H479.4_2006  4 0.3642 0.0103 0.3243 0.3012 
 H479.8_2005  4 0.3014 0.0080 0.3844 0.3062 
      H516.4  4 0.5185 0.0298 0.2879 0.1637 
      H646.2  4 0.7964 0.0147 0.0887 0.1002 
      H658.6  4 0.3824 0.0193 0.4013 0.1970 
      H682.1  4 0.2068 0.0242 0.2488 0.5201 
      H720.4  4 0.5379 0.0391 0.0768 0.3461 
      H724.6  4 0.2490 0.0080 0.0851 0.6580 
      H725.5  4 0.2300 0.0170 0.1382 0.6148 
      H726.2  4 0.4875 0.1383 0.1428 0.2314 
      H016.4  5 0.5125 0.0070 0.2700 0.2105 
 H017.1_2002  5 0.3532 0.0451 0.5170 0.0847 
 H017.5_2003  5 0.3542 0.0091 0.5514 0.0853 
      H032.3  5 0.5193 0.0068 0.1402 0.3337 
 H034.4_2002  5 0.1756 0.0285 0.2361 0.5598 
 H034.5_2003  5 0.1806 0.0153 0.6093 0.1948 
      H048.4  5 0.4484 0.0136 0.1796 0.3585 
      H060.1  5 0.2168 0.0057 0.7115 0.0660 
 H070.3_2002  5 0.1425 0.0070 0.6724 0.1782 
 H070.4_2004  5 0.1187 0.0090 0.3999 0.4725 
 H070.5_2003  5 0.0872 0.0057 0.6692 0.2379 
      H077.4  5 0.1271 0.0172 0.8006 0.0551 
      H097.6  5 0.5766 0.0122 0.0728 0.3384 
      H124.5  5 0.5235 0.0074 0.1484 0.3206 
      H132.5  5 0.3646 0.0095 0.0829 0.5430 
      H155.7  5 0.1831 0.0362 0.4196 0.3610 
      H169.2  5 0.1446 0.0132 0.7834 0.0588 
      H457.8  5 0.6413 0.0125 0.2467 0.0995 
      H462.4  5 0.1181 0.0816 0.5887 0.2116 
      H481.8  5 0.2032 0.0108 0.4321 0.3539 
      H509.4  5 0.1839 0.0283 0.0817 0.7060 
      H567.2  5 0.2177 0.0134 0.1424 0.6265 
      H608.4  5 0.5897 0.0078 0.1723 0.2303 
      H615.4  5 0.1807 0.0141 0.5550 0.2502 
      H635.4  5 0.2719 0.0656 0.4976 0.1649 
      H728.5  5 0.2603 0.0130 0.6707 0.0560 
 H7395.1_200  5 0.2630 0.1122 0.3500 0.2748 
     H7395.5  5 0.3609 0.0235 0.5395 0.0762 
      H742.2  5 0.2116 0.0273 0.4503 0.3109 
      H958.3  5 0.4014 0.0090 0.0666 0.5230 
      H452.9 10 0.1285 0.0057 0.0419 0.8239 
      H473.5 10 0.6917 0.0045 0.1126 0.1912 
      H487.5 10 0.1524 0.0385 0.0265 0.7827 
     H703.10 10 0.1604 0.0261 0.6411 0.1725 
      H705.2 10 0.2477 0.0166 0.1216 0.6140 
     H7352.5 10 0.6568 0.0149 0.1344 0.1940 
     H7354.1 10 0.3240 0.0811 0.4347 0.1602 
     H7359.1 10 0.2339 0.0482 0.5202 0.1977 
      H909.8 10 0.1235 0.1434 0.5695 0.1637 
     H9555.3 10 0.0783 0.0251 0.0205 0.8760 
     H9703.4 10 0.2020 0.4704 0.0960 0.2316 
     H9707.6 10 0.1865 0.0123 0.0864 0.7148 
     HSAA4.2 10 0.1099 0.1269 0.0123 0.7509 
   saaRTON.1 10 0.0060 0.9817 0.0058 0.0065 
  saaRTON.10 10 0.0127 0.9641 0.0115 0.0117 
   saaRTON.2 10 0.0065 0.9813 0.0062 0.0059 
   saaRTON.3 10 0.0085 0.9755 0.0088 0.0072 
   saaRTON.4 10 0.0064 0.9831 0.0047 0.0058 
   saaRTON.5 10 0.0067 0.9817 0.0057 0.0059 
   saaRTON.6 10 0.0080 0.9769 0.0067 0.0084 
   saaRTON.7 10 0.0096 0.9648 0.0104 0.0151 
   saaRTON.8 10 0.0054 0.9816 0.0064 0.0066 
   saaRTON.9 10 0.0045 0.9863 0.0042 0.0051 
      H005.8 11 0.3677 0.0146 0.4492 0.1684 
      H031.2 11 0.3055 0.0176 0.2580 0.4189 
      H136.1 11 0.5176 0.0151 0.1347 0.3327 
      H153.4 11 0.5021 0.1576 0.1035 0.2367 
      H167.1 11 0.2970 0.0073 0.4089 0.2869 
      H173.1 11 0.2884 0.0139 0.4333 0.2644 
 H194.8_2003 11 0.2018 0.0631 0.1935 0.5416 
      H196.6 11 0.0913 0.0218 0.0194 0.8676 
 H356.5_2002 11 0.4244 0.0207 0.3967 0.1582 
 H356.6_2001 11 0.3185 0.1158 0.3266 0.2391 
      H360.6 11 0.2380 0.0199 0.2519 0.4902 
 H369.1_2001 11 0.1388 0.0088 0.5318 0.3206 
      H369.4 11 0.1869 0.0141 0.5120 0.2870 
      H374.3 11 0.1464 0.0213 0.8053 0.0270 
      H376.1 11 0.6906 0.0096 0.1578 0.1421 
      H381.1 11 0.2424 0.0141 0.5770 0.1665 
      H386.5 11 0.1824 0.0094 0.7753 0.0329 
 H387.5_2001 11 0.7215 0.0491 0.0378 0.1915 
      H387.9 11 0.5127 0.0185 0.3884 0.0804 
      H392.6 11 0.6595 0.0173 0.2006 0.1226 
 H393.4_2001 11 0.4354 0.0158 0.5030 0.0457 
 H393.4_2002 11 0.2120 0.0305 0.6593 0.0981 
      H394.5 11 0.1482 0.0108 0.6405 0.2004 
      H412.9 11 0.3800 0.1757 0.2613 0.1830 
      H439.5 11 0.1663 0.0488 0.5108 0.2740 
 H441.6_2004 11 0.1900 0.0060 0.0774 0.7267 
 H441.7_2005 11 0.1979 0.0127 0.5032 0.2862 
 H442.6_2004 11 0.2659 0.0434 0.1118 0.5789 
      H442.9 11 0.3711 0.0224 0.2989 0.3075 
      H446.6 11 0.4055 0.0154 0.0820 0.4972 
      H447.7 11 0.3010 0.0250 0.3060 0.3679 
      H448.2 11 0.1312 0.0163 0.0899 0.7625 
      H586.2 11 0.5711 0.0206 0.3257 0.0826 
     H590.10 11 0.3483 0.0130 0.5734 0.0653 
      H610.7 11 0.2495 0.0169 0.1224 0.6112 
      H611.4 11 0.3875 0.0083 0.4450 0.1592 
 H7379.2_200 11 0.3470 0.0430 0.2719 0.3381 
 H7379.4_200 11 0.2081 0.0215 0.5972 0.1732 
      H741.1 11 0.4670 0.0174 0.2653 0.2503 
      H927.3 11 0.3017 0.0061 0.3349 0.3573 
      H928.4 11 0.5670 0.0370 0.1564 0.2396 
     H9560.4 11 0.2593 0.3207 0.1408 0.2792 
    Rad451.3 11 0.3549 0.0100 0.4043 0.2308 
      H409.8 12 0.4457 0.0105 0.0924 0.4513 
      H413.2 12 0.3521 0.0357 0.0751 0.5372 
      H563.3 12 0.2083 0.0140 0.2495 0.5283 
     H7374.6 12 0.5005 0.0120 0.3626 0.1249 
     H9563.8 12 0.3489 0.1020 0.0648 0.4843 
     H9572.4 12 0.2390 0.0220 0.5741 0.1649 
