      H105.4  1 0.1162 0.2283 0.1213 0.0084 0.1755 0.1616 0.1887 
      H115.3  1 0.1589 0.2741 0.0793 0.0199 0.2074 0.1631 0.0972 
      H145.1  1 0.1965 0.2396 0.1338 0.0070 0.0886 0.0902 0.2443 
      H149.6  1 0.1978 0.1446 0.1810 0.0771 0.1190 0.1271 0.1535 
      H150.1  1 0.1814 0.2520 0.0449 0.0069 0.1912 0.1884 0.1352 
   H169607.8  1 0.0797 0.1274 0.0999 0.0097 0.2689 0.1632 0.2513 
   H169633.5  1 0.2339 0.1949 0.1422 0.0171 0.0936 0.0981 0.2201 
   H169688.2  1 0.1792 0.0713 0.1274 0.0119 0.1811 0.2979 0.1311 
   H171901.5  1 0.2007 0.1643 0.2016 0.0101 0.1366 0.1143 0.1724 
   H171902.3  1 0.1926 0.0505 0.0706 0.0155 0.2248 0.2856 0.1604 
   H171903.5  1 0.1311 0.1134 0.0993 0.0591 0.1623 0.2798 0.1550 
      H177.6  1 0.2656 0.1113 0.1269 0.0438 0.1288 0.1584 0.1652 
      H179.1  1 0.2689 0.0824 0.2656 0.0120 0.1148 0.1351 0.1212 
      H180.2  1 0.0964 0.0954 0.0848 0.0175 0.2483 0.3185 0.1390 
      H181.7  1 0.2986 0.0937 0.0884 0.0093 0.1275 0.2136 0.1689 
 H194.6_2004  1 0.0884 0.1394 0.2017 0.0322 0.1609 0.1729 0.2046 
 H195.3_2003  1 0.0950 0.1782 0.0981 0.0060 0.1882 0.1835 0.2510 
 H195.3_2004  1 0.1307 0.1867 0.1779 0.0188 0.0969 0.1369 0.2521 
      H415.5  1 0.2814 0.0626 0.1141 0.0641 0.1204 0.2037 0.1536 
      H506.5  1 0.3526 0.0847 0.1578 0.0065 0.1257 0.1458 0.1269 
      H533.4  1 0.4062 0.0896 0.1500 0.0094 0.0791 0.1038 0.1618 
      H535.1  1 0.0991 0.1088 0.1510 0.0322 0.1343 0.2511 0.2234 
      H539.5  1 0.1769 0.3609 0.0596 0.0086 0.2026 0.1130 0.0784 
      H540.7  1 0.1921 0.2611 0.1005 0.0217 0.1491 0.1670 0.1086 
     H9558.1  1 0.1830 0.2332 0.1126 0.0055 0.1640 0.1953 0.1064 
    kos339.2  1 0.2321 0.1228 0.2028 0.0115 0.1433 0.1452 0.1424 
      H008.9  2 0.1469 0.2189 0.1589 0.0080 0.1481 0.1285 0.1907 
 H029.5_2002  2 0.1734 0.0632 0.3287 0.0080 0.1327 0.0936 0.2004 
 H029.5_2003  2 0.2179 0.0482 0.2034 0.0061 0.1871 0.1975 0.1399 
      H030.1  2 0.0798 0.1270 0.3406 0.0319 0.2051 0.1243 0.0914 
      H038.4  2 0.2312 0.0594 0.1792 0.0103 0.1564 0.2028 0.1608 
      H041.2  2 0.1830 0.0856 0.3403 0.0069 0.0966 0.0421 0.2454 
 H042.3_2003  2 0.1739 0.1774 0.1330 0.0164 0.1575 0.2246 0.1171 
 H042.4_2002  2 0.1369 0.2297 0.1558 0.0386 0.1292 0.1303 0.1797 
   H042_2002  2 0.2166 0.3097 0.1331 0.0084 0.0822 0.0956 0.1544 
   H042_2003  2 0.2113 0.2716 0.1246 0.0086 0.1099 0.1106 0.1635 
      H043.7  2 0.2785 0.1744 0.0628 0.0066 0.2577 0.1317 0.0882 
      H047.6  2 0.2276 0.0641 0.2391 0.0141 0.1187 0.1361 0.2003 
 H071.1_2003  2 0.0641 0.1352 0.2687 0.0053 0.3200 0.1000 0.1067 
 H071.5_2002  2 0.1354 0.1430 0.1422 0.0154 0.3134 0.1568 0.0938 
 H081.3_2003  2 0.1509 0.1306 0.1148 0.0232 0.2439 0.1742 0.1625 
      H081.7  2 0.0755 0.1495 0.2364 0.0103 0.2531 0.0981 0.1769 
      H083.1  2 0.1602 0.1115 0.1908 0.0194 0.2407 0.1763 0.1010 
      H084.5  2 0.2206 0.0718 0.1100 0.0555 0.2054 0.1957 0.1410 
 H085.1_2003  2 0.0382 0.1556 0.3885 0.0105 0.1670 0.1004 0.1398 
 H085.5_2002  2 0.0286 0.2634 0.2632 0.0125 0.2018 0.0968 0.1337 
      H088.7  2 0.1096 0.1016 0.3301 0.0121 0.1178 0.0849 0.2440 
      H091.1  2 0.0192 0.1667 0.4470 0.0064 0.1420 0.1558 0.0628 
      H109.6  2 0.3221 0.1056 0.1003 0.0313 0.1031 0.1878 0.1497 
      H126.2  2 0.1780 0.1499 0.0734 0.0130 0.2016 0.2706 0.1136 
      H130.3  2 0.1269 0.0420 0.0865 0.0169 0.3331 0.2459 0.1485 
      H133.1  2 0.3495 0.0552 0.1256 0.0117 0.1553 0.2055 0.0973 
      H147.4  2 0.0641 0.1095 0.3922 0.0065 0.1972 0.0781 0.1523 
      H148.6  2 0.1672 0.1889 0.1485 0.0423 0.1126 0.1079 0.2327 
   H166022.2  2 0.0757 0.1502 0.2711 0.0481 0.1583 0.1320 0.1646 
   H167397.3  2 0.4207 0.0677 0.1048 0.0136 0.0989 0.1555 0.1387 
   H167496.6  2 0.0325 0.1822 0.5209 0.0069 0.1329 0.0602 0.0645 
   H167513.8  2 0.3617 0.0614 0.1016 0.0400 0.1392 0.1957 0.1003 
   H167547.4  2 0.0844 0.1831 0.1788 0.0339 0.1734 0.2423 0.1040 
   H169750.2  2 0.0877 0.1044 0.3495 0.0089 0.2126 0.1181 0.1188 
   H171929.2  2 0.1411 0.0915 0.1165 0.1811 0.1957 0.1926 0.0815 
   H171930.8  2 0.1124 0.1139 0.1663 0.0184 0.1908 0.2047 0.1934 
   H171933.7  2 0.0838 0.2240 0.1569 0.0080 0.2318 0.1694 0.1262 
      H190.6  2 0.0939 0.1584 0.1011 0.3283 0.0932 0.1001 0.1250 
      H400.4  2 0.1157 0.0828 0.3841 0.0114 0.1387 0.1168 0.1504 
 H428.2_2006  2 0.0991 0.0975 0.1811 0.0280 0.2460 0.2048 0.1435 
 H428.6_2005  2 0.1423 0.2264 0.1287 0.0236 0.1496 0.1195 0.2099 
      H453.3  2 0.0531 0.1707 0.2202 0.0125 0.2413 0.1979 0.1044 
     H512.10  2 0.1475 0.0572 0.0955 0.0083 0.2382 0.3328 0.1206 
      H513.2  2 0.1417 0.2354 0.1287 0.0157 0.1571 0.1389 0.1826 
      H532.3  2 0.0773 0.1252 0.2450 0.0771 0.2346 0.1282 0.1127 
      H543.8  2 0.4048 0.0960 0.0772 0.0119 0.1353 0.1383 0.1365 
 H545.1_2005  2 0.7010 0.0796 0.0138 0.0047 0.0825 0.0706 0.0478 
 H545.3_2006  2 0.6861 0.0669 0.0170 0.0061 0.0820 0.0800 0.0619 
      H547.7  2 0.0430 0.1390 0.4081 0.0211 0.1686 0.1503 0.0699 
      H548.3  2 0.6639 0.0884 0.0351 0.0043 0.0703 0.0478 0.0901 
     H7389.1  2 0.0904 0.2401 0.1063 0.0129 0.2041 0.1649 0.1814 
      H747.2  2 0.1505 0.0709 0.0456 0.2983 0.1518 0.1685 0.1143 
     H7484.8  2 0.1537 0.1855 0.0932 0.0153 0.1540 0.2062 0.1920 
     H7485.6  2 0.4913 0.1371 0.0511 0.0163 0.0734 0.0985 0.1323 
     H7496.6  2 0.0206 0.1679 0.5198 0.0087 0.1442 0.0923 0.0466 
        UNK9  2 0.1880 0.1526 0.2015 0.0146 0.2167 0.1332 0.0933 
      H009.6  4 0.1013 0.2653 0.1194 0.0080 0.0856 0.1772 0.2431 
      H046.4  4 0.1742 0.2244 0.1646 0.0444 0.1336 0.1367 0.1221 
 H076.2_2004  4 0.0860 0.0792 0.1949 0.1046 0.1655 0.1965 0.1732 
 H076.5_2002  4 0.0332 0.2565 0.1753 0.0147 0.0828 0.1230 0.3145 
 H076.6_2003  4 0.0238 0.3091 0.2066 0.0061 0.0525 0.0429 0.3591 
      H477.6  4 0.1366 0.2059 0.1098 0.0180 0.1866 0.2021 0.1411 
 H479.4_2006  4 0.1159 0.0638 0.3127 0.0102 0.1745 0.1866 0.1365 
 H479.8_2005  4 0.1647 0.1380 0.2352 0.0094 0.1740 0.1641 0.1146 
      H516.4  4 0.2370 0.0798 0.0770 0.0321 0.1923 0.2517 0.1301 
      H646.2  4 0.0705 0.0337 0.0583 0.0162 0.2146 0.5213 0.0853 
      H658.6  4 0.0987 0.1456 0.1927 0.0153 0.1818 0.2198 0.1461 
      H682.1  4 0.1350 0.2088 0.2141 0.0202 0.1538 0.1348 0.1333 
      H720.4  4 0.1206 0.0863 0.1045 0.0417 0.2226 0.2348 0.1894 
      H724.6  4 0.0543 0.2889 0.1790 0.0093 0.0773 0.0867 0.3045 
      H725.5  4 0.0654 0.1916 0.4428 0.0141 0.1383 0.0895 0.0583 
      H726.2  4 0.0864 0.1162 0.1591 0.1258 0.1804 0.2216 0.1106 
      H016.4  5 0.2960 0.0891 0.1317 0.0081 0.1302 0.2324 0.1125 
 H017.1_2002  5 0.0591 0.2371 0.0943 0.0378 0.1751 0.1866 0.2100 
 H017.5_2003  5 0.0721 0.2147 0.0928 0.0113 0.2098 0.2265 0.1728 
      H032.3  5 0.1592 0.0601 0.2583 0.0084 0.2200 0.1794 0.1145 
 H034.4_2002  5 0.0557 0.3016 0.1251 0.0238 0.0642 0.1070 0.3225 
 H034.5_2003  5 0.1824 0.2178 0.1134 0.0184 0.1199 0.1329 0.2153 
      H048.4  5 0.1467 0.0699 0.2611 0.0154 0.1859 0.1354 0.1855 
      H060.1  5 0.3832 0.1261 0.0617 0.0074 0.1579 0.1319 0.1318 
 H070.3_2002  5 0.1163 0.3396 0.1499 0.0080 0.1096 0.1239 0.1527 
 H070.4_2004  5 0.0701 0.4016 0.0847 0.0085 0.1098 0.0779 0.2474 
 H070.5_2003  5 0.1093 0.3690 0.0957 0.0062 0.0729 0.0888 0.2581 
      H077.4  5 0.2469 0.1663 0.1045 0.0180 0.1684 0.1219 0.1740 
      H097.6  5 0.0426 0.1343 0.3278 0.0124 0.2207 0.1929 0.0692 
      H124.5  5 0.2146 0.0735 0.1497 0.0089 0.1457 0.2703 0.1373 
      H132.5  5 0.2920 0.0750 0.1725 0.0087 0.1193 0.1795 0.1529 
      H155.7  5 0.2313 0.2760 0.0690 0.0329 0.1028 0.1246 0.1634 
      H169.2  5 0.2720 0.1560 0.1506 0.0159 0.1255 0.1293 0.1507 
      H457.8  5 0.0894 0.0703 0.0541 0.0122 0.3279 0.2728 0.1734 
      H462.4  5 0.1040 0.3510 0.0593 0.0544 0.1141 0.1032 0.2139 
      H481.8  5 0.1089 0.2732 0.1785 0.0128 0.2058 0.1005 0.1202 
      H509.4  5 0.0648 0.1921 0.3233 0.0263 0.1371 0.1351 0.1214 
      H567.2  5 0.0633 0.3930 0.1372 0.0163 0.1195 0.0916 0.1791 
      H608.4  5 0.1341 0.0856 0.1601 0.0074 0.1981 0.2903 0.1244 
      H615.4  5 0.1054 0.2644 0.1213 0.0147 0.1936 0.1562 0.1444 
      H635.4  5 0.2301 0.0763 0.1452 0.0646 0.1694 0.1906 0.1237 
      H728.5  5 0.3276 0.0761 0.0867 0.0132 0.1409 0.2256 0.1298 
 H7395.1_200  5 0.1110 0.1464 0.1847 0.0941 0.1711 0.1494 0.1432 
     H7395.5  5 0.2680 0.0807 0.0621 0.0255 0.1486 0.2989 0.1162 
      H742.2  5 0.0944 0.1230 0.2007 0.0245 0.1879 0.1619 0.2077 
      H958.3  5 0.1202 0.2407 0.1634 0.0098 0.1726 0.1433 0.1500 
      H452.9 10 0.0255 0.3329 0.1791 0.0055 0.0580 0.0434 0.3556 
      H473.5 10 0.3149 0.0359 0.0949 0.0050 0.1811 0.2299 0.1383 
      H487.5 10 0.0166 0.2957 0.1789 0.0472 0.0438 0.0604 0.3574 
     H703.10 10 0.1826 0.1609 0.1695 0.0269 0.1574 0.1555 0.1471 
      H705.2 10 0.0442 0.2997 0.1451 0.0206 0.1519 0.1972 0.1412 
     H7352.5 10 0.4545 0.0193 0.1465 0.0173 0.0970 0.1559 0.1094 
     H7354.1 10 0.2239 0.1028 0.0511 0.0702 0.2152 0.1855 0.1513 
     H7359.1 10 0.2612 0.1460 0.1012 0.0535 0.1109 0.1432 0.1840 
      H909.8 10 0.0843 0.2262 0.1090 0.1173 0.1078 0.1098 0.2455 
     H9555.3 10 0.0170 0.3339 0.1930 0.0333 0.0340 0.0500 0.3388 
     H9703.4 10 0.0428 0.1000 0.1381 0.4311 0.0897 0.1079 0.0903 
     H9707.6 10 0.0857 0.1759 0.2817 0.0153 0.1594 0.1287 0.1534 
     HSAA4.2 10 0.0193 0.3058 0.1516 0.1274 0.0466 0.0415 0.3078 
   saaRTON.1 10 0.0056 0.0073 0.0066 0.9588 0.0081 0.0069 0.0067 
  saaRTON.10 10 0.0112 0.0131 0.0130 0.9223 0.0144 0.0122 0.0138 
   saaRTON.2 10 0.0058 0.0070 0.0065 0.9616 0.0061 0.0065 0.0065 
   saaRTON.3 10 0.0097 0.0110 0.0083 0.9397 0.0097 0.0114 0.0103 
   saaRTON.4 10 0.0066 0.0058 0.0053 0.9642 0.0058 0.0063 0.0061 
   saaRTON.5 10 0.0062 0.0065 0.0055 0.9638 0.0060 0.0064 0.0056 
   saaRTON.6 10 0.0072 0.0075 0.0089 0.9533 0.0082 0.0075 0.0074 
   saaRTON.7 10 0.0099 0.0139 0.0122 0.9284 0.0135 0.0108 0.0112 
   saaRTON.8 10 0.0063 0.0068 0.0063 0.9618 0.0066 0.0062 0.0060 
   saaRTON.9 10 0.0045 0.0044 0.0043 0.9723 0.0043 0.0054 0.0047 
      H005.8 11 0.1821 0.0860 0.1380 0.0131 0.1611 0.2103 0.2094 
      H031.2 11 0.0618 0.1711 0.2619 0.0204 0.1273 0.1711 0.1865 
      H136.1 11 0.0792 0.1945 0.0687 0.0156 0.1887 0.2660 0.1872 
      H153.4 11 0.0704 0.1851 0.0624 0.1211 0.1869 0.2192 0.1549 
      H167.1 11 0.1474 0.1010 0.1485 0.0067 0.1779 0.2058 0.2126 
      H173.1 11 0.1024 0.1259 0.2162 0.0135 0.1443 0.1378 0.2598 
 H194.8_2003 11 0.0473 0.2387 0.2292 0.0491 0.0885 0.1064 0.2407 
      H196.6 11 0.0267 0.3073 0.2056 0.0181 0.0425 0.0314 0.3684 
 H356.5_2002 11 0.1208 0.0672 0.1152 0.0212 0.3850 0.1986 0.0920 
 H356.6_2001 11 0.0896 0.0994 0.2019 0.1101 0.2789 0.1296 0.0905 
      H360.6 11 0.0875 0.1978 0.2636 0.0169 0.2094 0.0960 0.1287 
 H369.1_2001 11 0.2068 0.1842 0.1614 0.0069 0.1013 0.1066 0.2328 
      H369.4 11 0.0838 0.1597 0.2389 0.0136 0.1499 0.1312 0.2229 
      H374.3 11 0.1441 0.2105 0.1718 0.0204 0.1779 0.0890 0.1863 
      H376.1 11 0.1986 0.0646 0.1033 0.0119 0.2115 0.3049 0.1053 
      H381.1 11 0.1870 0.1688 0.1188 0.0142 0.1767 0.1984 0.1361 
      H386.5 11 0.5489 0.0966 0.0603 0.0096 0.0683 0.0917 0.1246 
 H387.5_2001 11 0.0666 0.1088 0.1377 0.0597 0.2239 0.3042 0.0992 
      H387.9 11 0.1872 0.0513 0.0645 0.0208 0.3169 0.2431 0.1163 
      H392.6 11 0.2282 0.0662 0.0453 0.0175 0.1791 0.2932 0.1705 
 H393.4_2001 11 0.0868 0.1256 0.0711 0.0133 0.3176 0.1999 0.1857 
 H393.4_2002 11 0.0579 0.2032 0.0949 0.0249 0.2617 0.1314 0.2260 
      H394.5 11 0.0743 0.2225 0.1199 0.0125 0.2433 0.1184 0.2092 
      H412.9 11 0.0763 0.1251 0.1302 0.1791 0.1510 0.2077 0.1307 
      H439.5 11 0.1913 0.1324 0.1511 0.0552 0.1544 0.1588 0.1568 
 H441.6_2004 11 0.0189 0.3186 0.1664 0.0059 0.0808 0.0757 0.3336 
 H441.7_2005 11 0.1866 0.2619 0.1095 0.0125 0.1181 0.1235 0.1880 
 H442.6_2004 11 0.0855 0.2291 0.2206 0.0376 0.1158 0.1476 0.1639 
      H442.9 11 0.1625 0.1598 0.1830 0.0228 0.1327 0.2005 0.1386 
      H446.6 11 0.0446 0.2157 0.1094 0.0145 0.1773 0.3149 0.1236 
      H447.7 11 0.1230 0.1645 0.2014 0.0264 0.1275 0.2211 0.1361 
      H448.2 11 0.0710 0.3851 0.1090 0.0139 0.0849 0.1033 0.2328 
      H586.2 11 0.2004 0.0440 0.0477 0.0159 0.1837 0.3936 0.1146 
     H590.10 11 0.2616 0.1130 0.0392 0.0129 0.1952 0.2703 0.1079 
      H610.7 11 0.1066 0.1411 0.2457 0.0165 0.1965 0.1593 0.1344 
      H611.4 11 0.2736 0.1611 0.0798 0.0098 0.1122 0.1454 0.2180 
 H7379.2_200 11 0.3166 0.0717 0.1647 0.0458 0.0893 0.1888 0.1231 
 H7379.4_200 11 0.2903 0.1416 0.1042 0.0201 0.1176 0.1612 0.1651 
      H741.1 11 0.1522 0.1230 0.1642 0.0192 0.1803 0.1939 0.1672 
      H927.3 11 0.2882 0.1541 0.1848 0.0060 0.1152 0.1524 0.0993 
      H928.4 11 0.1485 0.0909 0.1409 0.0333 0.2071 0.2213 0.1580 
     H9560.4 11 0.1025 0.1870 0.0969 0.2722 0.1008 0.1617 0.0789 
    Rad451.3 11 0.3172 0.0937 0.2044 0.0106 0.1151 0.1184 0.1405 
      H409.8 12 0.0949 0.1485 0.0985 0.0096 0.1056 0.3094 0.2335 
      H413.2 12 0.1144 0.2761 0.0952 0.0302 0.1433 0.1670 0.1739 
      H563.3 12 0.0818 0.3219 0.1219 0.0129 0.1184 0.1244 0.2186 
     H7374.6 12 0.1769 0.0749 0.0901 0.0113 0.1454 0.2461 0.2553 
     H9563.8 12 0.0989 0.1371 0.2012 0.0856 0.1583 0.1985 0.1204 
     H9572.4 12 0.1493 0.1142 0.1864 0.0189 0.1709 0.2012 0.1591 
