      H105.4  1 0.2339 0.2576 0.0076 0.1037 0.1868 0.2104 
      H115.3  1 0.1436 0.0956 0.0226 0.1468 0.1576 0.4338 
      H145.1  1 0.1046 0.5182 0.0067 0.1407 0.1224 0.1074 
      H149.6  1 0.0535 0.5263 0.0792 0.1081 0.1675 0.0654 
      H150.1  1 0.2412 0.0629 0.0072 0.2812 0.1780 0.2295 
   H169607.8  1 0.0390 0.3101 0.0068 0.1652 0.2441 0.2348 
   H169633.5  1 0.0800 0.5956 0.0131 0.1529 0.0877 0.0708 
   H169688.2  1 0.1004 0.1130 0.0103 0.3466 0.2137 0.2160 
   H171901.5  1 0.0693 0.4035 0.0108 0.1620 0.2055 0.1490 
   H171902.3  1 0.0368 0.2412 0.0144 0.2436 0.3383 0.1256 
   H171903.5  1 0.1026 0.2065 0.0498 0.1888 0.2770 0.1753 
      H177.6  1 0.0607 0.4576 0.0339 0.1683 0.1336 0.1459 
      H179.1  1 0.1328 0.2037 0.0115 0.3172 0.2783 0.0565 
      H180.2  1 0.1078 0.1042 0.0168 0.2398 0.3050 0.2264 
      H181.7  1 0.0732 0.3925 0.0087 0.1869 0.2238 0.1149 
 H194.6_2004  1 0.1602 0.3976 0.0268 0.0970 0.2090 0.1094 
 H195.3_2003  1 0.2222 0.1687 0.0059 0.1862 0.2309 0.1860 
 H195.3_2004  1 0.0507 0.4733 0.0160 0.1166 0.2250 0.1183 
      H415.5  1 0.0818 0.1904 0.0605 0.2419 0.3577 0.0677 
      H506.5  1 0.0411 0.4184 0.0056 0.2439 0.2273 0.0636 
      H533.4  1 0.0419 0.4242 0.0071 0.2777 0.1418 0.1073 
      H535.1  1 0.0687 0.4050 0.0364 0.1416 0.2520 0.0964 
      H539.5  1 0.2313 0.0783 0.0096 0.2062 0.1383 0.3363 
      H540.7  1 0.3520 0.1555 0.0200 0.1796 0.1506 0.1422 
     H9558.1  1 0.2222 0.1527 0.0058 0.2077 0.2118 0.1998 
    kos339.2  1 0.0906 0.4808 0.0129 0.1283 0.1447 0.1427 
      H008.9  2 0.2186 0.3622 0.0081 0.1481 0.1459 0.1171 
 H029.5_2002  2 0.1521 0.0396 0.0084 0.3564 0.3297 0.1137 
 H029.5_2003  2 0.0634 0.0241 0.0062 0.4267 0.3961 0.0835 
      H030.1  2 0.2110 0.0568 0.0215 0.0887 0.1162 0.5058 
      H038.4  2 0.0957 0.0882 0.0111 0.3729 0.2927 0.1394 
      H041.2  2 0.1733 0.1304 0.0072 0.3241 0.3271 0.0379 
 H042.3_2003  2 0.3276 0.0882 0.0132 0.1998 0.1519 0.2193 
 H042.4_2002  2 0.3884 0.1449 0.0402 0.1324 0.1346 0.1594 
   H042_2002  2 0.4408 0.1375 0.0073 0.2384 0.1096 0.0664 
   H042_2003  2 0.4304 0.1340 0.0083 0.2295 0.0939 0.1039 
      H043.7  2 0.0827 0.0796 0.0063 0.3038 0.1616 0.3660 
      H047.6  2 0.0727 0.0691 0.0168 0.3899 0.3711 0.0805 
 H071.1_2003  2 0.2106 0.0870 0.0047 0.0897 0.1477 0.4602 
 H071.5_2002  2 0.1520 0.0271 0.0163 0.2008 0.1154 0.4884 
 H081.3_2003  2 0.1299 0.1613 0.0217 0.2493 0.2015 0.2363 
      H081.7  2 0.1562 0.1715 0.0082 0.2043 0.1511 0.3087 
      H083.1  2 0.1626 0.0354 0.0147 0.1676 0.1392 0.4805 
      H084.5  2 0.1253 0.1163 0.0496 0.3439 0.2296 0.1353 
 H085.1_2003  2 0.2246 0.1496 0.0109 0.1029 0.1836 0.3284 
 H085.5_2002  2 0.2225 0.2233 0.0113 0.0549 0.1446 0.3433 
      H088.7  2 0.1949 0.1049 0.0127 0.3161 0.3069 0.0645 
      H091.1  2 0.2596 0.0724 0.0051 0.0372 0.1651 0.4606 
      H109.6  2 0.1092 0.1685 0.0297 0.3704 0.2352 0.0869 
      H126.2  2 0.1364 0.1290 0.0111 0.3059 0.2510 0.1667 
      H130.3  2 0.0459 0.0637 0.0212 0.3264 0.2630 0.2797 
      H133.1  2 0.0423 0.0640 0.0097 0.4243 0.2900 0.1698 
      H147.4  2 0.1788 0.1122 0.0071 0.1179 0.2382 0.3458 
      H148.6  2 0.1925 0.4060 0.0313 0.1126 0.1260 0.1315 
   H166022.2  2 0.1916 0.2150 0.0356 0.1113 0.2109 0.2355 
   H167397.3  2 0.0409 0.0965 0.0106 0.3921 0.3752 0.0847 
   H167496.6  2 0.2955 0.0757 0.0070 0.0596 0.1692 0.3931 
   H167513.8  2 0.0503 0.0425 0.0351 0.4609 0.3161 0.0951 
   H167547.4  2 0.1754 0.1290 0.0260 0.1414 0.1750 0.3532 
   H169750.2  2 0.2444 0.1113 0.0077 0.1556 0.1245 0.3565 
   H171929.2  2 0.1505 0.1191 0.1697 0.2241 0.2117 0.1249 
   H171930.8  2 0.3068 0.2172 0.0189 0.1626 0.1711 0.1234 
   H171933.7  2 0.2051 0.0591 0.0100 0.0829 0.1145 0.5284 
      H190.6  2 0.2413 0.1435 0.3061 0.0787 0.0811 0.1491 
      H400.4  2 0.2347 0.1049 0.0094 0.2160 0.3130 0.1219 
 H428.2_2006  2 0.0973 0.1225 0.0251 0.1410 0.2174 0.3967 
 H428.6_2005  2 0.1214 0.4529 0.0257 0.1016 0.1680 0.1304 
      H453.3  2 0.1615 0.1784 0.0117 0.1063 0.2314 0.3107 
     H512.10  2 0.0391 0.1427 0.0069 0.2345 0.2810 0.2958 
      H513.2  2 0.2372 0.1129 0.0146 0.1187 0.1224 0.3942 
      H532.3  2 0.1773 0.0854 0.0809 0.0918 0.1663 0.3983 
      H543.8  2 0.0659 0.1764 0.0108 0.3738 0.2230 0.1500 
 H545.1_2005  2 0.0124 0.0167 0.0049 0.5631 0.2198 0.1830 
 H545.3_2006  2 0.0093 0.0193 0.0062 0.5812 0.2159 0.1681 
      H547.7  2 0.2587 0.0971 0.0172 0.1029 0.1528 0.3713 
      H548.3  2 0.0200 0.1263 0.0048 0.5014 0.1722 0.1753 
     H7389.1  2 0.1929 0.1907 0.0096 0.1278 0.1983 0.2807 
      H747.2  2 0.0910 0.0572 0.3107 0.2687 0.2062 0.0662 
     H7484.8  2 0.1914 0.2726 0.0143 0.1538 0.1681 0.1998 
     H7485.6  2 0.0264 0.2063 0.0149 0.4302 0.1510 0.1711 
     H7496.6  2 0.2849 0.0605 0.0072 0.0374 0.1245 0.4856 
        UNK9  2 0.1899 0.0452 0.0159 0.0903 0.1621 0.4966 
      H009.6  4 0.3655 0.3170 0.0061 0.0781 0.1036 0.1296 
      H046.4  4 0.2771 0.1610 0.0322 0.1803 0.1634 0.1861 
 H076.2_2004  4 0.1653 0.2150 0.1365 0.1379 0.2319 0.1134 
 H076.5_2002  4 0.4006 0.2453 0.0150 0.1171 0.1605 0.0615 
 H076.6_2003  4 0.6322 0.2715 0.0056 0.0220 0.0482 0.0205 
      H477.6  4 0.1770 0.0473 0.0234 0.1277 0.1428 0.4817 
 H479.4_2006  4 0.1410 0.2251 0.0099 0.1839 0.2320 0.2081 
 H479.8_2005  4 0.1406 0.2033 0.0083 0.1368 0.2277 0.2834 
      H516.4  4 0.0517 0.1787 0.0377 0.2753 0.3218 0.1348 
      H646.2  4 0.0676 0.1997 0.0170 0.2245 0.3761 0.1151 
      H658.6  4 0.1049 0.3227 0.0123 0.1394 0.1297 0.2911 
      H682.1  4 0.2855 0.0858 0.0218 0.1149 0.1162 0.3758 
      H720.4  4 0.1759 0.0782 0.0492 0.2927 0.2448 0.1593 
      H724.6  4 0.5093 0.2472 0.0064 0.1081 0.1010 0.0280 
      H725.5  4 0.2202 0.0889 0.0115 0.0569 0.0896 0.5329 
      H726.2  4 0.1289 0.1654 0.1332 0.1472 0.2587 0.1666 
      H016.4  5 0.0751 0.1297 0.0071 0.3387 0.3075 0.1419 
 H017.1_2002  5 0.1808 0.3675 0.0506 0.0970 0.1830 0.1211 
 H017.5_2003  5 0.1341 0.2175 0.0107 0.1684 0.2494 0.2199 
      H032.3  5 0.0800 0.1140 0.0082 0.3520 0.3385 0.1073 
 H034.4_2002  5 0.4824 0.3221 0.0214 0.0546 0.0636 0.0558 
 H034.5_2003  5 0.1927 0.3577 0.0153 0.1484 0.1486 0.1374 
      H048.4  5 0.1425 0.1082 0.0172 0.2723 0.3362 0.1236 
      H060.1  5 0.0567 0.1511 0.0058 0.3558 0.2086 0.2221 
 H070.3_2002  5 0.2853 0.2712 0.0080 0.1468 0.1806 0.1081 
 H070.4_2004  5 0.4059 0.2948 0.0081 0.0796 0.0773 0.1343 
 H070.5_2003  5 0.3186 0.3112 0.0049 0.1095 0.1395 0.1164 
      H077.4  5 0.0608 0.3465 0.0171 0.1634 0.1887 0.2235 
      H097.6  5 0.2203 0.1171 0.0105 0.1144 0.1984 0.3393 
      H124.5  5 0.0932 0.1417 0.0081 0.2382 0.3516 0.1671 
      H132.5  5 0.1009 0.0851 0.0095 0.3642 0.3652 0.0752 
      H155.7  5 0.3746 0.1590 0.0269 0.1971 0.1358 0.1065 
      H169.2  5 0.0509 0.3911 0.0126 0.1913 0.1927 0.1612 
      H457.8  5 0.0333 0.1958 0.0123 0.1598 0.3564 0.2424 
      H462.4  5 0.4108 0.2117 0.0468 0.1062 0.0976 0.1269 
      H481.8  5 0.2324 0.1533 0.0153 0.1038 0.0983 0.3969 
      H509.4  5 0.3602 0.1157 0.0244 0.0686 0.1047 0.3265 
      H567.2  5 0.4678 0.2085 0.0135 0.0677 0.0960 0.1465 
      H608.4  5 0.1045 0.1240 0.0066 0.2530 0.2728 0.2391 
      H615.4  5 0.3021 0.1518 0.0118 0.2210 0.1221 0.1911 
      H635.4  5 0.1535 0.0682 0.0525 0.3207 0.1913 0.2138 
      H728.5  5 0.0482 0.3176 0.0099 0.2521 0.2875 0.0847 
 H7395.1_200  5 0.1491 0.2124 0.0963 0.0844 0.2521 0.2057 
     H7395.5  5 0.0338 0.2926 0.0226 0.1991 0.3429 0.1090 
      H742.2  5 0.1914 0.3092 0.0290 0.1563 0.1946 0.1194 
      H958.3  5 0.4129 0.0822 0.0095 0.0917 0.1225 0.2812 
      H452.9 10 0.6084 0.2803 0.0037 0.0251 0.0561 0.0264 
      H473.5 10 0.0226 0.0720 0.0040 0.4147 0.2831 0.2035 
      H487.5 10 0.6077 0.2474 0.0589 0.0197 0.0431 0.0232 
     H703.10 10 0.1278 0.1945 0.0204 0.1232 0.1519 0.3821 
      H705.2 10 0.2578 0.1562 0.0154 0.0626 0.1304 0.3775 
     H7352.5 10 0.0147 0.0350 0.0207 0.4706 0.3769 0.0821 
     H7354.1 10 0.0682 0.1974 0.0688 0.2063 0.1735 0.2858 
     H7359.1 10 0.1835 0.2358 0.0462 0.1962 0.2007 0.1376 
      H909.8 10 0.1131 0.3879 0.1179 0.0728 0.1396 0.1687 
     H9555.3 10 0.6416 0.2664 0.0292 0.0159 0.0267 0.0202 
     H9703.4 10 0.0927 0.1034 0.4525 0.0701 0.0941 0.1872 
     H9707.6 10 0.2850 0.1694 0.0143 0.1555 0.1817 0.1941 
     HSAA4.2 10 0.5433 0.2423 0.1244 0.0206 0.0317 0.0376 
   saaRTON.1 10 0.0057 0.0075 0.9663 0.0069 0.0061 0.0076 
  saaRTON.10 10 0.0117 0.0126 0.9440 0.0101 0.0126 0.0090 
   saaRTON.2 10 0.0053 0.0053 0.9717 0.0057 0.0056 0.0064 
   saaRTON.3 10 0.0065 0.0092 0.9600 0.0082 0.0086 0.0075 
   saaRTON.4 10 0.0059 0.0055 0.9726 0.0052 0.0057 0.0051 
   saaRTON.5 10 0.0056 0.0057 0.9721 0.0052 0.0054 0.0060 
   saaRTON.6 10 0.0066 0.0069 0.9667 0.0054 0.0074 0.0071 
   saaRTON.7 10 0.0178 0.0096 0.9427 0.0106 0.0088 0.0107 
   saaRTON.8 10 0.0067 0.0062 0.9701 0.0058 0.0051 0.0061 
   saaRTON.9 10 0.0035 0.0042 0.9800 0.0036 0.0048 0.0040 
      H005.8 11 0.0618 0.2437 0.0139 0.2219 0.3102 0.1484 
      H031.2 11 0.1979 0.2227 0.0156 0.1383 0.2248 0.2007 
      H136.1 11 0.2252 0.1076 0.0147 0.1757 0.2622 0.2147 
      H153.4 11 0.1871 0.1501 0.1378 0.1553 0.2417 0.1280 
      H167.1 11 0.0776 0.2175 0.0061 0.1749 0.3017 0.2222 
      H173.1 11 0.1033 0.4866 0.0111 0.0917 0.1708 0.1364 
 H194.8_2003 11 0.4829 0.1979 0.0509 0.0985 0.0800 0.0898 
      H196.6 11 0.6153 0.2618 0.0153 0.0286 0.0596 0.0194 
 H356.5_2002 11 0.1500 0.0625 0.0193 0.1386 0.2012 0.4284 
 H356.6_2001 11 0.1650 0.0610 0.0958 0.0880 0.0959 0.4944 
      H360.6 11 0.2414 0.0761 0.0151 0.0633 0.1182 0.4859 
 H369.1_2001 11 0.1478 0.3443 0.0064 0.1915 0.2071 0.1029 
      H369.4 11 0.1556 0.4159 0.0119 0.1021 0.1672 0.1473 
      H374.3 11 0.0249 0.4918 0.0171 0.1018 0.1958 0.1687 
      H376.1 11 0.1281 0.0613 0.0118 0.3616 0.2280 0.2093 
      H381.1 11 0.1645 0.2537 0.0112 0.1443 0.1605 0.2658 
      H386.5 11 0.0559 0.2475 0.0087 0.2944 0.2066 0.1868 
 H387.5_2001 11 0.1102 0.1674 0.0681 0.1260 0.3149 0.2134 
      H387.9 11 0.0703 0.0802 0.0203 0.2967 0.3041 0.2284 
      H392.6 11 0.0643 0.1618 0.0171 0.3421 0.3218 0.0929 
 H393.4_2001 11 0.0454 0.2556 0.0109 0.1463 0.2715 0.2702 
 H393.4_2002 11 0.0437 0.2614 0.0217 0.1353 0.2378 0.3002 
      H394.5 11 0.1741 0.2516 0.0090 0.1661 0.1724 0.2267 
      H412.9 11 0.1152 0.1897 0.1894 0.1581 0.2234 0.1242 
      H439.5 11 0.1578 0.2889 0.0486 0.2229 0.1470 0.1347 
 H441.6_2004 11 0.5689 0.2677 0.0073 0.0337 0.0765 0.0459 
 H441.7_2005 11 0.2607 0.2019 0.0108 0.2248 0.1397 0.1621 
 H442.6_2004 11 0.3849 0.1645 0.0448 0.1475 0.1244 0.1338 
      H442.9 11 0.1766 0.2073 0.0138 0.1965 0.1717 0.2341 
      H446.6 11 0.3090 0.1035 0.0153 0.1438 0.2067 0.2217 
      H447.7 11 0.1945 0.1601 0.0219 0.1462 0.2325 0.2448 
      H448.2 11 0.5702 0.2166 0.0110 0.0345 0.0721 0.0956 
      H586.2 11 0.0264 0.2242 0.0172 0.2789 0.3843 0.0688 
     H590.10 11 0.0548 0.1072 0.0120 0.3623 0.2200 0.2436 
      H610.7 11 0.2425 0.0764 0.0164 0.1609 0.1671 0.3367 
      H611.4 11 0.0894 0.2556 0.0090 0.3052 0.2349 0.1058 
 H7379.2_200 11 0.1261 0.1163 0.0366 0.3447 0.2975 0.0788 
 H7379.4_200 11 0.1647 0.2102 0.0152 0.3294 0.1894 0.0912 
      H741.1 11 0.1423 0.1570 0.0159 0.2141 0.1635 0.3072 
      H927.3 11 0.1189 0.1241 0.0051 0.2257 0.2338 0.2923 
      H928.4 11 0.1098 0.1515 0.0363 0.2514 0.2524 0.1986 
     H9560.4 11 0.2330 0.0963 0.3098 0.0996 0.1036 0.1576 
    Rad451.3 11 0.0390 0.4501 0.0092 0.1893 0.2425 0.0700 
      H409.8 12 0.2648 0.2292 0.0102 0.1630 0.2978 0.0349 
      H413.2 12 0.3443 0.2475 0.0300 0.1041 0.1293 0.1448 
      H563.3 12 0.4778 0.1877 0.0091 0.1640 0.0811 0.0803 
     H7374.6 12 0.0556 0.3854 0.0127 0.1643 0.3091 0.0729 
     H9563.8 12 0.2173 0.1463 0.0903 0.1298 0.2417 0.1745 
     H9572.4 12 0.1369 0.2273 0.0131 0.1809 0.2017 0.2401 
