      H105.4  1 0.0080 0.2384 0.2072 0.2188 0.3276 
      H115.3  1 0.0254 0.2521 0.1406 0.1937 0.3882 
      H145.1  1 0.0074 0.1780 0.2849 0.2418 0.2879 
      H149.6  1 0.0674 0.2174 0.2326 0.2470 0.2356 
      H150.1  1 0.0081 0.3256 0.3151 0.1305 0.2207 
   H169607.8  1 0.0093 0.3645 0.1344 0.2591 0.2326 
   H169633.5  1 0.0158 0.1421 0.3111 0.2304 0.3006 
   H169688.2  1 0.0131 0.2863 0.0785 0.2722 0.3499 
   H171901.5  1 0.0103 0.2005 0.1777 0.2855 0.3260 
   H171902.3  1 0.0154 0.4749 0.0863 0.2026 0.2207 
   H171903.5  1 0.0557 0.3608 0.1390 0.2239 0.2207 
      H177.6  1 0.0435 0.2804 0.0899 0.2964 0.2897 
      H179.1  1 0.0137 0.1999 0.1950 0.3442 0.2472 
      H180.2  1 0.0193 0.5769 0.0537 0.1473 0.2028 
      H181.7  1 0.0100 0.2338 0.0891 0.2798 0.3873 
 H194.6_2004  1 0.0388 0.2599 0.2234 0.2753 0.2026 
 H195.3_2003  1 0.0066 0.2335 0.2905 0.2086 0.2609 
 H195.3_2004  1 0.0210 0.2602 0.1834 0.2559 0.2795 
      H415.5  1 0.0773 0.3636 0.1131 0.2487 0.1973 
      H506.5  1 0.0067 0.2002 0.0766 0.4112 0.3054 
      H533.4  1 0.0087 0.1290 0.0770 0.3968 0.3884 
      H535.1  1 0.0350 0.3115 0.1642 0.2723 0.2170 
      H539.5  1 0.0089 0.1628 0.3324 0.2040 0.2919 
      H540.7  1 0.0206 0.1884 0.4830 0.1136 0.1944 
     H9558.1  1 0.0076 0.2260 0.3080 0.2475 0.2109 
    kos339.2  1 0.0118 0.1744 0.1277 0.3953 0.2908 
      H008.9  2 0.0079 0.1786 0.3091 0.2596 0.2449 
 H029.5_2002  2 0.0104 0.2355 0.1394 0.4083 0.2065 
 H029.5_2003  2 0.0071 0.4258 0.0711 0.3112 0.1849 
      H030.1  2 0.0255 0.1593 0.0343 0.4086 0.3723 
      H038.4  2 0.0106 0.2448 0.0615 0.4641 0.2190 
      H041.2  2 0.0082 0.1587 0.2232 0.4521 0.1578 
 H042.3_2003  2 0.0174 0.3046 0.2227 0.1600 0.2953 
 H042.4_2002  2 0.0383 0.1766 0.3988 0.1720 0.2144 
   H042_2002  2 0.0085 0.1117 0.5856 0.0882 0.2059 
   H042_2003  2 0.0078 0.1151 0.5776 0.0989 0.2006 
      H043.7  2 0.0061 0.2748 0.1286 0.2671 0.3235 
      H047.6  2 0.0158 0.2881 0.1694 0.2926 0.2340 
 H071.1_2003  2 0.0047 0.1477 0.1264 0.4491 0.2721 
 H071.5_2002  2 0.0202 0.1763 0.1231 0.2952 0.3852 
 H081.3_2003  2 0.0222 0.2799 0.1732 0.2666 0.2581 
      H081.7  2 0.0108 0.1677 0.0969 0.4280 0.2966 
      H083.1  2 0.0136 0.2271 0.0449 0.2742 0.4401 
      H084.5  2 0.0527 0.3957 0.1495 0.2048 0.1973 
 H085.1_2003  2 0.0099 0.1569 0.0331 0.4463 0.3538 
 H085.5_2002  2 0.0129 0.1448 0.1643 0.3914 0.2866 
      H088.7  2 0.0117 0.2451 0.2134 0.3527 0.1772 
      H091.1  2 0.0054 0.1334 0.0427 0.4005 0.4180 
      H109.6  2 0.0371 0.2307 0.1628 0.2971 0.2723 
      H126.2  2 0.0107 0.4217 0.1938 0.1613 0.2125 
      H130.3  2 0.0166 0.4617 0.0616 0.1856 0.2745 
      H133.1  2 0.0093 0.2506 0.0855 0.3683 0.2863 
      H147.4  2 0.0072 0.1605 0.0483 0.4605 0.3234 
      H148.6  2 0.0373 0.1252 0.3914 0.2527 0.1934 
   H166022.2  2 0.0481 0.2250 0.1562 0.3187 0.2520 
   H167397.3  2 0.0146 0.3045 0.0523 0.4036 0.2250 
   H167496.6  2 0.0071 0.0919 0.0776 0.4266 0.3968 
   H167513.8  2 0.0334 0.3237 0.0573 0.3186 0.2670 
   H167547.4  2 0.0314 0.2940 0.0981 0.2275 0.3491 
   H169750.2  2 0.0075 0.1446 0.1403 0.4119 0.2958 
   H171929.2  2 0.1534 0.2965 0.1678 0.1924 0.1899 
   H171930.8  2 0.0194 0.3246 0.3280 0.1627 0.1653 
   H171933.7  2 0.0093 0.1809 0.1562 0.1853 0.4684 
      H190.6  2 0.3254 0.1148 0.3111 0.1039 0.1447 
      H400.4  2 0.0115 0.2597 0.0867 0.4103 0.2319 
 H428.2_2006  2 0.0278 0.3141 0.0340 0.2772 0.3469 
 H428.6_2005  2 0.0279 0.1956 0.2530 0.1852 0.3383 
      H453.3  2 0.0114 0.3147 0.0593 0.3411 0.2734 
     H512.10  2 0.0082 0.4604 0.0426 0.2383 0.2505 
      H513.2  2 0.0150 0.1980 0.2386 0.1822 0.3663 
      H532.3  2 0.0683 0.2003 0.0630 0.3230 0.3455 
      H543.8  2 0.0120 0.2657 0.0981 0.3978 0.2264 
 H545.1_2005  2 0.0054 0.2293 0.0150 0.4073 0.3429 
 H545.3_2006  2 0.0055 0.2114 0.0180 0.4042 0.3609 
      H547.7  2 0.0198 0.2168 0.0385 0.3403 0.3846 
      H548.3  2 0.0049 0.1534 0.0376 0.4195 0.3847 
     H7389.1  2 0.0110 0.2762 0.2845 0.1182 0.3101 
      H747.2  2 0.2926 0.3069 0.1187 0.1219 0.1599 
     H7484.8  2 0.0152 0.1912 0.3790 0.1704 0.2441 
     H7485.6  2 0.0169 0.1492 0.0701 0.4011 0.3627 
     H7496.6  2 0.0096 0.0889 0.0497 0.4188 0.4329 
        UNK9  2 0.0160 0.1870 0.0708 0.2879 0.4383 
      H009.6  4 0.0073 0.2165 0.5695 0.1051 0.1016 
      H046.4  4 0.0404 0.1893 0.2896 0.2136 0.2670 
 H076.2_2004  4 0.1616 0.2608 0.2532 0.2129 0.1115 
 H076.5_2002  4 0.0182 0.2122 0.6451 0.0715 0.0531 
 H076.6_2003  4 0.0067 0.0802 0.8561 0.0327 0.0243 
      H477.6  4 0.0193 0.2595 0.1277 0.1797 0.4138 
 H479.4_2006  4 0.0101 0.2170 0.0607 0.4467 0.2656 
 H479.8_2005  4 0.0093 0.2108 0.0502 0.3641 0.3656 
      H516.4  4 0.0339 0.3773 0.1344 0.2046 0.2498 
      H646.2  4 0.0168 0.7910 0.0597 0.0575 0.0750 
      H658.6  4 0.0182 0.3009 0.1470 0.2764 0.2574 
      H682.1  4 0.0204 0.1929 0.1799 0.2554 0.3514 
      H720.4  4 0.0370 0.3883 0.2583 0.1440 0.1725 
      H724.6  4 0.0094 0.0973 0.7477 0.0780 0.0677 
      H725.5  4 0.0173 0.0787 0.0763 0.3872 0.4405 
      H726.2  4 0.1349 0.3907 0.1134 0.1627 0.1984 
      H016.4  5 0.0076 0.3810 0.0913 0.3160 0.2042 
 H017.1_2002  5 0.0493 0.3458 0.3434 0.1068 0.1547 
 H017.5_2003  5 0.0081 0.4976 0.1058 0.1811 0.2074 
      H032.3  5 0.0071 0.2495 0.0659 0.4524 0.2250 
 H034.4_2002  5 0.0237 0.0742 0.7865 0.0587 0.0569 
 H034.5_2003  5 0.0158 0.1271 0.3513 0.2384 0.2674 
      H048.4  5 0.0191 0.3149 0.0833 0.3172 0.2655 
      H060.1  5 0.0059 0.3745 0.1189 0.2307 0.2700 
 H070.3_2002  5 0.0088 0.1502 0.4653 0.1619 0.2139 
 H070.4_2004  5 0.0075 0.1239 0.6489 0.1071 0.1126 
 H070.5_2003  5 0.0054 0.0945 0.5170 0.1591 0.2239 
      H077.4  5 0.0150 0.2415 0.1190 0.2845 0.3400 
      H097.6  5 0.0109 0.2292 0.0492 0.3475 0.3632 
      H124.5  5 0.0079 0.3598 0.0941 0.3861 0.1520 
      H132.5  5 0.0095 0.2744 0.2507 0.2974 0.1681 
      H155.7  5 0.0290 0.1698 0.5261 0.0814 0.1937 
      H169.2  5 0.0123 0.2518 0.1262 0.2803 0.3295 
      H457.8  5 0.0153 0.5632 0.0324 0.2000 0.1891 
      H462.4  5 0.0725 0.1580 0.5383 0.0842 0.1470 
      H481.8  5 0.0142 0.1617 0.3291 0.2371 0.2580 
      H509.4  5 0.0243 0.1113 0.2887 0.3441 0.2315 
      H567.2  5 0.0113 0.1143 0.6276 0.1554 0.0915 
      H608.4  5 0.0068 0.2822 0.0815 0.2668 0.3627 
      H615.4  5 0.0122 0.1848 0.4423 0.1675 0.1931 
      H635.4  5 0.0644 0.2692 0.2048 0.2659 0.1957 
      H728.5  5 0.0115 0.2628 0.0517 0.3685 0.3055 
 H7395.1_200  5 0.1184 0.3106 0.1077 0.3004 0.1628 
     H7395.5  5 0.0272 0.3657 0.0288 0.3519 0.2264 
      H742.2  5 0.0224 0.2205 0.3624 0.2014 0.1933 
      H958.3  5 0.0112 0.2856 0.3191 0.1098 0.2743 
      H452.9 10 0.0053 0.0570 0.8820 0.0280 0.0277 
      H473.5 10 0.0047 0.4304 0.0288 0.2228 0.3133 
      H487.5 10 0.0404 0.0358 0.8765 0.0263 0.0210 
     H703.10 10 0.0273 0.2866 0.1290 0.2769 0.2802 
      H705.2 10 0.0188 0.2739 0.2983 0.1955 0.2136 
     H7352.5 10 0.0174 0.2593 0.0536 0.4010 0.2687 
     H7354.1 10 0.0581 0.3196 0.1258 0.1560 0.3406 
     H7359.1 10 0.0575 0.2315 0.2533 0.2077 0.2501 
      H909.8 10 0.1340 0.1984 0.3205 0.1773 0.1699 
     H9555.3 10 0.0260 0.0349 0.8962 0.0171 0.0258 
     H9703.4 10 0.4390 0.1602 0.1268 0.1501 0.1239 
     H9707.6 10 0.0133 0.1534 0.3254 0.2203 0.2877 
     HSAA4.2 10 0.1371 0.0474 0.7531 0.0324 0.0300 
   saaRTON.1 10 0.9746 0.0061 0.0061 0.0068 0.0063 
  saaRTON.10 10 0.9560 0.0115 0.0123 0.0103 0.0099 
   saaRTON.2 10 0.9740 0.0077 0.0071 0.0057 0.0055 
   saaRTON.3 10 0.9623 0.0110 0.0100 0.0091 0.0077 
   saaRTON.4 10 0.9775 0.0055 0.0062 0.0054 0.0054 
   saaRTON.5 10 0.9758 0.0062 0.0062 0.0058 0.0060 
   saaRTON.6 10 0.9726 0.0074 0.0066 0.0074 0.0060 
   saaRTON.7 10 0.9493 0.0099 0.0138 0.0133 0.0137 
   saaRTON.8 10 0.9761 0.0054 0.0071 0.0053 0.0061 
   saaRTON.9 10 0.9815 0.0047 0.0044 0.0046 0.0048 
      H005.8 11 0.0139 0.3007 0.0892 0.3069 0.2894 
      H031.2 11 0.0153 0.2636 0.3047 0.2209 0.1955 
      H136.1 11 0.0154 0.3448 0.3440 0.1047 0.1910 
      H153.4 11 0.1546 0.3576 0.2571 0.0594 0.1714 
      H167.1 11 0.0072 0.2935 0.1043 0.3005 0.2945 
      H173.1 11 0.0143 0.2332 0.1583 0.2797 0.3145 
 H194.8_2003 11 0.0480 0.1071 0.6482 0.1212 0.0755 
      H196.6 11 0.0206 0.0413 0.8926 0.0294 0.0161 
 H356.5_2002 11 0.0192 0.4554 0.0525 0.2321 0.2408 
 H356.6_2001 11 0.0998 0.2302 0.0251 0.3114 0.3335 
      H360.6 11 0.0180 0.1860 0.1227 0.3587 0.3147 
 H369.1_2001 11 0.0075 0.1541 0.3182 0.3404 0.1798 
      H369.4 11 0.0164 0.2227 0.2326 0.3019 0.2263 
      H374.3 11 0.0215 0.2302 0.1466 0.2960 0.3056 
      H376.1 11 0.0099 0.5425 0.0786 0.1938 0.1752 
      H381.1 11 0.0136 0.1883 0.2512 0.2408 0.3060 
      H386.5 11 0.0075 0.2210 0.0563 0.3632 0.3519 
 H387.5_2001 11 0.0485 0.5196 0.1240 0.1969 0.1110 
      H387.9 11 0.0209 0.5207 0.0336 0.2365 0.1884 
      H392.6 11 0.0199 0.5385 0.1089 0.1676 0.1650 
 H393.4_2001 11 0.0144 0.4280 0.0909 0.2146 0.2520 
 H393.4_2002 11 0.0314 0.3125 0.1750 0.2077 0.2733 
      H394.5 11 0.0101 0.3441 0.2954 0.2113 0.1391 
      H412.9 11 0.1840 0.2675 0.2787 0.1492 0.1206 
      H439.5 11 0.0661 0.2806 0.2012 0.2526 0.1995 
 H441.6_2004 11 0.0065 0.1144 0.7914 0.0469 0.0409 
 H441.7_2005 11 0.0134 0.1513 0.4605 0.1433 0.2314 
 H442.6_2004 11 0.0504 0.1491 0.4801 0.1384 0.1821 
      H442.9 11 0.0210 0.2496 0.1415 0.2291 0.3587 
      H446.6 11 0.0151 0.4117 0.3471 0.1234 0.1026 
      H447.7 11 0.0265 0.2446 0.1268 0.3478 0.2543 
      H448.2 11 0.0133 0.0748 0.7962 0.0572 0.0586 
      H586.2 11 0.0202 0.5977 0.0389 0.1837 0.1595 
     H590.10 11 0.0118 0.3689 0.0643 0.2156 0.3394 
      H610.7 11 0.0126 0.3049 0.1556 0.2559 0.2709 
      H611.4 11 0.0104 0.2091 0.1829 0.3064 0.2911 
 H7379.2_200 11 0.0495 0.2364 0.2032 0.2891 0.2219 
 H7379.4_200 11 0.0205 0.2277 0.3535 0.1938 0.2045 
      H741.1 11 0.0186 0.2572 0.0802 0.2115 0.4325 
      H927.3 11 0.0055 0.2015 0.1530 0.3734 0.2667 
      H928.4 11 0.0354 0.3383 0.1276 0.2148 0.2839 
     H9560.4 11 0.3056 0.1286 0.2647 0.0916 0.2096 
    Rad451.3 11 0.0089 0.2244 0.1474 0.3546 0.2648 
      H409.8 12 0.0133 0.4185 0.3414 0.0958 0.1310 
      H413.2 12 0.0307 0.2375 0.4464 0.0794 0.2059 
      H563.3 12 0.0149 0.1126 0.6554 0.0821 0.1351 
     H7374.6 12 0.0116 0.4397 0.1751 0.1993 0.1744 
     H9563.8 12 0.0997 0.2692 0.1682 0.3095 0.1535 
     H9572.4 12 0.0162 0.1998 0.2025 0.2716 0.3098 
