      H105.4  1 0.2389 0.1195 0.2131 0.1023 0.0110 0.3152 
      H115.3  1 0.0828 0.0488 0.2085 0.1405 0.0219 0.4975 
      H145.1  1 0.5467 0.1303 0.0963 0.1845 0.0073 0.0349 
      H149.6  1 0.5571 0.0700 0.1107 0.1209 0.0948 0.0466 
      H150.1  1 0.0585 0.2317 0.3010 0.2140 0.0077 0.1871 
   H169607.8  1 0.2461 0.0706 0.2926 0.1116 0.0098 0.2693 
   H169633.5  1 0.6426 0.0924 0.0610 0.1515 0.0171 0.0355 
   H169688.2  1 0.1343 0.0517 0.3157 0.2768 0.0095 0.2121 
   H171901.5  1 0.4781 0.0685 0.1522 0.1762 0.0093 0.1157 
   H171902.3  1 0.3176 0.0554 0.3085 0.1699 0.0233 0.1252 
   H171903.5  1 0.2284 0.1044 0.2719 0.1608 0.0530 0.1814 
      H177.6  1 0.6293 0.0324 0.0906 0.1577 0.0374 0.0527 
      H179.1  1 0.2876 0.1587 0.1375 0.3252 0.0149 0.0761 
      H180.2  1 0.0721 0.0323 0.3688 0.1563 0.0163 0.3542 
      H181.7  1 0.5113 0.0374 0.2243 0.1239 0.0097 0.0935 
 H194.6_2004  1 0.3558 0.0809 0.2108 0.1751 0.0379 0.1395 
 H195.3_2003  1 0.0989 0.2730 0.2676 0.1938 0.0072 0.1596 
 H195.3_2004  1 0.5605 0.0489 0.1645 0.1208 0.0217 0.0837 
      H415.5  1 0.2521 0.0994 0.2233 0.2949 0.0717 0.0586 
      H506.5  1 0.6229 0.0253 0.0736 0.2405 0.0077 0.0299 
      H533.4  1 0.6817 0.0120 0.0705 0.1974 0.0077 0.0308 
      H535.1  1 0.4239 0.0523 0.2020 0.1796 0.0351 0.1070 
      H539.5  1 0.0769 0.2549 0.1654 0.2304 0.0093 0.2631 
      H540.7  1 0.1324 0.4256 0.1856 0.1526 0.0214 0.0824 
     H9558.1  1 0.1076 0.2316 0.2157 0.2676 0.0064 0.1710 
    kos339.2  1 0.5959 0.0489 0.0803 0.1820 0.0101 0.0827 
      H008.9  2 0.2654 0.2569 0.1365 0.1748 0.0085 0.1580 
 H029.5_2002  2 0.0794 0.1333 0.1505 0.4974 0.0104 0.1289 
 H029.5_2003  2 0.0803 0.0536 0.3358 0.4774 0.0059 0.0469 
      H030.1  2 0.0716 0.0282 0.2087 0.1548 0.0311 0.5056 
      H038.4  2 0.2162 0.0608 0.1775 0.3730 0.0108 0.1618 
      H041.2  2 0.0802 0.2293 0.0892 0.5356 0.0092 0.0565 
 H042.3_2003  2 0.0738 0.2009 0.2480 0.2266 0.0160 0.2348 
 H042.4_2002  2 0.0439 0.3655 0.1962 0.1455 0.0478 0.2011 
   H042_2002  2 0.0703 0.6068 0.1429 0.1260 0.0077 0.0462 
   H042_2003  2 0.0835 0.6030 0.1167 0.1448 0.0081 0.0438 
      H043.7  2 0.1783 0.1043 0.1885 0.2981 0.0067 0.2241 
      H047.6  2 0.1381 0.2008 0.1934 0.4045 0.0195 0.0436 
 H071.1_2003  2 0.0710 0.1520 0.1335 0.1341 0.0053 0.5041 
 H071.5_2002  2 0.0381 0.0834 0.1880 0.1442 0.0157 0.5306 
 H081.3_2003  2 0.2058 0.1286 0.2552 0.2100 0.0209 0.1795 
      H081.7  2 0.1375 0.1326 0.1623 0.1899 0.0094 0.3683 
      H083.1  2 0.0756 0.0303 0.1845 0.1447 0.0166 0.5484 
      H084.5  2 0.1532 0.1584 0.2622 0.2798 0.0540 0.0924 
 H085.1_2003  2 0.0909 0.0332 0.1261 0.2447 0.0133 0.4919 
 H085.5_2002  2 0.0847 0.1384 0.1448 0.1087 0.0147 0.5088 
      H088.7  2 0.1045 0.2311 0.1801 0.3966 0.0147 0.0729 
      H091.1  2 0.0449 0.0156 0.1363 0.2555 0.0072 0.5406 
      H109.6  2 0.3422 0.1900 0.1735 0.2134 0.0283 0.0527 
      H126.2  2 0.0972 0.0973 0.3777 0.1761 0.0144 0.2373 
      H130.3  2 0.0945 0.0309 0.4381 0.2329 0.0191 0.1845 
      H133.1  2 0.2248 0.0365 0.2312 0.4215 0.0101 0.0758 
      H147.4  2 0.0539 0.0972 0.0805 0.2872 0.0071 0.4741 
      H148.6  2 0.2930 0.3488 0.0880 0.1096 0.0316 0.1290 
   H166022.2  2 0.1677 0.1072 0.2133 0.1903 0.0493 0.2722 
   H167397.3  2 0.2748 0.0788 0.1618 0.4309 0.0137 0.0400 
   H167496.6  2 0.0673 0.0695 0.1012 0.3040 0.0065 0.4514 
   H167513.8  2 0.2356 0.0849 0.2103 0.3386 0.0393 0.0914 
   H167547.4  2 0.0496 0.0501 0.2585 0.1594 0.0273 0.4550 
   H169750.2  2 0.1056 0.1321 0.1455 0.2087 0.0093 0.3989 
   H171929.2  2 0.1174 0.2024 0.1899 0.1842 0.1595 0.1466 
   H171930.8  2 0.1627 0.3335 0.2211 0.1924 0.0195 0.0708 
   H171933.7  2 0.0432 0.0803 0.1394 0.0627 0.0091 0.6653 
      H190.6  2 0.1275 0.1424 0.1366 0.0597 0.3165 0.2173 
      H400.4  2 0.0836 0.0895 0.2496 0.3981 0.0104 0.1687 
 H428.2_2006  2 0.0640 0.0276 0.2256 0.1492 0.0280 0.5056 
 H428.6_2005  2 0.4307 0.0970 0.1422 0.0886 0.0236 0.2179 
      H453.3  2 0.0676 0.0557 0.2613 0.1155 0.0116 0.4883 
     H512.10  2 0.1522 0.0307 0.3902 0.1779 0.0087 0.2402 
      H513.2  2 0.0367 0.1679 0.1133 0.0821 0.0144 0.5856 
      H532.3  2 0.0637 0.0658 0.1500 0.1381 0.0831 0.4993 
      H543.8  2 0.3442 0.0673 0.1635 0.2927 0.0113 0.1211 
 H545.1_2005  2 0.2955 0.0142 0.1111 0.5507 0.0056 0.0229 
 H545.3_2006  2 0.3227 0.0102 0.0972 0.5440 0.0057 0.0202 
      H547.7  2 0.0753 0.0387 0.1377 0.2960 0.0199 0.4325 
      H548.3  2 0.4395 0.0215 0.1381 0.3667 0.0051 0.0291 
     H7389.1  2 0.0698 0.2050 0.2030 0.0697 0.0097 0.4428 
      H747.2  2 0.1565 0.1070 0.1636 0.1798 0.3157 0.0775 
     H7484.8  2 0.2670 0.2158 0.1543 0.1438 0.0184 0.2006 
     H7485.6  2 0.5095 0.0448 0.0774 0.3114 0.0139 0.0429 
     H7496.6  2 0.0566 0.0343 0.0795 0.2550 0.0078 0.5668 
        UNK9  2 0.0606 0.0325 0.1724 0.1372 0.0143 0.5831 
      H009.6  4 0.1822 0.4191 0.2098 0.0756 0.0071 0.1061 
      H046.4  4 0.1645 0.2069 0.2197 0.1445 0.0467 0.2176 
 H076.2_2004  4 0.1045 0.1641 0.2475 0.2061 0.1745 0.1033 
 H076.5_2002  4 0.0494 0.5992 0.2054 0.0892 0.0186 0.0382 
 H076.6_2003  4 0.0244 0.8643 0.0419 0.0440 0.0065 0.0189 
      H477.6  4 0.0785 0.0395 0.1823 0.0622 0.0204 0.6170 
 H479.4_2006  4 0.2048 0.0316 0.1743 0.3651 0.0109 0.2133 
 H479.8_2005  4 0.2894 0.0229 0.1266 0.2546 0.0081 0.2984 
      H516.4  4 0.2468 0.0679 0.3101 0.2351 0.0442 0.0958 
      H646.2  4 0.0921 0.0213 0.6904 0.0730 0.0206 0.1026 
      H658.6  4 0.4404 0.0470 0.1873 0.1386 0.0152 0.1715 
      H682.1  4 0.0965 0.1808 0.1577 0.1149 0.0216 0.4285 
      H720.4  4 0.0814 0.2427 0.2873 0.1991 0.0504 0.1392 
      H724.6  4 0.0535 0.7345 0.0939 0.0798 0.0094 0.0289 
      H725.5  4 0.0792 0.0468 0.0909 0.1965 0.0135 0.5731 
      H726.2  4 0.2410 0.0674 0.2593 0.1343 0.1541 0.1438 
      H016.4  5 0.2102 0.0751 0.3022 0.2933 0.0078 0.1114 
 H017.1_2002  5 0.2653 0.1588 0.2983 0.0908 0.0597 0.1271 
 H017.5_2003  5 0.1864 0.0780 0.3865 0.1434 0.0111 0.1948 
      H032.3  5 0.1374 0.0407 0.2846 0.4343 0.0096 0.0934 
 H034.4_2002  5 0.0690 0.7424 0.0561 0.0683 0.0266 0.0376 
 H034.5_2003  5 0.4527 0.1805 0.1401 0.1254 0.0169 0.0844 
      H048.4  5 0.1295 0.1211 0.2540 0.3826 0.0159 0.0968 
      H060.1  5 0.2772 0.0721 0.2590 0.3100 0.0063 0.0753 
 H070.3_2002  5 0.2056 0.3471 0.1665 0.1677 0.0072 0.1059 
 H070.4_2004  5 0.1106 0.5311 0.1166 0.0681 0.0066 0.1670 
 H070.5_2003  5 0.2883 0.3730 0.1039 0.0961 0.0058 0.1329 
      H077.4  5 0.5272 0.0516 0.1695 0.1345 0.0147 0.1025 
      H097.6  5 0.0558 0.0399 0.2529 0.2700 0.0117 0.3698 
      H124.5  5 0.1517 0.0655 0.2511 0.4240 0.0087 0.0990 
      H132.5  5 0.1257 0.2145 0.1863 0.3739 0.0095 0.0901 
      H155.7  5 0.1103 0.5280 0.1404 0.1108 0.0354 0.0751 
      H169.2  5 0.5682 0.0405 0.1353 0.1536 0.0155 0.0869 
      H457.8  5 0.0925 0.0370 0.4204 0.1472 0.0162 0.2867 
      H462.4  5 0.0972 0.4394 0.1629 0.1021 0.0590 0.1395 
      H481.8  5 0.1199 0.2337 0.1695 0.0994 0.0144 0.3631 
      H509.4  5 0.0479 0.2840 0.1281 0.1539 0.0253 0.3609 
      H567.2  5 0.0602 0.5237 0.1109 0.0844 0.0147 0.2062 
      H608.4  5 0.1235 0.0456 0.2856 0.3720 0.0071 0.1663 
      H615.4  5 0.1757 0.3761 0.1477 0.1451 0.0128 0.1426 
      H635.4  5 0.1214 0.1563 0.2431 0.2854 0.0557 0.1380 
      H728.5  5 0.5063 0.0353 0.2011 0.1832 0.0126 0.0614 
 H7395.1_200  5 0.2546 0.1037 0.1537 0.1600 0.1161 0.2118 
     H7395.5  5 0.4361 0.0155 0.2590 0.1523 0.0303 0.1069 
      H742.2  5 0.3186 0.2692 0.1632 0.1146 0.0316 0.1029 
      H958.3  5 0.0698 0.1935 0.2355 0.0997 0.0099 0.3916 
      H452.9 10 0.0211 0.8800 0.0384 0.0236 0.0048 0.0321 
      H473.5 10 0.1618 0.0277 0.2563 0.4434 0.0053 0.1056 
      H487.5 10 0.0269 0.8545 0.0331 0.0255 0.0393 0.0205 
     H703.10 10 0.2757 0.0517 0.1775 0.1176 0.0222 0.3553 
      H705.2 10 0.0779 0.1739 0.1770 0.0423 0.0199 0.5090 
     H7352.5 10 0.2554 0.0249 0.1058 0.5648 0.0185 0.0306 
     H7354.1 10 0.2702 0.0470 0.2210 0.1055 0.0652 0.2911 
     H7359.1 10 0.2826 0.1807 0.2108 0.1834 0.0580 0.0845 
      H909.8 10 0.3238 0.1689 0.1149 0.0560 0.1374 0.1991 
     H9555.3 10 0.0221 0.8733 0.0371 0.0186 0.0243 0.0246 
     H9703.4 10 0.0646 0.0529 0.1114 0.0851 0.4681 0.2178 
     H9707.6 10 0.0950 0.3596 0.1580 0.1738 0.0163 0.1973 
     HSAA4.2 10 0.0220 0.7391 0.0414 0.0156 0.1356 0.0463 
   saaRTON.1 10 0.0069 0.0077 0.0069 0.0067 0.9649 0.0069 
  saaRTON.10 10 0.0087 0.0131 0.0124 0.0104 0.9430 0.0125 
   saaRTON.2 10 0.0067 0.0057 0.0072 0.0063 0.9681 0.0059 
   saaRTON.3 10 0.0076 0.0087 0.0082 0.0085 0.9591 0.0080 
   saaRTON.4 10 0.0056 0.0058 0.0059 0.0050 0.9719 0.0057 
   saaRTON.5 10 0.0049 0.0070 0.0058 0.0061 0.9695 0.0067 
   saaRTON.6 10 0.0062 0.0078 0.0067 0.0076 0.9624 0.0092 
   saaRTON.7 10 0.0107 0.0126 0.0130 0.0116 0.9353 0.0168 
   saaRTON.8 10 0.0064 0.0061 0.0071 0.0063 0.9688 0.0053 
   saaRTON.9 10 0.0044 0.0049 0.0057 0.0041 0.9761 0.0048 
      H005.8 11 0.3726 0.0532 0.1817 0.2430 0.0141 0.1353 
      H031.2 11 0.2041 0.2839 0.1779 0.1590 0.0180 0.1572 
      H136.1 11 0.0531 0.1890 0.3356 0.1601 0.0168 0.2453 
      H153.4 11 0.1047 0.1423 0.3161 0.0878 0.1405 0.2085 
      H167.1 11 0.2362 0.0843 0.2723 0.2829 0.0058 0.1185 
      H173.1 11 0.5169 0.0532 0.0989 0.1503 0.0128 0.1678 
 H194.8_2003 11 0.0835 0.6484 0.1098 0.0540 0.0493 0.0550 
      H196.6 11 0.0158 0.8998 0.0213 0.0305 0.0199 0.0127 
 H356.5_2002 11 0.0822 0.0297 0.3176 0.1483 0.0204 0.4018 
 H356.6_2001 11 0.0638 0.0251 0.1369 0.0721 0.0881 0.6140 
      H360.6 11 0.0647 0.1016 0.1458 0.1088 0.0155 0.5636 
 H369.1_2001 11 0.4015 0.2449 0.0997 0.1726 0.0078 0.0735 
      H369.4 11 0.3917 0.1275 0.1496 0.1601 0.0164 0.1546 
      H374.3 11 0.5544 0.0273 0.1321 0.1352 0.0227 0.1284 
      H376.1 11 0.1125 0.0666 0.3808 0.2437 0.0120 0.1844 
      H381.1 11 0.3011 0.1143 0.1603 0.1003 0.0145 0.3095 
      H386.5 11 0.4811 0.0391 0.1668 0.2444 0.0082 0.0604 
 H387.5_2001 11 0.0808 0.0620 0.4302 0.1459 0.0525 0.2286 
      H387.9 11 0.1180 0.0227 0.3384 0.2521 0.0242 0.2446 
      H392.6 11 0.2155 0.0843 0.4514 0.1749 0.0203 0.0536 
 H393.4_2001 11 0.1128 0.0456 0.4107 0.2119 0.0132 0.2059 
 H393.4_2002 11 0.1585 0.0898 0.2743 0.1251 0.0269 0.3255 
      H394.5 11 0.1119 0.2156 0.2692 0.1639 0.0113 0.2281 
      H412.9 11 0.2366 0.1148 0.2274 0.1609 0.1839 0.0765 
      H439.5 11 0.3104 0.1590 0.1533 0.1843 0.0566 0.1364 
 H441.6_2004 11 0.0277 0.8110 0.0752 0.0165 0.0075 0.0621 
 H441.7_2005 11 0.1680 0.4299 0.1412 0.1339 0.0114 0.1155 
 H442.6_2004 11 0.0982 0.3902 0.1669 0.1500 0.0464 0.1482 
      H442.9 11 0.2502 0.0884 0.1749 0.1977 0.0176 0.2712 
      H446.6 11 0.0631 0.3229 0.2944 0.0851 0.0153 0.2192 
      H447.7 11 0.2136 0.1016 0.1840 0.2167 0.0316 0.2526 
      H448.2 11 0.0372 0.7555 0.0772 0.0203 0.0125 0.0973 
      H586.2 11 0.1944 0.0391 0.5354 0.1312 0.0209 0.0790 
     H590.10 11 0.2121 0.0299 0.4057 0.2211 0.0126 0.1185 
      H610.7 11 0.0914 0.2220 0.2060 0.0900 0.0164 0.3742 
      H611.4 11 0.4564 0.0912 0.1460 0.2168 0.0089 0.0808 
 H7379.2_200 11 0.2195 0.1926 0.1894 0.2938 0.0482 0.0564 
 H7379.4_200 11 0.2720 0.3135 0.1471 0.1956 0.0217 0.0501 
      H741.1 11 0.1824 0.0491 0.2673 0.2231 0.0163 0.2619 
      H927.3 11 0.2069 0.1150 0.1712 0.2190 0.0055 0.2824 
      H928.4 11 0.1252 0.0884 0.3353 0.2775 0.0434 0.1302 
     H9560.4 11 0.0846 0.1705 0.1843 0.0915 0.2960 0.1731 
    Rad451.3 11 0.5948 0.0252 0.0966 0.2288 0.0101 0.0445 
      H409.8 12 0.1678 0.4218 0.1942 0.1508 0.0120 0.0534 
      H413.2 12 0.0724 0.3301 0.2368 0.0581 0.0305 0.2721 
      H563.3 12 0.0486 0.7095 0.1123 0.0544 0.0102 0.0650 
     H7374.6 12 0.3853 0.0941 0.2761 0.1706 0.0109 0.0630 
     H9563.8 12 0.1185 0.1464 0.2405 0.1681 0.1047 0.2218 
     H9572.4 12 0.3215 0.1199 0.2270 0.1184 0.0204 0.1928 
