      H105.4  1 0.3527 0.0070 0.3479 0.2924 
      H115.3  1 0.2646 0.0193 0.1962 0.5198 
      H145.1  1 0.2348 0.0065 0.1132 0.6456 
      H149.6  1 0.3856 0.0878 0.2020 0.3247 
      H150.1  1 0.3504 0.0073 0.1234 0.5189 
   H169607.8  1 0.3178 0.0080 0.2229 0.4513 
   H169633.5  1 0.2645 0.0127 0.1280 0.5948 
   H169688.2  1 0.3476 0.0100 0.4186 0.2239 
   H171901.5  1 0.3055 0.0090 0.2025 0.4830 
   H171902.3  1 0.3674 0.0163 0.2573 0.3590 
   H171903.5  1 0.3558 0.0515 0.2182 0.3745 
      H177.6  1 0.2809 0.0350 0.1141 0.5700 
      H179.1  1 0.3578 0.0125 0.3285 0.3011 
      H180.2  1 0.4642 0.0171 0.2720 0.2467 
      H181.7  1 0.2910 0.0113 0.1211 0.5766 
 H194.6_2004  1 0.2756 0.0290 0.5039 0.1916 
 H195.3_2003  1 0.3401 0.0054 0.3649 0.2896 
 H195.3_2004  1 0.3169 0.0203 0.2329 0.4299 
      H415.5  1 0.4532 0.0544 0.1833 0.3091 
      H506.5  1 0.3349 0.0065 0.2153 0.4433 
      H533.4  1 0.3126 0.0073 0.0975 0.5826 
      H535.1  1 0.3715 0.0364 0.3713 0.2208 
      H539.5  1 0.2200 0.0076 0.1442 0.6282 
      H540.7  1 0.3076 0.0194 0.1114 0.5616 
     H9558.1  1 0.2951 0.0057 0.1752 0.5240 
    kos339.2  1 0.2325 0.0094 0.3432 0.4149 
      H008.9  2 0.3394 0.0080 0.3370 0.3155 
 H029.5_2002  2 0.3751 0.0079 0.4057 0.2112 
 H029.5_2003  2 0.4618 0.0056 0.3708 0.1619 
      H030.1  2 0.3436 0.0247 0.4482 0.1834 
      H038.4  2 0.3007 0.0088 0.3656 0.3249 
      H041.2  2 0.3638 0.0082 0.5124 0.1157 
 H042.3_2003  2 0.3330 0.0113 0.4476 0.2081 
 H042.4_2002  2 0.3777 0.0382 0.4571 0.1271 
   H042_2002  2 0.3068 0.0075 0.1712 0.5144 
   H042_2003  2 0.3007 0.0074 0.1746 0.5174 
      H043.7  2 0.1725 0.0055 0.1264 0.6956 
      H047.6  2 0.3640 0.0142 0.3602 0.2616 
 H071.1_2003  2 0.1898 0.0045 0.4396 0.3662 
 H071.5_2002  2 0.1896 0.0174 0.2654 0.5276 
 H081.3_2003  2 0.3080 0.0199 0.1940 0.4780 
      H081.7  2 0.2533 0.0087 0.3629 0.3751 
      H083.1  2 0.2672 0.0107 0.3924 0.3297 
      H084.5  2 0.4303 0.0526 0.3376 0.1796 
 H085.1_2003  2 0.2564 0.0085 0.6198 0.1153 
 H085.5_2002  2 0.2411 0.0130 0.5734 0.1725 
      H088.7  2 0.3968 0.0084 0.4746 0.1201 
      H091.1  2 0.1898 0.0065 0.7916 0.0121 
      H109.6  2 0.3175 0.0312 0.1065 0.5447 
      H126.2  2 0.4202 0.0101 0.1809 0.3887 
      H130.3  2 0.3702 0.0180 0.3846 0.2272 
      H133.1  2 0.3320 0.0087 0.2078 0.4515 
      H147.4  2 0.2443 0.0077 0.5494 0.1986 
      H148.6  2 0.3072 0.0312 0.3058 0.3557 
   H166022.2  2 0.2863 0.0372 0.5532 0.1233 
   H167397.3  2 0.3652 0.0108 0.2507 0.3734 
   H167496.6  2 0.2444 0.0071 0.6669 0.0816 
   H167513.8  2 0.3191 0.0367 0.1486 0.4956 
   H167547.4  2 0.3914 0.0235 0.4266 0.1586 
   H169750.2  2 0.2514 0.0075 0.4968 0.2442 
   H171929.2  2 0.2961 0.1614 0.2720 0.2705 
   H171930.8  2 0.4651 0.0150 0.3515 0.1684 
   H171933.7  2 0.3507 0.0087 0.4234 0.2173 
      H190.6  2 0.2821 0.3630 0.2043 0.1505 
      H400.4  2 0.3050 0.0078 0.6272 0.0600 
 H428.2_2006  2 0.2763 0.0230 0.4386 0.2621 
 H428.6_2005  2 0.3193 0.0193 0.3518 0.3096 
      H453.3  2 0.3595 0.0093 0.5924 0.0388 
     H512.10  2 0.3388 0.0080 0.3101 0.3431 
      H513.2  2 0.3179 0.0121 0.4626 0.2074 
      H532.3  2 0.2894 0.0726 0.4548 0.1832 
      H543.8  2 0.2869 0.0105 0.2086 0.4940 
 H545.1_2005  2 0.1188 0.0048 0.0169 0.8595 
 H545.3_2006  2 0.0899 0.0050 0.0241 0.8809 
      H547.7  2 0.3468 0.0144 0.5449 0.0939 
      H548.3  2 0.1577 0.0041 0.0371 0.8010 
     H7389.1  2 0.3158 0.0104 0.5242 0.1497 
      H747.2  2 0.3185 0.2838 0.1913 0.2064 
     H7484.8  2 0.3051 0.0150 0.3075 0.3725 
     H7485.6  2 0.1604 0.0127 0.0439 0.7830 
     H7496.6  2 0.1786 0.0082 0.7535 0.0597 
        UNK9  2 0.3310 0.0122 0.4081 0.2487 
      H009.6  4 0.3968 0.0067 0.3220 0.2745 
      H046.4  4 0.3142 0.0365 0.2480 0.4014 
 H076.2_2004  4 0.2765 0.1225 0.5131 0.0879 
 H076.5_2002  4 0.3867 0.0135 0.5575 0.0424 
 H076.6_2003  4 0.3642 0.0063 0.5862 0.0434 
      H477.6  4 0.3813 0.0194 0.2847 0.3146 
 H479.4_2006  4 0.3248 0.0081 0.4353 0.2318 
 H479.8_2005  4 0.2981 0.0085 0.4139 0.2795 
      H516.4  4 0.4039 0.0265 0.1649 0.4046 
      H646.2  4 0.4540 0.0147 0.4158 0.1155 
      H658.6  4 0.3659 0.0120 0.2649 0.3572 
      H682.1  4 0.3065 0.0194 0.4250 0.2491 
      H720.4  4 0.4152 0.0410 0.3908 0.1531 
      H724.6  4 0.3743 0.0078 0.5081 0.1098 
      H725.5  4 0.2687 0.0144 0.5974 0.1194 
      H726.2  4 0.4113 0.1355 0.2893 0.1639 
      H016.4  5 0.4113 0.0066 0.2790 0.3031 
 H017.1_2002  5 0.3477 0.0467 0.2437 0.3618 
 H017.5_2003  5 0.3717 0.0091 0.1992 0.4199 
      H032.3  5 0.3841 0.0062 0.3873 0.2224 
 H034.4_2002  5 0.3733 0.0261 0.3738 0.2268 
 H034.5_2003  5 0.3227 0.0131 0.1528 0.5114 
      H048.4  5 0.3191 0.0136 0.5393 0.1280 
      H060.1  5 0.1996 0.0060 0.0723 0.7221 
 H070.3_2002  5 0.2663 0.0061 0.2192 0.5085 
 H070.4_2004  5 0.2975 0.0064 0.2950 0.4011 
 H070.5_2003  5 0.2886 0.0050 0.1678 0.5386 
      H077.4  5 0.1791 0.0132 0.1188 0.6889 
      H097.6  5 0.2886 0.0099 0.6347 0.0668 
      H124.5  5 0.3862 0.0068 0.4600 0.1470 
      H132.5  5 0.3561 0.0094 0.4135 0.2211 
      H155.7  5 0.3078 0.0343 0.1258 0.5322 
      H169.2  5 0.2404 0.0119 0.1079 0.6397 
      H457.8  5 0.4243 0.0119 0.3055 0.2583 
      H462.4  5 0.2615 0.0577 0.1734 0.5074 
      H481.8  5 0.2985 0.0115 0.3356 0.3544 
      H509.4  5 0.3143 0.0216 0.5904 0.0737 
      H567.2  5 0.3876 0.0109 0.4619 0.1395 
      H608.4  5 0.3583 0.0075 0.3844 0.2497 
      H615.4  5 0.3221 0.0099 0.2210 0.4470 
      H635.4  5 0.2955 0.0437 0.2246 0.4362 
      H728.5  5 0.2896 0.0152 0.1232 0.5720 
 H7395.1_200  5 0.2477 0.0947 0.4789 0.1787 
     H7395.5  5 0.3479 0.0200 0.2266 0.4055 
      H742.2  5 0.3301 0.0202 0.3172 0.3324 
      H958.3  5 0.4994 0.0069 0.4117 0.0820 
      H452.9 10 0.3350 0.0044 0.5678 0.0927 
      H473.5 10 0.3160 0.0040 0.2834 0.3966 
      H487.5 10 0.4085 0.0332 0.4946 0.0637 
     H703.10 10 0.2453 0.0230 0.2941 0.4376 
      H705.2 10 0.3896 0.0205 0.4743 0.1157 
     H7352.5 10 0.3956 0.0180 0.2207 0.3657 
     H7354.1 10 0.2947 0.0628 0.1573 0.4852 
     H7359.1 10 0.3009 0.0424 0.2272 0.4295 
      H909.8 10 0.2760 0.1323 0.2155 0.3762 
     H9555.3 10 0.3992 0.0259 0.5234 0.0516 
     H9703.4 10 0.2019 0.4603 0.2771 0.0607 
     H9707.6 10 0.3233 0.0127 0.5253 0.1387 
     HSAA4.2 10 0.3419 0.1156 0.4870 0.0555 
   saaRTON.1 10 0.0063 0.9817 0.0064 0.0056 
  saaRTON.10 10 0.0112 0.9693 0.0089 0.0105 
   saaRTON.2 10 0.0054 0.9831 0.0058 0.0056 
   saaRTON.3 10 0.0085 0.9762 0.0070 0.0082 
   saaRTON.4 10 0.0059 0.9849 0.0049 0.0043 
   saaRTON.5 10 0.0051 0.9838 0.0054 0.0057 
   saaRTON.6 10 0.0068 0.9815 0.0058 0.0059 
   saaRTON.7 10 0.0097 0.9683 0.0121 0.0098 
   saaRTON.8 10 0.0050 0.9831 0.0059 0.0061 
   saaRTON.9 10 0.0043 0.9870 0.0043 0.0044 
      H005.8 11 0.2526 0.0148 0.2320 0.5006 
      H031.2 11 0.3422 0.0172 0.3750 0.2656 
      H136.1 11 0.4476 0.0138 0.2305 0.3081 
      H153.4 11 0.4680 0.1292 0.1963 0.2065 
      H167.1 11 0.2967 0.0052 0.4204 0.2777 
      H173.1 11 0.3246 0.0115 0.3783 0.2857 
 H194.8_2003 11 0.3772 0.0465 0.3523 0.2240 
      H196.6 11 0.3503 0.0172 0.5784 0.0541 
 H356.5_2002 11 0.3737 0.0211 0.3285 0.2767 
 H356.6_2001 11 0.2929 0.1140 0.3425 0.2505 
      H360.6 11 0.3006 0.0128 0.4836 0.2030 
 H369.1_2001 11 0.2932 0.0066 0.3245 0.3757 
      H369.4 11 0.2646 0.0107 0.4193 0.3054 
      H374.3 11 0.2024 0.0166 0.1369 0.6441 
      H376.1 11 0.4521 0.0109 0.2719 0.2651 
      H381.1 11 0.2847 0.0115 0.2044 0.4994 
      H386.5 11 0.2413 0.0078 0.0690 0.6819 
 H387.5_2001 11 0.3878 0.0582 0.4978 0.0563 
      H387.9 11 0.3418 0.0243 0.1662 0.4678 
      H392.6 11 0.4359 0.0135 0.1267 0.4238 
 H393.4_2001 11 0.3009 0.0180 0.2973 0.3838 
 H393.4_2002 11 0.2521 0.0317 0.2666 0.4495 
      H394.5 11 0.2978 0.0084 0.2344 0.4594 
      H412.9 11 0.3624 0.1839 0.2356 0.2181 
      H439.5 11 0.2999 0.0484 0.2616 0.3902 
 H441.6_2004 11 0.4299 0.0075 0.5059 0.0568 
 H441.7_2005 11 0.2659 0.0104 0.1339 0.5898 
 H442.6_2004 11 0.4072 0.0372 0.4131 0.1425 
      H442.9 11 0.3313 0.0166 0.3513 0.3008 
      H446.6 11 0.5272 0.0161 0.3132 0.1435 
      H447.7 11 0.2894 0.0231 0.5025 0.1851 
      H448.2 11 0.4024 0.0121 0.4511 0.1344 
      H586.2 11 0.4588 0.0222 0.1410 0.3780 
     H590.10 11 0.2267 0.0104 0.0948 0.6681 
      H610.7 11 0.3513 0.0141 0.4489 0.1857 
      H611.4 11 0.3714 0.0098 0.1486 0.4702 
 H7379.2_200 11 0.3541 0.0381 0.2756 0.3322 
 H7379.4_200 11 0.3079 0.0160 0.0867 0.5894 
      H741.1 11 0.3472 0.0150 0.3326 0.3052 
      H927.3 11 0.2260 0.0047 0.4188 0.3504 
      H928.4 11 0.3779 0.0254 0.4062 0.1906 
     H9560.4 11 0.2657 0.2811 0.2430 0.2103 
    Rad451.3 11 0.3886 0.0082 0.2184 0.3848 
      H409.8 12 0.4868 0.0104 0.2989 0.2039 
      H413.2 12 0.3902 0.0345 0.4268 0.1484 
      H563.3 12 0.3981 0.0128 0.2279 0.3613 
     H7374.6 12 0.4174 0.0088 0.2307 0.3430 
     H9563.8 12 0.3601 0.0752 0.4391 0.1257 
     H9572.4 12 0.2502 0.0165 0.2413 0.4921 
