      H105.4  1 0.1417 0.0082 0.1334 0.1734 0.2187 0.1952 0.1294 
      H115.3  1 0.1593 0.0272 0.1753 0.1381 0.2270 0.2496 0.0235 
      H145.1  1 0.3430 0.0069 0.1892 0.0659 0.0979 0.2045 0.0926 
      H149.6  1 0.4148 0.0642 0.1508 0.1452 0.0618 0.0981 0.0651 
      H150.1  1 0.1217 0.0075 0.2445 0.1523 0.0853 0.2930 0.0958 
   H169607.8  1 0.1774 0.0089 0.2487 0.1492 0.2125 0.1408 0.0626 
   H169633.5  1 0.3762 0.0166 0.1264 0.1194 0.0382 0.1730 0.1501 
   H169688.2  1 0.1388 0.0090 0.1695 0.2758 0.1327 0.2267 0.0474 
   H171901.5  1 0.3841 0.0093 0.1426 0.1386 0.1191 0.1535 0.0528 
   H171902.3  1 0.2033 0.0163 0.2166 0.2596 0.0749 0.1765 0.0528 
   H171903.5  1 0.2124 0.0465 0.1518 0.2223 0.1275 0.1549 0.0846 
      H177.6  1 0.3843 0.0346 0.1554 0.1519 0.0695 0.1640 0.0403 
      H179.1  1 0.2632 0.0137 0.1901 0.1756 0.1107 0.1629 0.0838 
      H180.2  1 0.1123 0.0155 0.1900 0.3362 0.1261 0.1985 0.0214 
      H181.7  1 0.3882 0.0109 0.1630 0.1861 0.0401 0.1724 0.0393 
 H194.6_2004  1 0.2631 0.0293 0.1711 0.1736 0.1017 0.1370 0.1241 
 H195.3_2003  1 0.1103 0.0053 0.1856 0.1661 0.1432 0.1963 0.1932 
 H195.3_2004  1 0.3085 0.0198 0.1785 0.1658 0.1230 0.1238 0.0807 
      H415.5  1 0.1683 0.0558 0.1886 0.2375 0.0343 0.1841 0.1314 
      H506.5  1 0.4173 0.0063 0.1790 0.1546 0.0370 0.1663 0.0396 
      H533.4  1 0.5202 0.0066 0.1511 0.0843 0.0419 0.1700 0.0260 
      H535.1  1 0.3238 0.0396 0.1598 0.2105 0.0867 0.1168 0.0629 
      H539.5  1 0.1394 0.0079 0.2439 0.0691 0.1458 0.3300 0.0639 
      H540.7  1 0.1060 0.0214 0.2110 0.1333 0.0750 0.2456 0.2078 
     H9558.1  1 0.1426 0.0060 0.2244 0.1415 0.1062 0.3132 0.0662 
    kos339.2  1 0.3791 0.0120 0.1434 0.1567 0.1209 0.1192 0.0687 
      H008.9  2 0.1732 0.0076 0.1464 0.1496 0.1020 0.2075 0.2137 
 H029.5_2002  2 0.0653 0.0080 0.2427 0.1357 0.0909 0.2092 0.2481 
 H029.5_2003  2 0.1129 0.0060 0.1963 0.3070 0.0464 0.1879 0.1435 
      H030.1  2 0.0782 0.0275 0.0993 0.1089 0.4811 0.1701 0.0348 
      H038.4  2 0.1431 0.0098 0.2518 0.1464 0.1436 0.2056 0.0997 
      H041.2  2 0.0649 0.0065 0.2035 0.0853 0.0689 0.1355 0.4353 
 H042.3_2003  2 0.1109 0.0151 0.1006 0.2381 0.1565 0.2147 0.1641 
 H042.4_2002  2 0.0910 0.0320 0.0952 0.1499 0.1879 0.1163 0.3277 
   H042_2002  2 0.0982 0.0093 0.1853 0.0927 0.0803 0.1791 0.3550 
   H042_2003  2 0.0979 0.0082 0.1762 0.1167 0.0780 0.2083 0.3146 
      H043.7  2 0.1518 0.0057 0.2212 0.1055 0.2217 0.2416 0.0525 
      H047.6  2 0.0885 0.0142 0.2085 0.1628 0.0542 0.1903 0.2815 
 H071.1_2003  2 0.0608 0.0044 0.1267 0.1144 0.5809 0.0619 0.0509 
 H071.5_2002  2 0.0721 0.0193 0.2028 0.1025 0.4615 0.1040 0.0379 
 H081.3_2003  2 0.1981 0.0220 0.1727 0.1982 0.1478 0.1545 0.1067 
      H081.7  2 0.0874 0.0094 0.1967 0.1103 0.4281 0.1111 0.0569 
      H083.1  2 0.0735 0.0161 0.1491 0.1552 0.4479 0.1132 0.0450 
      H084.5  2 0.1497 0.0593 0.1696 0.2479 0.0804 0.1460 0.1471 
 H085.1_2003  2 0.1066 0.0124 0.1290 0.1235 0.4249 0.1155 0.0880 
 H085.5_2002  2 0.0531 0.0139 0.1157 0.1260 0.4872 0.1089 0.0952 
      H088.7  2 0.0907 0.0145 0.1468 0.1612 0.0724 0.1396 0.3748 
      H091.1  2 0.0741 0.0058 0.0543 0.1535 0.5333 0.1477 0.0313 
      H109.6  2 0.2054 0.0273 0.1938 0.1882 0.0459 0.1938 0.1456 
      H126.2  2 0.1239 0.0103 0.2280 0.3467 0.0714 0.1762 0.0435 
      H130.3  2 0.1145 0.0159 0.1967 0.2659 0.1662 0.1964 0.0443 
      H133.1  2 0.1510 0.0097 0.2181 0.1808 0.0596 0.2636 0.1173 
      H147.4  2 0.0976 0.0072 0.1110 0.1326 0.5049 0.0846 0.0621 
      H148.6  2 0.1596 0.0335 0.1445 0.0934 0.0825 0.1785 0.3080 
   H166022.2  2 0.1441 0.0476 0.1256 0.1881 0.2289 0.1498 0.1159 
   H167397.3  2 0.2263 0.0120 0.2390 0.1830 0.0396 0.2022 0.0979 
   H167496.6  2 0.0843 0.0064 0.0767 0.1070 0.5254 0.1517 0.0485 
   H167513.8  2 0.1507 0.0335 0.2393 0.2516 0.0697 0.2267 0.0284 
   H167547.4  2 0.1277 0.0255 0.1415 0.2223 0.2426 0.2069 0.0336 
   H169750.2  2 0.1019 0.0085 0.1070 0.1193 0.4155 0.1473 0.1004 
   H171929.2  2 0.1043 0.1489 0.1369 0.1787 0.0685 0.1688 0.1939 
   H171930.8  2 0.1786 0.0213 0.0946 0.2176 0.0807 0.1309 0.2764 
   H171933.7  2 0.0908 0.0100 0.1132 0.1353 0.4193 0.1415 0.0899 
      H190.6  2 0.1046 0.3405 0.0940 0.1532 0.1163 0.0748 0.1166 
      H400.4  2 0.1238 0.0116 0.1941 0.1726 0.1697 0.1622 0.1660 
 H428.2_2006  2 0.0682 0.0255 0.1764 0.1665 0.4142 0.1123 0.0369 
 H428.6_2005  2 0.3800 0.0240 0.1341 0.1338 0.0946 0.1219 0.1116 
      H453.3  2 0.0850 0.0098 0.1582 0.1886 0.3498 0.1314 0.0772 
     H512.10  2 0.1908 0.0084 0.1898 0.2312 0.1605 0.1857 0.0336 
      H513.2  2 0.1011 0.0147 0.1271 0.1680 0.2524 0.1498 0.1870 
      H532.3  2 0.0667 0.0770 0.1402 0.1415 0.3782 0.1446 0.0518 
      H543.8  2 0.2095 0.0091 0.2502 0.1392 0.0779 0.2535 0.0607 
 H545.1_2005  2 0.2139 0.0056 0.2661 0.0588 0.0198 0.4264 0.0094 
 H545.3_2006  2 0.2424 0.0066 0.2608 0.0396 0.0142 0.4288 0.0075 
      H547.7  2 0.0868 0.0174 0.0740 0.1693 0.4132 0.2094 0.0298 
      H548.3  2 0.2609 0.0048 0.2229 0.0879 0.0187 0.3739 0.0310 
     H7389.1  2 0.1501 0.0113 0.1341 0.1754 0.1868 0.1232 0.2192 
      H747.2  2 0.1100 0.2914 0.1416 0.2001 0.0443 0.1278 0.0848 
     H7484.8  2 0.2227 0.0155 0.1559 0.1574 0.1212 0.1064 0.2209 
     H7485.6  2 0.2864 0.0200 0.2199 0.0644 0.0801 0.2978 0.0314 
     H7496.6  2 0.0661 0.0106 0.0437 0.0903 0.6061 0.1517 0.0316 
        UNK9  2 0.1247 0.0147 0.1169 0.1733 0.3558 0.1642 0.0505 
      H009.6  4 0.1267 0.0079 0.1676 0.1661 0.0953 0.1854 0.2510 
      H046.4  4 0.1691 0.0378 0.1408 0.1606 0.1220 0.1943 0.1753 
 H076.2_2004  4 0.1502 0.1267 0.1101 0.2085 0.1082 0.1186 0.1776 
 H076.5_2002  4 0.0606 0.0158 0.0758 0.1235 0.0382 0.0810 0.6051 
 H076.6_2003  4 0.0459 0.0065 0.0193 0.0438 0.0229 0.0393 0.8224 
      H477.6  4 0.1485 0.0186 0.1589 0.2149 0.2453 0.1880 0.0257 
 H479.4_2006  4 0.2821 0.0108 0.1351 0.1675 0.2061 0.1568 0.0415 
 H479.8_2005  4 0.2853 0.0099 0.1266 0.1252 0.2852 0.1353 0.0324 
      H516.4  4 0.1509 0.0300 0.1984 0.2610 0.0617 0.2144 0.0836 
      H646.2  4 0.0989 0.0159 0.1898 0.4290 0.0484 0.1808 0.0371 
      H658.6  4 0.3541 0.0176 0.1213 0.1785 0.1662 0.1343 0.0280 
      H682.1  4 0.1313 0.0242 0.1023 0.1215 0.3598 0.1408 0.1202 
      H720.4  4 0.1305 0.0398 0.1639 0.2764 0.1027 0.1355 0.1512 
      H724.6  4 0.0584 0.0079 0.0475 0.0526 0.0283 0.0798 0.7254 
      H725.5  4 0.0778 0.0130 0.0306 0.1141 0.5660 0.1440 0.0547 
      H726.2  4 0.2342 0.1379 0.0945 0.2050 0.1162 0.1487 0.0635 
      H016.4  5 0.2388 0.0077 0.2393 0.1951 0.0963 0.1637 0.0591 
 H017.1_2002  5 0.1962 0.0527 0.2185 0.1749 0.1415 0.1493 0.0670 
 H017.5_2003  5 0.1672 0.0094 0.1888 0.1945 0.1769 0.2385 0.0247 
      H032.3  5 0.1378 0.0070 0.1675 0.2058 0.1430 0.2759 0.0630 
 H034.4_2002  5 0.0632 0.0216 0.0749 0.0705 0.0349 0.0732 0.6617 
 H034.5_2003  5 0.2355 0.0156 0.1512 0.1002 0.0664 0.2363 0.1948 
      H048.4  5 0.1500 0.0154 0.1306 0.2519 0.1082 0.1772 0.1667 
      H060.1  5 0.1789 0.0068 0.2615 0.1387 0.0763 0.2827 0.0551 
 H070.3_2002  5 0.1754 0.0073 0.1559 0.1542 0.0943 0.2191 0.1938 
 H070.4_2004  5 0.1112 0.0091 0.1154 0.0962 0.1324 0.1693 0.3664 
 H070.5_2003  5 0.1990 0.0051 0.1016 0.1222 0.0867 0.2406 0.2448 
      H077.4  5 0.2440 0.0156 0.1940 0.1549 0.0920 0.2519 0.0478 
      H097.6  5 0.0690 0.0113 0.0850 0.2332 0.3497 0.1924 0.0595 
      H124.5  5 0.1692 0.0081 0.2348 0.2247 0.0777 0.1827 0.1028 
      H132.5  5 0.1051 0.0080 0.1996 0.1968 0.0650 0.1562 0.2694 
      H155.7  5 0.1445 0.0323 0.1608 0.1209 0.0808 0.1689 0.2917 
      H169.2  5 0.3111 0.0125 0.1984 0.1441 0.1031 0.2019 0.0289 
      H457.8  5 0.0895 0.0114 0.2449 0.2937 0.1613 0.1701 0.0292 
      H462.4  5 0.1393 0.0653 0.1587 0.1162 0.1403 0.2087 0.1715 
      H481.8  5 0.0950 0.0146 0.1708 0.1285 0.3100 0.1570 0.1240 
      H509.4  5 0.0686 0.0289 0.0882 0.0947 0.3986 0.1137 0.2073 
      H567.2  5 0.1130 0.0144 0.1205 0.1564 0.1555 0.1219 0.3183 
      H608.4  5 0.1544 0.0066 0.1533 0.2104 0.1773 0.2614 0.0366 
      H615.4  5 0.1275 0.0112 0.1634 0.1516 0.1802 0.1364 0.2296 
      H635.4  5 0.1000 0.0620 0.2327 0.1401 0.1261 0.2062 0.1328 
      H728.5  5 0.3734 0.0152 0.1807 0.1574 0.0445 0.1935 0.0353 
 H7395.1_200  5 0.2034 0.0896 0.1198 0.1290 0.2495 0.1044 0.1042 
     H7395.5  5 0.3315 0.0246 0.1941 0.2139 0.0717 0.1425 0.0217 
      H742.2  5 0.1821 0.0232 0.1589 0.1440 0.1160 0.1356 0.2402 
      H958.3  5 0.1103 0.0109 0.1394 0.1913 0.2308 0.1712 0.1461 
      H452.9 10 0.0400 0.0050 0.0348 0.0369 0.0292 0.0322 0.8219 
      H473.5 10 0.1432 0.0044 0.2182 0.2463 0.0935 0.2631 0.0314 
      H487.5 10 0.0165 0.0453 0.0541 0.0394 0.0235 0.0329 0.7882 
     H703.10 10 0.1963 0.0251 0.1170 0.1754 0.3189 0.1229 0.0443 
      H705.2 10 0.1043 0.0164 0.1354 0.1498 0.2919 0.1099 0.1923 
     H7352.5 10 0.1760 0.0176 0.2620 0.1895 0.0357 0.2413 0.0779 
     H7354.1 10 0.2111 0.0645 0.1642 0.2138 0.1213 0.1925 0.0325 
     H7359.1 10 0.2199 0.0439 0.1677 0.1631 0.0992 0.1425 0.1638 
      H909.8 10 0.2255 0.1192 0.1301 0.1410 0.1487 0.1323 0.1031 
     H9555.3 10 0.0528 0.0231 0.0232 0.0492 0.0247 0.0347 0.7924 
     H9703.4 10 0.0769 0.4442 0.0837 0.0666 0.1972 0.0714 0.0602 
     H9707.6 10 0.0810 0.0140 0.0935 0.1255 0.1946 0.1286 0.3628 
     HSAA4.2 10 0.0363 0.1132 0.0283 0.0423 0.0263 0.0172 0.7363 
   saaRTON.1 10 0.0064 0.9600 0.0064 0.0081 0.0075 0.0058 0.0058 
  saaRTON.10 10 0.0095 0.9276 0.0113 0.0145 0.0140 0.0122 0.0109 
   saaRTON.2 10 0.0059 0.9650 0.0059 0.0061 0.0058 0.0062 0.0050 
   saaRTON.3 10 0.0104 0.9424 0.0086 0.0091 0.0096 0.0090 0.0109 
   saaRTON.4 10 0.0061 0.9659 0.0051 0.0055 0.0056 0.0056 0.0061 
   saaRTON.5 10 0.0062 0.9638 0.0064 0.0060 0.0054 0.0065 0.0058 
   saaRTON.6 10 0.0081 0.9549 0.0072 0.0074 0.0077 0.0068 0.0080 
   saaRTON.7 10 0.0097 0.9283 0.0099 0.0129 0.0130 0.0120 0.0144 
   saaRTON.8 10 0.0060 0.9626 0.0066 0.0058 0.0050 0.0069 0.0072 
   saaRTON.9 10 0.0048 0.9706 0.0047 0.0053 0.0046 0.0050 0.0051 
      H005.8 11 0.2531 0.0156 0.1605 0.1903 0.1205 0.2044 0.0555 
      H031.2 11 0.1567 0.0162 0.1648 0.1663 0.1433 0.1142 0.2385 
      H136.1 11 0.1255 0.0161 0.1970 0.2628 0.1134 0.1974 0.0879 
      H153.4 11 0.1532 0.1344 0.1753 0.2516 0.0635 0.1300 0.0920 
      H167.1 11 0.1574 0.0064 0.2160 0.2030 0.1699 0.1505 0.0969 
      H173.1 11 0.3554 0.0125 0.1880 0.1545 0.1271 0.1030 0.0595 
 H194.8_2003 11 0.0944 0.0421 0.1363 0.1039 0.0705 0.0844 0.4683 
      H196.6 11 0.0206 0.0127 0.0224 0.0255 0.0154 0.0128 0.8906 
 H356.5_2002 11 0.0822 0.0192 0.2201 0.1377 0.4584 0.0639 0.0185 
 H356.6_2001 11 0.0494 0.0916 0.1326 0.0936 0.5605 0.0617 0.0106 
      H360.6 11 0.0856 0.0140 0.1146 0.0872 0.5002 0.0912 0.1072 
 H369.1_2001 11 0.1982 0.0079 0.1595 0.1533 0.1054 0.1217 0.2540 
      H369.4 11 0.2148 0.0136 0.1930 0.1393 0.1997 0.1376 0.1019 
      H374.3 11 0.3142 0.0172 0.1838 0.1155 0.2271 0.1263 0.0158 
      H376.1 11 0.1485 0.0128 0.2184 0.2447 0.1280 0.1738 0.0738 
      H381.1 11 0.2318 0.0127 0.1520 0.1786 0.1606 0.1796 0.0848 
      H386.5 11 0.3142 0.0084 0.1643 0.0887 0.0341 0.3435 0.0468 
 H387.5_2001 11 0.1274 0.0573 0.1554 0.2574 0.1505 0.1702 0.0818 
      H387.9 11 0.1081 0.0201 0.2295 0.2742 0.1899 0.1592 0.0189 
      H392.6 11 0.1399 0.0132 0.1827 0.3723 0.0352 0.1752 0.0816 
 H393.4_2001 11 0.1172 0.0153 0.2775 0.1608 0.2565 0.1395 0.0333 
 H393.4_2002 11 0.1037 0.0235 0.2566 0.1082 0.3230 0.1485 0.0365 
      H394.5 11 0.1215 0.0110 0.2030 0.1488 0.2421 0.1748 0.0988 
      H412.9 11 0.1696 0.1763 0.1516 0.1760 0.0741 0.1317 0.1206 
      H439.5 11 0.2382 0.0544 0.1656 0.1567 0.1259 0.1293 0.1299 
 H441.6_2004 11 0.0514 0.0075 0.0710 0.0933 0.0523 0.0413 0.6833 
 H441.7_2005 11 0.1288 0.0122 0.1561 0.1333 0.0948 0.2425 0.2323 
 H442.6_2004 11 0.1294 0.0367 0.1543 0.1726 0.1405 0.1161 0.2505 
      H442.9 11 0.2583 0.0181 0.0850 0.2186 0.1555 0.1903 0.0742 
      H446.6 11 0.1176 0.0123 0.1235 0.2511 0.1793 0.1086 0.2076 
      H447.7 11 0.2368 0.0216 0.1348 0.1959 0.1946 0.1304 0.0858 
      H448.2 11 0.0768 0.0178 0.0707 0.0841 0.0506 0.0408 0.6592 
      H586.2 11 0.2690 0.0145 0.1638 0.2782 0.0629 0.1710 0.0406 
     H590.10 11 0.1969 0.0119 0.2023 0.1856 0.1199 0.2412 0.0422 
      H610.7 11 0.1067 0.0135 0.1217 0.1770 0.2857 0.1004 0.1950 
      H611.4 11 0.3308 0.0094 0.1717 0.1929 0.0838 0.1536 0.0577 
 H7379.2_200 11 0.1597 0.0401 0.1946 0.1627 0.0774 0.1694 0.1961 
 H7379.4_200 11 0.2178 0.0180 0.1958 0.1145 0.0395 0.1719 0.2425 
      H741.1 11 0.1925 0.0137 0.1492 0.2153 0.2219 0.1620 0.0454 
      H927.3 11 0.1454 0.0063 0.1493 0.1406 0.2670 0.1733 0.1181 
      H928.4 11 0.1363 0.0242 0.1766 0.2223 0.1837 0.1892 0.0677 
     H9560.4 11 0.0949 0.2930 0.1337 0.1159 0.1426 0.1087 0.1112 
    Rad451.3 11 0.4045 0.0085 0.1491 0.1627 0.0633 0.1709 0.0409 
      H409.8 12 0.0970 0.0108 0.1570 0.2090 0.0513 0.1172 0.3576 
      H413.2 12 0.0928 0.0251 0.1007 0.1989 0.1049 0.0994 0.3782 
      H563.3 12 0.0894 0.0102 0.1195 0.1431 0.0605 0.1051 0.4722 
     H7374.6 12 0.2400 0.0107 0.2279 0.1871 0.0407 0.2102 0.0833 
     H9563.8 12 0.1326 0.0856 0.1194 0.2085 0.1841 0.1390 0.1308 
     H9572.4 12 0.1711 0.0169 0.1802 0.1792 0.1781 0.1730 0.1016 
