      H105.4  1 0.3500 0.1524 0.4976 
      H115.3  1 0.3559 0.2220 0.4221 
      H145.1  1 0.6141 0.1143 0.2716 
      H149.6  1 0.1844 0.6330 0.1825 
      H150.1  1 0.4945 0.0929 0.4126 
   H169607.8  1 0.4509 0.1107 0.4384 
   H169633.5  1 0.3981 0.3672 0.2347 
   H169688.2  1 0.3543 0.1220 0.5238 
   H171901.5  1 0.4070 0.2838 0.3092 
   H171902.3  1 0.3858 0.2034 0.4108 
   H171903.5  1 0.2963 0.4093 0.2943 
      H177.6  1 0.3125 0.4578 0.2297 
      H179.1  1 0.4743 0.1731 0.3525 
      H180.2  1 0.2537 0.2066 0.5397 
      H181.7  1 0.5061 0.1386 0.3553 
 H194.6_2004  1 0.2032 0.4968 0.3000 
 H195.3_2003  1 0.4894 0.0865 0.4241 
 H195.3_2004  1 0.4386 0.2611 0.3003 
      H415.5  1 0.2778 0.5067 0.2155 
      H506.5  1 0.5229 0.1288 0.3482 
      H533.4  1 0.5634 0.1419 0.2947 
      H535.1  1 0.2564 0.4430 0.3006 
      H539.5  1 0.4650 0.1414 0.3936 
      H540.7  1 0.3444 0.3846 0.2711 
     H9558.1  1 0.5159 0.0849 0.3992 
    kos339.2  1 0.4519 0.2286 0.3195 
      H008.9  2 0.5070 0.1222 0.3709 
 H029.5_2002  2 0.5380 0.0815 0.3805 
 H029.5_2003  2 0.5140 0.0644 0.4216 
      H030.1  2 0.2379 0.2532 0.5089 
      H038.4  2 0.5796 0.0686 0.3518 
      H041.2  2 0.5232 0.1163 0.3605 
 H042.3_2003  2 0.3519 0.2227 0.4254 
 H042.4_2002  2 0.1781 0.4809 0.3410 
   H042_2002  2 0.4884 0.1975 0.3140 
   H042_2003  2 0.5019 0.1923 0.3058 
      H043.7  2 0.5543 0.0660 0.3797 
      H047.6  2 0.5409 0.1419 0.3173 
 H071.1_2003  2 0.4312 0.0638 0.5050 
 H071.5_2002  2 0.3924 0.1170 0.4906 
 H081.3_2003  2 0.3889 0.2638 0.3473 
      H081.7  2 0.5160 0.0825 0.4015 
      H083.1  2 0.3238 0.1358 0.5404 
      H084.5  2 0.3673 0.2708 0.3620 
 H085.1_2003  2 0.3672 0.0977 0.5351 
 H085.5_2002  2 0.3405 0.1689 0.4906 
      H088.7  2 0.4151 0.1730 0.4119 
      H091.1  2 0.2235 0.0937 0.6828 
      H109.6  2 0.5234 0.2435 0.2331 
      H126.2  2 0.4003 0.1514 0.4482 
      H130.3  2 0.2623 0.1863 0.5515 
      H133.1  2 0.5500 0.1004 0.3496 
      H147.4  2 0.4530 0.0576 0.4893 
      H148.6  2 0.4179 0.2723 0.3098 
   H166022.2  2 0.2713 0.3190 0.4098 
   H167397.3  2 0.5609 0.0909 0.3482 
   H167496.6  2 0.3089 0.0987 0.5924 
   H167513.8  2 0.5089 0.1787 0.3124 
   H167547.4  2 0.2451 0.1943 0.5606 
   H169750.2  2 0.3998 0.1139 0.4863 
   H171929.2  2 0.2623 0.4669 0.2707 
   H171930.8  2 0.3308 0.2605 0.4087 
   H171933.7  2 0.2868 0.1443 0.5689 
      H190.6  2 0.0796 0.8112 0.1091 
      H400.4  2 0.3990 0.1323 0.4687 
 H428.2_2006  2 0.3444 0.1185 0.5371 
 H428.6_2005  2 0.3500 0.2795 0.3705 
      H453.3  2 0.2138 0.1360 0.6502 
     H512.10  2 0.3964 0.0918 0.5118 
      H513.2  2 0.3015 0.1301 0.5684 
      H532.3  2 0.2061 0.3355 0.4585 
      H543.8  2 0.6278 0.0791 0.2930 
 H545.1_2005  2 0.7474 0.0367 0.2160 
 H545.3_2006  2 0.7191 0.0396 0.2414 
      H547.7  2 0.2686 0.1546 0.5768 
      H548.3  2 0.7245 0.0407 0.2348 
     H7389.1  2 0.3083 0.1445 0.5473 
      H747.2  2 0.2022 0.5882 0.2096 
     H7484.8  2 0.3766 0.2332 0.3902 
     H7485.6  2 0.6767 0.0988 0.2244 
     H7496.6  2 0.2161 0.1471 0.6369 
        UNK9  2 0.3033 0.1442 0.5525 
      H009.6  4 0.4439 0.1576 0.3985 
      H046.4  4 0.2911 0.4239 0.2850 
 H076.2_2004  4 0.1725 0.5718 0.2557 
 H076.5_2002  4 0.2461 0.4134 0.3405 
 H076.6_2003  4 0.2316 0.4775 0.2909 
      H477.6  4 0.2720 0.2190 0.5090 
 H479.4_2006  4 0.4401 0.1046 0.4553 
 H479.8_2005  4 0.4264 0.1124 0.4612 
      H516.4  4 0.3398 0.3602 0.3000 
      H646.2  4 0.2322 0.2476 0.5201 
      H658.6  4 0.2379 0.4758 0.2863 
      H682.1  4 0.2820 0.2370 0.4811 
      H720.4  4 0.2465 0.3686 0.3849 
      H724.6  4 0.3912 0.3026 0.3062 
      H725.5  4 0.2169 0.2562 0.5269 
      H726.2  4 0.1278 0.6465 0.2257 
      H016.4  5 0.5440 0.0744 0.3816 
 H017.1_2002  5 0.2737 0.4926 0.2337 
 H017.5_2003  5 0.3956 0.1560 0.4484 
      H032.3  5 0.4355 0.1306 0.4339 
 H034.4_2002  5 0.2870 0.4777 0.2353 
 H034.5_2003  5 0.3749 0.3618 0.2633 
      H048.4  5 0.4339 0.1313 0.4348 
      H060.1  5 0.6265 0.0638 0.3098 
 H070.3_2002  5 0.5818 0.0824 0.3358 
 H070.4_2004  5 0.4288 0.1534 0.4178 
 H070.5_2003  5 0.5223 0.0973 0.3804 
      H077.4  5 0.5022 0.1958 0.3020 
      H097.6  5 0.3040 0.0858 0.6101 
      H124.5  5 0.4833 0.0919 0.4249 
      H132.5  5 0.5265 0.1152 0.3584 
      H155.7  5 0.3764 0.3868 0.2368 
      H169.2  5 0.4908 0.2379 0.2713 
      H457.8  5 0.3409 0.1253 0.5337 
      H462.4  5 0.3404 0.3799 0.2798 
      H481.8  5 0.2940 0.2863 0.4197 
      H509.4  5 0.1919 0.3831 0.4251 
      H567.2  5 0.2401 0.3322 0.4277 
      H608.4  5 0.4218 0.0766 0.5016 
      H615.4  5 0.3631 0.3035 0.3334 
      H635.4  5 0.4265 0.2842 0.2893 
      H728.5  5 0.5331 0.1212 0.3457 
 H7395.1_200  5 0.2737 0.4213 0.3050 
     H7395.5  5 0.4743 0.1541 0.3716 
      H742.2  5 0.2740 0.5010 0.2250 
      H958.3  5 0.1490 0.3494 0.5016 
      H452.9 10 0.3677 0.2560 0.3763 
      H473.5 10 0.4694 0.0442 0.4864 
      H487.5 10 0.1220 0.7302 0.1477 
     H703.10 10 0.3204 0.3069 0.3727 
      H705.2 10 0.1927 0.3722 0.4351 
     H7352.5 10 0.5408 0.1038 0.3554 
     H7354.1 10 0.3525 0.2858 0.3617 
     H7359.1 10 0.3497 0.4159 0.2345 
      H909.8 10 0.2321 0.5351 0.2329 
     H9555.3 10 0.1340 0.6597 0.2063 
     H9703.4 10 0.0772 0.7879 0.1349 
     H9707.6 10 0.3088 0.2259 0.4653 
     HSAA4.2 10 0.1061 0.7328 0.1611 
   saaRTON.1 10 0.0422 0.9124 0.0454 
  saaRTON.10 10 0.0746 0.8438 0.0817 
   saaRTON.2 10 0.0367 0.9191 0.0442 
   saaRTON.3 10 0.0573 0.8822 0.0605 
   saaRTON.4 10 0.0417 0.9176 0.0407 
   saaRTON.5 10 0.0374 0.9237 0.0389 
   saaRTON.6 10 0.0432 0.9096 0.0472 
   saaRTON.7 10 0.0540 0.8713 0.0748 
   saaRTON.8 10 0.0452 0.9094 0.0453 
   saaRTON.9 10 0.0287 0.9393 0.0320 
      H005.8 11 0.5091 0.1528 0.3380 
      H031.2 11 0.3122 0.3623 0.3255 
      H136.1 11 0.2577 0.3035 0.4389 
      H153.4 11 0.1715 0.5698 0.2588 
      H167.1 11 0.5206 0.0685 0.4109 
      H173.1 11 0.3421 0.2429 0.4150 
 H194.8_2003 11 0.1793 0.6275 0.1931 
      H196.6 11 0.2240 0.5973 0.1787 
 H356.5_2002 11 0.2714 0.2111 0.5175 
 H356.6_2001 11 0.2032 0.3368 0.4600 
      H360.6 11 0.2836 0.2200 0.4964 
 H369.1_2001 11 0.6004 0.0857 0.3139 
      H369.4 11 0.3709 0.2973 0.3319 
      H374.3 11 0.4410 0.2752 0.2838 
      H376.1 11 0.3804 0.1224 0.4972 
      H381.1 11 0.4378 0.1583 0.4039 
      H386.5 11 0.6198 0.1253 0.2549 
 H387.5_2001 11 0.2177 0.3012 0.4811 
      H387.9 11 0.3981 0.1682 0.4337 
      H392.6 11 0.3570 0.3010 0.3420 
 H393.4_2001 11 0.4517 0.1009 0.4474 
 H393.4_2002 11 0.4006 0.1471 0.4523 
      H394.5 11 0.4821 0.1169 0.4010 
      H412.9 11 0.1742 0.6202 0.2056 
      H439.5 11 0.2932 0.4244 0.2825 
 H441.6_2004 11 0.2435 0.3674 0.3892 
 H441.7_2005 11 0.4579 0.1825 0.3596 
 H442.6_2004 11 0.1578 0.6132 0.2291 
      H442.9 11 0.3040 0.3446 0.3515 
      H446.6 11 0.1832 0.3502 0.4666 
      H447.7 11 0.3093 0.2421 0.4486 
      H448.2 11 0.1511 0.5462 0.3026 
      H586.2 11 0.4053 0.1629 0.4319 
     H590.10 11 0.5392 0.1124 0.3483 
      H610.7 11 0.2898 0.2326 0.4776 
      H611.4 11 0.4713 0.1764 0.3523 
 H7379.2_200 11 0.4385 0.2937 0.2678 
 H7379.4_200 11 0.5160 0.2322 0.2517 
      H741.1 11 0.3153 0.2433 0.4413 
      H927.3 11 0.5225 0.0885 0.3890 
      H928.4 11 0.3145 0.2713 0.4143 
     H9560.4 11 0.1028 0.7326 0.1646 
    Rad451.3 11 0.4307 0.2098 0.3595 
      H409.8 12 0.3447 0.3086 0.3468 
      H413.2 12 0.2202 0.3287 0.4511 
      H563.3 12 0.3562 0.3021 0.3416 
     H7374.6 12 0.5311 0.1170 0.3519 
     H9563.8 12 0.1839 0.5240 0.2922 
     H9572.4 12 0.4821 0.1875 0.3304 
