      H105.4  1 0.1444 0.4077 0.4479 
      H115.3  1 0.1517 0.1679 0.6803 
      H145.1  1 0.0583 0.1520 0.7897 
      H149.6  1 0.5796 0.2400 0.1804 
      H150.1  1 0.0578 0.2143 0.7279 
   H169607.8  1 0.0603 0.2622 0.6774 
   H169633.5  1 0.2197 0.1642 0.6160 
   H169688.2  1 0.0928 0.7286 0.1786 
   H171901.5  1 0.1729 0.3643 0.4628 
   H171902.3  1 0.1433 0.4489 0.4078 
   H171903.5  1 0.3731 0.2386 0.3883 
      H177.6  1 0.3117 0.2228 0.4654 
      H179.1  1 0.1308 0.6191 0.2501 
      H180.2  1 0.1239 0.7181 0.1580 
      H181.7  1 0.0558 0.2571 0.6871 
 H194.6_2004  1 0.4727 0.3371 0.1902 
 H195.3_2003  1 0.0600 0.4666 0.4734 
 H195.3_2004  1 0.1877 0.3227 0.4895 
      H415.5  1 0.4187 0.4554 0.1259 
      H506.5  1 0.0531 0.5769 0.3700 
      H533.4  1 0.0734 0.3425 0.5841 
      H535.1  1 0.3597 0.3755 0.2648 
      H539.5  1 0.0731 0.0781 0.8488 
      H540.7  1 0.2553 0.1108 0.6339 
     H9558.1  1 0.0550 0.2255 0.7195 
    kos339.2  1 0.1685 0.3672 0.4643 
      H008.9  2 0.0923 0.3304 0.5773 
 H029.5_2002  2 0.0537 0.7192 0.2272 
 H029.5_2003  2 0.0393 0.8703 0.0905 
      H030.1  2 0.2601 0.5268 0.2132 
      H038.4  2 0.0487 0.5030 0.4483 
      H041.2  2 0.1007 0.7812 0.1181 
 H042.3_2003  2 0.2044 0.5620 0.2336 
 H042.4_2002  2 0.5799 0.3176 0.1025 
   H042_2002  2 0.1616 0.1581 0.6804 
   H042_2003  2 0.1500 0.1847 0.6653 
      H043.7  2 0.0349 0.1299 0.8352 
      H047.6  2 0.0998 0.6533 0.2469 
 H071.1_2003  2 0.0500 0.2381 0.7118 
 H071.5_2002  2 0.0960 0.2302 0.6738 
 H081.3_2003  2 0.2045 0.2699 0.5256 
      H081.7  2 0.0484 0.2653 0.6862 
      H083.1  2 0.1039 0.4365 0.4596 
      H084.5  2 0.2289 0.5282 0.2428 
 H085.1_2003  2 0.0704 0.6898 0.2398 
 H085.5_2002  2 0.1751 0.3003 0.5245 
      H088.7  2 0.1551 0.7139 0.1310 
      H091.1  2 0.0779 0.8699 0.0522 
      H109.6  2 0.1646 0.3156 0.5198 
      H126.2  2 0.1006 0.4244 0.4749 
      H130.3  2 0.1441 0.7155 0.1404 
      H133.1  2 0.0625 0.5363 0.4012 
      H147.4  2 0.0479 0.4953 0.4569 
      H148.6  2 0.2331 0.1868 0.5801 
   H166022.2  2 0.3385 0.4395 0.2220 
   H167397.3  2 0.0579 0.7021 0.2401 
   H167496.6  2 0.0630 0.7492 0.1878 
   H167513.8  2 0.1148 0.4371 0.4482 
   H167547.4  2 0.2019 0.5965 0.2015 
   H169750.2  2 0.1086 0.4012 0.4902 
   H171929.2  2 0.4633 0.2979 0.2388 
   H171930.8  2 0.2325 0.5484 0.2190 
   H171933.7  2 0.1478 0.4449 0.4073 
      H190.6  2 0.8722 0.0692 0.0586 
      H400.4  2 0.0866 0.8278 0.0856 
 H428.2_2006  2 0.0918 0.5863 0.3219 
 H428.6_2005  2 0.2461 0.4161 0.3378 
      H453.3  2 0.1272 0.7407 0.1321 
     H512.10  2 0.0572 0.6008 0.3420 
      H513.2  2 0.1862 0.4952 0.3186 
      H532.3  2 0.3668 0.4295 0.2038 
      H543.8  2 0.0534 0.3367 0.6100 
 H545.1_2005  2 0.0205 0.1334 0.8461 
 H545.3_2006  2 0.0180 0.1354 0.8466 
      H547.7  2 0.1049 0.7654 0.1297 
      H548.3  2 0.0236 0.0921 0.8843 
     H7389.1  2 0.1624 0.6069 0.2307 
      H747.2  2 0.5737 0.2836 0.1427 
     H7484.8  2 0.2291 0.3235 0.4474 
     H7485.6  2 0.0627 0.1002 0.8371 
     H7496.6  2 0.1202 0.7505 0.1293 
        UNK9  2 0.1718 0.5106 0.3176 
      H009.6  4 0.1166 0.3170 0.5664 
      H046.4  4 0.3952 0.1904 0.4143 
 H076.2_2004  4 0.6561 0.2705 0.0734 
 H076.5_2002  4 0.4763 0.4282 0.0956 
 H076.6_2003  4 0.6212 0.3070 0.0718 
      H477.6  4 0.2444 0.4286 0.3270 
 H479.4_2006  4 0.0740 0.6731 0.2529 
 H479.8_2005  4 0.0893 0.6228 0.2879 
      H516.4  4 0.2457 0.3999 0.3544 
      H646.2  4 0.1625 0.7548 0.0828 
      H658.6  4 0.3694 0.3113 0.3193 
      H682.1  4 0.3023 0.3943 0.3034 
      H720.4  4 0.3778 0.4886 0.1336 
      H724.6  4 0.3791 0.3745 0.2464 
      H725.5  4 0.2956 0.4804 0.2241 
      H726.2  4 0.6176 0.2734 0.1090 
      H016.4  5 0.0454 0.6070 0.3475 
 H017.1_2002  5 0.3538 0.2062 0.4401 
 H017.5_2003  5 0.0928 0.2977 0.6096 
      H032.3  5 0.0646 0.8006 0.1348 
 H034.4_2002  5 0.5420 0.1740 0.2840 
 H034.5_2003  5 0.2435 0.1571 0.5995 
      H048.4  5 0.0972 0.7876 0.1152 
      H060.1  5 0.0313 0.1391 0.8297 
 H070.3_2002  5 0.0516 0.2213 0.7272 
 H070.4_2004  5 0.1345 0.2195 0.6460 
 H070.5_2003  5 0.0680 0.1887 0.7433 
      H077.4  5 0.0919 0.1315 0.7766 
      H097.6  5 0.0717 0.7651 0.1633 
      H124.5  5 0.0565 0.7105 0.2330 
      H132.5  5 0.1035 0.6724 0.2241 
      H155.7  5 0.3945 0.1427 0.4629 
      H169.2  5 0.1207 0.1885 0.6908 
      H457.8  5 0.0698 0.5248 0.4054 
      H462.4  5 0.2899 0.1293 0.5808 
      H481.8  5 0.2637 0.2358 0.5005 
      H509.4  5 0.4528 0.4035 0.1438 
      H567.2  5 0.3769 0.3289 0.2942 
      H608.4  5 0.0522 0.6354 0.3124 
      H615.4  5 0.2174 0.1840 0.5986 
      H635.4  5 0.2437 0.2557 0.5006 
      H728.5  5 0.0591 0.3474 0.5936 
 H7395.1_200  5 0.4566 0.2807 0.2627 
     H7395.5  5 0.0764 0.4428 0.4808 
      H742.2  5 0.4587 0.2188 0.3225 
      H958.3  5 0.3574 0.5531 0.0895 
      H452.9 10 0.3658 0.3838 0.2504 
      H473.5 10 0.0268 0.7808 0.1924 
      H487.5 10 0.8148 0.1347 0.0505 
     H703.10 10 0.2679 0.1940 0.5381 
      H705.2 10 0.5596 0.2663 0.1741 
     H7352.5 10 0.0728 0.7636 0.1637 
     H7354.1 10 0.2329 0.2719 0.4952 
     H7359.1 10 0.3599 0.2098 0.4304 
      H909.8 10 0.5323 0.1109 0.3567 
     H9555.3 10 0.8028 0.1496 0.0476 
     H9703.4 10 0.8461 0.0913 0.0626 
     H9707.6 10 0.2499 0.4342 0.3160 
     HSAA4.2 10 0.8704 0.0965 0.0331 
   saaRTON.1 10 0.9474 0.0288 0.0238 
  saaRTON.10 10 0.9065 0.0521 0.0414 
   saaRTON.2 10 0.9549 0.0231 0.0220 
   saaRTON.3 10 0.9293 0.0378 0.0329 
   saaRTON.4 10 0.9495 0.0273 0.0232 
   saaRTON.5 10 0.9576 0.0228 0.0197 
   saaRTON.6 10 0.9475 0.0263 0.0262 
   saaRTON.7 10 0.9264 0.0456 0.0280 
   saaRTON.8 10 0.9507 0.0231 0.0261 
   saaRTON.9 10 0.9617 0.0221 0.0162 
      H005.8 11 0.1160 0.3750 0.5090 
      H031.2 11 0.3410 0.3214 0.3376 
      H136.1 11 0.2605 0.4541 0.2854 
      H153.4 11 0.5987 0.2310 0.1703 
      H167.1 11 0.0463 0.4958 0.4579 
      H173.1 11 0.2241 0.4523 0.3236 
 H194.8_2003 11 0.6284 0.1707 0.2009 
      H196.6 11 0.7372 0.2022 0.0606 
 H356.5_2002 11 0.2005 0.3728 0.4266 
 H356.6_2001 11 0.3700 0.3062 0.3238 
      H360.6 11 0.2699 0.3539 0.3762 
 H369.1_2001 11 0.0815 0.2940 0.6244 
      H369.4 11 0.2368 0.2475 0.5157 
      H374.3 11 0.1425 0.1247 0.7327 
      H376.1 11 0.0957 0.6233 0.2810 
      H381.1 11 0.0917 0.2095 0.6989 
      H386.5 11 0.0716 0.2107 0.7177 
 H387.5_2001 11 0.3159 0.5799 0.1042 
      H387.9 11 0.1175 0.3762 0.5063 
      H392.6 11 0.2330 0.4970 0.2700 
 H393.4_2001 11 0.0629 0.3056 0.6315 
 H393.4_2002 11 0.0793 0.1974 0.7233 
      H394.5 11 0.0663 0.1975 0.7362 
      H412.9 11 0.6497 0.2131 0.1372 
      H439.5 11 0.3800 0.2125 0.4075 
 H441.6_2004 11 0.4767 0.3373 0.1860 
 H441.7_2005 11 0.1125 0.1656 0.7219 
 H442.6_2004 11 0.6591 0.2346 0.1062 
      H442.9 11 0.3225 0.4142 0.2633 
      H446.6 11 0.4799 0.3518 0.1683 
      H447.7 11 0.2783 0.4684 0.2532 
      H448.2 11 0.7064 0.1593 0.1343 
      H586.2 11 0.0838 0.5263 0.3899 
     H590.10 11 0.0608 0.2509 0.6883 
      H610.7 11 0.3217 0.4172 0.2611 
      H611.4 11 0.1230 0.4201 0.4569 
 H7379.2_200 11 0.2245 0.4721 0.3034 
 H7379.4_200 11 0.1605 0.2050 0.6345 
      H741.1 11 0.1802 0.4806 0.3393 
      H927.3 11 0.0868 0.4273 0.4859 
      H928.4 11 0.1921 0.6080 0.1999 
     H9560.4 11 0.7588 0.1301 0.1110 
    Rad451.3 11 0.1575 0.5719 0.2706 
      H409.8 12 0.3160 0.5335 0.1505 
      H413.2 12 0.4274 0.3954 0.1772 
      H563.3 12 0.3369 0.2215 0.4416 
     H7374.6 12 0.0914 0.5413 0.3673 
     H9563.8 12 0.5270 0.3856 0.0874 
     H9572.4 12 0.1217 0.2553 0.6230 
