      H105.4  1 0.1583 0.2181 0.1807 0.0234 0.1169 0.1376 0.1650 
      H115.3  1 0.3357 0.2031 0.1239 0.0525 0.0473 0.1268 0.1107 
      H145.1  1 0.3957 0.0793 0.1710 0.0173 0.1149 0.1107 0.1111 
      H149.6  1 0.1112 0.1006 0.2774 0.1020 0.0791 0.1629 0.1668 
      H150.1  1 0.3735 0.0859 0.0842 0.0184 0.1197 0.1571 0.1611 
   H169607.8  1 0.1324 0.1061 0.2943 0.0183 0.0617 0.2094 0.1778 
   H169633.5  1 0.2418 0.0994 0.2187 0.0400 0.1190 0.1465 0.1347 
   H169688.2  1 0.0663 0.2374 0.1777 0.0265 0.0484 0.2054 0.2383 
   H171901.5  1 0.1254 0.1231 0.3052 0.0269 0.0905 0.1611 0.1678 
   H171902.3  1 0.1103 0.0928 0.2133 0.0380 0.0549 0.2363 0.2545 
   H171903.5  1 0.0849 0.1228 0.2440 0.0737 0.0649 0.1968 0.2130 
      H177.6  1 0.2157 0.1025 0.2911 0.0733 0.0427 0.1356 0.1390 
      H179.1  1 0.1070 0.1515 0.2238 0.0267 0.1669 0.1482 0.1759 
      H180.2  1 0.0743 0.2331 0.1323 0.0386 0.0350 0.2487 0.2381 
      H181.7  1 0.1184 0.1059 0.3061 0.0225 0.0444 0.2012 0.2016 
 H194.6_2004  1 0.0700 0.1463 0.1987 0.0571 0.1139 0.2235 0.1905 
 H195.3_2003  1 0.1580 0.1443 0.1796 0.0161 0.1642 0.1578 0.1800 
 H195.3_2004  1 0.2232 0.0995 0.2634 0.0448 0.0618 0.1411 0.1662 
      H415.5  1 0.1069 0.0844 0.2084 0.0930 0.1255 0.2179 0.1638 
      H506.5  1 0.1443 0.1082 0.3110 0.0186 0.0488 0.1835 0.1856 
      H533.4  1 0.2718 0.1276 0.3019 0.0243 0.0378 0.1363 0.1002 
      H535.1  1 0.0866 0.1211 0.2339 0.0589 0.0949 0.2116 0.1930 
      H539.5  1 0.5691 0.0748 0.0974 0.0233 0.0781 0.0653 0.0922 
      H540.7  1 0.1997 0.1049 0.1760 0.0466 0.1743 0.1393 0.1591 
     H9558.1  1 0.4860 0.0807 0.0872 0.0177 0.1110 0.0960 0.1214 
    kos339.2  1 0.1650 0.1502 0.3129 0.0303 0.0573 0.1464 0.1381 
      H008.9  2 0.1930 0.1327 0.1300 0.0197 0.2475 0.1415 0.1355 
 H029.5_2002  2 0.1502 0.1284 0.0746 0.0194 0.2764 0.1670 0.1840 
 H029.5_2003  2 0.1013 0.0932 0.0629 0.0157 0.1901 0.2381 0.2987 
      H030.1  2 0.0559 0.3327 0.2261 0.0547 0.0446 0.1528 0.1333 
      H038.4  2 0.2750 0.1299 0.1448 0.0218 0.0947 0.1940 0.1400 
      H041.2  2 0.1444 0.1108 0.0742 0.0169 0.4373 0.1186 0.0978 
 H042.3_2003  2 0.0838 0.2629 0.1259 0.0329 0.1668 0.1551 0.1725 
 H042.4_2002  2 0.0596 0.2283 0.1230 0.0678 0.2708 0.1163 0.1342 
   H042_2002  2 0.2057 0.0651 0.1178 0.0199 0.4101 0.0981 0.0833 
   H042_2003  2 0.2146 0.0555 0.1315 0.0186 0.3844 0.1104 0.0849 
      H043.7  2 0.5770 0.0844 0.1080 0.0198 0.0545 0.0877 0.0686 
      H047.6  2 0.1626 0.0572 0.0752 0.0297 0.3421 0.1382 0.1951 
 H071.1_2003  2 0.2060 0.2513 0.1566 0.0160 0.0898 0.1377 0.1426 
 H071.5_2002  2 0.2023 0.2065 0.1369 0.0365 0.0617 0.1936 0.1626 
 H081.3_2003  2 0.1531 0.0968 0.2325 0.0439 0.0947 0.1706 0.2084 
      H081.7  2 0.2920 0.2185 0.1712 0.0247 0.0884 0.1018 0.1035 
      H083.1  2 0.1046 0.2528 0.1661 0.0337 0.0405 0.1865 0.2157 
      H084.5  2 0.1325 0.0866 0.1391 0.0732 0.1769 0.2054 0.1863 
 H085.1_2003  2 0.0929 0.3908 0.1720 0.0249 0.0487 0.1296 0.1412 
 H085.5_2002  2 0.1652 0.3373 0.1727 0.0353 0.0958 0.0921 0.1015 
      H088.7  2 0.1125 0.1117 0.1338 0.0259 0.3468 0.1205 0.1487 
      H091.1  2 0.0335 0.5205 0.1903 0.0223 0.0392 0.1149 0.0793 
      H109.6  2 0.2018 0.0822 0.1959 0.0499 0.0986 0.1793 0.1923 
      H126.2  2 0.1521 0.1173 0.1341 0.0264 0.0718 0.2370 0.2613 
      H130.3  2 0.0452 0.1608 0.1438 0.0424 0.0477 0.2635 0.2966 
      H133.1  2 0.2287 0.1024 0.1472 0.0237 0.1184 0.1895 0.1900 
      H147.4  2 0.1706 0.3475 0.1605 0.0172 0.0644 0.1213 0.1185 
      H148.6  2 0.2137 0.1229 0.1203 0.0572 0.2580 0.1255 0.1024 
   H166022.2  2 0.0819 0.2178 0.1893 0.0705 0.0807 0.1744 0.1854 
   H167397.3  2 0.2755 0.0844 0.1229 0.0240 0.1398 0.1611 0.1924 
   H167496.6  2 0.0519 0.4680 0.1865 0.0202 0.0721 0.1104 0.0908 
   H167513.8  2 0.2695 0.1158 0.1519 0.0607 0.0731 0.1777 0.1513 
   H167547.4  2 0.0688 0.4288 0.0883 0.0466 0.0507 0.1689 0.1480 
   H169750.2  2 0.1654 0.2870 0.1547 0.0203 0.1037 0.1214 0.1475 
   H171929.2  2 0.1736 0.1175 0.1049 0.1684 0.1487 0.1232 0.1637 
   H171930.8  2 0.0847 0.0961 0.1552 0.0318 0.2156 0.1998 0.2169 
   H171933.7  2 0.0598 0.4349 0.1454 0.0272 0.0659 0.1454 0.1214 
      H190.6  2 0.0560 0.1536 0.0963 0.3639 0.1125 0.1151 0.1026 
      H400.4  2 0.0700 0.1865 0.1529 0.0241 0.1591 0.2028 0.2046 
 H428.2_2006  2 0.1191 0.2325 0.1506 0.0433 0.0389 0.1980 0.2175 
 H428.6_2005  2 0.1041 0.2366 0.2222 0.0468 0.0878 0.1492 0.1533 
      H453.3  2 0.0415 0.3849 0.1418 0.0314 0.0418 0.1717 0.1869 
     H512.10  2 0.1075 0.1735 0.1864 0.0197 0.0407 0.2425 0.2296 
      H513.2  2 0.0684 0.4098 0.1016 0.0288 0.1211 0.1442 0.1261 
      H532.3  2 0.0562 0.3082 0.1754 0.1101 0.0657 0.1364 0.1480 
      H543.8  2 0.3577 0.0983 0.1365 0.0231 0.0765 0.1513 0.1565 
 H545.1_2005  2 0.6987 0.0354 0.1157 0.0157 0.0256 0.0510 0.0579 
 H545.3_2006  2 0.6977 0.0333 0.1242 0.0169 0.0212 0.0558 0.0508 
      H547.7  2 0.0624 0.4189 0.1221 0.0327 0.0496 0.1521 0.1621 
      H548.3  2 0.6582 0.0347 0.1383 0.0146 0.0286 0.0692 0.0564 
     H7389.1  2 0.0611 0.3532 0.1203 0.0290 0.1328 0.1355 0.1682 
      H747.2  2 0.0877 0.0857 0.1210 0.2753 0.1030 0.1790 0.1483 
     H7484.8  2 0.0733 0.2058 0.2049 0.0363 0.1293 0.1860 0.1644 
     H7485.6  2 0.6171 0.0513 0.1270 0.0328 0.0340 0.0668 0.0709 
     H7496.6  2 0.0381 0.5508 0.1917 0.0243 0.0440 0.0751 0.0761 
        UNK9  2 0.1179 0.4403 0.1242 0.0355 0.0462 0.1159 0.1201 
      H009.6  4 0.1945 0.1147 0.0876 0.0168 0.3044 0.1544 0.1275 
      H046.4  4 0.1607 0.1543 0.1753 0.0654 0.1313 0.1647 0.1482 
 H076.2_2004  4 0.0630 0.1210 0.1492 0.1668 0.1773 0.1396 0.1831 
 H076.5_2002  4 0.0574 0.0784 0.0643 0.0299 0.5343 0.1325 0.1032 
 H076.6_2003  4 0.0364 0.0354 0.0445 0.0185 0.7725 0.0402 0.0525 
      H477.6  4 0.0957 0.3613 0.1462 0.0405 0.0383 0.1853 0.1326 
 H479.4_2006  4 0.1008 0.1985 0.3297 0.0224 0.0465 0.1473 0.1548 
 H479.8_2005  4 0.0887 0.2600 0.2687 0.0250 0.0427 0.1660 0.1488 
      H516.4  4 0.1276 0.1224 0.2113 0.0521 0.0572 0.2158 0.2137 
      H646.2  4 0.0523 0.0933 0.1298 0.0333 0.0422 0.3031 0.3460 
      H658.6  4 0.1088 0.1991 0.2081 0.0397 0.0499 0.2122 0.1822 
      H682.1  4 0.0708 0.3251 0.1660 0.0419 0.0763 0.1740 0.1458 
      H720.4  4 0.0612 0.1214 0.1271 0.0555 0.1735 0.2185 0.2429 
      H724.6  4 0.0585 0.0504 0.0463 0.0194 0.6975 0.0553 0.0726 
      H725.5  4 0.0381 0.4426 0.2455 0.0355 0.0517 0.0984 0.0882 
      H726.2  4 0.0506 0.1713 0.1368 0.1349 0.0702 0.2526 0.1837 
      H016.4  5 0.1561 0.1020 0.1705 0.0187 0.0959 0.2411 0.2156 
 H017.1_2002  5 0.2799 0.0629 0.1159 0.0726 0.1113 0.1802 0.1772 
 H017.5_2003  5 0.4330 0.0733 0.1117 0.0291 0.0712 0.1425 0.1392 
      H032.3  5 0.1244 0.1493 0.1720 0.0209 0.0927 0.2162 0.2245 
 H034.4_2002  5 0.0845 0.0887 0.0792 0.0451 0.5402 0.0995 0.0628 
 H034.5_2003  5 0.2155 0.1134 0.1740 0.0373 0.2000 0.1239 0.1360 
      H048.4  5 0.0851 0.1376 0.1185 0.0353 0.1522 0.2082 0.2631 
      H060.1  5 0.4439 0.0746 0.1469 0.0178 0.0466 0.1392 0.1309 
 H070.3_2002  5 0.2863 0.1250 0.1238 0.0176 0.1867 0.1109 0.1497 
 H070.4_2004  5 0.1626 0.1399 0.1128 0.0212 0.3722 0.0986 0.0928 
 H070.5_2003  5 0.2851 0.1395 0.0978 0.0169 0.2587 0.1040 0.0979 
      H077.4  5 0.3188 0.1219 0.1986 0.0321 0.0654 0.1261 0.1370 
      H097.6  5 0.0723 0.3201 0.1235 0.0251 0.0464 0.2153 0.1974 
      H124.5  5 0.1592 0.1274 0.1314 0.0187 0.1418 0.2161 0.2054 
      H132.5  5 0.1268 0.1027 0.1314 0.0227 0.3015 0.1833 0.1315 
      H155.7  5 0.1701 0.0923 0.1537 0.0510 0.2732 0.1132 0.1466 
      H169.2  5 0.3623 0.0799 0.2025 0.0354 0.0549 0.0987 0.1662 
      H457.8  5 0.0975 0.1535 0.1213 0.0338 0.0310 0.2840 0.2789 
      H462.4  5 0.3261 0.0984 0.0754 0.0794 0.2189 0.1054 0.0965 
      H481.8  5 0.1382 0.2014 0.1940 0.0292 0.1503 0.1569 0.1300 
      H509.4  5 0.0527 0.2789 0.1756 0.0489 0.1977 0.1063 0.1399 
      H567.2  5 0.0815 0.2085 0.1032 0.0309 0.3573 0.1151 0.1036 
      H608.4  5 0.1585 0.1923 0.1244 0.0206 0.0642 0.1695 0.2705 
      H615.4  5 0.2333 0.1191 0.1601 0.0306 0.2098 0.1369 0.1103 
      H635.4  5 0.2094 0.0877 0.1506 0.0886 0.1195 0.1547 0.1894 
      H728.5  5 0.1855 0.0851 0.2730 0.0311 0.0448 0.2196 0.1609 
 H7395.1_200  5 0.1033 0.1140 0.2157 0.1220 0.0963 0.1736 0.1752 
     H7395.5  5 0.1334 0.0993 0.2735 0.0470 0.0298 0.2059 0.2111 
      H742.2  5 0.0941 0.0925 0.2100 0.0399 0.2319 0.1709 0.1608 
      H958.3  5 0.0415 0.4106 0.1078 0.0206 0.1265 0.1247 0.1683 
      H452.9 10 0.0613 0.0407 0.0387 0.0146 0.7409 0.0555 0.0483 
      H473.5 10 0.1151 0.1808 0.1726 0.0134 0.0480 0.1930 0.2771 
      H487.5 10 0.0432 0.0412 0.0398 0.0714 0.6960 0.0616 0.0468 
     H703.10 10 0.1865 0.1866 0.2181 0.0471 0.0481 0.1595 0.1541 
      H705.2 10 0.0598 0.3116 0.1577 0.0418 0.1300 0.1606 0.1386 
     H7352.5 10 0.1654 0.0731 0.1675 0.0262 0.1414 0.2256 0.2008 
     H7354.1 10 0.1392 0.2071 0.1604 0.0943 0.0402 0.1950 0.1638 
     H7359.1 10 0.1633 0.1147 0.1800 0.0804 0.1377 0.1661 0.1578 
      H909.8 10 0.1547 0.1299 0.1632 0.1561 0.1511 0.1408 0.1041 
     H9555.3 10 0.0364 0.0471 0.0363 0.0629 0.7087 0.0533 0.0553 
     H9703.4 10 0.0642 0.1390 0.1297 0.4024 0.0493 0.1117 0.1036 
     H9707.6 10 0.0702 0.2318 0.1363 0.0302 0.2863 0.1222 0.1229 
     HSAA4.2 10 0.0293 0.0444 0.0361 0.1690 0.6153 0.0505 0.0554 
   saaRTON.1 10 0.0190 0.0201 0.0216 0.8833 0.0165 0.0195 0.0201 
  saaRTON.10 10 0.0279 0.0294 0.0256 0.8248 0.0283 0.0335 0.0304 
   saaRTON.2 10 0.0165 0.0192 0.0184 0.8959 0.0161 0.0185 0.0155 
   saaRTON.3 10 0.0259 0.0246 0.0216 0.8512 0.0238 0.0283 0.0246 
   saaRTON.4 10 0.0182 0.0179 0.0178 0.8938 0.0165 0.0187 0.0172 
   saaRTON.5 10 0.0172 0.0178 0.0174 0.8911 0.0179 0.0184 0.0202 
   saaRTON.6 10 0.0179 0.0196 0.0198 0.8839 0.0202 0.0190 0.0196 
   saaRTON.7 10 0.0238 0.0276 0.0254 0.8421 0.0282 0.0244 0.0284 
   saaRTON.8 10 0.0182 0.0215 0.0194 0.8853 0.0186 0.0187 0.0183 
   saaRTON.9 10 0.0146 0.0164 0.0156 0.9090 0.0136 0.0159 0.0151 
      H005.8 11 0.1961 0.1256 0.1969 0.0266 0.0786 0.1624 0.2138 
      H031.2 11 0.0686 0.1510 0.2367 0.0327 0.1892 0.1606 0.1612 
      H136.1 11 0.0653 0.1676 0.1755 0.0365 0.0888 0.2330 0.2333 
      H153.4 11 0.0691 0.1354 0.1095 0.1390 0.0811 0.2304 0.2356 
      H167.1 11 0.1141 0.1163 0.2084 0.0176 0.1173 0.2261 0.2002 
      H173.1 11 0.0837 0.1861 0.2977 0.0280 0.0524 0.1830 0.1689 
 H194.8_2003 11 0.0580 0.0749 0.1196 0.0694 0.4802 0.0977 0.1002 
      H196.6 11 0.0407 0.0301 0.0319 0.0335 0.7889 0.0385 0.0364 
 H356.5_2002 11 0.0998 0.1655 0.1565 0.0435 0.0371 0.2559 0.2417 
 H356.6_2001 11 0.0816 0.2638 0.1764 0.1377 0.0305 0.1550 0.1549 
      H360.6 11 0.0950 0.2937 0.1766 0.0350 0.1183 0.1481 0.1333 
 H369.1_2001 11 0.2262 0.0967 0.1437 0.0159 0.2600 0.1182 0.1393 
      H369.4 11 0.1166 0.1302 0.2903 0.0289 0.1142 0.1418 0.1781 
      H374.3 11 0.2516 0.0982 0.2943 0.0445 0.0303 0.1422 0.1389 
      H376.1 11 0.0707 0.1058 0.1520 0.0269 0.1036 0.2986 0.2424 
      H381.1 11 0.1823 0.2271 0.1559 0.0340 0.0953 0.1602 0.1452 
      H386.5 11 0.4169 0.0925 0.1860 0.0239 0.0603 0.1119 0.1085 
 H387.5_2001 11 0.0576 0.1560 0.1548 0.0754 0.0817 0.2737 0.2008 
      H387.9 11 0.1891 0.1070 0.1680 0.0413 0.0289 0.2457 0.2202 
      H392.6 11 0.0999 0.0862 0.2076 0.0305 0.0467 0.3185 0.2107 
 H393.4_2001 11 0.2501 0.0966 0.2036 0.0271 0.0392 0.2111 0.1722 
 H393.4_2002 11 0.3137 0.0942 0.1981 0.0389 0.0502 0.1449 0.1599 
      H394.5 11 0.3406 0.0813 0.1549 0.0246 0.1065 0.1490 0.1433 
      H412.9 11 0.0674 0.1009 0.1537 0.1562 0.1300 0.2318 0.1599 
      H439.5 11 0.1860 0.1258 0.1780 0.0856 0.1377 0.1535 0.1335 
 H441.6_2004 11 0.0642 0.0651 0.0657 0.0166 0.5987 0.1032 0.0865 
 H441.7_2005 11 0.1956 0.1196 0.1407 0.0269 0.2261 0.1462 0.1450 
 H442.6_2004 11 0.0732 0.1421 0.1613 0.0721 0.2547 0.1470 0.1496 
      H442.9 11 0.0981 0.2195 0.1777 0.0321 0.0958 0.1780 0.1989 
      H446.6 11 0.0573 0.1658 0.1436 0.0386 0.1715 0.2477 0.1755 
      H447.7 11 0.0879 0.2010 0.1995 0.0560 0.0941 0.1817 0.1798 
      H448.2 11 0.0460 0.1244 0.0872 0.0310 0.5028 0.1047 0.1039 
      H586.2 11 0.1085 0.0775 0.2105 0.0414 0.0371 0.2444 0.2806 
     H590.10 11 0.2394 0.0776 0.2268 0.0321 0.0495 0.1839 0.1908 
      H610.7 11 0.0826 0.2065 0.1786 0.0328 0.1846 0.1411 0.1739 
      H611.4 11 0.1775 0.1431 0.2108 0.0213 0.1113 0.1715 0.1644 
 H7379.2_200 11 0.1272 0.0804 0.2108 0.0739 0.1954 0.1302 0.1822 
 H7379.4_200 11 0.2029 0.0781 0.1867 0.0429 0.1778 0.1423 0.1693 
      H741.1 11 0.1069 0.1980 0.1793 0.0362 0.0523 0.2078 0.2194 
      H927.3 11 0.1844 0.2048 0.1776 0.0165 0.0931 0.1743 0.1493 
      H928.4 11 0.0676 0.1981 0.1635 0.0537 0.0676 0.2211 0.2284 
     H9560.4 11 0.0848 0.1549 0.1095 0.2689 0.1345 0.1222 0.1251 
    Rad451.3 11 0.1150 0.0971 0.3400 0.0244 0.0653 0.1514 0.2069 
      H409.8 12 0.0561 0.0771 0.1263 0.0238 0.2499 0.2519 0.2150 
      H413.2 12 0.0588 0.2384 0.0766 0.0602 0.2791 0.1203 0.1666 
      H563.3 12 0.1134 0.0880 0.1081 0.0251 0.4434 0.1104 0.1116 
     H7374.6 12 0.1279 0.1133 0.1829 0.0260 0.0866 0.2291 0.2342 
     H9563.8 12 0.0657 0.2078 0.1402 0.1138 0.1330 0.1862 0.1534 
     H9572.4 12 0.1789 0.1890 0.1654 0.0331 0.0903 0.1742 0.1691 
