      H105.4  1 0.1551 0.0134 0.1587 0.1564 0.2309 0.1775 0.1080 
      H115.3  1 0.1122 0.0288 0.1944 0.1997 0.2046 0.2355 0.0249 
      H145.1  1 0.1169 0.0081 0.0959 0.5096 0.1224 0.0939 0.0531 
      H149.6  1 0.0969 0.0851 0.1042 0.4117 0.1402 0.1207 0.0412 
      H150.1  1 0.0623 0.0076 0.2452 0.1639 0.1661 0.2718 0.0832 
   H169607.8  1 0.1837 0.0092 0.2087 0.2258 0.2093 0.1276 0.0357 
   H169633.5  1 0.1152 0.0170 0.0667 0.5262 0.0942 0.1028 0.0778 
   H169688.2  1 0.2932 0.0125 0.1286 0.1087 0.2282 0.1405 0.0883 
   H171901.5  1 0.1332 0.0101 0.1088 0.3847 0.1694 0.1513 0.0425 
   H171902.3  1 0.2873 0.0212 0.1398 0.1386 0.2008 0.1722 0.0401 
   H171903.5  1 0.2460 0.0555 0.1569 0.1482 0.1348 0.1840 0.0747 
      H177.6  1 0.1284 0.0436 0.1298 0.4565 0.1258 0.0940 0.0218 
      H179.1  1 0.1418 0.0119 0.1110 0.1460 0.0961 0.3022 0.1910 
      H180.2  1 0.3223 0.0158 0.1581 0.0704 0.2918 0.1134 0.0282 
      H181.7  1 0.1747 0.0128 0.1236 0.3637 0.1416 0.1278 0.0559 
 H194.6_2004  1 0.1913 0.0455 0.0960 0.2413 0.1875 0.1245 0.1140 
 H195.3_2003  1 0.1626 0.0066 0.1356 0.1585 0.2180 0.1006 0.2182 
 H195.3_2004  1 0.1815 0.0212 0.1220 0.3874 0.1751 0.0705 0.0423 
      H415.5  1 0.2021 0.0695 0.0886 0.1896 0.1248 0.1234 0.2020 
      H506.5  1 0.1295 0.0072 0.0756 0.4123 0.0832 0.2353 0.0569 
      H533.4  1 0.0979 0.0093 0.0835 0.5381 0.0762 0.1721 0.0230 
      H535.1  1 0.2493 0.0422 0.1105 0.2147 0.1627 0.1292 0.0915 
      H539.5  1 0.0222 0.0089 0.2404 0.2643 0.1257 0.2832 0.0553 
      H540.7  1 0.1039 0.0244 0.2187 0.1480 0.1203 0.2702 0.1145 
     H9558.1  1 0.0745 0.0072 0.1685 0.2663 0.1367 0.2768 0.0699 
    kos339.2  1 0.1225 0.0120 0.1370 0.3976 0.1176 0.1588 0.0545 
      H008.9  2 0.1490 0.0101 0.1206 0.1844 0.1806 0.1845 0.1709 
 H029.5_2002  2 0.1092 0.0095 0.0699 0.0264 0.1255 0.1642 0.4953 
 H029.5_2003  2 0.2268 0.0070 0.0880 0.0441 0.1200 0.1108 0.4034 
      H030.1  2 0.0976 0.0313 0.2920 0.0771 0.2219 0.2396 0.0404 
      H038.4  2 0.1698 0.0119 0.1978 0.1544 0.1611 0.1264 0.1785 
      H041.2  2 0.0285 0.0076 0.0295 0.0190 0.0768 0.1383 0.7004 
 H042.3_2003  2 0.2108 0.0185 0.1764 0.0530 0.1979 0.1836 0.1599 
 H042.4_2002  2 0.1544 0.0458 0.1084 0.0466 0.1561 0.2124 0.2764 
   H042_2002  2 0.0621 0.0095 0.2368 0.1520 0.0930 0.2614 0.1853 
   H042_2003  2 0.0583 0.0090 0.2366 0.1425 0.1142 0.2522 0.1874 
      H043.7  2 0.1089 0.0063 0.3511 0.3076 0.0905 0.1067 0.0289 
      H047.6  2 0.1087 0.0150 0.0672 0.0392 0.0921 0.1523 0.5256 
 H071.1_2003  2 0.0752 0.0063 0.3659 0.1545 0.1832 0.1540 0.0610 
 H071.5_2002  2 0.0878 0.0205 0.3898 0.1413 0.1507 0.1905 0.0196 
 H081.3_2003  2 0.2114 0.0265 0.1601 0.1857 0.1617 0.1444 0.1103 
      H081.7  2 0.0874 0.0121 0.3085 0.1544 0.2276 0.1445 0.0656 
      H083.1  2 0.1505 0.0160 0.3204 0.1013 0.2211 0.1661 0.0246 
      H084.5  2 0.2240 0.0590 0.1965 0.0824 0.1051 0.1265 0.2064 
 H085.1_2003  2 0.1678 0.0125 0.2538 0.0546 0.3185 0.1327 0.0601 
 H085.5_2002  2 0.1016 0.0173 0.2643 0.1325 0.2316 0.1961 0.0566 
      H088.7  2 0.0688 0.0108 0.0724 0.0354 0.1111 0.1586 0.5429 
      H091.1  2 0.1342 0.0074 0.1628 0.0182 0.3605 0.2959 0.0210 
      H109.6  2 0.1414 0.0303 0.1390 0.2579 0.0952 0.1681 0.1680 
      H126.2  2 0.2798 0.0100 0.2289 0.0784 0.1696 0.1652 0.0680 
      H130.3  2 0.2527 0.0203 0.1911 0.0663 0.2507 0.1433 0.0756 
      H133.1  2 0.1826 0.0125 0.1927 0.1794 0.1444 0.1269 0.1614 
      H147.4  2 0.1262 0.0088 0.2674 0.1274 0.2621 0.1262 0.0819 
      H148.6  2 0.1387 0.0481 0.1264 0.2140 0.1655 0.1242 0.1832 
   H166022.2  2 0.2401 0.0520 0.1552 0.0971 0.2065 0.1582 0.0908 
   H167397.3  2 0.2228 0.0137 0.1166 0.2927 0.0816 0.1290 0.1437 
   H167496.6  2 0.0939 0.0076 0.1871 0.0451 0.2727 0.3222 0.0715 
   H167513.8  2 0.2399 0.0317 0.2087 0.1480 0.1104 0.1596 0.1018 
   H167547.4  2 0.1933 0.0257 0.1169 0.0570 0.3748 0.2049 0.0274 
   H169750.2  2 0.1026 0.0091 0.3048 0.1111 0.1443 0.2477 0.0804 
   H171929.2  2 0.2342 0.1388 0.0916 0.1062 0.1190 0.1422 0.1680 
   H171930.8  2 0.2300 0.0209 0.0847 0.0759 0.1043 0.1254 0.3588 
   H171933.7  2 0.1109 0.0101 0.2057 0.0733 0.3125 0.2571 0.0305 
      H190.6  2 0.1378 0.3439 0.1022 0.1028 0.1035 0.1049 0.1049 
      H400.4  2 0.1657 0.0114 0.0577 0.0318 0.1853 0.1859 0.3624 
 H428.2_2006  2 0.2023 0.0313 0.2606 0.0999 0.2493 0.1195 0.0371 
 H428.6_2005  2 0.1286 0.0239 0.1105 0.2828 0.1865 0.1972 0.0704 
      H453.3  2 0.2540 0.0123 0.1463 0.0744 0.3252 0.1405 0.0472 
     H512.10  2 0.2441 0.0093 0.2569 0.1521 0.1990 0.0954 0.0432 
      H513.2  2 0.1244 0.0145 0.1598 0.0559 0.3104 0.2284 0.1066 
      H532.3  2 0.1046 0.0886 0.2048 0.0733 0.3018 0.1706 0.0564 
      H543.8  2 0.1839 0.0126 0.1361 0.3209 0.1242 0.1356 0.0866 
 H545.1_2005  2 0.0853 0.0062 0.2187 0.5028 0.0494 0.1211 0.0166 
 H545.3_2006  2 0.0766 0.0061 0.2065 0.5363 0.0232 0.1389 0.0124 
      H547.7  2 0.1294 0.0226 0.0841 0.0423 0.3731 0.3092 0.0393 
      H548.3  2 0.0777 0.0052 0.1972 0.5598 0.0416 0.0925 0.0261 
     H7389.1  2 0.2141 0.0135 0.1130 0.0864 0.3194 0.1196 0.1341 
      H747.2  2 0.1720 0.3002 0.1121 0.0707 0.0929 0.1379 0.1143 
     H7484.8  2 0.1715 0.0169 0.1923 0.1425 0.1665 0.1949 0.1154 
     H7485.6  2 0.0744 0.0184 0.1751 0.5130 0.0796 0.1029 0.0366 
     H7496.6  2 0.0618 0.0102 0.1784 0.0220 0.3427 0.3603 0.0246 
        UNK9  2 0.2333 0.0154 0.2200 0.0769 0.1949 0.2164 0.0431 
      H009.6  4 0.1033 0.0076 0.2064 0.1573 0.1287 0.2458 0.1511 
      H046.4  4 0.1395 0.0484 0.1609 0.1785 0.1539 0.1938 0.1249 
 H076.2_2004  4 0.1980 0.1468 0.1055 0.0616 0.1329 0.1042 0.2511 
 H076.5_2002  4 0.0790 0.0162 0.0438 0.0591 0.0485 0.0310 0.7224 
 H076.6_2003  4 0.0273 0.0075 0.0225 0.0174 0.0321 0.0231 0.8702 
      H477.6  4 0.2031 0.0237 0.1902 0.0675 0.2707 0.2179 0.0270 
 H479.4_2006  4 0.2064 0.0110 0.1794 0.1094 0.2359 0.2092 0.0487 
 H479.8_2005  4 0.1442 0.0078 0.1963 0.1078 0.3141 0.1896 0.0401 
      H516.4  4 0.1861 0.0460 0.1871 0.1616 0.1824 0.1687 0.0682 
      H646.2  4 0.5189 0.0181 0.1310 0.0701 0.1489 0.0671 0.0459 
      H658.6  4 0.2086 0.0193 0.1510 0.2683 0.1553 0.1725 0.0250 
      H682.1  4 0.1288 0.0204 0.2178 0.0703 0.2149 0.2448 0.1030 
      H720.4  4 0.2349 0.0506 0.1301 0.0597 0.1627 0.1424 0.2196 
      H724.6  4 0.0490 0.0097 0.0442 0.0291 0.0349 0.0449 0.7884 
      H725.5  4 0.0819 0.0125 0.1906 0.0354 0.2754 0.3618 0.0424 
      H726.2  4 0.2243 0.1228 0.1008 0.1292 0.1705 0.1879 0.0644 
      H016.4  5 0.2712 0.0071 0.1379 0.1743 0.0971 0.1522 0.1602 
 H017.1_2002  5 0.1716 0.0514 0.1239 0.2803 0.1484 0.1584 0.0659 
 H017.5_2003  5 0.2467 0.0127 0.1642 0.2484 0.1265 0.1679 0.0335 
      H032.3  5 0.2531 0.0093 0.1246 0.0944 0.1685 0.1736 0.1766 
 H034.4_2002  5 0.0680 0.0264 0.1492 0.0563 0.0808 0.1766 0.4427 
 H034.5_2003  5 0.1238 0.0195 0.1053 0.3570 0.1544 0.1215 0.1184 
      H048.4  5 0.2154 0.0201 0.0930 0.0413 0.1399 0.1831 0.3070 
      H060.1  5 0.1390 0.0070 0.1935 0.3316 0.1102 0.1891 0.0296 
 H070.3_2002  5 0.0618 0.0076 0.2059 0.2196 0.1383 0.2688 0.0979 
 H070.4_2004  5 0.0676 0.0087 0.1899 0.1081 0.1564 0.2481 0.2213 
 H070.5_2003  5 0.0581 0.0060 0.1478 0.2405 0.1527 0.2650 0.1299 
      H077.4  5 0.1211 0.0185 0.1425 0.4214 0.1567 0.1044 0.0354 
      H097.6  5 0.2269 0.0133 0.1053 0.0341 0.3063 0.2369 0.0772 
      H124.5  5 0.2159 0.0113 0.1274 0.1129 0.1926 0.1437 0.1961 
      H132.5  5 0.1606 0.0109 0.0841 0.0396 0.0992 0.1416 0.4639 
      H155.7  5 0.1032 0.0359 0.2302 0.1195 0.1186 0.2224 0.1703 
      H169.2  5 0.1439 0.0138 0.1082 0.4888 0.1207 0.0846 0.0401 
      H457.8  5 0.3282 0.0157 0.1569 0.1129 0.2683 0.0911 0.0268 
      H462.4  5 0.0677 0.0611 0.2133 0.1874 0.1187 0.2607 0.0910 
      H481.8  5 0.0936 0.0129 0.2552 0.1885 0.1641 0.2154 0.0703 
      H509.4  5 0.1393 0.0295 0.1588 0.0540 0.1687 0.2454 0.2043 
      H567.2  5 0.0848 0.0145 0.2021 0.0326 0.1720 0.2424 0.2515 
      H608.4  5 0.2061 0.0089 0.1171 0.0664 0.2949 0.2242 0.0823 
      H615.4  5 0.1162 0.0144 0.2006 0.1847 0.1294 0.2583 0.0965 
      H635.4  5 0.2019 0.0754 0.2150 0.1536 0.1123 0.1087 0.1331 
      H728.5  5 0.1842 0.0127 0.1576 0.2752 0.0972 0.2294 0.0436 
 H7395.1_200  5 0.1909 0.1063 0.2181 0.1241 0.1693 0.0850 0.1063 
     H7395.5  5 0.3219 0.0291 0.1437 0.1782 0.1218 0.1840 0.0213 
      H742.2  5 0.1564 0.0265 0.1179 0.1991 0.1358 0.1524 0.2118 
      H958.3  5 0.2239 0.0105 0.0995 0.0514 0.2725 0.2678 0.0744 
      H452.9 10 0.0218 0.0051 0.0297 0.0244 0.0290 0.0255 0.8646 
      H473.5 10 0.2278 0.0047 0.1664 0.1213 0.2412 0.1619 0.0767 
      H487.5 10 0.0270 0.0485 0.0289 0.0271 0.0227 0.0246 0.8212 
     H703.10 10 0.1692 0.0271 0.2836 0.2087 0.1619 0.1095 0.0399 
      H705.2 10 0.1183 0.0213 0.1681 0.0618 0.2707 0.2481 0.1117 
     H7352.5 10 0.1754 0.0204 0.0765 0.1340 0.0920 0.1880 0.3137 
     H7354.1 10 0.1777 0.0873 0.1460 0.1554 0.2215 0.1904 0.0218 
     H7359.1 10 0.1530 0.0645 0.1476 0.2357 0.1070 0.1287 0.1635 
      H909.8 10 0.1142 0.1506 0.1393 0.2781 0.1452 0.1120 0.0607 
     H9555.3 10 0.0477 0.0355 0.0411 0.0288 0.0444 0.0439 0.7585 
     H9703.4 10 0.0898 0.4712 0.1369 0.0608 0.1054 0.0954 0.0405 
     H9707.6 10 0.1254 0.0142 0.0876 0.0601 0.1871 0.1543 0.3712 
     HSAA4.2 10 0.0668 0.1264 0.0247 0.0289 0.0313 0.0335 0.6884 
   saaRTON.1 10 0.0086 0.9546 0.0067 0.0073 0.0074 0.0084 0.0070 
  saaRTON.10 10 0.0169 0.9150 0.0127 0.0124 0.0138 0.0145 0.0148 
   saaRTON.2 10 0.0070 0.9595 0.0071 0.0060 0.0067 0.0072 0.0065 
   saaRTON.3 10 0.0111 0.9353 0.0104 0.0091 0.0125 0.0091 0.0125 
   saaRTON.4 10 0.0062 0.9593 0.0071 0.0057 0.0071 0.0065 0.0082 
   saaRTON.5 10 0.0060 0.9603 0.0057 0.0065 0.0063 0.0080 0.0072 
   saaRTON.6 10 0.0093 0.9475 0.0087 0.0083 0.0103 0.0075 0.0086 
   saaRTON.7 10 0.0149 0.9188 0.0133 0.0115 0.0146 0.0112 0.0158 
   saaRTON.8 10 0.0068 0.9576 0.0072 0.0067 0.0061 0.0072 0.0086 
   saaRTON.9 10 0.0062 0.9675 0.0054 0.0051 0.0053 0.0051 0.0054 
      H005.8 11 0.2093 0.0171 0.1267 0.2034 0.1960 0.1594 0.0881 
      H031.2 11 0.1462 0.0207 0.1203 0.1936 0.1761 0.1804 0.1628 
      H136.1 11 0.2280 0.0176 0.1952 0.0775 0.1944 0.1914 0.0959 
      H153.4 11 0.2200 0.1421 0.1367 0.0775 0.2397 0.1044 0.0796 
      H167.1 11 0.2357 0.0075 0.2166 0.1521 0.1796 0.0789 0.1296 
      H173.1 11 0.1997 0.0146 0.1195 0.2594 0.2346 0.1236 0.0486 
 H194.8_2003 11 0.1050 0.0621 0.1377 0.1277 0.0915 0.1684 0.3075 
      H196.6 11 0.0175 0.0165 0.0258 0.0156 0.0202 0.0257 0.8788 
 H356.5_2002 11 0.1379 0.0266 0.3765 0.1406 0.1516 0.1428 0.0240 
 H356.6_2001 11 0.0837 0.1087 0.3097 0.1134 0.1902 0.1807 0.0137 
      H360.6 11 0.1031 0.0169 0.2803 0.0987 0.2052 0.1959 0.0999 
 H369.1_2001 11 0.1298 0.0090 0.1385 0.2203 0.1165 0.1365 0.2495 
      H369.4 11 0.1271 0.0172 0.1958 0.2244 0.2259 0.1160 0.0936 
      H374.3 11 0.1076 0.0220 0.1221 0.5302 0.1491 0.0546 0.0143 
      H376.1 11 0.2363 0.0150 0.3259 0.0846 0.1166 0.1252 0.0964 
      H381.1 11 0.1327 0.0192 0.1439 0.2366 0.2097 0.1992 0.0587 
      H386.5 11 0.1271 0.0108 0.1841 0.4793 0.0735 0.0937 0.0315 
 H387.5_2001 11 0.3654 0.0667 0.1002 0.1094 0.1939 0.0920 0.0724 
      H387.9 11 0.2541 0.0268 0.2506 0.2035 0.1387 0.1008 0.0255 
      H392.6 11 0.3282 0.0230 0.2024 0.1177 0.1003 0.1654 0.0630 
 H393.4_2001 11 0.2564 0.0196 0.2173 0.2444 0.1398 0.0919 0.0306 
 H393.4_2002 11 0.1046 0.0247 0.2342 0.2667 0.2357 0.1081 0.0261 
      H394.5 11 0.0771 0.0122 0.2505 0.2257 0.1817 0.1870 0.0658 
      H412.9 11 0.1459 0.2073 0.1063 0.1093 0.1443 0.2013 0.0856 
      H439.5 11 0.1275 0.0623 0.1692 0.2312 0.1325 0.1527 0.1246 
 H441.6_2004 11 0.0877 0.0078 0.0668 0.0472 0.0671 0.0837 0.6397 
 H441.7_2005 11 0.0933 0.0156 0.2353 0.1356 0.1387 0.2358 0.1458 
 H442.6_2004 11 0.1513 0.0466 0.1294 0.0632 0.1767 0.2270 0.2058 
      H442.9 11 0.1828 0.0219 0.0985 0.1399 0.2630 0.2294 0.0644 
      H446.6 11 0.2905 0.0192 0.1943 0.0527 0.1282 0.1966 0.1185 
      H447.7 11 0.2056 0.0233 0.1914 0.1006 0.2080 0.1878 0.0833 
      H448.2 11 0.0863 0.0158 0.1545 0.0495 0.1389 0.1708 0.3843 
      H586.2 11 0.3544 0.0231 0.1416 0.1488 0.1153 0.1922 0.0246 
     H590.10 11 0.2597 0.0170 0.1977 0.2499 0.1084 0.1393 0.0282 
      H610.7 11 0.1707 0.0174 0.2337 0.0692 0.1384 0.2227 0.1480 
      H611.4 11 0.2167 0.0109 0.1191 0.2594 0.1400 0.1974 0.0565 
 H7379.2_200 11 0.1471 0.0593 0.1187 0.1148 0.0744 0.2295 0.2562 
 H7379.4_200 11 0.1295 0.0228 0.1915 0.1506 0.0830 0.2874 0.1353 
      H741.1 11 0.1930 0.0200 0.1338 0.1517 0.2599 0.1897 0.0519 
      H927.3 11 0.1529 0.0070 0.2159 0.1915 0.1340 0.1821 0.1166 
      H928.4 11 0.2613 0.0411 0.1663 0.1044 0.2160 0.1206 0.0903 
     H9560.4 11 0.0961 0.2877 0.1368 0.0628 0.1780 0.1737 0.0649 
    Rad451.3 11 0.1303 0.0102 0.0707 0.3699 0.1454 0.2125 0.0611 
      H409.8 12 0.2939 0.0108 0.0761 0.0858 0.0901 0.0687 0.3747 
      H413.2 12 0.2371 0.0381 0.0847 0.0671 0.2104 0.1038 0.2589 
      H563.3 12 0.0819 0.0134 0.2157 0.0806 0.0926 0.2383 0.2775 
     H7374.6 12 0.2773 0.0135 0.0890 0.2686 0.1280 0.1024 0.1213 
     H9563.8 12 0.2045 0.1118 0.1369 0.0633 0.1455 0.1396 0.1984 
     H9572.4 12 0.1309 0.0240 0.1843 0.2262 0.1918 0.1780 0.0648 
