      H105.4  1 0.1427 0.0078 0.2015 0.2166 0.2495 0.1256 0.0563 
      H115.3  1 0.1698 0.0204 0.1915 0.1455 0.2159 0.1036 0.1534 
      H145.1  1 0.0592 0.0070 0.1075 0.3315 0.0912 0.1017 0.3019 
      H149.6  1 0.0313 0.0694 0.1301 0.4423 0.1123 0.0320 0.1826 
      H150.1  1 0.1527 0.0077 0.2209 0.1241 0.1548 0.2103 0.1295 
   H169607.8  1 0.0864 0.0085 0.1934 0.2220 0.2037 0.1907 0.0954 
   H169633.5  1 0.0479 0.0166 0.0880 0.4357 0.0804 0.0615 0.2698 
   H169688.2  1 0.0803 0.0103 0.2321 0.1681 0.2434 0.0961 0.1696 
   H171901.5  1 0.0693 0.0093 0.1177 0.4563 0.1086 0.0522 0.1866 
   H171902.3  1 0.0490 0.0167 0.2167 0.2682 0.2449 0.0819 0.1227 
   H171903.5  1 0.0725 0.0419 0.2103 0.2513 0.2419 0.0968 0.0854 
      H177.6  1 0.0460 0.0321 0.1297 0.4081 0.1020 0.0377 0.2443 
      H179.1  1 0.1860 0.0097 0.0998 0.2193 0.1334 0.0949 0.2568 
      H180.2  1 0.1298 0.0155 0.2779 0.1503 0.2750 0.0598 0.0918 
      H181.7  1 0.0602 0.0077 0.1507 0.3630 0.1329 0.0743 0.2112 
 H194.6_2004  1 0.2019 0.0339 0.1464 0.2755 0.1606 0.1079 0.0738 
 H195.3_2003  1 0.1331 0.0050 0.1847 0.1501 0.1939 0.2353 0.0979 
 H195.3_2004  1 0.0441 0.0159 0.1399 0.3713 0.1231 0.0954 0.2102 
      H415.5  1 0.0414 0.0701 0.1840 0.1761 0.1738 0.0640 0.2906 
      H506.5  1 0.0938 0.0059 0.1008 0.3423 0.1066 0.0346 0.3159 
      H533.4  1 0.0934 0.0068 0.1014 0.4323 0.0639 0.0285 0.2737 
      H535.1  1 0.2127 0.0388 0.1602 0.2332 0.1472 0.0838 0.1240 
      H539.5  1 0.1870 0.0077 0.1110 0.1109 0.1149 0.3238 0.1448 
      H540.7  1 0.1437 0.0216 0.1196 0.1485 0.1304 0.3528 0.0833 
     H9558.1  1 0.1505 0.0060 0.1285 0.1334 0.2007 0.1811 0.1997 
    kos339.2  1 0.1748 0.0104 0.0759 0.4357 0.0658 0.0400 0.1974 
      H008.9  2 0.1928 0.0087 0.1444 0.2035 0.1434 0.1627 0.1445 
 H029.5_2002  2 0.1451 0.0092 0.1227 0.0730 0.0992 0.1179 0.4330 
 H029.5_2003  2 0.0896 0.0064 0.1900 0.1007 0.2038 0.0725 0.3369 
      H030.1  2 0.2503 0.0260 0.1418 0.1680 0.1787 0.1623 0.0731 
      H038.4  2 0.1539 0.0075 0.1069 0.1072 0.1400 0.0625 0.4219 
      H041.2  2 0.2455 0.0082 0.0549 0.0635 0.0895 0.1136 0.4248 
 H042.3_2003  2 0.1781 0.0139 0.2325 0.0914 0.2298 0.1762 0.0781 
 H042.4_2002  2 0.1876 0.0323 0.2140 0.0827 0.1789 0.2593 0.0453 
   H042_2002  2 0.2285 0.0089 0.0962 0.0634 0.0961 0.3975 0.1093 
   H042_2003  2 0.2189 0.0089 0.1114 0.0484 0.0852 0.3949 0.1323 
      H043.7  2 0.0911 0.0074 0.1409 0.1263 0.1459 0.1103 0.3782 
      H047.6  2 0.0480 0.0161 0.1564 0.0769 0.1287 0.1319 0.4420 
 H071.1_2003  2 0.2414 0.0053 0.1493 0.1250 0.1582 0.2658 0.0550 
 H071.5_2002  2 0.1076 0.0168 0.1613 0.1706 0.1992 0.2203 0.1243 
 H081.3_2003  2 0.1098 0.0187 0.1947 0.2173 0.1812 0.1332 0.1450 
      H081.7  2 0.2430 0.0128 0.1606 0.1365 0.1696 0.1600 0.1175 
      H083.1  2 0.1426 0.0142 0.2140 0.1531 0.1932 0.1943 0.0887 
      H084.5  2 0.0980 0.0437 0.1648 0.1388 0.2118 0.0948 0.2482 
 H085.1_2003  2 0.4736 0.0112 0.0968 0.0751 0.1107 0.1589 0.0738 
 H085.5_2002  2 0.4872 0.0139 0.0765 0.0886 0.1138 0.1878 0.0321 
      H088.7  2 0.2207 0.0119 0.1142 0.1186 0.1398 0.1240 0.2708 
      H091.1  2 0.5254 0.0057 0.1527 0.0324 0.0974 0.1746 0.0118 
      H109.6  2 0.0412 0.0308 0.1112 0.1799 0.1383 0.1170 0.3816 
      H126.2  2 0.1045 0.0118 0.2498 0.1715 0.2716 0.1019 0.0889 
      H130.3  2 0.0646 0.0162 0.3068 0.1625 0.2616 0.1237 0.0645 
      H133.1  2 0.0405 0.0084 0.1339 0.0957 0.1471 0.0384 0.5360 
      H147.4  2 0.4330 0.0077 0.1153 0.0725 0.1064 0.1863 0.0788 
      H148.6  2 0.1346 0.0378 0.1174 0.1973 0.1460 0.1935 0.1734 
   H166022.2  2 0.3117 0.0508 0.1800 0.1091 0.1467 0.1427 0.0591 
   H167397.3  2 0.0430 0.0131 0.1177 0.0763 0.1383 0.0373 0.5743 
   H167496.6  2 0.4694 0.0069 0.0965 0.0806 0.1278 0.1894 0.0295 
   H167513.8  2 0.0350 0.0391 0.1147 0.1119 0.1711 0.0495 0.4787 
   H167547.4  2 0.2048 0.0264 0.2680 0.1238 0.2338 0.1088 0.0343 
   H169750.2  2 0.3432 0.0071 0.1097 0.1200 0.1431 0.1793 0.0976 
   H171929.2  2 0.1032 0.1276 0.1622 0.1563 0.1653 0.1379 0.1475 
   H171930.8  2 0.1527 0.0183 0.1621 0.1867 0.1859 0.2028 0.0914 
   H171933.7  2 0.2718 0.0104 0.1880 0.1644 0.1654 0.1730 0.0270 
      H190.6  2 0.0996 0.2960 0.1367 0.1587 0.1336 0.1468 0.0286 
      H400.4  2 0.3183 0.0102 0.1926 0.0755 0.1314 0.1230 0.1490 
 H428.2_2006  2 0.1254 0.0253 0.2208 0.1914 0.2012 0.1700 0.0659 
 H428.6_2005  2 0.1818 0.0217 0.1098 0.3603 0.1345 0.0606 0.1313 
      H453.3  2 0.3414 0.0104 0.1804 0.0999 0.1736 0.1801 0.0142 
     H512.10  2 0.0747 0.0080 0.2268 0.1683 0.2894 0.0924 0.1404 
      H513.2  2 0.2462 0.0147 0.1740 0.1643 0.2157 0.1486 0.0365 
      H532.3  2 0.1695 0.0738 0.2085 0.1312 0.2331 0.1507 0.0331 
      H543.8  2 0.0923 0.0109 0.0999 0.1270 0.1293 0.0618 0.4788 
 H545.1_2005  2 0.0150 0.0048 0.0291 0.0556 0.0375 0.0151 0.8428 
 H545.3_2006  2 0.0147 0.0055 0.0473 0.0620 0.0302 0.0141 0.8261 
      H547.7  2 0.3372 0.0159 0.2011 0.1026 0.1694 0.1482 0.0257 
      H548.3  2 0.0224 0.0045 0.0491 0.0996 0.0385 0.0239 0.7619 
     H7389.1  2 0.2099 0.0086 0.2478 0.1327 0.2433 0.1139 0.0437 
      H747.2  2 0.0446 0.2983 0.1448 0.1213 0.1431 0.0963 0.1514 
     H7484.8  2 0.1878 0.0176 0.1739 0.1973 0.1390 0.2113 0.0731 
     H7485.6  2 0.0313 0.0136 0.0634 0.0912 0.0493 0.0216 0.7296 
     H7496.6  2 0.4690 0.0094 0.1343 0.0816 0.1482 0.1390 0.0185 
        UNK9  2 0.2183 0.0158 0.1833 0.0994 0.1730 0.1434 0.1668 
      H009.6  4 0.1980 0.0062 0.1641 0.1304 0.1819 0.2562 0.0631 
      H046.4  4 0.1344 0.0424 0.1901 0.1726 0.1656 0.1954 0.0994 
 H076.2_2004  4 0.1959 0.1231 0.1738 0.1160 0.1855 0.1436 0.0621 
 H076.5_2002  4 0.2004 0.0141 0.1692 0.0878 0.1377 0.3469 0.0439 
 H076.6_2003  4 0.2800 0.0071 0.0750 0.0374 0.1005 0.4756 0.0243 
      H477.6  4 0.2258 0.0232 0.2775 0.1376 0.2132 0.0871 0.0356 
 H479.4_2006  4 0.3021 0.0082 0.1208 0.1780 0.1248 0.1303 0.1357 
 H479.8_2005  4 0.2774 0.0089 0.1494 0.2004 0.1294 0.1061 0.1285 
      H516.4  4 0.0452 0.0297 0.2330 0.1764 0.2127 0.0799 0.2230 
      H646.2  4 0.0605 0.0114 0.3183 0.1565 0.3353 0.1014 0.0166 
      H658.6  4 0.1194 0.0156 0.1543 0.4087 0.1416 0.0505 0.1099 
      H682.1  4 0.2839 0.0195 0.1471 0.1379 0.1450 0.2128 0.0538 
      H720.4  4 0.1412 0.0434 0.1934 0.1032 0.2188 0.2222 0.0778 
      H724.6  4 0.2105 0.0089 0.0794 0.0552 0.1143 0.4404 0.0913 
      H725.5  4 0.4960 0.0156 0.1192 0.0888 0.1007 0.1525 0.0273 
      H726.2  4 0.0824 0.1165 0.2185 0.2883 0.1857 0.0619 0.0468 
      H016.4  5 0.0882 0.0070 0.1762 0.1618 0.1636 0.0923 0.3109 
 H017.1_2002  5 0.1092 0.0459 0.1656 0.1969 0.2022 0.1285 0.1517 
 H017.5_2003  5 0.0936 0.0085 0.2227 0.1578 0.2424 0.0966 0.1784 
      H032.3  5 0.1556 0.0073 0.1833 0.1274 0.1839 0.0705 0.2720 
 H034.4_2002  5 0.2080 0.0260 0.0890 0.0992 0.1060 0.4207 0.0511 
 H034.5_2003  5 0.0807 0.0149 0.1229 0.2850 0.1506 0.1325 0.2135 
      H048.4  5 0.1587 0.0146 0.2219 0.1396 0.1640 0.0762 0.2251 
      H060.1  5 0.0840 0.0072 0.1573 0.1471 0.1209 0.0508 0.4326 
 H070.3_2002  5 0.1747 0.0066 0.1848 0.1878 0.1127 0.1721 0.1613 
 H070.4_2004  5 0.2418 0.0075 0.1323 0.1300 0.1040 0.3171 0.0673 
 H070.5_2003  5 0.1971 0.0048 0.1211 0.2190 0.1293 0.1658 0.1629 
      H077.4  5 0.0659 0.0165 0.1349 0.3629 0.0957 0.0699 0.2542 
      H097.6  5 0.2662 0.0101 0.2119 0.1188 0.2022 0.1326 0.0582 
      H124.5  5 0.1989 0.0070 0.2076 0.0989 0.2029 0.0876 0.1969 
      H132.5  5 0.1293 0.0090 0.1499 0.0756 0.1883 0.1283 0.3196 
      H155.7  5 0.1860 0.0320 0.1279 0.0729 0.1251 0.3705 0.0857 
      H169.2  5 0.0358 0.0128 0.1122 0.3729 0.1044 0.0357 0.3262 
      H457.8  5 0.0537 0.0109 0.2903 0.1652 0.3218 0.0933 0.0648 
      H462.4  5 0.1890 0.0624 0.1327 0.0932 0.1288 0.2779 0.1160 
      H481.8  5 0.2116 0.0095 0.1843 0.1561 0.1320 0.2676 0.0388 
      H509.4  5 0.3582 0.0225 0.1159 0.0907 0.1056 0.2840 0.0231 
      H567.2  5 0.3011 0.0128 0.1216 0.0646 0.1270 0.3506 0.0224 
      H608.4  5 0.1200 0.0082 0.2666 0.1292 0.2344 0.1049 0.1367 
      H615.4  5 0.1374 0.0129 0.1160 0.2152 0.1207 0.3141 0.0837 
      H635.4  5 0.0822 0.0567 0.1433 0.1334 0.1642 0.1409 0.2792 
      H728.5  5 0.0512 0.0137 0.1571 0.2859 0.1214 0.0550 0.3156 
 H7395.1_200  5 0.1999 0.1110 0.1559 0.1622 0.1678 0.1197 0.0835 
     H7395.5  5 0.1116 0.0246 0.1591 0.2404 0.1867 0.0552 0.2225 
      H742.2  5 0.1047 0.0235 0.1896 0.2255 0.1372 0.2184 0.1011 
      H958.3  5 0.2462 0.0072 0.2405 0.1159 0.2086 0.1647 0.0168 
      H452.9 10 0.2771 0.0051 0.0716 0.0346 0.0687 0.5037 0.0392 
      H473.5 10 0.0325 0.0042 0.2195 0.1239 0.2006 0.0766 0.3427 
      H487.5 10 0.2556 0.0491 0.1054 0.0223 0.1030 0.4418 0.0229 
     H703.10 10 0.2057 0.0267 0.1429 0.2117 0.1319 0.1736 0.1075 
      H705.2 10 0.3211 0.0180 0.1587 0.1310 0.1975 0.1482 0.0256 
     H7352.5 10 0.0435 0.0226 0.0992 0.0591 0.1089 0.0381 0.6286 
     H7354.1 10 0.1196 0.0542 0.1902 0.1969 0.1963 0.1002 0.1427 
     H7359.1 10 0.0832 0.0405 0.1787 0.1938 0.1721 0.1010 0.2307 
      H909.8 10 0.1125 0.1233 0.1409 0.2596 0.1422 0.1058 0.1158 
     H9555.3 10 0.2993 0.0251 0.0678 0.0459 0.0646 0.4787 0.0186 
     H9703.4 10 0.1747 0.4351 0.0877 0.0784 0.0832 0.1142 0.0267 
     H9707.6 10 0.2692 0.0136 0.1160 0.0854 0.1466 0.2957 0.0736 
     HSAA4.2 10 0.2780 0.1315 0.0656 0.0319 0.0513 0.4248 0.0169 
   saaRTON.1 10 0.0071 0.9587 0.0068 0.0070 0.0071 0.0071 0.0061 
  saaRTON.10 10 0.0113 0.9217 0.0175 0.0106 0.0122 0.0168 0.0100 
   saaRTON.2 10 0.0069 0.9626 0.0066 0.0067 0.0066 0.0055 0.0051 
   saaRTON.3 10 0.0083 0.9457 0.0101 0.0094 0.0076 0.0095 0.0094 
   saaRTON.4 10 0.0059 0.9662 0.0058 0.0054 0.0056 0.0052 0.0058 
   saaRTON.5 10 0.0054 0.9650 0.0054 0.0064 0.0054 0.0066 0.0057 
   saaRTON.6 10 0.0072 0.9544 0.0081 0.0064 0.0084 0.0084 0.0071 
   saaRTON.7 10 0.0115 0.9305 0.0124 0.0113 0.0106 0.0135 0.0103 
   saaRTON.8 10 0.0056 0.9645 0.0056 0.0062 0.0059 0.0063 0.0059 
   saaRTON.9 10 0.0039 0.9739 0.0038 0.0043 0.0046 0.0047 0.0049 
      H005.8 11 0.0913 0.0162 0.2123 0.2378 0.2020 0.0822 0.1582 
      H031.2 11 0.1529 0.0162 0.1470 0.2464 0.1432 0.2537 0.0404 
      H136.1 11 0.1811 0.0175 0.2355 0.1374 0.2419 0.1448 0.0418 
      H153.4 11 0.1193 0.1196 0.2555 0.1628 0.2583 0.0497 0.0348 
      H167.1 11 0.1729 0.0069 0.1652 0.1560 0.1725 0.1679 0.1586 
      H173.1 11 0.1444 0.0125 0.1646 0.3844 0.1531 0.0708 0.0702 
 H194.8_2003 11 0.1563 0.0549 0.0926 0.1208 0.0874 0.4414 0.0466 
      H196.6 11 0.2671 0.0181 0.0736 0.0245 0.0666 0.4913 0.0588 
 H356.5_2002 11 0.1128 0.0210 0.2527 0.1077 0.2449 0.2229 0.0379 
 H356.6_2001 11 0.1482 0.1089 0.1618 0.1344 0.1740 0.2337 0.0391 
      H360.6 11 0.2628 0.0182 0.1372 0.1168 0.1817 0.2214 0.0618 
 H369.1_2001 11 0.2302 0.0073 0.0990 0.2143 0.0895 0.0980 0.2617 
      H369.4 11 0.2051 0.0117 0.1379 0.2844 0.1415 0.1418 0.0776 
      H374.3 11 0.0377 0.0222 0.1162 0.4173 0.1085 0.0530 0.2450 
      H376.1 11 0.0768 0.0116 0.2097 0.1310 0.2590 0.0969 0.2149 
      H381.1 11 0.1685 0.0133 0.1775 0.2270 0.1926 0.0871 0.1340 
      H386.5 11 0.0508 0.0108 0.1227 0.2441 0.0938 0.0399 0.4379 
 H387.5_2001 11 0.1670 0.0497 0.2878 0.1081 0.2670 0.0956 0.0250 
      H387.9 11 0.0538 0.0235 0.2639 0.1357 0.2726 0.0923 0.1582 
      H392.6 11 0.0313 0.0159 0.3130 0.1766 0.2486 0.0782 0.1363 
 H393.4_2001 11 0.0522 0.0129 0.2133 0.1550 0.2745 0.1689 0.1232 
 H393.4_2002 11 0.0935 0.0238 0.2106 0.1577 0.1928 0.2083 0.1132 
      H394.5 11 0.1153 0.0118 0.2132 0.1666 0.1988 0.1923 0.1021 
      H412.9 11 0.1025 0.1515 0.1674 0.1782 0.1954 0.1350 0.0701 
      H439.5 11 0.1235 0.0432 0.1419 0.2279 0.1432 0.1555 0.1649 
 H441.6_2004 11 0.2972 0.0056 0.0745 0.0589 0.0950 0.4510 0.0177 
 H441.7_2005 11 0.1933 0.0137 0.1297 0.1175 0.1329 0.2649 0.1480 
 H442.6_2004 11 0.2506 0.0391 0.1588 0.1478 0.1231 0.2452 0.0353 
      H442.9 11 0.1562 0.0175 0.1582 0.3141 0.1658 0.0729 0.1154 
      H446.6 11 0.1457 0.0129 0.3096 0.1450 0.2268 0.1293 0.0306 
      H447.7 11 0.2569 0.0262 0.1772 0.1625 0.1638 0.1267 0.0867 
      H448.2 11 0.2618 0.0125 0.1185 0.0554 0.1061 0.4292 0.0165 
      H586.2 11 0.0492 0.0215 0.2958 0.1824 0.2649 0.0505 0.1358 
     H590.10 11 0.0444 0.0122 0.1983 0.1547 0.2264 0.0825 0.2816 
      H610.7 11 0.2263 0.0159 0.1743 0.1956 0.1380 0.1586 0.0913 
      H611.4 11 0.0791 0.0088 0.1353 0.2544 0.1580 0.0768 0.2877 
 H7379.2_200 11 0.1100 0.0555 0.1182 0.1382 0.1194 0.1056 0.3531 
 H7379.4_200 11 0.1015 0.0208 0.1060 0.1345 0.1291 0.1938 0.3143 
      H741.1 11 0.1158 0.0138 0.2215 0.1700 0.2305 0.1348 0.1135 
      H927.3 11 0.2396 0.0054 0.1641 0.1782 0.1322 0.1052 0.1754 
      H928.4 11 0.1026 0.0317 0.2147 0.1194 0.2772 0.1201 0.1344 
     H9560.4 11 0.1887 0.2629 0.1700 0.0687 0.1400 0.1331 0.0366 
    Rad451.3 11 0.0952 0.0093 0.1253 0.3895 0.1060 0.0252 0.2494 
      H409.8 12 0.1024 0.0094 0.2184 0.1628 0.2697 0.1686 0.0687 
      H413.2 12 0.1782 0.0314 0.2041 0.1560 0.1907 0.2109 0.0287 
      H563.3 12 0.1702 0.0120 0.1008 0.0589 0.1250 0.4488 0.0843 
     H7374.6 12 0.0516 0.0115 0.2141 0.2358 0.1958 0.0775 0.2137 
     H9563.8 12 0.1887 0.0777 0.2291 0.1488 0.1810 0.1156 0.0591 
     H9572.4 12 0.1115 0.0140 0.1917 0.2437 0.1556 0.1302 0.1533 
