      H105.4  1 0.1147 0.6276 0.2577 
      H115.3  1 0.1326 0.7135 0.1539 
      H145.1  1 0.1395 0.2591 0.6014 
      H149.6  1 0.6590 0.0905 0.2505 
      H150.1  1 0.0777 0.6995 0.2228 
   H169607.8  1 0.0921 0.5457 0.3623 
   H169633.5  1 0.3263 0.1764 0.4973 
   H169688.2  1 0.0732 0.4691 0.4576 
   H171901.5  1 0.2608 0.2526 0.4867 
   H171902.3  1 0.1753 0.3278 0.4969 
   H171903.5  1 0.4000 0.2481 0.3519 
      H177.6  1 0.4950 0.1435 0.3615 
      H179.1  1 0.1094 0.1868 0.7038 
      H180.2  1 0.1090 0.6555 0.2355 
      H181.7  1 0.0771 0.2683 0.6546 
 H194.6_2004  1 0.5740 0.2025 0.2235 
 H195.3_2003  1 0.0763 0.5651 0.3586 
 H195.3_2004  1 0.3112 0.2113 0.4775 
      H415.5  1 0.4292 0.1100 0.4608 
      H506.5  1 0.0541 0.1204 0.8256 
      H533.4  1 0.0788 0.1841 0.7371 
      H535.1  1 0.4567 0.1819 0.3614 
      H539.5  1 0.0897 0.7329 0.1774 
      H540.7  1 0.3703 0.3395 0.2903 
     H9558.1  1 0.0533 0.5980 0.3487 
    kos339.2  1 0.2757 0.1741 0.5502 
      H008.9  2 0.0838 0.4206 0.4956 
 H029.5_2002  2 0.0477 0.2939 0.6585 
 H029.5_2003  2 0.0328 0.2726 0.6946 
      H030.1  2 0.2632 0.5077 0.2291 
      H038.4  2 0.0360 0.2257 0.7384 
      H041.2  2 0.0675 0.1823 0.7502 
 H042.3_2003  2 0.1328 0.5135 0.3537 
 H042.4_2002  2 0.4763 0.3547 0.1690 
   H042_2002  2 0.1723 0.3532 0.4745 
   H042_2003  2 0.1682 0.3559 0.4760 
      H043.7  2 0.0454 0.5672 0.3874 
      H047.6  2 0.1041 0.1904 0.7055 
 H071.1_2003  2 0.0713 0.7110 0.2176 
 H071.5_2002  2 0.0735 0.7621 0.1644 
 H081.3_2003  2 0.2464 0.3281 0.4254 
      H081.7  2 0.0515 0.5806 0.3679 
      H083.1  2 0.0912 0.6954 0.2134 
      H084.5  2 0.2934 0.1820 0.5246 
 H085.1_2003  2 0.0586 0.5691 0.3723 
 H085.5_2002  2 0.1116 0.7149 0.1734 
      H088.7  2 0.1535 0.2203 0.6262 
      H091.1  2 0.0496 0.7880 0.1625 
      H109.6  2 0.1873 0.1646 0.6482 
      H126.2  2 0.1055 0.5548 0.3398 
      H130.3  2 0.1404 0.5214 0.3382 
      H133.1  2 0.0635 0.2348 0.7017 
      H147.4  2 0.0368 0.6285 0.3347 
      H148.6  2 0.2868 0.3167 0.3965 
   H166022.2  2 0.3593 0.4012 0.2396 
   H167397.3  2 0.0446 0.1665 0.7889 
   H167496.6  2 0.0523 0.6752 0.2725 
   H167513.8  2 0.1108 0.2420 0.6473 
   H167547.4  2 0.1154 0.7498 0.1349 
   H169750.2  2 0.0960 0.5352 0.3688 
   H171929.2  2 0.4718 0.2414 0.2868 
   H171930.8  2 0.2963 0.2153 0.4884 
   H171933.7  2 0.0634 0.8129 0.1237 
      H190.6  2 0.8095 0.1405 0.0500 
      H400.4  2 0.1045 0.3830 0.5124 
 H428.2_2006  2 0.0877 0.6421 0.2702 
 H428.6_2005  2 0.1687 0.3970 0.4344 
      H453.3  2 0.1183 0.7160 0.1657 
     H512.10  2 0.0888 0.4316 0.4796 
      H513.2  2 0.0751 0.7680 0.1569 
      H532.3  2 0.3210 0.5438 0.1351 
      H543.8  2 0.0433 0.3089 0.6477 
 H545.1_2005  2 0.0162 0.2410 0.7428 
 H545.3_2006  2 0.0185 0.2265 0.7550 
      H547.7  2 0.0826 0.7245 0.1929 
      H548.3  2 0.0244 0.2049 0.7707 
     H7389.1  2 0.0957 0.6948 0.2096 
      H747.2  2 0.5686 0.1516 0.2798 
     H7484.8  2 0.1585 0.4406 0.4009 
     H7485.6  2 0.0572 0.2098 0.7330 
     H7496.6  2 0.0638 0.7445 0.1917 
        UNK9  2 0.0664 0.7017 0.2319 
      H009.6  4 0.1203 0.5282 0.3514 
      H046.4  4 0.4017 0.3667 0.2316 
 H076.2_2004  4 0.6906 0.1413 0.1681 
 H076.5_2002  4 0.6645 0.1487 0.1868 
 H076.6_2003  4 0.6638 0.1587 0.1775 
      H477.6  4 0.1213 0.7439 0.1348 
 H479.4_2006  4 0.0566 0.3619 0.5815 
 H479.8_2005  4 0.0622 0.4327 0.5051 
      H516.4  4 0.3168 0.1930 0.4903 
      H646.2  4 0.4091 0.3280 0.2629 
      H658.6  4 0.5169 0.2744 0.2087 
      H682.1  4 0.1893 0.5612 0.2495 
      H720.4  4 0.4173 0.3088 0.2739 
      H724.6  4 0.4108 0.2095 0.3797 
      H725.5  4 0.1777 0.5840 0.2383 
      H726.2  4 0.7102 0.1471 0.1426 
      H016.4  5 0.0417 0.2789 0.6794 
 H017.1_2002  5 0.5250 0.2793 0.1958 
 H017.5_2003  5 0.1278 0.5365 0.3357 
      H032.3  5 0.0749 0.2597 0.6655 
 H034.4_2002  5 0.5305 0.2419 0.2277 
 H034.5_2003  5 0.3424 0.2893 0.3683 
      H048.4  5 0.1003 0.2413 0.6584 
      H060.1  5 0.0446 0.3562 0.5991 
 H070.3_2002  5 0.0630 0.4699 0.4671 
 H070.4_2004  5 0.1093 0.6231 0.2676 
 H070.5_2003  5 0.0793 0.5166 0.4041 
      H077.4  5 0.1912 0.3070 0.5019 
      H097.6  5 0.0588 0.7092 0.2320 
      H124.5  5 0.0629 0.3174 0.6197 
      H132.5  5 0.0728 0.2413 0.6859 
      H155.7  5 0.3993 0.2900 0.3107 
      H169.2  5 0.2209 0.2597 0.5194 
      H457.8  5 0.0835 0.6416 0.2749 
      H462.4  5 0.3016 0.4922 0.2062 
      H481.8  5 0.2387 0.6242 0.1371 
      H509.4  5 0.4372 0.4157 0.1471 
      H567.2  5 0.2672 0.5771 0.1557 
      H608.4  5 0.0399 0.6164 0.3437 
      H615.4  5 0.3044 0.3960 0.2996 
      H635.4  5 0.2940 0.2545 0.4515 
      H728.5  5 0.0716 0.1583 0.7701 
 H7395.1_200  5 0.5163 0.2537 0.2300 
     H7395.5  5 0.0780 0.2312 0.6908 
      H742.2  5 0.5949 0.1403 0.2648 
      H958.3  5 0.2559 0.6379 0.1061 
      H452.9 10 0.4547 0.2603 0.2850 
      H473.5 10 0.0294 0.3305 0.6401 
      H487.5 10 0.8440 0.0863 0.0696 
     H703.10 10 0.3677 0.4035 0.2289 
      H705.2 10 0.3338 0.5505 0.1157 
     H7352.5 10 0.0582 0.1255 0.8162 
     H7354.1 10 0.1711 0.5666 0.2623 
     H7359.1 10 0.3981 0.2403 0.3616 
      H909.8 10 0.6019 0.2312 0.1669 
     H9555.3 10 0.8005 0.1258 0.0737 
     H9703.4 10 0.8552 0.0958 0.0490 
     H9707.6 10 0.2184 0.4518 0.3298 
     HSAA4.2 10 0.8339 0.1144 0.0517 
   saaRTON.1 10 0.9479 0.0278 0.0243 
  saaRTON.10 10 0.9228 0.0390 0.0382 
   saaRTON.2 10 0.9581 0.0213 0.0206 
   saaRTON.3 10 0.9417 0.0283 0.0300 
   saaRTON.4 10 0.9560 0.0220 0.0221 
   saaRTON.5 10 0.9594 0.0204 0.0202 
   saaRTON.6 10 0.9552 0.0250 0.0197 
   saaRTON.7 10 0.9074 0.0568 0.0358 
   saaRTON.8 10 0.9573 0.0232 0.0195 
   saaRTON.9 10 0.9685 0.0155 0.0160 
      H005.8 11 0.1266 0.3181 0.5553 
      H031.2 11 0.4397 0.2679 0.2924 
      H136.1 11 0.2068 0.6066 0.1866 
      H153.4 11 0.4912 0.3636 0.1452 
      H167.1 11 0.0497 0.3643 0.5859 
      H173.1 11 0.2370 0.3792 0.3837 
 H194.8_2003 11 0.7135 0.1493 0.1372 
      H196.6 11 0.7262 0.1287 0.1451 
 H356.5_2002 11 0.2689 0.6017 0.1294 
 H356.6_2001 11 0.3183 0.6019 0.0798 
      H360.6 11 0.2651 0.5906 0.1444 
 H369.1_2001 11 0.0751 0.2397 0.6853 
      H369.4 11 0.3657 0.3431 0.2912 
      H374.3 11 0.3472 0.3151 0.3377 
      H376.1 11 0.2066 0.3511 0.4424 
      H381.1 11 0.1070 0.5384 0.3546 
      H386.5 11 0.0780 0.2486 0.6734 
 H387.5_2001 11 0.4888 0.3387 0.1725 
      H387.9 11 0.1903 0.5256 0.2841 
      H392.6 11 0.2892 0.2126 0.4982 
 H393.4_2001 11 0.0943 0.5952 0.3105 
 H393.4_2002 11 0.1464 0.6229 0.2307 
      H394.5 11 0.0952 0.5991 0.3057 
      H412.9 11 0.7501 0.1079 0.1420 
      H439.5 11 0.4429 0.2112 0.3459 
 H441.6_2004 11 0.5386 0.2963 0.1651 
 H441.7_2005 11 0.1336 0.4590 0.4075 
 H442.6_2004 11 0.6056 0.2287 0.1657 
      H442.9 11 0.2680 0.3469 0.3852 
      H446.6 11 0.4392 0.4153 0.1455 
      H447.7 11 0.2799 0.3759 0.3442 
      H448.2 11 0.5711 0.3295 0.0995 
      H586.2 11 0.0889 0.2595 0.6515 
     H590.10 11 0.0788 0.3816 0.5396 
      H610.7 11 0.2533 0.4027 0.3440 
      H611.4 11 0.0952 0.2944 0.6104 
 H7379.2_200 11 0.1656 0.1804 0.6541 
 H7379.4_200 11 0.1787 0.1998 0.6215 
      H741.1 11 0.1679 0.5522 0.2799 
      H927.3 11 0.0875 0.3819 0.5306 
      H928.4 11 0.2211 0.4067 0.3722 
     H9560.4 11 0.7626 0.1692 0.0682 
    Rad451.3 11 0.1268 0.1445 0.7287 
      H409.8 12 0.3599 0.1768 0.4632 
      H413.2 12 0.3038 0.5230 0.1732 
      H563.3 12 0.3117 0.4072 0.2811 
     H7374.6 12 0.1018 0.1946 0.7036 
     H9563.8 12 0.5187 0.2664 0.2149 
     H9572.4 12 0.1627 0.3714 0.4659 
