      H105.4  1 0.2675 0.2464 0.2222 0.0120 0.2520 
      H115.3  1 0.2979 0.1420 0.3428 0.0266 0.1907 
      H145.1  1 0.0938 0.1905 0.6054 0.0076 0.1027 
      H149.6  1 0.1182 0.2228 0.3851 0.0976 0.1763 
      H150.1  1 0.2773 0.1877 0.3640 0.0065 0.1645 
   H169607.8  1 0.2846 0.0775 0.3906 0.0113 0.2361 
   H169633.5  1 0.0696 0.1883 0.6187 0.0199 0.1035 
   H169688.2  1 0.3351 0.1214 0.0589 0.0114 0.4731 
   H171901.5  1 0.1558 0.1762 0.3905 0.0117 0.2659 
   H171902.3  1 0.2854 0.0845 0.2780 0.0214 0.3307 
   H171903.5  1 0.2431 0.1557 0.2917 0.0611 0.2484 
      H177.6  1 0.1391 0.1133 0.4847 0.0477 0.2152 
      H179.1  1 0.1812 0.2000 0.3196 0.0132 0.2859 
      H180.2  1 0.3868 0.1376 0.1311 0.0175 0.3270 
      H181.7  1 0.1265 0.0583 0.5343 0.0102 0.2708 
 H194.6_2004  1 0.2637 0.2064 0.2874 0.0431 0.1994 
 H195.3_2003  1 0.2395 0.2767 0.1823 0.0066 0.2949 
 H195.3_2004  1 0.1087 0.2153 0.4373 0.0223 0.2164 
      H415.5  1 0.1341 0.2085 0.2976 0.0613 0.2985 
      H506.5  1 0.1234 0.1047 0.4730 0.0076 0.2913 
      H533.4  1 0.1406 0.0422 0.6149 0.0080 0.1943 
      H535.1  1 0.1840 0.1887 0.3919 0.0451 0.1902 
      H539.5  1 0.2220 0.1449 0.4188 0.0100 0.2043 
      H540.7  1 0.1534 0.2819 0.4075 0.0214 0.1359 
     H9558.1  1 0.2136 0.1701 0.3562 0.0056 0.2546 
    kos339.2  1 0.1688 0.1531 0.4776 0.0104 0.1901 
      H008.9  2 0.1297 0.2739 0.4179 0.0093 0.1692 
 H029.5_2002  2 0.3390 0.2300 0.0902 0.0098 0.3311 
 H029.5_2003  2 0.3270 0.2002 0.0557 0.0063 0.4108 
      H030.1  2 0.5272 0.1297 0.0906 0.0287 0.2237 
      H038.4  2 0.2968 0.1114 0.2746 0.0092 0.3080 
      H041.2  2 0.1760 0.4001 0.1443 0.0088 0.2708 
 H042.3_2003  2 0.2161 0.3805 0.1258 0.0165 0.2612 
 H042.4_2002  2 0.2104 0.5208 0.0611 0.0501 0.1576 
   H042_2002  2 0.1280 0.4167 0.2618 0.0102 0.1832 
   H042_2003  2 0.1561 0.3879 0.2506 0.0088 0.1965 
      H043.7  2 0.2965 0.1236 0.3266 0.0079 0.2454 
      H047.6  2 0.2525 0.2751 0.0920 0.0172 0.3632 
 H071.1_2003  2 0.4509 0.1377 0.1971 0.0060 0.2083 
 H071.5_2002  2 0.5357 0.0761 0.1123 0.0177 0.2582 
 H081.3_2003  2 0.2584 0.2035 0.2457 0.0227 0.2697 
      H081.7  2 0.4302 0.0809 0.2918 0.0110 0.1861 
      H083.1  2 0.4499 0.0932 0.1078 0.0168 0.3324 
      H084.5  2 0.2477 0.1751 0.1922 0.0552 0.3297 
 H085.1_2003  2 0.4676 0.0776 0.1923 0.0135 0.2490 
 H085.5_2002  2 0.3899 0.1848 0.2149 0.0175 0.1930 
      H088.7  2 0.2472 0.4047 0.0830 0.0136 0.2515 
      H091.1  2 0.4820 0.1461 0.0483 0.0072 0.3163 
      H109.6  2 0.1602 0.2175 0.3677 0.0270 0.2276 
      H126.2  2 0.2570 0.1053 0.2729 0.0118 0.3531 
      H130.3  2 0.4060 0.1040 0.0600 0.0139 0.4161 
      H133.1  2 0.2555 0.1386 0.1444 0.0101 0.4515 
      H147.4  2 0.4418 0.0658 0.2119 0.0070 0.2735 
      H148.6  2 0.1088 0.3228 0.4289 0.0382 0.1014 
   H166022.2  2 0.3635 0.1701 0.1537 0.0477 0.2651 
   H167397.3  2 0.1367 0.2102 0.3127 0.0119 0.3284 
   H167496.6  2 0.4645 0.1703 0.0923 0.0084 0.2645 
   H167513.8  2 0.2744 0.1125 0.1926 0.0377 0.3827 
   H167547.4  2 0.3729 0.1531 0.1321 0.0306 0.3113 
   H169750.2  2 0.4066 0.2279 0.1389 0.0081 0.2186 
   H171929.2  2 0.2409 0.2584 0.1291 0.1618 0.2098 
   H171930.8  2 0.2185 0.3495 0.1517 0.0257 0.2546 
   H171933.7  2 0.3927 0.2531 0.1190 0.0119 0.2233 
      H190.6  2 0.1780 0.2836 0.1235 0.3221 0.0928 
      H400.4  2 0.3215 0.2625 0.0712 0.0124 0.3324 
 H428.2_2006  2 0.4318 0.0469 0.1162 0.0259 0.3793 
 H428.6_2005  2 0.1811 0.1721 0.4345 0.0302 0.1822 
      H453.3  2 0.5774 0.0974 0.0935 0.0126 0.2190 
     H512.10  2 0.3699 0.0660 0.1477 0.0103 0.4061 
      H513.2  2 0.3070 0.3031 0.0897 0.0182 0.2820 
      H532.3  2 0.4226 0.1653 0.0800 0.0854 0.2468 
      H543.8  2 0.1746 0.0871 0.4483 0.0109 0.2790 
 H545.1_2005  2 0.1312 0.0171 0.4758 0.0058 0.3700 
 H545.3_2006  2 0.1454 0.0128 0.5164 0.0063 0.3192 
      H547.7  2 0.4227 0.1401 0.0868 0.0203 0.3301 
      H548.3  2 0.1246 0.0281 0.5399 0.0046 0.3027 
     H7389.1  2 0.2867 0.2981 0.1091 0.0094 0.2967 
      H747.2  2 0.1610 0.1990 0.1013 0.2732 0.2655 
     H7484.8  2 0.2233 0.2252 0.3286 0.0159 0.2071 
     H7485.6  2 0.1103 0.0719 0.5697 0.0150 0.2331 
     H7496.6  2 0.4398 0.2170 0.0807 0.0102 0.2523 
        UNK9  2 0.3803 0.2419 0.1080 0.0152 0.2547 
      H009.6  4 0.1194 0.4051 0.3029 0.0078 0.1649 
      H046.4  4 0.1923 0.2551 0.2993 0.0405 0.2127 
 H076.2_2004  4 0.2467 0.2291 0.1348 0.1715 0.2179 
 H076.5_2002  4 0.1856 0.6051 0.0402 0.0161 0.1530 
 H076.6_2003  4 0.0545 0.8554 0.0274 0.0085 0.0542 
      H477.6  4 0.3546 0.1639 0.1797 0.0198 0.2819 
 H479.4_2006  4 0.3378 0.0481 0.3053 0.0111 0.2977 
 H479.8_2005  4 0.3742 0.0661 0.3103 0.0089 0.2405 
      H516.4  4 0.2640 0.0845 0.3145 0.0362 0.3009 
      H646.2  4 0.2940 0.1262 0.0771 0.0178 0.4849 
      H658.6  4 0.2665 0.1429 0.3305 0.0183 0.2418 
      H682.1  4 0.3104 0.3033 0.1622 0.0265 0.1977 
      H720.4  4 0.2430 0.2485 0.0938 0.0405 0.3742 
      H724.6  4 0.1205 0.6651 0.0665 0.0097 0.1383 
      H725.5  4 0.3784 0.2942 0.1118 0.0176 0.1980 
      H726.2  4 0.1987 0.2193 0.1617 0.1547 0.2656 
      H016.4  5 0.2299 0.1338 0.2913 0.0084 0.3366 
 H017.1_2002  5 0.1970 0.1925 0.3325 0.0498 0.2281 
 H017.5_2003  5 0.3581 0.0945 0.2976 0.0119 0.2380 
      H032.3  5 0.3211 0.1547 0.1275 0.0092 0.3876 
 H034.4_2002  5 0.1047 0.6076 0.1831 0.0250 0.0797 
 H034.5_2003  5 0.1507 0.2423 0.4543 0.0180 0.1347 
      H048.4  5 0.3444 0.2139 0.1286 0.0201 0.2930 
      H060.1  5 0.2010 0.0567 0.4168 0.0074 0.3181 
 H070.3_2002  5 0.1223 0.2613 0.4466 0.0074 0.1624 
 H070.4_2004  5 0.1955 0.3684 0.3073 0.0082 0.1206 
 H070.5_2003  5 0.1326 0.2977 0.4721 0.0061 0.0916 
      H077.4  5 0.1493 0.0604 0.6226 0.0153 0.1524 
      H097.6  5 0.4648 0.1447 0.0515 0.0126 0.3264 
      H124.5  5 0.2135 0.2130 0.2412 0.0083 0.3239 
      H132.5  5 0.1595 0.3233 0.1801 0.0099 0.3273 
      H155.7  5 0.1202 0.3447 0.3071 0.0321 0.1958 
      H169.2  5 0.1645 0.0838 0.5037 0.0135 0.2346 
      H457.8  5 0.4710 0.0591 0.1548 0.0153 0.2999 
      H462.4  5 0.1624 0.2785 0.3884 0.0641 0.1066 
      H481.8  5 0.2501 0.2761 0.2494 0.0112 0.2132 
      H509.4  5 0.3027 0.4469 0.0558 0.0298 0.1648 
      H567.2  5 0.2024 0.4639 0.1716 0.0144 0.1476 
      H608.4  5 0.3055 0.1337 0.1216 0.0075 0.4317 
      H615.4  5 0.2113 0.3230 0.2545 0.0126 0.1987 
      H635.4  5 0.2722 0.1632 0.2273 0.0598 0.2775 
      H728.5  5 0.1884 0.0388 0.5465 0.0128 0.2134 
 H7395.1_200  5 0.2889 0.1329 0.2533 0.1008 0.2240 
     H7395.5  5 0.2296 0.0315 0.4437 0.0295 0.2657 
      H742.2  5 0.1628 0.3001 0.3087 0.0281 0.2003 
      H958.3  5 0.2447 0.4526 0.1502 0.0085 0.1439 
      H452.9 10 0.0632 0.8699 0.0298 0.0052 0.0320 
      H473.5 10 0.2330 0.0564 0.0915 0.0050 0.6141 
      H487.5 10 0.0479 0.8347 0.0212 0.0550 0.0412 
     H703.10 10 0.3288 0.1351 0.3329 0.0286 0.1746 
      H705.2 10 0.2668 0.4622 0.1114 0.0245 0.1351 
     H7352.5 10 0.1219 0.1491 0.2496 0.0185 0.4609 
     H7354.1 10 0.2104 0.1283 0.3273 0.0699 0.2641 
     H7359.1 10 0.1609 0.2462 0.3100 0.0539 0.2290 
      H909.8 10 0.1519 0.1724 0.4201 0.1214 0.1342 
     H9555.3 10 0.0500 0.8617 0.0197 0.0299 0.0386 
     H9703.4 10 0.2281 0.1261 0.0723 0.4585 0.1150 
     H9707.6 10 0.2790 0.4496 0.0889 0.0153 0.1672 
     HSAA4.2 10 0.0327 0.7807 0.0186 0.1297 0.0384 
   saaRTON.1 10 0.0077 0.0071 0.0072 0.9700 0.0080 
  saaRTON.10 10 0.0112 0.0123 0.0105 0.9508 0.0151 
   saaRTON.2 10 0.0074 0.0059 0.0077 0.9724 0.0066 
   saaRTON.3 10 0.0080 0.0102 0.0097 0.9623 0.0098 
   saaRTON.4 10 0.0065 0.0062 0.0056 0.9760 0.0057 
   saaRTON.5 10 0.0058 0.0064 0.0064 0.9745 0.0070 
   saaRTON.6 10 0.0076 0.0085 0.0074 0.9683 0.0082 
   saaRTON.7 10 0.0146 0.0151 0.0101 0.9495 0.0108 
   saaRTON.8 10 0.0065 0.0071 0.0079 0.9723 0.0062 
   saaRTON.9 10 0.0048 0.0048 0.0049 0.9807 0.0048 
      H005.8 11 0.2200 0.0937 0.3630 0.0154 0.3078 
      H031.2 11 0.2456 0.2574 0.2357 0.0203 0.2411 
      H136.1 11 0.2926 0.2232 0.1918 0.0163 0.2762 
      H153.4 11 0.2099 0.1842 0.2089 0.1568 0.2403 
      H167.1 11 0.2748 0.1358 0.2314 0.0073 0.3509 
      H173.1 11 0.2001 0.1559 0.4047 0.0142 0.2251 
 H194.8_2003 11 0.1392 0.5686 0.1245 0.0522 0.1154 
      H196.6 11 0.0530 0.8481 0.0281 0.0177 0.0531 
 H356.5_2002 11 0.4805 0.0983 0.1121 0.0206 0.2885 
 H356.6_2001 11 0.4938 0.1075 0.0828 0.1028 0.2131 
      H360.6 11 0.4274 0.2334 0.1041 0.0151 0.2200 
 H369.1_2001 11 0.1532 0.2638 0.4791 0.0067 0.0972 
      H369.4 11 0.2876 0.1579 0.3638 0.0183 0.1724 
      H374.3 11 0.1485 0.1029 0.5473 0.0242 0.1770 
      H376.1 11 0.3874 0.1738 0.0984 0.0109 0.3295 
      H381.1 11 0.1649 0.1339 0.4772 0.0117 0.2123 
      H386.5 11 0.1115 0.0578 0.5440 0.0101 0.2766 
 H387.5_2001 11 0.3702 0.1135 0.0863 0.0587 0.3713 
      H387.9 11 0.3585 0.0666 0.1856 0.0242 0.3652 
      H392.6 11 0.1976 0.0804 0.2405 0.0209 0.4606 
 H393.4_2001 11 0.2915 0.0763 0.2499 0.0180 0.3643 
 H393.4_2002 11 0.2611 0.1260 0.3252 0.0350 0.2527 
      H394.5 11 0.3833 0.1330 0.2895 0.0107 0.1836 
      H412.9 11 0.1572 0.1880 0.2376 0.1920 0.2252 
      H439.5 11 0.2137 0.2155 0.2946 0.0715 0.2046 
 H441.6_2004 11 0.0752 0.7914 0.0412 0.0088 0.0834 
 H441.7_2005 11 0.1590 0.2649 0.3784 0.0146 0.1831 
 H442.6_2004 11 0.1674 0.4678 0.1433 0.0448 0.1768 
      H442.9 11 0.2667 0.2001 0.2627 0.0255 0.2450 
      H446.6 11 0.1783 0.4929 0.1344 0.0179 0.1765 
      H447.7 11 0.3087 0.1933 0.2350 0.0219 0.2412 
      H448.2 11 0.0930 0.6801 0.0968 0.0130 0.1172 
      H586.2 11 0.2827 0.0427 0.3070 0.0199 0.3478 
     H590.10 11 0.3114 0.0558 0.2259 0.0144 0.3924 
      H610.7 11 0.2816 0.3715 0.1020 0.0190 0.2259 
      H611.4 11 0.1750 0.1281 0.4692 0.0085 0.2192 
 H7379.2_200 11 0.1871 0.2144 0.2817 0.0459 0.2709 
 H7379.4_200 11 0.1314 0.2085 0.4310 0.0218 0.2073 
      H741.1 11 0.2987 0.0921 0.2472 0.0150 0.3471 
      H927.3 11 0.2651 0.1916 0.2513 0.0061 0.2859 
      H928.4 11 0.3113 0.1662 0.1113 0.0413 0.3699 
     H9560.4 11 0.1591 0.2348 0.1657 0.3053 0.1350 
    Rad451.3 11 0.1548 0.1556 0.4340 0.0113 0.2443 
      H409.8 12 0.1577 0.3968 0.1699 0.0112 0.2645 
      H413.2 12 0.1832 0.4614 0.1070 0.0343 0.2141 
      H563.3 12 0.1480 0.5252 0.1835 0.0131 0.1303 
     H7374.6 12 0.1304 0.1600 0.3810 0.0134 0.3152 
     H9563.8 12 0.2884 0.3169 0.0659 0.1100 0.2188 
     H9572.4 12 0.2166 0.0925 0.3959 0.0189 0.2762 
