      H105.4  1 0.1553 0.1701 0.1927 0.1531 0.0090 0.2149 0.1048 
      H115.3  1 0.1079 0.1371 0.0961 0.1682 0.0213 0.1702 0.2992 
      H145.1  1 0.1725 0.1824 0.0482 0.1024 0.0063 0.0510 0.4371 
      H149.6  1 0.2024 0.1868 0.1076 0.0797 0.0838 0.1164 0.2234 
      H150.1  1 0.1444 0.1619 0.0454 0.2418 0.0075 0.1175 0.2815 
   H169607.8  1 0.1756 0.1789 0.1823 0.0917 0.0075 0.2033 0.1606 
   H169633.5  1 0.2026 0.1702 0.0528 0.1035 0.0165 0.0760 0.3784 
   H169688.2  1 0.2275 0.1884 0.2074 0.0329 0.0096 0.2601 0.0741 
   H171901.5  1 0.2096 0.1500 0.1938 0.0487 0.0077 0.1390 0.2511 
   H171902.3  1 0.2728 0.1796 0.1860 0.0384 0.0147 0.1936 0.1149 
   H171903.5  1 0.2404 0.1449 0.1274 0.0809 0.0522 0.1396 0.2146 
      H177.6  1 0.2172 0.1972 0.1154 0.0286 0.0420 0.1186 0.2810 
      H179.1  1 0.1551 0.2232 0.1233 0.0751 0.0107 0.2117 0.2009 
      H180.2  1 0.2612 0.1069 0.1647 0.0513 0.0165 0.3349 0.0645 
      H181.7  1 0.3105 0.1040 0.1074 0.0487 0.0095 0.1383 0.2816 
 H194.6_2004  1 0.2312 0.1762 0.2409 0.1155 0.0328 0.1272 0.0762 
 H195.3_2003  1 0.2191 0.1781 0.1350 0.1624 0.0058 0.1762 0.1233 
 H195.3_2004  1 0.2324 0.2020 0.1025 0.0880 0.0145 0.0999 0.2607 
      H415.5  1 0.2373 0.1666 0.0860 0.0842 0.0669 0.1345 0.2245 
      H506.5  1 0.2303 0.2065 0.0811 0.0324 0.0061 0.1374 0.3062 
      H533.4  1 0.1898 0.2083 0.0547 0.0163 0.0081 0.1135 0.4093 
      H535.1  1 0.2868 0.2152 0.1245 0.0548 0.0413 0.1462 0.1312 
      H539.5  1 0.0470 0.2053 0.0696 0.3016 0.0084 0.0973 0.2708 
      H540.7  1 0.1769 0.1273 0.0874 0.2842 0.0171 0.1005 0.2065 
     H9558.1  1 0.1438 0.2069 0.1306 0.1420 0.0056 0.1105 0.2606 
    kos339.2  1 0.1623 0.1366 0.1397 0.0538 0.0113 0.1822 0.3142 
      H008.9  2 0.1654 0.1570 0.1432 0.1750 0.0083 0.1679 0.1833 
 H029.5_2002  2 0.0860 0.1817 0.0991 0.1043 0.0081 0.3360 0.1848 
 H029.5_2003  2 0.1988 0.1787 0.1067 0.0585 0.0062 0.3280 0.1230 
      H030.1  2 0.1120 0.0683 0.3427 0.0374 0.0296 0.2891 0.1209 
      H038.4  2 0.1128 0.1591 0.0810 0.0582 0.0107 0.3228 0.2554 
      H041.2  2 0.0608 0.1480 0.1494 0.2280 0.0068 0.2555 0.1516 
 H042.3_2003  2 0.1781 0.1949 0.2047 0.1614 0.0131 0.1612 0.0866 
 H042.4_2002  2 0.1188 0.1518 0.1927 0.3348 0.0438 0.1213 0.0368 
   H042_2002  2 0.0790 0.1456 0.0497 0.4753 0.0086 0.0824 0.1594 
   H042_2003  2 0.0947 0.1596 0.0645 0.4494 0.0072 0.0796 0.1448 
      H043.7  2 0.0933 0.1703 0.0977 0.2010 0.0057 0.1207 0.3113 
      H047.6  2 0.1513 0.2479 0.0954 0.1482 0.0151 0.1796 0.1625 
 H071.1_2003  2 0.0621 0.0783 0.2780 0.1602 0.0044 0.2294 0.1875 
 H071.5_2002  2 0.1203 0.1033 0.2071 0.1925 0.0167 0.1885 0.1716 
 H081.3_2003  2 0.2161 0.1380 0.1324 0.1143 0.0192 0.1546 0.2254 
      H081.7  2 0.0838 0.0878 0.2125 0.1367 0.0081 0.2900 0.1812 
      H083.1  2 0.1619 0.0934 0.3252 0.1020 0.0156 0.1926 0.1092 
      H084.5  2 0.2573 0.1360 0.1320 0.1306 0.0368 0.1567 0.1505 
 H085.1_2003  2 0.0956 0.0864 0.2652 0.0660 0.0098 0.3709 0.1062 
 H085.5_2002  2 0.0944 0.1077 0.2594 0.1540 0.0147 0.2263 0.1434 
      H088.7  2 0.1255 0.1612 0.1449 0.1834 0.0115 0.2518 0.1217 
      H091.1  2 0.0971 0.1038 0.4852 0.0119 0.0070 0.2821 0.0129 
      H109.6  2 0.1933 0.1869 0.0642 0.0738 0.0320 0.1168 0.3329 
      H126.2  2 0.3282 0.0956 0.1118 0.1365 0.0095 0.1640 0.1544 
      H130.3  2 0.2147 0.1978 0.2586 0.0273 0.0145 0.2451 0.0420 
      H133.1  2 0.1671 0.2450 0.1149 0.0644 0.0097 0.1400 0.2589 
      H147.4  2 0.0731 0.0732 0.2872 0.0887 0.0069 0.3421 0.1288 
      H148.6  2 0.1370 0.1920 0.0988 0.2318 0.0289 0.1261 0.1854 
   H166022.2  2 0.1832 0.1152 0.3547 0.0900 0.0411 0.1674 0.0485 
   H167397.3  2 0.1205 0.2525 0.0865 0.0763 0.0137 0.1028 0.3475 
   H167496.6  2 0.0544 0.0648 0.4432 0.0492 0.0058 0.3496 0.0330 
   H167513.8  2 0.1803 0.1895 0.0984 0.0747 0.0305 0.1637 0.2630 
   H167547.4  2 0.1639 0.1550 0.3430 0.0631 0.0237 0.2018 0.0495 
   H169750.2  2 0.0944 0.1027 0.3078 0.1040 0.0066 0.2887 0.0958 
   H171929.2  2 0.2029 0.1744 0.1355 0.1500 0.1271 0.1098 0.1004 
   H171930.8  2 0.2228 0.1050 0.1641 0.2336 0.0193 0.1646 0.0906 
   H171933.7  2 0.1681 0.1354 0.3043 0.1316 0.0101 0.1610 0.0894 
      H190.6  2 0.0821 0.1511 0.1570 0.1446 0.2885 0.1253 0.0514 
      H400.4  2 0.1432 0.1330 0.2196 0.0634 0.0104 0.3509 0.0794 
 H428.2_2006  2 0.1781 0.1168 0.2644 0.0823 0.0244 0.2050 0.1289 
 H428.6_2005  2 0.2045 0.2050 0.1576 0.1158 0.0235 0.1255 0.1681 
      H453.3  2 0.1672 0.1096 0.4352 0.0308 0.0106 0.1963 0.0504 
     H512.10  2 0.1858 0.1612 0.2473 0.0338 0.0078 0.2055 0.1586 
      H513.2  2 0.1658 0.1422 0.3241 0.1834 0.0132 0.1365 0.0348 
      H532.3  2 0.1247 0.0888 0.3674 0.0747 0.0728 0.2224 0.0492 
      H543.8  2 0.1282 0.2517 0.0686 0.0627 0.0106 0.1449 0.3333 
 H545.1_2005  2 0.0459 0.2823 0.0274 0.0345 0.0048 0.0366 0.5684 
 H545.3_2006  2 0.0462 0.2926 0.0255 0.0355 0.0057 0.0318 0.5628 
      H547.7  2 0.0983 0.0820 0.4368 0.0308 0.0178 0.3002 0.0341 
      H548.3  2 0.0861 0.2660 0.0241 0.0356 0.0047 0.0459 0.5377 
     H7389.1  2 0.2121 0.1952 0.2169 0.1441 0.0110 0.1706 0.0501 
      H747.2  2 0.1846 0.1684 0.1056 0.0648 0.2808 0.1067 0.0890 
     H7484.8  2 0.1744 0.1927 0.1598 0.1759 0.0162 0.1500 0.1310 
     H7485.6  2 0.0609 0.2057 0.0313 0.0655 0.0173 0.0561 0.5631 
     H7496.6  2 0.0325 0.0503 0.4910 0.0345 0.0077 0.3615 0.0226 
        UNK9  2 0.1136 0.1197 0.3026 0.0899 0.0124 0.2662 0.0955 
      H009.6  4 0.1977 0.1046 0.1100 0.3011 0.0064 0.1036 0.1766 
      H046.4  4 0.1621 0.1410 0.1692 0.1826 0.0356 0.1394 0.1700 
 H076.2_2004  4 0.1920 0.1365 0.1445 0.1728 0.1319 0.1679 0.0543 
 H076.5_2002  4 0.1641 0.1411 0.0948 0.4825 0.0142 0.0785 0.0248 
 H076.6_2003  4 0.1324 0.1597 0.0598 0.5742 0.0053 0.0453 0.0233 
      H477.6  4 0.1599 0.1696 0.2825 0.1003 0.0202 0.2175 0.0501 
 H479.4_2006  4 0.1515 0.1710 0.1976 0.0432 0.0087 0.2657 0.1624 
 H479.8_2005  4 0.1457 0.1653 0.2287 0.0275 0.0081 0.1949 0.2298 
      H516.4  4 0.2813 0.1512 0.1302 0.0583 0.0321 0.1433 0.2036 
      H646.2  4 0.3003 0.1763 0.2181 0.0458 0.0107 0.2076 0.0413 
      H658.6  4 0.2413 0.1542 0.1937 0.0359 0.0204 0.1602 0.1943 
      H682.1  4 0.1197 0.1440 0.3015 0.1150 0.0239 0.2219 0.0739 
      H720.4  4 0.2546 0.1499 0.1692 0.1603 0.0414 0.1742 0.0504 
      H724.6  4 0.1319 0.1617 0.0618 0.5319 0.0072 0.0600 0.0456 
      H725.5  4 0.0571 0.1007 0.4428 0.0462 0.0125 0.3133 0.0274 
      H726.2  4 0.2457 0.0988 0.2619 0.0573 0.1356 0.1230 0.0777 
      H016.4  5 0.2480 0.1584 0.0818 0.0735 0.0062 0.1451 0.2871 
 H017.1_2002  5 0.2091 0.2072 0.1091 0.1102 0.0438 0.1107 0.2098 
 H017.5_2003  5 0.2019 0.1874 0.1682 0.0845 0.0097 0.1360 0.2122 
      H032.3  5 0.1753 0.1897 0.2346 0.0278 0.0076 0.2661 0.0988 
 H034.4_2002  5 0.1099 0.1188 0.0716 0.5526 0.0227 0.0700 0.0545 
 H034.5_2003  5 0.1982 0.1588 0.1097 0.1338 0.0174 0.1202 0.2620 
      H048.4  5 0.1725 0.1817 0.1969 0.0806 0.0136 0.2775 0.0773 
      H060.1  5 0.1506 0.2670 0.0770 0.0993 0.0075 0.0994 0.2992 
 H070.3_2002  5 0.1567 0.1405 0.0681 0.2593 0.0072 0.1409 0.2274 
 H070.4_2004  5 0.1467 0.0983 0.1131 0.3501 0.0079 0.1085 0.1755 
 H070.5_2003  5 0.1352 0.1248 0.0545 0.2810 0.0051 0.1067 0.2926 
      H077.4  5 0.1939 0.2075 0.1026 0.0838 0.0175 0.0867 0.3079 
      H097.6  5 0.1538 0.0991 0.3966 0.0475 0.0108 0.2579 0.0343 
      H124.5  5 0.2171 0.1371 0.1369 0.0393 0.0073 0.2791 0.1833 
      H132.5  5 0.1318 0.2031 0.1056 0.1985 0.0090 0.1471 0.2049 
      H155.7  5 0.0776 0.1806 0.0805 0.4381 0.0251 0.0857 0.1125 
      H169.2  5 0.2433 0.1616 0.0817 0.0518 0.0120 0.0679 0.3818 
      H457.8  5 0.2139 0.1480 0.2906 0.0234 0.0094 0.2335 0.0812 
      H462.4  5 0.1026 0.1624 0.0649 0.3171 0.0733 0.0920 0.1877 
      H481.8  5 0.1151 0.0893 0.2333 0.2317 0.0113 0.1674 0.1518 
      H509.4  5 0.0869 0.0965 0.3129 0.1902 0.0227 0.2628 0.0280 
      H567.2  5 0.1081 0.0868 0.1580 0.4170 0.0097 0.1542 0.0662 
      H608.4  5 0.1723 0.2214 0.2059 0.0433 0.0069 0.2820 0.0683 
      H615.4  5 0.1581 0.1150 0.1200 0.2873 0.0096 0.1453 0.1647 
      H635.4  5 0.1711 0.1376 0.1111 0.1354 0.0580 0.1384 0.2483 
      H728.5  5 0.2461 0.1601 0.0762 0.0323 0.0097 0.1415 0.3340 
 H7395.1_200  5 0.1625 0.1339 0.1828 0.0826 0.0983 0.1717 0.1683 
     H7395.5  5 0.2627 0.1465 0.1425 0.0296 0.0217 0.1295 0.2675 
      H742.2  5 0.2170 0.1545 0.1470 0.1793 0.0283 0.1273 0.1465 
      H958.3  5 0.1515 0.1892 0.2713 0.2053 0.0089 0.1520 0.0217 
      H452.9 10 0.1240 0.1423 0.0509 0.6182 0.0044 0.0304 0.0299 
      H473.5 10 0.2409 0.1965 0.1149 0.0203 0.0047 0.1893 0.2335 
      H487.5 10 0.1412 0.1560 0.0376 0.5674 0.0513 0.0235 0.0229 
     H703.10 10 0.1645 0.1430 0.2044 0.1128 0.0212 0.1462 0.2078 
      H705.2 10 0.1600 0.1737 0.2194 0.2161 0.0171 0.1201 0.0936 
     H7352.5 10 0.1773 0.2751 0.0642 0.0483 0.0179 0.0800 0.3372 
     H7354.1 10 0.1969 0.1541 0.1928 0.0747 0.0597 0.1865 0.1353 
     H7359.1 10 0.1776 0.1461 0.1093 0.1389 0.0565 0.1814 0.1902 
      H909.8 10 0.1860 0.1723 0.1400 0.1173 0.0934 0.0866 0.2043 
     H9555.3 10 0.1025 0.1633 0.0675 0.5922 0.0244 0.0332 0.0168 
     H9703.4 10 0.0848 0.1106 0.1373 0.0599 0.4085 0.1144 0.0845 
     H9707.6 10 0.1598 0.1739 0.2084 0.2379 0.0132 0.1340 0.0729 
     HSAA4.2 10 0.0863 0.1553 0.0671 0.5531 0.0917 0.0342 0.0124 
   saaRTON.1 10 0.0070 0.0058 0.0073 0.0065 0.9606 0.0066 0.0062 
  saaRTON.10 10 0.0126 0.0120 0.0141 0.0139 0.9284 0.0101 0.0090 
   saaRTON.2 10 0.0055 0.0065 0.0064 0.0060 0.9632 0.0069 0.0054 
   saaRTON.3 10 0.0089 0.0098 0.0084 0.0115 0.9433 0.0088 0.0093 
   saaRTON.4 10 0.0064 0.0047 0.0053 0.0067 0.9649 0.0059 0.0061 
   saaRTON.5 10 0.0065 0.0056 0.0056 0.0074 0.9637 0.0055 0.0057 
   saaRTON.6 10 0.0068 0.0059 0.0069 0.0073 0.9598 0.0074 0.0060 
   saaRTON.7 10 0.0091 0.0116 0.0107 0.0124 0.9339 0.0138 0.0084 
   saaRTON.8 10 0.0057 0.0066 0.0057 0.0055 0.9648 0.0062 0.0055 
   saaRTON.9 10 0.0046 0.0044 0.0046 0.0046 0.9731 0.0045 0.0041 
      H005.8 11 0.2049 0.1913 0.1540 0.0522 0.0129 0.1568 0.2279 
      H031.2 11 0.1561 0.1568 0.1843 0.1460 0.0164 0.2014 0.1390 
      H136.1 11 0.2544 0.1400 0.1845 0.1553 0.0153 0.1786 0.0720 
      H153.4 11 0.2437 0.1437 0.1304 0.1331 0.1090 0.1733 0.0668 
      H167.1 11 0.1778 0.1445 0.1352 0.1008 0.0061 0.2882 0.1475 
      H173.1 11 0.2226 0.1772 0.2478 0.0378 0.0115 0.1219 0.1812 
 H194.8_2003 11 0.1273 0.1309 0.0887 0.4332 0.0406 0.0890 0.0904 
      H196.6 11 0.1146 0.1454 0.0505 0.6330 0.0152 0.0222 0.0190 
 H356.5_2002 11 0.0917 0.0554 0.2554 0.1383 0.0187 0.2128 0.2277 
 H356.6_2001 11 0.0681 0.0615 0.3011 0.1074 0.0804 0.1997 0.1817 
      H360.6 11 0.1101 0.0944 0.3278 0.1011 0.0175 0.2284 0.1206 
 H369.1_2001 11 0.1516 0.1697 0.0834 0.1740 0.0070 0.1397 0.2745 
      H369.4 11 0.1789 0.1974 0.1735 0.1354 0.0144 0.1250 0.1754 
      H374.3 11 0.1605 0.1532 0.0853 0.0956 0.0161 0.1050 0.3843 
      H376.1 11 0.3045 0.1239 0.1620 0.0769 0.0085 0.1712 0.1529 
      H381.1 11 0.1655 0.1198 0.1864 0.1577 0.0105 0.1649 0.1951 
      H386.5 11 0.1257 0.2383 0.0979 0.0464 0.0104 0.1038 0.3774 
 H387.5_2001 11 0.2943 0.0957 0.2947 0.0569 0.0590 0.1523 0.0470 
      H387.9 11 0.2008 0.1331 0.1593 0.0449 0.0221 0.1980 0.2420 
      H392.6 11 0.3006 0.1407 0.1444 0.0542 0.0175 0.1790 0.1637 
 H393.4_2001 11 0.2030 0.1748 0.1158 0.1323 0.0147 0.1532 0.2062 
 H393.4_2002 11 0.1487 0.1824 0.1283 0.1615 0.0252 0.1220 0.2319 
      H394.5 11 0.1798 0.1382 0.1218 0.2048 0.0112 0.1285 0.2157 
      H412.9 11 0.2066 0.1113 0.1330 0.1066 0.1843 0.1567 0.1014 
      H439.5 11 0.1603 0.1438 0.1264 0.1417 0.0544 0.1640 0.2093 
 H441.6_2004 11 0.0996 0.1709 0.0889 0.5627 0.0059 0.0417 0.0304 
 H441.7_2005 11 0.1071 0.1826 0.0593 0.3352 0.0131 0.0994 0.2033 
 H442.6_2004 11 0.1400 0.1488 0.2212 0.2382 0.0450 0.1506 0.0562 
      H442.9 11 0.2239 0.1449 0.2468 0.0788 0.0157 0.1862 0.1038 
      H446.6 11 0.1633 0.1634 0.1365 0.2539 0.0156 0.1552 0.1120 
      H447.7 11 0.1578 0.1821 0.2494 0.0583 0.0252 0.1916 0.1357 
      H448.2 11 0.1333 0.1396 0.0950 0.5001 0.0114 0.0795 0.0411 
      H586.2 11 0.2918 0.1342 0.1434 0.0439 0.0166 0.1636 0.2064 
     H590.10 11 0.1974 0.1497 0.0837 0.1171 0.0121 0.1074 0.3326 
      H610.7 11 0.1813 0.1577 0.2194 0.1682 0.0128 0.1503 0.1103 
      H611.4 11 0.1837 0.2259 0.1057 0.0920 0.0086 0.1839 0.2002 
 H7379.2_200 11 0.1538 0.2271 0.0637 0.1127 0.0416 0.1437 0.2575 
 H7379.4_200 11 0.1302 0.1919 0.0571 0.2425 0.0155 0.1027 0.2602 
      H741.1 11 0.1933 0.1491 0.2519 0.0809 0.0136 0.2317 0.0795 
      H927.3 11 0.1052 0.1793 0.2170 0.0852 0.0055 0.2106 0.1973 
      H928.4 11 0.1789 0.2221 0.2023 0.0647 0.0370 0.2152 0.0798 
     H9560.4 11 0.0866 0.1038 0.1556 0.1810 0.2768 0.1425 0.0537 
    Rad451.3 11 0.2450 0.2492 0.1403 0.0405 0.0090 0.1082 0.2078 
      H409.8 12 0.2251 0.1339 0.1251 0.2722 0.0113 0.1403 0.0921 
      H413.2 12 0.1415 0.2529 0.1358 0.3141 0.0283 0.0949 0.0325 
      H563.3 12 0.1072 0.1363 0.0803 0.5074 0.0113 0.0853 0.0723 
     H7374.6 12 0.3321 0.2164 0.0956 0.0624 0.0132 0.0927 0.1876 
     H9563.8 12 0.1410 0.1640 0.1974 0.1081 0.0875 0.2234 0.0786 
     H9572.4 12 0.1880 0.1749 0.1884 0.0889 0.0142 0.2151 0.1305 
