      H105.4  1 0.2047 0.2606 0.0095 0.5252 
      H115.3  1 0.2727 0.4065 0.0211 0.2997 
      H145.1  1 0.4902 0.2452 0.0059 0.2587 
      H149.6  1 0.3572 0.3335 0.0845 0.2249 
      H150.1  1 0.2824 0.3826 0.0071 0.3279 
   H169607.8  1 0.4351 0.2313 0.0085 0.3251 
   H169633.5  1 0.5626 0.2233 0.0180 0.1961 
   H169688.2  1 0.3364 0.3329 0.0104 0.3202 
   H171901.5  1 0.4207 0.3454 0.0108 0.2231 
   H171902.3  1 0.3752 0.3900 0.0172 0.2175 
   H171903.5  1 0.3638 0.3774 0.0552 0.2036 
      H177.6  1 0.5241 0.2734 0.0493 0.1532 
      H179.1  1 0.4194 0.3398 0.0117 0.2291 
      H180.2  1 0.2523 0.3994 0.0188 0.3294 
      H181.7  1 0.6200 0.2168 0.0092 0.1540 
 H194.6_2004  1 0.2415 0.3402 0.0359 0.3824 
 H195.3_2003  1 0.2245 0.3616 0.0052 0.4087 
 H195.3_2004  1 0.3886 0.3053 0.0221 0.2841 
      H415.5  1 0.3698 0.4131 0.0569 0.1602 
      H506.5  1 0.6178 0.2760 0.0065 0.0996 
      H533.4  1 0.6431 0.2316 0.0094 0.1160 
      H535.1  1 0.3595 0.3380 0.0460 0.2565 
      H539.5  1 0.3027 0.3169 0.0079 0.3725 
      H540.7  1 0.3819 0.2939 0.0204 0.3037 
     H9558.1  1 0.2701 0.4452 0.0067 0.2780 
    kos339.2  1 0.5665 0.2133 0.0105 0.2097 
      H008.9  2 0.3551 0.2810 0.0095 0.3544 
 H029.5_2002  2 0.2903 0.4010 0.0091 0.2996 
 H029.5_2003  2 0.2899 0.4920 0.0054 0.2127 
      H030.1  2 0.2014 0.3622 0.0314 0.4049 
      H038.4  2 0.5278 0.2590 0.0103 0.2029 
      H041.2  2 0.2388 0.4514 0.0082 0.3016 
 H042.3_2003  2 0.2541 0.3849 0.0156 0.3455 
 H042.4_2002  2 0.1450 0.3419 0.0411 0.4720 
   H042_2002  2 0.2949 0.4006 0.0088 0.2956 
   H042_2003  2 0.3199 0.3568 0.0084 0.3149 
      H043.7  2 0.3925 0.2860 0.0064 0.3150 
      H047.6  2 0.3211 0.4198 0.0230 0.2362 
 H071.1_2003  2 0.1958 0.3086 0.0048 0.4908 
 H071.5_2002  2 0.2994 0.2561 0.0176 0.4269 
 H081.3_2003  2 0.3697 0.3264 0.0240 0.2799 
      H081.7  2 0.2987 0.2805 0.0101 0.4107 
      H083.1  2 0.2732 0.2775 0.0162 0.4331 
      H084.5  2 0.3712 0.3645 0.0448 0.2196 
 H085.1_2003  2 0.2432 0.3221 0.0115 0.4233 
 H085.5_2002  2 0.1419 0.3262 0.0127 0.5192 
      H088.7  2 0.2439 0.4142 0.0097 0.3322 
      H091.1  2 0.1416 0.4042 0.0062 0.4479 
      H109.6  2 0.4916 0.3111 0.0311 0.1662 
      H126.2  2 0.3851 0.3260 0.0117 0.2772 
      H130.3  2 0.1980 0.4189 0.0174 0.3657 
      H133.1  2 0.4758 0.3590 0.0099 0.1553 
      H147.4  2 0.2679 0.3014 0.0072 0.4235 
      H148.6  2 0.4148 0.2222 0.0397 0.3233 
   H166022.2  2 0.2119 0.3134 0.0419 0.4329 
   H167397.3  2 0.5339 0.3116 0.0131 0.1414 
   H167496.6  2 0.2049 0.3258 0.0077 0.4616 
   H167513.8  2 0.4631 0.3435 0.0314 0.1619 
   H167547.4  2 0.2275 0.3706 0.0268 0.3750 
   H169750.2  2 0.2812 0.3248 0.0077 0.3863 
   H171929.2  2 0.2715 0.2935 0.1638 0.2712 
   H171930.8  2 0.3573 0.3430 0.0209 0.2788 
   H171933.7  2 0.2084 0.3237 0.0095 0.4585 
      H190.6  2 0.1062 0.2002 0.3370 0.3566 
      H400.4  2 0.2047 0.4605 0.0093 0.3255 
 H428.2_2006  2 0.2625 0.2828 0.0236 0.4311 
 H428.6_2005  2 0.3906 0.2172 0.0229 0.3692 
      H453.3  2 0.1375 0.3638 0.0100 0.4886 
     H512.10  2 0.3652 0.3236 0.0078 0.3034 
      H513.2  2 0.1917 0.2983 0.0142 0.4959 
      H532.3  2 0.1683 0.2778 0.0791 0.4749 
      H543.8  2 0.5965 0.2041 0.0100 0.1895 
 H545.1_2005  2 0.6670 0.2516 0.0052 0.0763 
 H545.3_2006  2 0.6796 0.2564 0.0054 0.0587 
      H547.7  2 0.2125 0.4170 0.0183 0.3522 
      H548.3  2 0.7113 0.2482 0.0043 0.0362 
     H7389.1  2 0.1810 0.3060 0.0094 0.5035 
      H747.2  2 0.2448 0.2982 0.3320 0.1250 
     H7484.8  2 0.3820 0.1903 0.0164 0.4113 
     H7485.6  2 0.6582 0.2283 0.0142 0.0993 
     H7496.6  2 0.1783 0.3631 0.0086 0.4501 
        UNK9  2 0.2977 0.3037 0.0155 0.3831 
      H009.6  4 0.2236 0.3433 0.0084 0.4248 
      H046.4  4 0.2990 0.3321 0.0449 0.3241 
 H076.2_2004  4 0.1718 0.3670 0.1405 0.3206 
 H076.5_2002  4 0.0558 0.3964 0.0182 0.5297 
 H076.6_2003  4 0.0671 0.3939 0.0061 0.5329 
      H477.6  4 0.1995 0.3583 0.0208 0.4214 
 H479.4_2006  4 0.4694 0.2665 0.0104 0.2537 
 H479.8_2005  4 0.4985 0.2172 0.0076 0.2766 
      H516.4  4 0.3901 0.3818 0.0345 0.1935 
      H646.2  4 0.2070 0.4284 0.0135 0.3512 
      H658.6  4 0.3297 0.3417 0.0200 0.3087 
      H682.1  4 0.2543 0.2784 0.0216 0.4457 
      H720.4  4 0.1847 0.4317 0.0416 0.3420 
      H724.6  4 0.1210 0.4209 0.0082 0.4500 
      H725.5  4 0.2186 0.3109 0.0145 0.4560 
      H726.2  4 0.2059 0.3220 0.1223 0.3498 
      H016.4  5 0.5675 0.2683 0.0073 0.1568 
 H017.1_2002  5 0.2291 0.3691 0.0467 0.3551 
 H017.5_2003  5 0.2566 0.3980 0.0081 0.3372 
      H032.3  5 0.3087 0.4218 0.0087 0.2608 
 H034.4_2002  5 0.2461 0.3069 0.0291 0.4180 
 H034.5_2003  5 0.4158 0.2363 0.0131 0.3349 
      H048.4  5 0.3441 0.3817 0.0155 0.2587 
      H060.1  5 0.6171 0.2484 0.0060 0.1285 
 H070.3_2002  5 0.3917 0.3263 0.0072 0.2748 
 H070.4_2004  5 0.2011 0.2935 0.0076 0.4978 
 H070.5_2003  5 0.2722 0.3129 0.0055 0.4094 
      H077.4  5 0.5443 0.2731 0.0190 0.1637 
      H097.6  5 0.2194 0.3953 0.0095 0.3758 
      H124.5  5 0.4036 0.3875 0.0087 0.2002 
      H132.5  5 0.3103 0.4419 0.0090 0.2388 
      H155.7  5 0.3536 0.3259 0.0323 0.2882 
      H169.2  5 0.4865 0.3001 0.0136 0.1997 
      H457.8  5 0.2512 0.3734 0.0142 0.3613 
      H462.4  5 0.2674 0.2796 0.0686 0.3844 
      H481.8  5 0.1810 0.2947 0.0119 0.5125 
      H509.4  5 0.1346 0.3076 0.0279 0.5299 
      H567.2  5 0.1104 0.3378 0.0156 0.5362 
      H608.4  5 0.2497 0.4110 0.0062 0.3332 
      H615.4  5 0.2897 0.2874 0.0161 0.4067 
      H635.4  5 0.4146 0.3187 0.0575 0.2092 
      H728.5  5 0.6720 0.2280 0.0128 0.0872 
 H7395.1_200  5 0.4070 0.2320 0.1232 0.2378 
     H7395.5  5 0.7113 0.1926 0.0287 0.0674 
      H742.2  5 0.3219 0.3078 0.0263 0.3439 
      H958.3  5 0.1578 0.3544 0.0091 0.4788 
      H452.9 10 0.0494 0.3653 0.0059 0.5794 
      H473.5 10 0.3978 0.3416 0.0045 0.2562 
      H487.5 10 0.0367 0.3844 0.0457 0.5332 
     H703.10 10 0.3936 0.2785 0.0233 0.3046 
      H705.2 10 0.1375 0.2938 0.0141 0.5547 
     H7352.5 10 0.4748 0.4156 0.0167 0.0929 
     H7354.1 10 0.3650 0.2596 0.0628 0.3125 
     H7359.1 10 0.3682 0.3293 0.0554 0.2471 
      H909.8 10 0.2764 0.2466 0.1328 0.3443 
     H9555.3 10 0.0334 0.3936 0.0396 0.5334 
     H9703.4 10 0.0820 0.2289 0.4479 0.2412 
     H9707.6 10 0.1973 0.3077 0.0128 0.4823 
     HSAA4.2 10 0.0409 0.3050 0.1494 0.5047 
   saaRTON.1 10 0.0068 0.0061 0.9814 0.0057 
  saaRTON.10 10 0.0091 0.0110 0.9670 0.0129 
   saaRTON.2 10 0.0058 0.0055 0.9806 0.0081 
   saaRTON.3 10 0.0076 0.0107 0.9744 0.0072 
   saaRTON.4 10 0.0053 0.0057 0.9830 0.0060 
   saaRTON.5 10 0.0055 0.0060 0.9826 0.0059 
   saaRTON.6 10 0.0058 0.0071 0.9790 0.0080 
   saaRTON.7 10 0.0117 0.0136 0.9618 0.0129 
   saaRTON.8 10 0.0068 0.0059 0.9811 0.0062 
   saaRTON.9 10 0.0042 0.0048 0.9857 0.0053 
      H005.8 11 0.4404 0.2840 0.0151 0.2606 
      H031.2 11 0.2815 0.3484 0.0163 0.3538 
      H136.1 11 0.2001 0.4135 0.0170 0.3694 
      H153.4 11 0.2031 0.3390 0.1259 0.3319 
      H167.1 11 0.4447 0.2833 0.0063 0.2656 
      H173.1 11 0.3804 0.2202 0.0124 0.3870 
 H194.8_2003 11 0.1932 0.3700 0.0642 0.3726 
      H196.6 11 0.0761 0.3654 0.0265 0.5320 
 H356.5_2002 11 0.2200 0.2992 0.0243 0.4566 
 H356.6_2001 11 0.2067 0.2852 0.1120 0.3961 
      H360.6 11 0.2065 0.2829 0.0159 0.4946 
 H369.1_2001 11 0.4889 0.2199 0.0074 0.2838 
      H369.4 11 0.3324 0.2795 0.0136 0.3745 
      H374.3 11 0.4242 0.2989 0.0195 0.2574 
      H376.1 11 0.3067 0.3800 0.0111 0.3023 
      H381.1 11 0.3656 0.2939 0.0104 0.3301 
      H386.5 11 0.6213 0.2870 0.0110 0.0807 
 H387.5_2001 11 0.1349 0.4210 0.0656 0.3785 
      H387.9 11 0.3374 0.3568 0.0299 0.2759 
      H392.6 11 0.3785 0.4476 0.0210 0.1530 
 H393.4_2001 11 0.2601 0.3071 0.0169 0.4159 
 H393.4_2002 11 0.2509 0.2206 0.0289 0.4996 
      H394.5 11 0.2831 0.3200 0.0090 0.3878 
      H412.9 11 0.2431 0.3021 0.1770 0.2778 
      H439.5 11 0.4476 0.2367 0.0529 0.2628 
 H441.6_2004 11 0.0559 0.3777 0.0081 0.5584 
 H441.7_2005 11 0.4110 0.3238 0.0139 0.2513 
 H442.6_2004 11 0.1767 0.3898 0.0437 0.3897 
      H442.9 11 0.3096 0.3570 0.0218 0.3116 
      H446.6 11 0.2126 0.4328 0.0165 0.3380 
      H447.7 11 0.3448 0.3152 0.0232 0.3168 
      H448.2 11 0.0998 0.3133 0.0155 0.5714 
      H586.2 11 0.5774 0.2636 0.0188 0.1402 
     H590.10 11 0.5161 0.2766 0.0128 0.1945 
      H610.7 11 0.2844 0.3212 0.0165 0.3779 
      H611.4 11 0.4732 0.3203 0.0083 0.1982 
 H7379.2_200 11 0.4485 0.3411 0.0434 0.1671 
 H7379.4_200 11 0.5253 0.3155 0.0210 0.1382 
      H741.1 11 0.2682 0.3819 0.0204 0.3296 
      H927.3 11 0.4050 0.3072 0.0073 0.2806 
      H928.4 11 0.2757 0.3826 0.0371 0.3047 
     H9560.4 11 0.0999 0.3150 0.2838 0.3012 
    Rad451.3 11 0.4839 0.3379 0.0092 0.1690 
      H409.8 12 0.2464 0.4012 0.0117 0.3406 
      H413.2 12 0.1155 0.2682 0.0335 0.5828 
      H563.3 12 0.2528 0.3716 0.0140 0.3616 
     H7374.6 12 0.4620 0.3310 0.0104 0.1966 
     H9563.8 12 0.1735 0.3585 0.1190 0.3490 
     H9572.4 12 0.4508 0.2380 0.0190 0.2922 
