      H105.4  1 0.2960 0.1001 0.1053 0.2059 0.1565 0.0083 0.1278 
      H115.3  1 0.2465 0.0311 0.2970 0.1341 0.1387 0.0192 0.1334 
      H145.1  1 0.0617 0.1321 0.1912 0.1457 0.1713 0.0060 0.2919 
      H149.6  1 0.0344 0.0890 0.1451 0.1848 0.2198 0.0729 0.2541 
      H150.1  1 0.1381 0.0481 0.4371 0.0982 0.1072 0.0057 0.1655 
   H169607.8  1 0.0994 0.0332 0.2401 0.1992 0.3123 0.0084 0.1074 
   H169633.5  1 0.0296 0.2297 0.1827 0.1430 0.1410 0.0117 0.2623 
   H169688.2  1 0.2405 0.0478 0.0905 0.2500 0.2261 0.0074 0.1377 
   H171901.5  1 0.0649 0.0510 0.1814 0.2443 0.2790 0.0092 0.1703 
   H171902.3  1 0.0785 0.0437 0.0856 0.3002 0.3488 0.0157 0.1275 
   H171903.5  1 0.0777 0.0510 0.1832 0.2409 0.2158 0.0502 0.1812 
      H177.6  1 0.0771 0.0491 0.1454 0.2061 0.2521 0.0378 0.2324 
      H179.1  1 0.1069 0.1764 0.1379 0.1566 0.1934 0.0091 0.2198 
      H180.2  1 0.2343 0.0252 0.1361 0.2068 0.2260 0.0163 0.1553 
      H181.7  1 0.0569 0.0666 0.1675 0.2270 0.2153 0.0079 0.2588 
 H194.6_2004  1 0.1125 0.1524 0.1470 0.2115 0.2164 0.0378 0.1224 
 H195.3_2003  1 0.0974 0.1786 0.1328 0.2353 0.2534 0.0051 0.0974 
 H195.3_2004  1 0.0690 0.0932 0.1301 0.2166 0.2610 0.0183 0.2118 
      H415.5  1 0.0632 0.0881 0.1229 0.1994 0.2127 0.0555 0.2582 
      H506.5  1 0.0550 0.0426 0.1815 0.1445 0.2166 0.0057 0.3541 
      H533.4  1 0.0770 0.0513 0.1984 0.1563 0.1201 0.0070 0.3897 
      H535.1  1 0.0616 0.1159 0.1400 0.2483 0.2867 0.0342 0.1132 
      H539.5  1 0.1875 0.0216 0.4638 0.0826 0.0856 0.0067 0.1524 
      H540.7  1 0.0973 0.0830 0.4223 0.1205 0.1241 0.0208 0.1321 
     H9558.1  1 0.1819 0.0799 0.3429 0.1444 0.1325 0.0049 0.1135 
    kos339.2  1 0.0904 0.0961 0.1970 0.1677 0.1842 0.0106 0.2540 
      H008.9  2 0.1266 0.1779 0.2213 0.1468 0.1396 0.0079 0.1800 
 H029.5_2002  2 0.2449 0.1720 0.1249 0.0934 0.0753 0.0080 0.2814 
 H029.5_2003  2 0.1615 0.1234 0.1540 0.1128 0.1877 0.0055 0.2551 
      H030.1  2 0.3772 0.0489 0.0625 0.2279 0.1407 0.0248 0.1180 
      H038.4  2 0.1803 0.0815 0.1602 0.1590 0.0961 0.0092 0.3136 
      H041.2  2 0.2007 0.3529 0.1097 0.0469 0.0843 0.0062 0.1995 
 H042.3_2003  2 0.2493 0.1152 0.1354 0.1437 0.1781 0.0155 0.1627 
 H042.4_2002  2 0.2361 0.3149 0.0529 0.0942 0.1555 0.0326 0.1137 
   H042_2002  2 0.1324 0.2034 0.3627 0.0666 0.0925 0.0079 0.1345 
   H042_2003  2 0.1260 0.2221 0.3565 0.0695 0.0910 0.0072 0.1277 
      H043.7  2 0.1902 0.0291 0.3150 0.1424 0.1634 0.0049 0.1549 
      H047.6  2 0.1376 0.2320 0.1259 0.1455 0.1234 0.0138 0.2218 
 H071.1_2003  2 0.2810 0.0879 0.1970 0.1733 0.1539 0.0048 0.1022 
 H071.5_2002  2 0.1649 0.0315 0.2656 0.2158 0.1544 0.0135 0.1544 
 H081.3_2003  2 0.1037 0.0941 0.2183 0.1797 0.1769 0.0209 0.2065 
      H081.7  2 0.2501 0.0680 0.2010 0.2112 0.1368 0.0086 0.1243 
      H083.1  2 0.2754 0.0322 0.1263 0.2516 0.2042 0.0132 0.0971 
      H084.5  2 0.1008 0.2151 0.0720 0.2440 0.1597 0.0506 0.1578 
 H085.1_2003  2 0.3868 0.0647 0.1613 0.1453 0.0900 0.0095 0.1424 
 H085.5_2002  2 0.3153 0.1010 0.1937 0.1377 0.0849 0.0118 0.1557 
      H088.7  2 0.1494 0.2974 0.1145 0.1246 0.1110 0.0101 0.1931 
      H091.1  2 0.5945 0.0313 0.1054 0.0659 0.0577 0.0056 0.1396 
      H109.6  2 0.0924 0.1314 0.1497 0.1433 0.1776 0.0245 0.2812 
      H126.2  2 0.1193 0.0414 0.3309 0.1535 0.2015 0.0096 0.1438 
      H130.3  2 0.1553 0.0221 0.0602 0.3701 0.2759 0.0161 0.1002 
      H133.1  2 0.1244 0.0526 0.1276 0.2032 0.1630 0.0083 0.3210 
      H147.4  2 0.3743 0.0450 0.1277 0.1697 0.0880 0.0055 0.1899 
      H148.6  2 0.0969 0.3523 0.1420 0.1345 0.1074 0.0259 0.1410 
   H166022.2  2 0.2478 0.1204 0.1223 0.1717 0.1429 0.0401 0.1547 
   H167397.3  2 0.1462 0.0644 0.2166 0.0819 0.0878 0.0102 0.3930 
   H167496.6  2 0.5235 0.0751 0.0920 0.0638 0.1089 0.0061 0.1307 
   H167513.8  2 0.1438 0.0448 0.1378 0.2096 0.2189 0.0263 0.2189 
   H167547.4  2 0.4411 0.0218 0.0953 0.1321 0.0969 0.0302 0.1826 
   H169750.2  2 0.3164 0.1536 0.1125 0.1454 0.1197 0.0065 0.1458 
   H171929.2  2 0.1205 0.1875 0.1243 0.1866 0.1490 0.1478 0.0843 
   H171930.8  2 0.0436 0.3828 0.1081 0.1585 0.1744 0.0189 0.1137 
   H171933.7  2 0.3707 0.0809 0.1291 0.1383 0.1504 0.0084 0.1223 
      H190.6  2 0.1323 0.1613 0.1076 0.0999 0.1117 0.3045 0.0826 
      H400.4  2 0.2899 0.1593 0.1208 0.1397 0.1694 0.0085 0.1124 
 H428.2_2006  2 0.2461 0.0378 0.0964 0.2613 0.1831 0.0210 0.1544 
 H428.6_2005  2 0.1178 0.1740 0.2146 0.1487 0.1534 0.0187 0.1728 
      H453.3  2 0.3320 0.0667 0.1253 0.1629 0.1795 0.0098 0.1238 
     H512.10  2 0.1292 0.0333 0.1124 0.3188 0.2721 0.0076 0.1267 
      H513.2  2 0.3188 0.1329 0.1252 0.1214 0.1476 0.0121 0.1420 
      H532.3  2 0.3591 0.0500 0.0843 0.1583 0.1706 0.0682 0.1094 
      H543.8  2 0.1450 0.0582 0.1808 0.1251 0.1331 0.0094 0.3483 
 H545.1_2005  2 0.2788 0.0100 0.0880 0.0780 0.1058 0.0053 0.4341 
 H545.3_2006  2 0.2691 0.0077 0.1179 0.0696 0.0580 0.0048 0.4729 
      H547.7  2 0.5455 0.0157 0.0658 0.1046 0.0841 0.0140 0.1702 
      H548.3  2 0.2236 0.0195 0.1385 0.0768 0.0803 0.0046 0.4566 
     H7389.1  2 0.2478 0.1961 0.1220 0.1554 0.1229 0.0094 0.1464 
      H747.2  2 0.0728 0.1206 0.0948 0.1650 0.1960 0.2423 0.1085 
     H7484.8  2 0.0801 0.1420 0.2081 0.1262 0.2744 0.0143 0.1548 
     H7485.6  2 0.2091 0.0397 0.1350 0.0907 0.0875 0.0155 0.4225 
     H7496.6  2 0.5940 0.0501 0.0528 0.0778 0.0663 0.0075 0.1514 
        UNK9  2 0.3984 0.0560 0.1126 0.1084 0.1860 0.0147 0.1239 
      H009.6  4 0.0804 0.1570 0.4010 0.1018 0.1065 0.0055 0.1478 
      H046.4  4 0.1595 0.1198 0.2139 0.1756 0.1621 0.0339 0.1351 
 H076.2_2004  4 0.1044 0.2209 0.0913 0.1561 0.1474 0.1418 0.1380 
 H076.5_2002  4 0.0274 0.6883 0.0490 0.0828 0.0919 0.0105 0.0502 
 H076.6_2003  4 0.0099 0.8571 0.0187 0.0261 0.0328 0.0071 0.0483 
      H477.6  4 0.3552 0.0213 0.1440 0.0997 0.1888 0.0213 0.1698 
 H479.4_2006  4 0.2529 0.0314 0.1278 0.1919 0.2071 0.0075 0.1814 
 H479.8_2005  4 0.2665 0.0361 0.1431 0.1963 0.1830 0.0070 0.1680 
      H516.4  4 0.1090 0.0310 0.1754 0.2127 0.2333 0.0349 0.2037 
      H646.2  4 0.0631 0.0686 0.0586 0.4397 0.3085 0.0140 0.0474 
      H658.6  4 0.1200 0.0678 0.1662 0.1801 0.2592 0.0152 0.1915 
      H682.1  4 0.3317 0.1082 0.1033 0.1037 0.1909 0.0191 0.1431 
      H720.4  4 0.1013 0.1672 0.0947 0.2497 0.2755 0.0290 0.0826 
      H724.6  4 0.0304 0.7427 0.0605 0.0397 0.0524 0.0076 0.0666 
      H725.5  4 0.5006 0.0838 0.0473 0.1081 0.0862 0.0112 0.1627 
      H726.2  4 0.0864 0.1006 0.0809 0.2147 0.2581 0.1246 0.1347 
      H016.4  5 0.0891 0.0625 0.1177 0.1959 0.2814 0.0058 0.2477 
 H017.1_2002  5 0.0885 0.1605 0.2153 0.1991 0.1956 0.0468 0.0943 
 H017.5_2003  5 0.1486 0.0635 0.2560 0.2449 0.1637 0.0096 0.1137 
      H032.3  5 0.2033 0.0647 0.0957 0.2260 0.1674 0.0084 0.2345 
 H034.4_2002  5 0.0296 0.5657 0.1670 0.0609 0.0738 0.0190 0.0840 
 H034.5_2003  5 0.0647 0.2023 0.2493 0.1369 0.1590 0.0134 0.1744 
      H048.4  5 0.2172 0.1341 0.1107 0.1922 0.1327 0.0212 0.1919 
      H060.1  5 0.1990 0.0222 0.2900 0.1459 0.1551 0.0059 0.1820 
 H070.3_2002  5 0.0720 0.1160 0.4516 0.1062 0.0907 0.0059 0.1576 
 H070.4_2004  5 0.0869 0.2433 0.3894 0.0885 0.0622 0.0076 0.1222 
 H070.5_2003  5 0.0643 0.1715 0.4160 0.0943 0.1092 0.0049 0.1397 
      H077.4  5 0.1371 0.0398 0.1806 0.2030 0.2217 0.0157 0.2022 
      H097.6  5 0.5095 0.0311 0.0683 0.1375 0.1353 0.0092 0.1090 
      H124.5  5 0.1861 0.1006 0.1457 0.1805 0.1215 0.0073 0.2583 
      H132.5  5 0.1437 0.2095 0.1230 0.1344 0.1530 0.0089 0.2276 
      H155.7  5 0.1165 0.1926 0.2781 0.1125 0.1300 0.0230 0.1473 
      H169.2  5 0.0998 0.0417 0.1776 0.2219 0.2345 0.0104 0.2141 
      H457.8  5 0.1604 0.0201 0.1451 0.2583 0.2849 0.0140 0.1172 
      H462.4  5 0.0741 0.1454 0.4089 0.0724 0.0576 0.0489 0.1929 
      H481.8  5 0.1824 0.0955 0.3176 0.1333 0.1372 0.0117 0.1224 
      H509.4  5 0.3014 0.2743 0.0934 0.0941 0.1280 0.0221 0.0867 
      H567.2  5 0.1377 0.2104 0.3306 0.0902 0.0740 0.0111 0.1460 
      H608.4  5 0.3269 0.0287 0.0996 0.2429 0.1611 0.0073 0.1336 
      H615.4  5 0.1219 0.1560 0.3509 0.1498 0.1197 0.0123 0.0893 
      H635.4  5 0.1618 0.0989 0.1635 0.1677 0.1494 0.0616 0.1970 
      H728.5  5 0.0583 0.0369 0.1659 0.2683 0.1762 0.0099 0.2845 
 H7395.1_200  5 0.1241 0.1535 0.1226 0.2084 0.1491 0.1038 0.1385 
     H7395.5  5 0.0467 0.0288 0.1746 0.2894 0.1745 0.0225 0.2635 
      H742.2  5 0.0882 0.2358 0.1320 0.1702 0.2084 0.0219 0.1435 
      H958.3  5 0.2964 0.1255 0.0870 0.1490 0.1950 0.0075 0.1396 
      H452.9 10 0.0163 0.8801 0.0235 0.0273 0.0236 0.0038 0.0254 
      H473.5 10 0.1568 0.0233 0.0584 0.2373 0.3227 0.0045 0.1970 
      H487.5 10 0.0155 0.8071 0.0323 0.0256 0.0262 0.0489 0.0443 
     H703.10 10 0.1491 0.0622 0.1644 0.1825 0.2357 0.0237 0.1824 
      H705.2 10 0.2886 0.2028 0.1351 0.0964 0.1461 0.0171 0.1140 
     H7352.5 10 0.1322 0.0522 0.1242 0.1287 0.1559 0.0175 0.3892 
     H7354.1 10 0.1833 0.0339 0.1570 0.2075 0.2316 0.0535 0.1332 
     H7359.1 10 0.0928 0.1647 0.1606 0.1978 0.1684 0.0445 0.1713 
      H909.8 10 0.0807 0.1504 0.1987 0.1510 0.1879 0.1265 0.1048 
     H9555.3 10 0.0256 0.8124 0.0443 0.0346 0.0348 0.0239 0.0243 
     H9703.4 10 0.1186 0.0586 0.0632 0.1127 0.0952 0.4627 0.0889 
     H9707.6 10 0.1782 0.3297 0.1016 0.1427 0.1386 0.0113 0.0978 
     HSAA4.2 10 0.0199 0.8161 0.0296 0.0159 0.0167 0.0799 0.0220 
   saaRTON.1 10 0.0062 0.0055 0.0062 0.0076 0.0063 0.9628 0.0054 
  saaRTON.10 10 0.0132 0.0097 0.0136 0.0129 0.0104 0.9300 0.0103 
   saaRTON.2 10 0.0060 0.0053 0.0063 0.0057 0.0053 0.9668 0.0047 
   saaRTON.3 10 0.0084 0.0088 0.0078 0.0099 0.0079 0.9494 0.0078 
   saaRTON.4 10 0.0054 0.0056 0.0054 0.0053 0.0046 0.9670 0.0068 
   saaRTON.5 10 0.0048 0.0069 0.0058 0.0057 0.0063 0.9648 0.0056 
   saaRTON.6 10 0.0068 0.0075 0.0071 0.0066 0.0088 0.9573 0.0059 
   saaRTON.7 10 0.0150 0.0108 0.0092 0.0099 0.0103 0.9345 0.0103 
   saaRTON.8 10 0.0059 0.0046 0.0059 0.0063 0.0050 0.9670 0.0053 
   saaRTON.9 10 0.0044 0.0042 0.0039 0.0039 0.0042 0.9751 0.0042 
      H005.8 11 0.1526 0.0532 0.1707 0.2513 0.1677 0.0128 0.1917 
      H031.2 11 0.1033 0.1717 0.1881 0.1831 0.2298 0.0189 0.1050 
      H136.1 11 0.1241 0.0517 0.3052 0.1354 0.2332 0.0140 0.1363 
      H153.4 11 0.1038 0.0708 0.2339 0.1420 0.1828 0.1570 0.1095 
      H167.1 11 0.0731 0.0834 0.1590 0.2817 0.2528 0.0053 0.1448 
      H173.1 11 0.1458 0.0564 0.1460 0.2031 0.2832 0.0113 0.1542 
 H194.8_2003 11 0.0499 0.3754 0.2506 0.0999 0.1185 0.0450 0.0606 
      H196.6 11 0.0212 0.8543 0.0282 0.0152 0.0197 0.0143 0.0469 
 H356.5_2002 11 0.1280 0.0368 0.0951 0.3558 0.3013 0.0153 0.0677 
 H356.6_2001 11 0.2800 0.0149 0.0698 0.1820 0.2512 0.1061 0.0959 
      H360.6 11 0.2814 0.1266 0.0956 0.1684 0.1972 0.0141 0.1167 
 H369.1_2001 11 0.0755 0.2499 0.1476 0.1688 0.1321 0.0060 0.2201 
      H369.4 11 0.1233 0.1580 0.1678 0.2109 0.2090 0.0100 0.1210 
      H374.3 11 0.0491 0.0286 0.1647 0.2693 0.2984 0.0181 0.1718 
      H376.1 11 0.1195 0.0948 0.1169 0.3018 0.2381 0.0092 0.1198 
      H381.1 11 0.1211 0.0560 0.2830 0.1739 0.1766 0.0118 0.1776 
      H386.5 11 0.1187 0.0382 0.1634 0.1560 0.1184 0.0080 0.3973 
 H387.5_2001 11 0.1819 0.0893 0.0745 0.2454 0.2333 0.0729 0.1027 
      H387.9 11 0.1213 0.0170 0.1125 0.2336 0.3500 0.0208 0.1447 
      H392.6 11 0.1041 0.0362 0.1556 0.2195 0.3003 0.0139 0.1702 
 H393.4_2001 11 0.1138 0.0395 0.1272 0.3380 0.2598 0.0149 0.1068 
 H393.4_2002 11 0.1462 0.0307 0.2194 0.1955 0.2283 0.0245 0.1553 
      H394.5 11 0.1245 0.1111 0.3496 0.1647 0.1414 0.0094 0.0992 
      H412.9 11 0.0596 0.1058 0.1709 0.1751 0.1803 0.1896 0.1187 
      H439.5 11 0.1151 0.1269 0.2050 0.1607 0.1786 0.0490 0.1645 
 H441.6_2004 11 0.0234 0.7849 0.0863 0.0350 0.0471 0.0053 0.0179 
 H441.7_2005 11 0.1283 0.1040 0.3694 0.1071 0.1518 0.0110 0.1284 
 H442.6_2004 11 0.1683 0.2310 0.1772 0.1198 0.1489 0.0297 0.1252 
      H442.9 11 0.2482 0.0621 0.1480 0.1955 0.1573 0.0127 0.1762 
      H446.6 11 0.1985 0.1842 0.1153 0.1610 0.2623 0.0132 0.0655 
      H447.7 11 0.2292 0.1102 0.1239 0.1849 0.1796 0.0221 0.1501 
      H448.2 11 0.0786 0.4491 0.2141 0.0403 0.1382 0.0111 0.0687 
      H586.2 11 0.0635 0.0291 0.1307 0.3315 0.2589 0.0225 0.1637 
     H590.10 11 0.1614 0.0250 0.1546 0.1922 0.2018 0.0120 0.2529 
      H610.7 11 0.2230 0.2125 0.0742 0.1543 0.2270 0.0128 0.0963 
      H611.4 11 0.0990 0.0825 0.2339 0.2120 0.1413 0.0091 0.2222 
 H7379.2_200 11 0.0768 0.1168 0.1768 0.1827 0.1704 0.0395 0.2370 
 H7379.4_200 11 0.0980 0.0923 0.3135 0.1400 0.1649 0.0165 0.1749 
      H741.1 11 0.2368 0.0443 0.1574 0.2279 0.2058 0.0149 0.1128 
      H927.3 11 0.2079 0.1032 0.1176 0.1736 0.1116 0.0059 0.2802 
      H928.4 11 0.1263 0.0680 0.1121 0.2690 0.2581 0.0305 0.1360 
     H9560.4 11 0.1443 0.0723 0.2057 0.1260 0.1175 0.2556 0.0785 
    Rad451.3 11 0.0705 0.0431 0.1590 0.2154 0.2394 0.0079 0.2647 
      H409.8 12 0.0709 0.2934 0.1169 0.2191 0.1557 0.0091 0.1349 
      H413.2 12 0.2197 0.3791 0.0598 0.1017 0.1054 0.0269 0.1074 
      H563.3 12 0.0777 0.2368 0.3999 0.0676 0.0925 0.0138 0.1118 
     H7374.6 12 0.0343 0.0974 0.1703 0.2387 0.2455 0.0108 0.2030 
     H9563.8 12 0.1809 0.1241 0.0882 0.1804 0.1870 0.0974 0.1420 
     H9572.4 12 0.1343 0.0673 0.1843 0.2157 0.1945 0.0168 0.1871 
