      H105.4  1 0.1231 0.2247 0.1198 0.0120 0.4180 0.1023 
      H115.3  1 0.1417 0.3675 0.0389 0.0216 0.2431 0.1872 
      H145.1  1 0.2054 0.4997 0.0621 0.0088 0.0809 0.1431 
      H149.6  1 0.1633 0.4133 0.0790 0.0984 0.1064 0.1396 
      H150.1  1 0.2605 0.3189 0.1214 0.0092 0.1070 0.1829 
   H169607.8  1 0.2141 0.2783 0.0623 0.0099 0.1662 0.2691 
   H169633.5  1 0.2165 0.4775 0.1149 0.0224 0.0636 0.1050 
   H169688.2  1 0.2561 0.0902 0.0930 0.0152 0.2609 0.2846 
   H171901.5  1 0.1964 0.4112 0.0736 0.0116 0.1685 0.1387 
   H171902.3  1 0.2516 0.3027 0.0724 0.0202 0.1214 0.2318 
   H171903.5  1 0.1942 0.2586 0.1064 0.0642 0.1380 0.2387 
      H177.6  1 0.2504 0.4209 0.0502 0.0462 0.1006 0.1317 
      H179.1  1 0.3110 0.2576 0.1496 0.0179 0.0962 0.1678 
      H180.2  1 0.2283 0.1649 0.0384 0.0198 0.2617 0.2870 
      H181.7  1 0.3263 0.4036 0.0468 0.0117 0.0810 0.1305 
 H194.6_2004  1 0.1629 0.2689 0.1896 0.0447 0.1467 0.1873 
 H195.3_2003  1 0.1881 0.2318 0.2382 0.0071 0.1325 0.2024 
 H195.3_2004  1 0.1661 0.4280 0.1044 0.0259 0.1155 0.1601 
      H415.5  1 0.2505 0.2045 0.1901 0.0737 0.0422 0.2389 
      H506.5  1 0.3508 0.4007 0.0512 0.0093 0.0765 0.1117 
      H533.4  1 0.3080 0.4731 0.0300 0.0100 0.0817 0.0972 
      H535.1  1 0.1698 0.2903 0.1565 0.0463 0.0973 0.2398 
      H539.5  1 0.1282 0.3590 0.1365 0.0109 0.1647 0.2008 
      H540.7  1 0.2428 0.2959 0.2037 0.0267 0.0707 0.1601 
     H9558.1  1 0.1834 0.3377 0.1509 0.0076 0.1274 0.1931 
    kos339.2  1 0.1714 0.3803 0.0786 0.0131 0.1746 0.1820 
      H008.9  2 0.1493 0.3030 0.2370 0.0109 0.1256 0.1742 
 H029.5_2002  2 0.2836 0.0363 0.3558 0.0107 0.0896 0.2242 
 H029.5_2003  2 0.3308 0.0465 0.2782 0.0073 0.0865 0.2507 
      H030.1  2 0.0865 0.0831 0.0436 0.0333 0.4799 0.2736 
      H038.4  2 0.3005 0.1172 0.1714 0.0128 0.1146 0.2835 
      H041.2  2 0.2308 0.0431 0.4617 0.0110 0.0598 0.1936 
 H042.3_2003  2 0.1508 0.0882 0.1924 0.0180 0.3290 0.2217 
 H042.4_2002  2 0.0902 0.0677 0.3295 0.0587 0.3484 0.1055 
   H042_2002  2 0.1667 0.2077 0.4044 0.0106 0.0598 0.1508 
   H042_2003  2 0.1727 0.2322 0.3626 0.0107 0.0654 0.1564 
      H043.7  2 0.2698 0.3583 0.0520 0.0077 0.1626 0.1495 
      H047.6  2 0.3141 0.0551 0.3534 0.0179 0.0443 0.2152 
 H071.1_2003  2 0.1051 0.1870 0.0538 0.0061 0.3845 0.2635 
 H071.5_2002  2 0.1505 0.1164 0.0540 0.0196 0.4042 0.2554 
 H081.3_2003  2 0.2203 0.2732 0.1055 0.0261 0.1504 0.2243 
      H081.7  2 0.2373 0.1922 0.1045 0.0136 0.1989 0.2535 
      H083.1  2 0.1642 0.0762 0.0439 0.0200 0.5035 0.1922 
      H084.5  2 0.2616 0.1338 0.2270 0.0646 0.0801 0.2328 
 H085.1_2003  2 0.1558 0.0903 0.0861 0.0143 0.3697 0.2837 
 H085.5_2002  2 0.1293 0.2362 0.0931 0.0164 0.2887 0.2363 
      H088.7  2 0.1970 0.0414 0.4508 0.0140 0.1393 0.1574 
      H091.1  2 0.0465 0.0298 0.0404 0.0071 0.6849 0.1912 
      H109.6  2 0.3185 0.2797 0.1307 0.0313 0.0458 0.1940 
      H126.2  2 0.2777 0.1511 0.1423 0.0145 0.1546 0.2596 
      H130.3  2 0.2330 0.0797 0.0483 0.0204 0.3356 0.2830 
      H133.1  2 0.3932 0.1347 0.1116 0.0119 0.0780 0.2706 
      H147.4  2 0.1557 0.1336 0.1056 0.0086 0.3960 0.2006 
      H148.6  2 0.1775 0.2219 0.2830 0.0414 0.1462 0.1299 
   H166022.2  2 0.1240 0.1205 0.2129 0.0528 0.2552 0.2347 
   H167397.3  2 0.4081 0.1639 0.1478 0.0169 0.0324 0.2309 
   H167496.6  2 0.0681 0.0533 0.1057 0.0086 0.5803 0.1841 
   H167513.8  2 0.3515 0.2002 0.0688 0.0432 0.0733 0.2629 
   H167547.4  2 0.1143 0.1340 0.0423 0.0303 0.5190 0.1601 
   H169750.2  2 0.1106 0.1210 0.0715 0.0093 0.4748 0.2127 
   H171929.2  2 0.1894 0.1257 0.1751 0.1896 0.1509 0.1692 
   H171930.8  2 0.2541 0.1751 0.3110 0.0237 0.1102 0.1259 
   H171933.7  2 0.0713 0.0711 0.0607 0.0123 0.6081 0.1765 
      H190.6  2 0.0804 0.1044 0.1838 0.3303 0.2092 0.0919 
      H400.4  2 0.1850 0.0627 0.2945 0.0135 0.2038 0.2406 
 H428.2_2006  2 0.1335 0.1073 0.0598 0.0316 0.4035 0.2643 
 H428.6_2005  2 0.1557 0.3155 0.1298 0.0334 0.2081 0.1575 
      H453.3  2 0.2125 0.0561 0.0509 0.0143 0.4080 0.2583 
     H512.10  2 0.2800 0.0952 0.0553 0.0105 0.2531 0.3059 
      H513.2  2 0.1365 0.0694 0.1587 0.0177 0.4802 0.1376 
      H532.3  2 0.0939 0.0620 0.0613 0.0891 0.5110 0.1827 
      H543.8  2 0.3845 0.2076 0.1079 0.0148 0.1033 0.1818 
 H545.1_2005  2 0.4406 0.2585 0.0148 0.0064 0.0210 0.2587 
 H545.3_2006  2 0.4867 0.2485 0.0100 0.0072 0.0201 0.2274 
      H547.7  2 0.0750 0.0512 0.0563 0.0252 0.6284 0.1639 
      H548.3  2 0.4425 0.2764 0.0250 0.0059 0.0325 0.2176 
     H7389.1  2 0.1539 0.0886 0.2436 0.0134 0.3139 0.1866 
      H747.2  2 0.2067 0.1189 0.1021 0.3220 0.0712 0.1791 
     H7484.8  2 0.2336 0.1745 0.1969 0.0196 0.1798 0.1956 
     H7485.6  2 0.4006 0.3400 0.0341 0.0206 0.0326 0.1721 
     H7496.6  2 0.0442 0.0420 0.0540 0.0128 0.6888 0.1583 
        UNK9  2 0.1179 0.0881 0.0405 0.0203 0.5644 0.1687 
      H009.6  4 0.1232 0.3155 0.2903 0.0080 0.0888 0.1742 
      H046.4  4 0.1436 0.1890 0.2475 0.0526 0.2175 0.1498 
 H076.2_2004  4 0.1217 0.0745 0.3373 0.1916 0.0990 0.1759 
 H076.5_2002  4 0.0981 0.0302 0.6842 0.0190 0.0401 0.1284 
 H076.6_2003  4 0.0346 0.0189 0.8849 0.0080 0.0174 0.0361 
      H477.6  4 0.1316 0.1403 0.0291 0.0217 0.4944 0.1829 
 H479.4_2006  4 0.2726 0.1471 0.0553 0.0121 0.2111 0.3018 
 H479.8_2005  4 0.1309 0.1803 0.0527 0.0104 0.3566 0.2690 
      H516.4  4 0.3453 0.2467 0.0775 0.0437 0.0572 0.2295 
      H646.2  4 0.2673 0.1189 0.1057 0.0180 0.1356 0.3544 
      H658.6  4 0.1979 0.3592 0.0562 0.0226 0.1815 0.1826 
      H682.1  4 0.0976 0.0646 0.1395 0.0254 0.5147 0.1582 
      H720.4  4 0.2354 0.0706 0.2604 0.0528 0.1490 0.2319 
      H724.6  4 0.0580 0.0527 0.7889 0.0092 0.0291 0.0620 
      H725.5  4 0.0402 0.0537 0.0532 0.0169 0.6533 0.1828 
      H726.2  4 0.1404 0.2196 0.1084 0.1506 0.2015 0.1796 
      H016.4  5 0.3832 0.1532 0.1187 0.0072 0.0888 0.2490 
 H017.1_2002  5 0.1512 0.3858 0.1213 0.0606 0.0927 0.1883 
 H017.5_2003  5 0.2320 0.3612 0.0485 0.0117 0.1305 0.2161 
      H032.3  5 0.2700 0.1103 0.1624 0.0121 0.1954 0.2498 
 H034.4_2002  5 0.0739 0.1070 0.6518 0.0275 0.0619 0.0778 
 H034.5_2003  5 0.1710 0.3681 0.2105 0.0184 0.0824 0.1496 
      H048.4  5 0.2342 0.0920 0.3035 0.0253 0.1723 0.1726 
      H060.1  5 0.3794 0.2923 0.0694 0.0076 0.0636 0.1877 
 H070.3_2002  5 0.1463 0.4847 0.1184 0.0098 0.0756 0.1653 
 H070.4_2004  5 0.0997 0.2929 0.3524 0.0106 0.1060 0.1384 
 H070.5_2003  5 0.1333 0.4185 0.2446 0.0069 0.0765 0.1202 
      H077.4  5 0.2388 0.3780 0.0528 0.0169 0.1147 0.1990 
      H097.6  5 0.1247 0.0507 0.0658 0.0130 0.5738 0.1719 
      H124.5  5 0.2565 0.1529 0.1520 0.0085 0.1289 0.3012 
      H132.5  5 0.2972 0.0787 0.2870 0.0129 0.1083 0.2158 
      H155.7  5 0.1804 0.1430 0.3495 0.0475 0.1065 0.1731 
      H169.2  5 0.2462 0.4443 0.0418 0.0160 0.1110 0.1408 
      H457.8  5 0.2662 0.1940 0.0326 0.0163 0.2383 0.2525 
      H462.4  5 0.1272 0.3142 0.2579 0.0638 0.0787 0.1581 
      H481.8  5 0.1125 0.2604 0.1361 0.0160 0.3138 0.1612 
      H509.4  5 0.0744 0.0664 0.2278 0.0309 0.4568 0.1437 
      H567.2  5 0.0899 0.1750 0.4232 0.0189 0.1785 0.1146 
      H608.4  5 0.2316 0.1792 0.0875 0.0107 0.3058 0.1853 
      H615.4  5 0.2065 0.2765 0.2167 0.0158 0.1378 0.1466 
      H635.4  5 0.3113 0.1494 0.1358 0.0721 0.0983 0.2331 
      H728.5  5 0.3688 0.3525 0.0247 0.0151 0.0664 0.1725 
 H7395.1_200  5 0.1381 0.1492 0.1647 0.1148 0.2402 0.1931 
     H7395.5  5 0.3392 0.3001 0.0283 0.0296 0.1080 0.1948 
      H742.2  5 0.1926 0.2460 0.2499 0.0369 0.1206 0.1540 
      H958.3  5 0.0773 0.1095 0.1560 0.0118 0.5347 0.1108 
      H452.9 10 0.0388 0.0389 0.8393 0.0066 0.0296 0.0469 
      H473.5 10 0.3260 0.0864 0.0504 0.0048 0.1288 0.4036 
      H487.5 10 0.0263 0.0370 0.8212 0.0567 0.0213 0.0374 
     H703.10 10 0.2036 0.2435 0.0469 0.0357 0.2180 0.2524 
      H705.2 10 0.1070 0.0913 0.1464 0.0205 0.4165 0.2184 
     H7352.5 10 0.3786 0.1104 0.1558 0.0239 0.0253 0.3060 
     H7354.1 10 0.1876 0.2479 0.0406 0.0710 0.2811 0.1717 
     H7359.1 10 0.2466 0.2531 0.1917 0.0684 0.0793 0.1608 
      H909.8 10 0.1246 0.3330 0.1196 0.1364 0.1277 0.1586 
     H9555.3 10 0.0258 0.0304 0.8374 0.0359 0.0332 0.0373 
     H9703.4 10 0.0516 0.1009 0.0557 0.4558 0.1891 0.1470 
     H9707.6 10 0.1316 0.1008 0.2721 0.0173 0.2899 0.1882 
     HSAA4.2 10 0.0279 0.0172 0.7362 0.1415 0.0401 0.0371 
   saaRTON.1 10 0.0071 0.0069 0.0077 0.9629 0.0072 0.0082 
  saaRTON.10 10 0.0154 0.0123 0.0150 0.9284 0.0135 0.0153 
   saaRTON.2 10 0.0084 0.0067 0.0066 0.9621 0.0084 0.0079 
   saaRTON.3 10 0.0112 0.0106 0.0149 0.9402 0.0118 0.0112 
   saaRTON.4 10 0.0073 0.0066 0.0068 0.9651 0.0073 0.0068 
   saaRTON.5 10 0.0076 0.0067 0.0084 0.9624 0.0067 0.0081 
   saaRTON.6 10 0.0084 0.0086 0.0087 0.9551 0.0104 0.0089 
   saaRTON.7 10 0.0111 0.0129 0.0171 0.9254 0.0198 0.0138 
   saaRTON.8 10 0.0077 0.0072 0.0087 0.9605 0.0082 0.0076 
   saaRTON.9 10 0.0053 0.0057 0.0059 0.9721 0.0054 0.0056 
      H005.8 11 0.2433 0.2275 0.0965 0.0220 0.1485 0.2622 
      H031.2 11 0.1561 0.2248 0.1859 0.0215 0.1740 0.2377 
      H136.1 11 0.2112 0.1992 0.1582 0.0195 0.1387 0.2732 
      H153.4 11 0.1401 0.2137 0.1609 0.1393 0.1457 0.2002 
      H167.1 11 0.2408 0.1648 0.1285 0.0084 0.1510 0.3065 
      H173.1 11 0.0839 0.3259 0.0702 0.0168 0.2257 0.2774 
 H194.8_2003 11 0.0825 0.1457 0.5280 0.0521 0.0893 0.1023 
      H196.6 11 0.0336 0.0159 0.8949 0.0180 0.0159 0.0216 
 H356.5_2002 11 0.1453 0.1561 0.0248 0.0240 0.3331 0.3167 
 H356.6_2001 11 0.0843 0.0829 0.0118 0.1193 0.4773 0.2245 
      H360.6 11 0.0637 0.0771 0.1141 0.0208 0.5335 0.1908 
 H369.1_2001 11 0.1914 0.2653 0.2700 0.0094 0.0761 0.1878 
      H369.4 11 0.1536 0.3315 0.1225 0.0173 0.1837 0.1914 
      H374.3 11 0.1398 0.5588 0.0272 0.0288 0.1184 0.1271 
      H376.1 11 0.2799 0.1383 0.1451 0.0126 0.0940 0.3302 
      H381.1 11 0.2030 0.3567 0.0728 0.0167 0.2051 0.1457 
      H386.5 11 0.3080 0.3404 0.0420 0.0131 0.1302 0.1663 
 H387.5_2001 11 0.1984 0.0989 0.1297 0.0690 0.1634 0.3405 
      H387.9 11 0.2415 0.1380 0.0281 0.0275 0.1968 0.3682 
      H392.6 11 0.3406 0.1566 0.1011 0.0238 0.0633 0.3145 
 H393.4_2001 11 0.2642 0.2098 0.0601 0.0160 0.1879 0.2621 
 H393.4_2002 11 0.1518 0.3156 0.0874 0.0274 0.2201 0.1976 
      H394.5 11 0.1889 0.3219 0.1700 0.0109 0.1520 0.1562 
      H412.9 11 0.1854 0.2198 0.1259 0.1769 0.0891 0.2029 
      H439.5 11 0.2457 0.2370 0.1451 0.0676 0.1188 0.1858 
 H441.6_2004 11 0.0719 0.0403 0.7359 0.0087 0.0456 0.0976 
 H441.7_2005 11 0.2077 0.2855 0.2372 0.0159 0.0944 0.1593 
 H442.6_2004 11 0.0883 0.1167 0.3619 0.0513 0.2179 0.1639 
      H442.9 11 0.1663 0.2964 0.0937 0.0253 0.2842 0.1342 
      H446.6 11 0.1555 0.0935 0.2047 0.0233 0.2597 0.2632 
      H447.7 11 0.1219 0.1159 0.1290 0.0332 0.3773 0.2227 
      H448.2 11 0.0752 0.0754 0.5958 0.0205 0.1406 0.0925 
      H586.2 11 0.3335 0.2606 0.0409 0.0272 0.1196 0.2181 
     H590.10 11 0.3438 0.2166 0.0529 0.0193 0.1135 0.2539 
      H610.7 11 0.1433 0.0978 0.1689 0.0175 0.3667 0.2059 
      H611.4 11 0.2572 0.3281 0.0685 0.0116 0.1090 0.2255 
 H7379.2_200 11 0.3175 0.1696 0.1683 0.0568 0.0525 0.2352 
 H7379.4_200 11 0.3116 0.2519 0.1648 0.0264 0.0333 0.2119 
      H741.1 11 0.1608 0.2147 0.0698 0.0235 0.3263 0.2049 
      H927.3 11 0.1948 0.1868 0.1035 0.0072 0.3068 0.2009 
      H928.4 11 0.2187 0.1113 0.1118 0.0413 0.2474 0.2694 
     H9560.4 11 0.1027 0.1707 0.1000 0.2976 0.1823 0.1468 
    Rad451.3 11 0.2138 0.4132 0.0717 0.0113 0.1241 0.1659 
      H409.8 12 0.2537 0.0613 0.4984 0.0138 0.0263 0.1465 
      H413.2 12 0.0710 0.0874 0.3896 0.0382 0.3184 0.0954 
      H563.3 12 0.1039 0.1417 0.4731 0.0162 0.0765 0.1885 
     H7374.6 12 0.2480 0.2774 0.1019 0.0157 0.0673 0.2897 
     H9563.8 12 0.1327 0.1076 0.1810 0.1196 0.2907 0.1684 
     H9572.4 12 0.2415 0.2350 0.1465 0.0242 0.1933 0.1594 
