      H105.4  1 0.1719 0.1740 0.1888 0.2633 0.0071 0.1949 
      H115.3  1 0.2246 0.1962 0.1535 0.1043 0.0234 0.2980 
      H145.1  1 0.2302 0.1283 0.1809 0.0382 0.0065 0.4159 
      H149.6  1 0.2056 0.1721 0.1729 0.0677 0.0724 0.3093 
      H150.1  1 0.2836 0.2251 0.0953 0.0422 0.0062 0.3476 
   H169607.8  1 0.2415 0.1626 0.0791 0.0623 0.0074 0.4472 
   H169633.5  1 0.1723 0.0875 0.2772 0.0348 0.0144 0.4137 
   H169688.2  1 0.1522 0.2447 0.1702 0.3027 0.0095 0.1207 
   H171901.5  1 0.2011 0.1637 0.2011 0.1232 0.0083 0.3027 
   H171902.3  1 0.1739 0.3533 0.1580 0.0692 0.0161 0.2294 
   H171903.5  1 0.1680 0.2629 0.1437 0.1007 0.0500 0.2746 
      H177.6  1 0.1225 0.1591 0.2283 0.0432 0.0369 0.4099 
      H179.1  1 0.1368 0.1432 0.2834 0.2187 0.0103 0.2076 
      H180.2  1 0.1270 0.4025 0.2055 0.1952 0.0164 0.0533 
      H181.7  1 0.1074 0.1936 0.2673 0.0366 0.0102 0.3850 
 H194.6_2004  1 0.2359 0.2606 0.0819 0.1809 0.0405 0.2003 
 H195.3_2003  1 0.3834 0.1446 0.0928 0.1417 0.0056 0.2319 
 H195.3_2004  1 0.2833 0.2391 0.0935 0.0715 0.0182 0.2945 
      H415.5  1 0.2181 0.2426 0.1388 0.2052 0.0514 0.1439 
      H506.5  1 0.1590 0.1231 0.3021 0.0637 0.0052 0.3469 
      H533.4  1 0.0688 0.0724 0.3379 0.0396 0.0074 0.4740 
      H535.1  1 0.2411 0.2964 0.1249 0.1136 0.0413 0.1827 
      H539.5  1 0.3920 0.0366 0.0691 0.0614 0.0074 0.4335 
      H540.7  1 0.2736 0.1293 0.1483 0.0454 0.0193 0.3841 
     H9558.1  1 0.3551 0.1347 0.0809 0.0830 0.0053 0.3411 
    kos339.2  1 0.1838 0.1583 0.2507 0.0730 0.0106 0.3236 
      H008.9  2 0.2320 0.1345 0.1784 0.1616 0.0089 0.2846 
 H029.5_2002  2 0.2522 0.2235 0.0987 0.3567 0.0080 0.0610 
 H029.5_2003  2 0.2508 0.3014 0.0625 0.3304 0.0055 0.0493 
      H030.1  2 0.0731 0.1657 0.2928 0.3554 0.0270 0.0859 
      H038.4  2 0.2459 0.2039 0.2094 0.1853 0.0102 0.1453 
      H041.2  2 0.3173 0.0764 0.1106 0.4544 0.0072 0.0340 
 H042.3_2003  2 0.1567 0.2452 0.2213 0.2828 0.0135 0.0806 
 H042.4_2002  2 0.1333 0.1948 0.2968 0.3035 0.0287 0.0429 
   H042_2002  2 0.2638 0.0903 0.1926 0.1208 0.0072 0.3252 
   H042_2003  2 0.2908 0.0744 0.1777 0.1291 0.0082 0.3198 
      H043.7  2 0.3634 0.1133 0.1102 0.0634 0.0055 0.3441 
      H047.6  2 0.3334 0.2311 0.1081 0.2489 0.0137 0.0648 
 H071.1_2003  2 0.2540 0.1022 0.1374 0.1878 0.0052 0.3134 
 H071.5_2002  2 0.2023 0.1222 0.1790 0.2089 0.0153 0.2724 
 H081.3_2003  2 0.2045 0.2157 0.1812 0.1160 0.0182 0.2643 
      H081.7  2 0.2784 0.1574 0.1095 0.1994 0.0083 0.2470 
      H083.1  2 0.1516 0.2038 0.2411 0.2784 0.0149 0.1101 
      H084.5  2 0.1616 0.3086 0.2213 0.1699 0.0471 0.0914 
 H085.1_2003  2 0.1346 0.2115 0.1166 0.4132 0.0109 0.1131 
 H085.5_2002  2 0.2160 0.1120 0.1013 0.3145 0.0138 0.2424 
      H088.7  2 0.2701 0.1085 0.1142 0.4440 0.0117 0.0515 
      H091.1  2 0.0248 0.1026 0.2559 0.6001 0.0054 0.0112 
      H109.6  2 0.1585 0.1979 0.3037 0.0689 0.0279 0.2432 
      H126.2  2 0.2328 0.3592 0.0983 0.1093 0.0125 0.1879 
      H130.3  2 0.1444 0.2960 0.2137 0.2285 0.0164 0.1010 
      H133.1  2 0.2369 0.2097 0.2283 0.1228 0.0086 0.1937 
      H147.4  2 0.1753 0.1283 0.1377 0.3998 0.0058 0.1531 
      H148.6  2 0.2297 0.1342 0.2224 0.1355 0.0294 0.2488 
   H166022.2  2 0.1531 0.2382 0.1380 0.2966 0.0434 0.1306 
   H167397.3  2 0.2478 0.2546 0.2096 0.1494 0.0122 0.1264 
   H167496.6  2 0.0547 0.1283 0.2262 0.5425 0.0060 0.0423 
   H167513.8  2 0.2187 0.2759 0.2125 0.0812 0.0311 0.1806 
   H167547.4  2 0.0795 0.2026 0.2733 0.3798 0.0248 0.0402 
   H169750.2  2 0.1480 0.1625 0.1802 0.3718 0.0084 0.1292 
   H171929.2  2 0.1906 0.2540 0.1577 0.1350 0.1478 0.1149 
   H171930.8  2 0.1828 0.2703 0.2541 0.1568 0.0185 0.1176 
   H171933.7  2 0.0921 0.1161 0.3237 0.3809 0.0102 0.0771 
      H190.6  2 0.0681 0.1254 0.2348 0.1761 0.3099 0.0857 
      H400.4  2 0.1708 0.2314 0.1058 0.4554 0.0084 0.0282 
 H428.2_2006  2 0.1398 0.2334 0.1624 0.3329 0.0231 0.1084 
 H428.6_2005  2 0.1723 0.1455 0.1741 0.2154 0.0228 0.2699 
      H453.3  2 0.0868 0.2201 0.1897 0.4523 0.0119 0.0393 
     H512.10  2 0.1363 0.3375 0.2470 0.1804 0.0075 0.0913 
      H513.2  2 0.1079 0.1529 0.3530 0.3277 0.0116 0.0469 
      H532.3  2 0.0594 0.1561 0.2863 0.3626 0.0694 0.0662 
      H543.8  2 0.2058 0.1942 0.2396 0.1007 0.0101 0.2496 
 H545.1_2005  2 0.2689 0.1361 0.2689 0.0235 0.0054 0.2972 
 H545.3_2006  2 0.2457 0.1170 0.3118 0.0394 0.0056 0.2804 
      H547.7  2 0.0369 0.1434 0.2953 0.4804 0.0178 0.0262 
      H548.3  2 0.2133 0.0952 0.3441 0.0404 0.0039 0.3031 
     H7389.1  2 0.1152 0.2289 0.2431 0.3333 0.0097 0.0698 
      H747.2  2 0.1379 0.2697 0.1354 0.0974 0.2829 0.0767 
     H7484.8  2 0.1621 0.1763 0.2004 0.1750 0.0172 0.2690 
     H7485.6  2 0.2163 0.0755 0.3103 0.0179 0.0146 0.3654 
     H7496.6  2 0.0264 0.0575 0.3211 0.5661 0.0072 0.0217 
        UNK9  2 0.0817 0.1623 0.2989 0.3773 0.0139 0.0658 
      H009.6  4 0.2371 0.1847 0.1581 0.0871 0.0061 0.3268 
      H046.4  4 0.2059 0.1731 0.1870 0.1551 0.0390 0.2399 
 H076.2_2004  4 0.1982 0.2055 0.1441 0.2187 0.1455 0.0879 
 H076.5_2002  4 0.3254 0.1965 0.1273 0.2965 0.0183 0.0360 
 H076.6_2003  4 0.3358 0.0610 0.2300 0.3324 0.0050 0.0358 
      H477.6  4 0.0906 0.2291 0.2831 0.2910 0.0203 0.0858 
 H479.4_2006  4 0.1034 0.1742 0.2068 0.2971 0.0091 0.2094 
 H479.8_2005  4 0.0743 0.1575 0.2498 0.3663 0.0068 0.1453 
      H516.4  4 0.1900 0.3107 0.1564 0.1199 0.0344 0.1886 
      H646.2  4 0.1457 0.6270 0.0369 0.1194 0.0142 0.0568 
      H658.6  4 0.1367 0.2347 0.2466 0.1050 0.0152 0.2617 
      H682.1  4 0.0810 0.1525 0.2436 0.4117 0.0200 0.0913 
      H720.4  4 0.2263 0.3412 0.1465 0.1759 0.0366 0.0735 
      H724.6  4 0.3292 0.0822 0.1977 0.3237 0.0093 0.0579 
      H725.5  4 0.0291 0.0606 0.3499 0.5120 0.0098 0.0386 
      H726.2  4 0.1146 0.3270 0.1705 0.1392 0.1312 0.1175 
      H016.4  5 0.1588 0.3251 0.2055 0.1650 0.0073 0.1384 
 H017.1_2002  5 0.2695 0.2329 0.0840 0.0630 0.0500 0.3006 
 H017.5_2003  5 0.2948 0.2617 0.0615 0.0946 0.0106 0.2768 
      H032.3  5 0.2132 0.2193 0.1484 0.2871 0.0071 0.1249 
 H034.4_2002  5 0.2620 0.1112 0.2286 0.1848 0.0234 0.1899 
 H034.5_2003  5 0.2159 0.1222 0.2254 0.0727 0.0145 0.3493 
      H048.4  5 0.2432 0.2598 0.1358 0.2788 0.0117 0.0707 
      H060.1  5 0.2810 0.1991 0.1831 0.0395 0.0064 0.2910 
 H070.3_2002  5 0.2558 0.1085 0.1294 0.0682 0.0060 0.4321 
 H070.4_2004  5 0.2711 0.0792 0.1927 0.1024 0.0060 0.3486 
 H070.5_2003  5 0.2921 0.0975 0.1492 0.0955 0.0057 0.3600 
      H077.4  5 0.1910 0.1622 0.1896 0.0709 0.0147 0.3715 
      H097.6  5 0.0680 0.1758 0.2041 0.5005 0.0109 0.0407 
      H124.5  5 0.2351 0.2252 0.1102 0.3176 0.0067 0.1053 
      H132.5  5 0.2842 0.1736 0.1426 0.3406 0.0075 0.0516 
      H155.7  5 0.2034 0.1704 0.2003 0.1163 0.0291 0.2804 
      H169.2  5 0.2330 0.1564 0.1711 0.0513 0.0147 0.3735 
      H457.8  5 0.1825 0.3351 0.1253 0.1865 0.0132 0.1574 
      H462.4  5 0.2905 0.1098 0.1102 0.0455 0.0609 0.3831 
      H481.8  5 0.1384 0.1089 0.2936 0.1657 0.0106 0.2829 
      H509.4  5 0.0945 0.1572 0.2215 0.4351 0.0181 0.0736 
      H567.2  5 0.1967 0.1296 0.2626 0.1679 0.0151 0.2281 
      H608.4  5 0.2096 0.2200 0.1810 0.2579 0.0078 0.1236 
      H615.4  5 0.2461 0.1017 0.1955 0.1202 0.0113 0.3252 
      H635.4  5 0.1587 0.2469 0.1951 0.1422 0.0544 0.2027 
      H728.5  5 0.1080 0.1452 0.3630 0.0481 0.0113 0.3244 
 H7395.1_200  5 0.1562 0.2425 0.1570 0.1938 0.0958 0.1547 
     H7395.5  5 0.1061 0.2693 0.2977 0.0377 0.0224 0.2669 
      H742.2  5 0.2502 0.1924 0.1688 0.1572 0.0222 0.2093 
      H958.3  5 0.0790 0.1359 0.3424 0.3925 0.0092 0.0411 
      H452.9 10 0.3495 0.0561 0.2107 0.3017 0.0039 0.0780 
      H473.5 10 0.1630 0.2925 0.2039 0.2061 0.0036 0.1308 
      H487.5 10 0.3327 0.0597 0.2045 0.3145 0.0429 0.0458 
     H703.10 10 0.1300 0.2296 0.2073 0.1448 0.0202 0.2682 
      H705.2 10 0.1369 0.2382 0.2446 0.2805 0.0193 0.0805 
     H7352.5 10 0.2659 0.1669 0.1860 0.2318 0.0116 0.1378 
     H7354.1 10 0.1079 0.1935 0.2525 0.1794 0.0597 0.2069 
     H7359.1 10 0.1853 0.2017 0.2152 0.1051 0.0438 0.2490 
      H909.8 10 0.2064 0.1309 0.1431 0.1211 0.1241 0.2742 
     H9555.3 10 0.3168 0.1003 0.2000 0.2970 0.0287 0.0572 
     H9703.4 10 0.0748 0.1629 0.0737 0.1665 0.4454 0.0767 
     H9707.6 10 0.1888 0.1503 0.2187 0.3117 0.0108 0.1198 
     HSAA4.2 10 0.2821 0.1131 0.2003 0.2654 0.1083 0.0309 
   saaRTON.1 10 0.0054 0.0051 0.0059 0.0063 0.9703 0.0069 
  saaRTON.10 10 0.0111 0.0106 0.0103 0.0150 0.9433 0.0096 
   saaRTON.2 10 0.0049 0.0064 0.0060 0.0064 0.9715 0.0048 
   saaRTON.3 10 0.0099 0.0090 0.0083 0.0080 0.9574 0.0074 
   saaRTON.4 10 0.0064 0.0047 0.0054 0.0054 0.9735 0.0046 
   saaRTON.5 10 0.0063 0.0062 0.0048 0.0048 0.9725 0.0054 
   saaRTON.6 10 0.0061 0.0073 0.0064 0.0058 0.9674 0.0070 
   saaRTON.7 10 0.0100 0.0083 0.0106 0.0135 0.9477 0.0099 
   saaRTON.8 10 0.0070 0.0058 0.0056 0.0048 0.9715 0.0052 
   saaRTON.9 10 0.0041 0.0040 0.0045 0.0050 0.9780 0.0044 
      H005.8 11 0.1466 0.2769 0.1683 0.1547 0.0171 0.2364 
      H031.2 11 0.2380 0.1733 0.1107 0.1854 0.0147 0.2778 
      H136.1 11 0.1793 0.3677 0.1398 0.1311 0.0151 0.1669 
      H153.4 11 0.1358 0.3437 0.1387 0.1001 0.1342 0.1475 
      H167.1 11 0.2022 0.2561 0.1184 0.2156 0.0058 0.2019 
      H173.1 11 0.1710 0.2135 0.1047 0.2271 0.0122 0.2714 
 H194.8_2003 11 0.2898 0.0908 0.1777 0.1331 0.0546 0.2540 
      H196.6 11 0.3456 0.0676 0.2022 0.3354 0.0166 0.0326 
 H356.5_2002 11 0.1054 0.2954 0.2149 0.1742 0.0162 0.1940 
 H356.6_2001 11 0.1013 0.1432 0.2272 0.2865 0.1148 0.1270 
      H360.6 11 0.1227 0.1368 0.2662 0.3569 0.0145 0.1028 
 H369.1_2001 11 0.2195 0.1101 0.2445 0.1990 0.0069 0.2199 
      H369.4 11 0.2240 0.1718 0.1357 0.1808 0.0121 0.2757 
      H374.3 11 0.2253 0.1557 0.1218 0.0243 0.0181 0.4548 
      H376.1 11 0.0656 0.4820 0.2299 0.1406 0.0090 0.0728 
      H381.1 11 0.1372 0.1904 0.2697 0.1255 0.0111 0.2661 
      H386.5 11 0.2161 0.1267 0.2947 0.0592 0.0092 0.2943 
 H387.5_2001 11 0.1123 0.4215 0.0745 0.2524 0.0696 0.0698 
      H387.9 11 0.1450 0.3714 0.2174 0.1179 0.0266 0.1218 
      H392.6 11 0.1582 0.4445 0.1369 0.0843 0.0197 0.1565 
 H393.4_2001 11 0.3062 0.2439 0.0566 0.0637 0.0139 0.3158 
 H393.4_2002 11 0.3508 0.0633 0.0621 0.1064 0.0214 0.3960 
      H394.5 11 0.3391 0.1155 0.0803 0.0824 0.0099 0.3729 
      H412.9 11 0.1260 0.2449 0.1468 0.1394 0.1659 0.1770 
      H439.5 11 0.1930 0.1391 0.1988 0.1131 0.0489 0.3071 
 H441.6_2004 11 0.2900 0.1639 0.2178 0.2664 0.0064 0.0555 
 H441.7_2005 11 0.2766 0.0865 0.1483 0.0857 0.0136 0.3893 
 H442.6_2004 11 0.1886 0.2151 0.1965 0.2362 0.0441 0.1195 
      H442.9 11 0.1330 0.1629 0.2316 0.2750 0.0145 0.1830 
      H446.6 11 0.1101 0.4111 0.2276 0.1448 0.0123 0.0942 
      H447.7 11 0.1451 0.2769 0.1901 0.2332 0.0235 0.1313 
      H448.2 11 0.1744 0.1683 0.2930 0.2149 0.0116 0.1379 
      H586.2 11 0.1137 0.3828 0.1961 0.0489 0.0199 0.2385 
     H590.10 11 0.2108 0.2400 0.1946 0.0657 0.0117 0.2772 
      H610.7 11 0.1608 0.1946 0.2243 0.3054 0.0113 0.1035 
      H611.4 11 0.0971 0.1841 0.2810 0.1280 0.0086 0.3011 
 H7379.2_200 11 0.1916 0.1733 0.2342 0.2301 0.0400 0.1309 
 H7379.4_200 11 0.2093 0.1346 0.2368 0.0960 0.0160 0.3073 
      H741.1 11 0.1511 0.2331 0.2310 0.2030 0.0146 0.1671 
      H927.3 11 0.1504 0.2306 0.2112 0.1893 0.0051 0.2134 
      H928.4 11 0.1765 0.2800 0.1627 0.2351 0.0307 0.1150 
     H9560.4 11 0.1249 0.1562 0.1788 0.1276 0.2988 0.1137 
    Rad451.3 11 0.1874 0.1598 0.2350 0.0875 0.0097 0.3207 
      H409.8 12 0.2068 0.3306 0.1019 0.2578 0.0109 0.0920 
      H413.2 12 0.1431 0.2009 0.2384 0.3037 0.0289 0.0850 
      H563.3 12 0.1876 0.1473 0.1996 0.1492 0.0122 0.3041 
     H7374.6 12 0.2450 0.3114 0.1452 0.0764 0.0085 0.2135 
     H9563.8 12 0.1162 0.2981 0.1765 0.2391 0.1048 0.0653 
     H9572.4 12 0.2058 0.2154 0.1432 0.1584 0.0188 0.2584 
