1:    0.043 0.803 0.051 0.063 0.040 1    
2:    0.596 0.181 0.125 0.074 0.024 1    
3:    0.183 0.297 0.158 0.288 0.075 1    
4:    0.581 0.295 0.040 0.033 0.051 1    
5:    0.087 0.802 0.032 0.045 0.034 1    
6:    0.721 0.080 0.096 0.072 0.031 1    
7:    0.513 0.290 0.054 0.085 0.057 1    
8:    0.506 0.109 0.320 0.038 0.027 1    
9:    0.778 0.016 0.151 0.035 0.019 1    
10:   0.106 0.786 0.044 0.022 0.042 1    
11:   0.790 0.089 0.027 0.031 0.063 1    
12:   0.073 0.846 0.017 0.046 0.019 1    
13:   0.562 0.233 0.065 0.120 0.020 1    
14:   0.471 0.439 0.024 0.049 0.017 1    
15:   0.116 0.780 0.010 0.038 0.056 1    
16:   0.160 0.787 0.006 0.015 0.032 1    
17:   0.636 0.185 0.029 0.052 0.097 1    
18:   0.021 0.917 0.009 0.010 0.042 1    
19:   0.705 0.207 0.012 0.040 0.036 1    
20:   0.367 0.590 0.008 0.011 0.024 1    
21:   0.094 0.708 0.020 0.096 0.082 1    
22:   0.073 0.874 0.022 0.016 0.015 1    
23:   0.014 0.875 0.021 0.048 0.042 1    
24:   0.076 0.778 0.022 0.047 0.077 1    
25:   0.178 0.750 0.043 0.015 0.013 1    
26:   0.013 0.941 0.009 0.018 0.019 1    
27:   0.118 0.778 0.028 0.053 0.024 1    
28:   0.270 0.640 0.021 0.029 0.038 1    
29:   0.207 0.740 0.007 0.033 0.013 1    
30:   0.023 0.932 0.013 0.022 0.010 1    
31:   0.052 0.876 0.018 0.043 0.011 1    
32:   0.179 0.763 0.014 0.024 0.020 1    
33:   0.061 0.238 0.019 0.016 0.666 1    
34:   0.177 0.058 0.017 0.011 0.737 1    
35:   0.227 0.173 0.038 0.014 0.549 1    
36:   0.090 0.275 0.050 0.016 0.569 1    
37:   0.012 0.072 0.017 0.036 0.863 1    
38:   0.500 0.128 0.106 0.072 0.194 1    
39:   0.165 0.296 0.013 0.127 0.399 1    
40:   0.024 0.041 0.034 0.018 0.883 1    
41:   0.023 0.041 0.017 0.081 0.839 1    
42:   0.093 0.060 0.026 0.135 0.686 1    
43:   0.053 0.359 0.029 0.023 0.535 1    
44:   0.015 0.660 0.065 0.023 0.238 1    
45:   0.010 0.117 0.018 0.018 0.837 1    
46:   0.021 0.605 0.056 0.039 0.279 1    
47:   0.012 0.043 0.023 0.021 0.902 1    
48:   0.024 0.042 0.011 0.016 0.907 1    
49:   0.131 0.041 0.604 0.070 0.153 1    
50:   0.110 0.041 0.632 0.053 0.164 1    
51:   0.809 0.060 0.044 0.058 0.029 1    
52:   0.690 0.016 0.258 0.019 0.017 1    
53:   0.467 0.089 0.221 0.185 0.038 1    
54:   0.438 0.052 0.429 0.050 0.031 1    
55:   0.926 0.015 0.026 0.018 0.015 1    
56:   0.841 0.037 0.081 0.020 0.021 1    
57:   0.338 0.019 0.603 0.020 0.021 1    
58:   0.619 0.065 0.221 0.066 0.029 1    
59:   0.649 0.159 0.108 0.058 0.026 1    
60:   0.045 0.407 0.155 0.318 0.075 1    
61:   0.018 0.815 0.028 0.084 0.055 1    
62:   0.023 0.598 0.045 0.125 0.210 1    
63:   0.020 0.351 0.057 0.051 0.521 1    
64:   0.012 0.346 0.099 0.203 0.341 1    
65:   0.100 0.215 0.083 0.078 0.524 1    
66:   0.059 0.374 0.054 0.084 0.429 1    
67:   0.043 0.136 0.087 0.165 0.569 1    
68:   0.013 0.323 0.064 0.289 0.311 1    
69:   0.015 0.918 0.025 0.025 0.018 1    
70:   0.024 0.629 0.297 0.016 0.034 1    
71:   0.022 0.942 0.010 0.016 0.009 1    
72:   0.041 0.866 0.042 0.035 0.016 1    
73:   0.009 0.957 0.016 0.010 0.008 1    
74:   0.049 0.875 0.014 0.036 0.027 1    
75:   0.115 0.785 0.016 0.068 0.016 1    
76:   0.014 0.918 0.013 0.045 0.009 1    
77:   0.015 0.954 0.009 0.012 0.009 1    
78:   0.024 0.869 0.027 0.067 0.014 1    
79:   0.027 0.916 0.017 0.030 0.011 1    
80:   0.009 0.951 0.012 0.020 0.008 1    
81:   0.025 0.911 0.031 0.017 0.016 1    
82:   0.019 0.903 0.026 0.038 0.014 1    
83:   0.085 0.833 0.040 0.022 0.019 1    
84:   0.495 0.393 0.044 0.032 0.035 1    
85:   0.010 0.944 0.024 0.010 0.012 1    
86:   0.681 0.098 0.172 0.022 0.027 1    
87:   0.012 0.816 0.142 0.013 0.016 1    
88:   0.210 0.665 0.084 0.024 0.016 1    
89:   0.030 0.881 0.061 0.013 0.016 1    
90:   0.383 0.159 0.388 0.048 0.022 1    
91:   0.010 0.938 0.016 0.020 0.016 1    
92:   0.140 0.213 0.522 0.074 0.052 1    
93:   0.016 0.921 0.035 0.016 0.012 1    
94:   0.088 0.175 0.644 0.031 0.061 1    
95:   0.017 0.924 0.024 0.019 0.016 1    
96:   0.014 0.902 0.060 0.010 0.014 1    
97:   0.063 0.870 0.023 0.023 0.021 1    
98:   0.015 0.949 0.008 0.016 0.011 1    
99:   0.015 0.933 0.022 0.020 0.010 1    
100:  0.053 0.901 0.018 0.016 0.011 1    
101:  0.028 0.932 0.017 0.011 0.013 1    
102:  0.018 0.950 0.009 0.012 0.010 1    
103:  0.024 0.934 0.014 0.012 0.015 1    
104:  0.018 0.923 0.022 0.020 0.017 1    
105:  0.010 0.955 0.009 0.009 0.016 1    
106:  0.861 0.054 0.012 0.026 0.048 1    
107:  0.854 0.067 0.014 0.050 0.014 1    
108:  0.727 0.046 0.022 0.051 0.154 1    
109:  0.862 0.027 0.018 0.020 0.073 1    
110:  0.842 0.028 0.015 0.024 0.090 1    
111:  0.835 0.039 0.022 0.016 0.088 1    
112:  0.685 0.231 0.016 0.042 0.026 1    
113:  0.856 0.025 0.012 0.020 0.088 1    
114:  0.066 0.438 0.470 0.013 0.013 1    
115:  0.083 0.819 0.032 0.023 0.044 1    
116:  0.058 0.446 0.448 0.016 0.031 1    
117:  0.037 0.905 0.022 0.020 0.016 1    
118:  0.013 0.103 0.789 0.015 0.081 1    
119:  0.015 0.813 0.090 0.038 0.044 1    
120:  0.115 0.396 0.439 0.023 0.027 1    
121:  0.021 0.833 0.048 0.014 0.085 1    
122:  0.011 0.023 0.929 0.012 0.026 1    
123:  0.014 0.950 0.015 0.012 0.010 1    
124:  0.050 0.109 0.804 0.013 0.024 1    
125:  0.025 0.118 0.553 0.044 0.260 1    
126:  0.023 0.293 0.649 0.016 0.019 1    
127:  0.096 0.664 0.066 0.045 0.128 1    
128:  0.026 0.054 0.856 0.017 0.047 1    
129:  0.024 0.865 0.041 0.022 0.048 1    
130:  0.052 0.234 0.668 0.011 0.035 1    
131:  0.048 0.214 0.041 0.045 0.652 1    
132:  0.027 0.218 0.058 0.040 0.657 1    
133:  0.024 0.260 0.049 0.027 0.640 1    
134:  0.062 0.256 0.029 0.048 0.605 1    
135:  0.022 0.099 0.019 0.015 0.846 1    
136:  0.020 0.164 0.019 0.025 0.772 1    
137:  0.157 0.363 0.024 0.027 0.429 1    
138:  0.194 0.278 0.026 0.049 0.452 1    
139:  0.019 0.302 0.012 0.040 0.627 1    
140:  0.016 0.216 0.008 0.032 0.729 1    
141:  0.738 0.118 0.025 0.075 0.044 1    
142:  0.152 0.630 0.037 0.102 0.079 1    
143:  0.266 0.153 0.019 0.367 0.194 1    
144:  0.587 0.090 0.030 0.211 0.083 1    
145:  0.034 0.221 0.015 0.055 0.676 1    
146:  0.551 0.221 0.051 0.100 0.077 1    
147:  0.062 0.015 0.690 0.171 0.062 1    
148:  0.455 0.115 0.299 0.099 0.032 1    
149:  0.705 0.092 0.040 0.081 0.082 1    
150:  0.102 0.060 0.372 0.425 0.041 1    
151:  0.020 0.056 0.658 0.233 0.033 1    
152:  0.217 0.458 0.255 0.049 0.022 1    
153:  0.017 0.854 0.049 0.053 0.027 1    
154:  0.026 0.029 0.879 0.042 0.024 1    
155:  0.050 0.785 0.077 0.067 0.021 1    
156:  0.020 0.248 0.080 0.635 0.017 1    
157:  0.132 0.047 0.623 0.170 0.027 1    
158:  0.017 0.668 0.243 0.025 0.047 1    
159:  0.606 0.102 0.085 0.164 0.044 1    
160:  0.289 0.096 0.538 0.040 0.037 1    
161:  0.660 0.069 0.058 0.093 0.120 1    
162:  0.728 0.057 0.102 0.076 0.037 1    
163:  0.411 0.053 0.303 0.217 0.016 1    
164:  0.185 0.147 0.558 0.077 0.034 1    
165:  0.368 0.027 0.074 0.042 0.490 1    
166:  0.729 0.033 0.103 0.091 0.043 1    
167:  0.497 0.130 0.101 0.213 0.060 1    
168:  0.038 0.727 0.045 0.009 0.182 1    
169:  0.010 0.947 0.025 0.009 0.009 1    
170:  0.009 0.943 0.024 0.011 0.013 1    
171:  0.026 0.942 0.011 0.008 0.013 1    
172:  0.010 0.939 0.018 0.013 0.020 1    
173:  0.011 0.938 0.017 0.016 0.018 1    
174:  0.030 0.921 0.015 0.013 0.021 1    
175:  0.017 0.953 0.008 0.008 0.013 1    
176:  0.010 0.943 0.023 0.009 0.014 1    
177:  0.360 0.067 0.409 0.054 0.110 1    
178:  0.534 0.046 0.243 0.035 0.142 1    
179:  0.092 0.020 0.020 0.024 0.844 1    
180:  0.451 0.035 0.287 0.034 0.193 1    
181:  0.275 0.045 0.030 0.034 0.617 1    
182:  0.493 0.060 0.116 0.023 0.308 1    
183:  0.351 0.031 0.054 0.137 0.427 1    
184:  0.165 0.016 0.083 0.022 0.713 1    
185:  0.475 0.028 0.194 0.126 0.177 1    
186:  0.015 0.885 0.013 0.010 0.077 1    
187:  0.020 0.827 0.029 0.023 0.101 1    
188:  0.015 0.758 0.027 0.045 0.156 1    
189:  0.014 0.783 0.015 0.037 0.150 1    
190:  0.016 0.884 0.016 0.025 0.059 1    
191:  0.037 0.624 0.095 0.035 0.209 1    
192:  0.951 0.011 0.008 0.023 0.007 1    
193:  0.021 0.631 0.274 0.030 0.044 1    
194:  0.893 0.024 0.015 0.014 0.054 1    
195:  0.724 0.073 0.159 0.020 0.025 1    
196:  0.928 0.017 0.020 0.014 0.021 1    
197:  0.909 0.027 0.014 0.017 0.033 1    
198:  0.914 0.031 0.021 0.014 0.021 1    
199:  0.914 0.016 0.017 0.017 0.035 1    
200:  0.021 0.199 0.036 0.170 0.574 1    
201:  0.226 0.104 0.182 0.087 0.401 1    
202:  0.016 0.395 0.248 0.068 0.273 1    
203:  0.011 0.795 0.014 0.018 0.162 1    
204:  0.020 0.648 0.079 0.066 0.187 1    
205:  0.013 0.101 0.229 0.157 0.500 1    
206:  0.023 0.618 0.044 0.031 0.283 1    
207:  0.455 0.047 0.277 0.141 0.081 1    
208:  0.266 0.026 0.130 0.084 0.494 1    
209:  0.033 0.053 0.028 0.845 0.040 1    
210:  0.154 0.267 0.110 0.203 0.267 1    
211:  0.510 0.030 0.148 0.058 0.254 1    
212:  0.222 0.133 0.293 0.076 0.276 1    
213:  0.347 0.396 0.050 0.180 0.027 1    
214:  0.495 0.052 0.039 0.393 0.021 1    
215:  0.039 0.017 0.062 0.024 0.857 1    
216:  0.015 0.015 0.013 0.011 0.946 1    
217:  0.017 0.013 0.013 0.014 0.944 1    
218:  0.059 0.052 0.123 0.061 0.705 1    
219:  0.010 0.015 0.010 0.013 0.951 1    
220:  0.008 0.015 0.012 0.011 0.954 1    
221:  0.139 0.072 0.498 0.056 0.235 1    
222:  0.045 0.066 0.159 0.601 0.130 1    
223:  0.302 0.172 0.163 0.255 0.108 1    
224:  0.029 0.086 0.087 0.667 0.131 1    
225:  0.469 0.026 0.216 0.198 0.091 1    
226:  0.072 0.297 0.101 0.465 0.064 1    
227:  0.061 0.562 0.091 0.220 0.065 1    
228:  0.105 0.039 0.160 0.617 0.079 1    
229:  0.742 0.013 0.068 0.015 0.162 1    
230:  0.342 0.161 0.100 0.016 0.381 1    
231:  0.486 0.022 0.057 0.040 0.396 1    
232:  0.053 0.017 0.085 0.075 0.769 1    
233:  0.230 0.027 0.030 0.041 0.672 1    
234:  0.020 0.142 0.339 0.097 0.403 1    
235:  0.583 0.035 0.053 0.104 0.225 1    
236:  0.738 0.023 0.051 0.070 0.118 1    
237:  0.049 0.025 0.630 0.058 0.238 1    
238:  0.036 0.040 0.588 0.031 0.305 1    
239:  0.019 0.148 0.741 0.042 0.050 1    
240:  0.193 0.026 0.017 0.624 0.141 1    
241:  0.054 0.330 0.034 0.326 0.257 1    
242:  0.451 0.036 0.013 0.380 0.120 1    
243:  0.062 0.106 0.013 0.664 0.155 1    
244:  0.087 0.126 0.047 0.577 0.164 1    
245:  0.031 0.208 0.011 0.652 0.098 1    
246:  0.909 0.017 0.014 0.044 0.016 1    
247:  0.875 0.029 0.021 0.033 0.042 1    
248:  0.055 0.803 0.024 0.036 0.082 1    
249:  0.250 0.495 0.052 0.026 0.177 1    
250:  0.018 0.287 0.038 0.060 0.597 1    
251:  0.013 0.485 0.184 0.112 0.206 1    
252:  0.025 0.073 0.258 0.338 0.307 1    
253:  0.014 0.916 0.011 0.016 0.043 1    
254:  0.020 0.805 0.054 0.071 0.050 1    
255:  0.059 0.609 0.190 0.055 0.087 1    
256:  0.008 0.873 0.016 0.069 0.034 1    
257:  0.020 0.219 0.044 0.620 0.097 1    
258:  0.014 0.020 0.025 0.014 0.927 1    
259:  0.016 0.042 0.068 0.049 0.825 1    
260:  0.028 0.402 0.063 0.280 0.227 1    
261:  0.022 0.070 0.095 0.083 0.732 1    
262:  0.022 0.307 0.052 0.153 0.466 1    
263:  0.015 0.034 0.198 0.031 0.722 1    
264:  0.018 0.063 0.161 0.230 0.527 1    
265:  0.028 0.039 0.192 0.048 0.693 1    
266:  0.021 0.867 0.023 0.023 0.067 1    
267:  0.015 0.919 0.009 0.013 0.043 1    
268:  0.029 0.722 0.034 0.136 0.079 1    
269:  0.020 0.661 0.016 0.029 0.274 1    
270:  0.021 0.837 0.018 0.077 0.047 1    
271:  0.012 0.803 0.019 0.017 0.148 1    
272:  0.008 0.732 0.016 0.026 0.219 1    
273:  0.023 0.913 0.018 0.031 0.015 1    
274:  0.011 0.938 0.018 0.016 0.017 1    
275:  0.025 0.903 0.021 0.018 0.033 1    
276:  0.011 0.960 0.010 0.010 0.009 1    
277:  0.007 0.951 0.012 0.018 0.012 1    
278:  0.013 0.949 0.009 0.018 0.011 1    
279:  0.011 0.918 0.012 0.038 0.022 1    
280:  0.008 0.960 0.010 0.010 0.012 1    
281:  0.025 0.944 0.009 0.011 0.011 1    
282:  0.010 0.922 0.027 0.031 0.010 1    
283:  0.021 0.939 0.010 0.022 0.008 1    
284:  0.006 0.966 0.008 0.010 0.009 1    
285:  0.014 0.942 0.009 0.020 0.015 1    
286:  0.032 0.921 0.012 0.013 0.022 1    
287:  0.013 0.896 0.018 0.038 0.036 1    
288:  0.017 0.814 0.034 0.055 0.080 1    
289:  0.009 0.890 0.034 0.024 0.042 1    
290:  0.012 0.864 0.021 0.046 0.057 1    
291:  0.008 0.938 0.009 0.028 0.017 1    
292:  0.009 0.954 0.007 0.017 0.014 1    
293:  0.015 0.401 0.540 0.017 0.028 1    
294:  0.023 0.723 0.173 0.023 0.058 1    
295:  0.015 0.910 0.047 0.016 0.010 1    
296:  0.010 0.881 0.030 0.058 0.021 1    
297:  0.112 0.648 0.047 0.168 0.024 1    
298:  0.029 0.671 0.061 0.173 0.067 1    
299:  0.045 0.134 0.032 0.763 0.026 1    
300:  0.026 0.880 0.037 0.027 0.031 1    
301:  0.027 0.043 0.016 0.890 0.024 1    
302:  0.017 0.163 0.134 0.608 0.077 1    
303:  0.037 0.107 0.013 0.812 0.031 1    
304:  0.025 0.267 0.064 0.338 0.307 1    
305:  0.038 0.318 0.040 0.583 0.021 1    
306:  0.016 0.953 0.009 0.008 0.014 1    
307:  0.023 0.932 0.014 0.008 0.023 1    
308:  0.011 0.947 0.015 0.012 0.015 1    
309:  0.008 0.925 0.010 0.017 0.041 1    
310:  0.013 0.951 0.010 0.015 0.012 1    
311:  0.326 0.591 0.025 0.032 0.027 1    
312:  0.033 0.890 0.021 0.035 0.021 1    
313:  0.018 0.895 0.029 0.012 0.045 1    
314:  0.012 0.885 0.033 0.022 0.048 1    
315:  0.025 0.901 0.042 0.013 0.018 1    
316:  0.033 0.890 0.024 0.019 0.033 1    
317:  0.019 0.930 0.027 0.012 0.013 1    
318:  0.021 0.934 0.014 0.016 0.015 1    
319:  0.070 0.813 0.026 0.036 0.056 1    
320:  0.962 0.012 0.010 0.006 0.009 1    
321:  0.924 0.024 0.011 0.011 0.031 1    
322:  0.954 0.014 0.009 0.010 0.013 1    
323:  0.956 0.009 0.011 0.008 0.017 1    
324:  0.964 0.010 0.007 0.009 0.009 1    
325:  0.954 0.013 0.012 0.008 0.013 1    
326:  0.964 0.008 0.012 0.006 0.011 1    
327:  0.929 0.028 0.015 0.012 0.015 1    
328:  0.954 0.012 0.010 0.010 0.014 1    
329:  0.978 0.006 0.006 0.005 0.005 1    
330:  0.964 0.009 0.009 0.007 0.010 1    
331:  0.945 0.008 0.010 0.026 0.011 1    
332:  0.970 0.010 0.007 0.007 0.006 1    
333:  0.933 0.008 0.015 0.025 0.020 1    
334:  0.970 0.009 0.007 0.008 0.006 1    
335:  0.946 0.008 0.018 0.013 0.016 1    
336:  0.958 0.006 0.009 0.012 0.014 1    
337:  0.961 0.014 0.008 0.009 0.008 1    
338:  0.951 0.011 0.010 0.013 0.015 1    
339:  0.974 0.008 0.006 0.007 0.005 1    
340:  0.965 0.007 0.009 0.010 0.009 1    
341:  0.969 0.009 0.008 0.008 0.007 1    
342:  0.961 0.012 0.008 0.011 0.008 1    
343:  0.941 0.018 0.014 0.012 0.015 1    
344:  0.969 0.010 0.009 0.007 0.006 1    
345:  0.956 0.009 0.012 0.011 0.012 1    
346:  0.013 0.033 0.019 0.024 0.911 1    
347:  0.021 0.040 0.014 0.013 0.912 1    
348:  0.018 0.025 0.058 0.032 0.868 1    
349:  0.010 0.022 0.021 0.022 0.925 1    
350:  0.010 0.013 0.012 0.010 0.954 1    
351:  0.018 0.025 0.010 0.011 0.936 1    
352:  0.022 0.023 0.036 0.031 0.889 1    
353:  0.015 0.019 0.015 0.012 0.939 1    
354:  0.965 0.007 0.010 0.009 0.008 1    
355:  0.956 0.011 0.010 0.013 0.010 1    
356:  0.962 0.009 0.014 0.008 0.007 1    
357:  0.924 0.015 0.018 0.029 0.014 1    
358:  0.972 0.007 0.006 0.007 0.008 1    
359:  0.966 0.007 0.008 0.011 0.008 1    
360:  0.969 0.008 0.007 0.008 0.008 1    
361:  0.962 0.010 0.009 0.011 0.008 1    
362:  0.949 0.010 0.013 0.014 0.014 1    
363:  0.013 0.935 0.016 0.017 0.019 1    
364:  0.048 0.911 0.009 0.011 0.021 1    
365:  0.029 0.918 0.008 0.014 0.031 1    
366:  0.043 0.923 0.013 0.013 0.009 1    
367:  0.027 0.918 0.018 0.026 0.012 1    
368:  0.020 0.930 0.008 0.032 0.010 1    
369:  0.029 0.913 0.010 0.023 0.025 1    
370:  0.426 0.507 0.024 0.027 0.016 1    
371:  0.046 0.917 0.012 0.016 0.009 1    
372:  0.031 0.041 0.051 0.702 0.175 1    
373:  0.028 0.014 0.030 0.876 0.052 1    
374:  0.019 0.027 0.028 0.887 0.038 1    
375:  0.022 0.017 0.023 0.794 0.144 1    
376:  0.020 0.011 0.020 0.923 0.025 1    
377:  0.184 0.027 0.053 0.590 0.146 1    
378:  0.031 0.020 0.057 0.859 0.033 1    
379:  0.024 0.704 0.172 0.059 0.041 1    
380:  0.025 0.189 0.634 0.054 0.097 1    
381:  0.068 0.200 0.466 0.142 0.125 1    
382:  0.017 0.465 0.428 0.046 0.044 1    
383:  0.091 0.557 0.180 0.132 0.041 1    
384:  0.030 0.053 0.120 0.753 0.043 1    
385:  0.020 0.128 0.718 0.118 0.015 1    
386:  0.022 0.814 0.078 0.064 0.023 1    
387:  0.948 0.015 0.015 0.010 0.011 1    
388:  0.966 0.012 0.009 0.006 0.007 1    
389:  0.970 0.008 0.007 0.007 0.008 1    
390:  0.971 0.008 0.009 0.006 0.005 1    
391:  0.946 0.014 0.018 0.011 0.010 1    
392:  0.940 0.022 0.017 0.011 0.010 1    
393:  0.959 0.009 0.012 0.008 0.012 1    
394:  0.012 0.770 0.017 0.037 0.164 1    
395:  0.011 0.732 0.014 0.011 0.232 1    
396:  0.929 0.027 0.011 0.016 0.017 1    
397:  0.018 0.579 0.044 0.037 0.323 1    
398:  0.025 0.692 0.171 0.027 0.085 1    
399:  0.024 0.495 0.020 0.022 0.440 1    
400:  0.020 0.420 0.021 0.042 0.498 1    
401:  0.011 0.650 0.052 0.080 0.207 1    
402:  0.014 0.707 0.022 0.015 0.242 1    
403:  0.041 0.474 0.180 0.023 0.282 1    
404:  0.138 0.631 0.091 0.062 0.079 1    
405:  0.066 0.837 0.035 0.010 0.052 1    
406:  0.111 0.767 0.030 0.038 0.055 1    
407:  0.097 0.835 0.018 0.010 0.040 1    
408:  0.253 0.665 0.057 0.010 0.015 1    
409:  0.214 0.712 0.013 0.032 0.030 1    
410:  0.008 0.010 0.945 0.024 0.014 1    
411:  0.009 0.013 0.896 0.071 0.012 1    
412:  0.008 0.011 0.949 0.019 0.013 1    
413:  0.017 0.011 0.859 0.097 0.017 1    
414:  0.031 0.014 0.911 0.036 0.008 1    
415:  0.010 0.013 0.935 0.020 0.023 1    
416:  0.179 0.323 0.196 0.213 0.089 1    
417:  0.091 0.043 0.165 0.248 0.453 1    
418:  0.010 0.007 0.008 0.009 0.966 1    
419:  0.012 0.006 0.007 0.008 0.966 1    
420:  0.011 0.010 0.010 0.009 0.960 1    
421:  0.009 0.008 0.009 0.010 0.963 1    
422:  0.015 0.007 0.011 0.007 0.960 1    
423:  0.015 0.015 0.023 0.029 0.919 1    
424:  0.025 0.046 0.248 0.178 0.503 1    
425:  0.016 0.008 0.010 0.009 0.957 1    
426:  0.015 0.015 0.010 0.008 0.952 1    
427:  0.020 0.029 0.069 0.047 0.835 1    
428:  0.012 0.008 0.015 0.012 0.953 1    
429:  0.027 0.030 0.124 0.076 0.743 1    
430:  0.009 0.012 0.010 0.013 0.955 1    
431:  0.039 0.008 0.016 0.014 0.923 1    
432:  0.025 0.032 0.058 0.020 0.865 1    
433:  0.012 0.009 0.012 0.010 0.958 1    
434:  0.017 0.009 0.015 0.008 0.952 1    
435:  0.015 0.012 0.028 0.017 0.928 1    
436:  0.044 0.063 0.269 0.155 0.469 1    
437:  0.018 0.009 0.011 0.015 0.946 1    
438:  0.015 0.010 0.026 0.026 0.922 1    
439:  0.016 0.094 0.015 0.861 0.015 1    
440:  0.010 0.028 0.020 0.927 0.016 1    
441:  0.041 0.159 0.026 0.764 0.011 1    
442:  0.112 0.070 0.028 0.770 0.020 1    
443:  0.038 0.033 0.071 0.829 0.029 1    
444:  0.025 0.026 0.020 0.920 0.009 1    
445:  0.202 0.063 0.059 0.650 0.026 1    
446:  0.027 0.737 0.064 0.159 0.013 1    
447:  0.056 0.094 0.026 0.716 0.109 1    
448:  0.063 0.097 0.031 0.751 0.058 1    
449:  0.052 0.655 0.207 0.040 0.045 1    
450:  0.032 0.180 0.021 0.757 0.009 1    
451:  0.015 0.302 0.014 0.646 0.023 1    
452:  0.016 0.174 0.018 0.732 0.060 1    
453:  0.027 0.083 0.038 0.830 0.023 1    
454:  0.026 0.469 0.023 0.463 0.018 1    
455:  0.083 0.651 0.099 0.099 0.068 1    
456:  0.021 0.098 0.020 0.840 0.021 1    
457:  0.065 0.055 0.029 0.767 0.084 1    
458:  0.027 0.841 0.013 0.107 0.013 1    
459:  0.031 0.741 0.029 0.176 0.023 1    
460:  0.061 0.183 0.014 0.706 0.036 1    
461:  0.022 0.858 0.016 0.093 0.012 1    
462:  0.098 0.016 0.018 0.803 0.065 1    
463:  0.012 0.018 0.013 0.929 0.028 1    
464:  0.036 0.027 0.168 0.479 0.290 1    
465:  0.022 0.011 0.024 0.931 0.012 1    
466:  0.014 0.012 0.171 0.775 0.028 1    
467:  0.026 0.013 0.062 0.871 0.028 1    
468:  0.059 0.014 0.066 0.753 0.107 1    
469:  0.023 0.008 0.019 0.940 0.009 1    
470:  0.020 0.036 0.011 0.864 0.069 1    
471:  0.025 0.011 0.139 0.760 0.065 1    
472:  0.014 0.016 0.020 0.915 0.036 1    
473:  0.008 0.034 0.429 0.359 0.169 1    
474:  0.008 0.010 0.220 0.420 0.342 1    
475:  0.011 0.017 0.470 0.455 0.047 1    
476:  0.011 0.021 0.054 0.307 0.608 1    
477:  0.012 0.016 0.081 0.673 0.217 1    
478:  0.050 0.012 0.031 0.886 0.022 1    
479:  0.012 0.010 0.016 0.952 0.010 1    
480:  0.036 0.010 0.031 0.884 0.039 1    
481:  0.019 0.021 0.019 0.925 0.017 1    
482:  0.016 0.018 0.027 0.927 0.012 1    
483:  0.007 0.012 0.010 0.964 0.008 1    
484:  0.012 0.018 0.028 0.929 0.013 1    
485:  0.015 0.012 0.030 0.905 0.038 1    
486:  0.036 0.011 0.129 0.778 0.045 1    
487:  0.018 0.015 0.022 0.914 0.031 1    
488:  0.032 0.408 0.122 0.323 0.116 1    
489:  0.038 0.196 0.450 0.162 0.153 1    
490:  0.016 0.171 0.020 0.450 0.345 1    
491:  0.012 0.080 0.044 0.696 0.167 1    
492:  0.023 0.050 0.025 0.076 0.825 1    
493:  0.031 0.052 0.028 0.799 0.090 1    
494:  0.121 0.053 0.029 0.160 0.637 1    
495:  0.123 0.062 0.028 0.148 0.640 1    
496:  0.025 0.146 0.043 0.763 0.023 1    
497:  0.011 0.300 0.027 0.133 0.528 1    
498:  0.027 0.124 0.711 0.057 0.082 1    
499:  0.020 0.015 0.030 0.014 0.921 1    
500:  0.036 0.027 0.024 0.023 0.890 1    
501:  0.015 0.059 0.036 0.608 0.282 1    
502:  0.026 0.016 0.038 0.074 0.846 1    
503:  0.017 0.151 0.119 0.533 0.181 1    
504:  0.033 0.012 0.020 0.020 0.915 1    
505:  0.021 0.162 0.679 0.059 0.078 1    
506:  0.020 0.077 0.838 0.053 0.012 1    
507:  0.049 0.041 0.750 0.143 0.017 1    
508:  0.191 0.298 0.443 0.030 0.038 1    
509:  0.022 0.445 0.033 0.451 0.049 1    
510:  0.068 0.031 0.067 0.659 0.175 1    
511:  0.036 0.125 0.464 0.241 0.134 1    
512:  0.454 0.034 0.178 0.281 0.054 1    
513:  0.016 0.008 0.056 0.897 0.022 1    
514:  0.014 0.028 0.034 0.893 0.031 1    
515:  0.035 0.023 0.205 0.661 0.076 1    
516:  0.016 0.011 0.015 0.943 0.014 1    
517:  0.013 0.018 0.060 0.889 0.021 1    
518:  0.051 0.119 0.523 0.258 0.050 1    
519:  0.050 0.085 0.762 0.074 0.030 1    
520:  0.042 0.126 0.531 0.256 0.045 1    
521:  0.845 0.038 0.021 0.034 0.061 1    
522:  0.853 0.052 0.040 0.022 0.033 1    
523:  0.149 0.015 0.063 0.253 0.519 1    
524:  0.835 0.060 0.026 0.029 0.050 1    
525:  0.038 0.026 0.325 0.369 0.242 1    
526:  0.124 0.023 0.022 0.812 0.019 1    
527:  0.026 0.014 0.074 0.047 0.839 1    
528:  0.016 0.011 0.013 0.950 0.010 1    
529:  0.636 0.020 0.257 0.062 0.025 1    
530:  0.029 0.017 0.870 0.032 0.053 1    
531:  0.210 0.028 0.711 0.014 0.036 1    
532:  0.306 0.015 0.096 0.571 0.013 1    
533:  0.893 0.009 0.065 0.018 0.016 1    
534:  0.041 0.014 0.063 0.861 0.021 1    
535:  0.139 0.048 0.362 0.022 0.429 1    
536:  0.013 0.018 0.064 0.826 0.079 1    
537:  0.440 0.060 0.299 0.035 0.166 1    
538:  0.014 0.010 0.017 0.951 0.008 1    
539:  0.276 0.024 0.357 0.218 0.124 1    
540:  0.663 0.060 0.126 0.060 0.091 1    
541:  0.025 0.012 0.013 0.933 0.017 1    
542:  0.025 0.009 0.007 0.949 0.010 1    
543:  0.023 0.014 0.009 0.942 0.013 1    
544:  0.078 0.010 0.032 0.865 0.015 1    
545:  0.016 0.011 0.023 0.929 0.021 1    
546:  0.016 0.011 0.022 0.932 0.018 1    
547:  0.048 0.017 0.037 0.861 0.037 1    
548:  0.035 0.019 0.819 0.022 0.105 1    
549:  0.013 0.011 0.860 0.020 0.096 1    
550:  0.168 0.027 0.729 0.026 0.050 1    
551:  0.014 0.024 0.876 0.023 0.064 1    
552:  0.218 0.025 0.686 0.039 0.032 1    
553:  0.013 0.020 0.859 0.018 0.091 1    
554:  0.054 0.023 0.455 0.019 0.448 1    
555:  0.013 0.009 0.895 0.027 0.056 1    
556:  0.170 0.012 0.713 0.046 0.058 1    
557:  0.116 0.019 0.651 0.146 0.068 1    
558:  0.221 0.023 0.661 0.026 0.070 1    
559:  0.031 0.011 0.858 0.063 0.036 1    
560:  0.018 0.014 0.923 0.016 0.029 1    
561:  0.071 0.014 0.787 0.106 0.022 1    
562:  0.055 0.013 0.487 0.020 0.425 1    
563:  0.117 0.010 0.760 0.061 0.051 1    
564:  0.118 0.064 0.736 0.045 0.037 1    
565:  0.038 0.021 0.019 0.907 0.014 1    
566:  0.075 0.260 0.078 0.304 0.283 1    
567:  0.041 0.056 0.021 0.129 0.752 1    
568:  0.116 0.123 0.020 0.085 0.657 1    
569:  0.037 0.060 0.024 0.863 0.016 1    
570:  0.078 0.115 0.025 0.068 0.713 1    
571:  0.161 0.049 0.018 0.742 0.029 1    
572:  0.341 0.040 0.059 0.281 0.279 1    
573:  0.038 0.013 0.929 0.008 0.012 1    
574:  0.010 0.006 0.963 0.009 0.011 1    
575:  0.013 0.010 0.949 0.011 0.017 1    
576:  0.009 0.007 0.968 0.007 0.009 1    
577:  0.041 0.014 0.907 0.018 0.020 1    
578:  0.036 0.010 0.931 0.010 0.013 1    
579:  0.038 0.010 0.933 0.009 0.010 1    
580:  0.028 0.017 0.893 0.017 0.045 1    
581:  0.020 0.014 0.935 0.015 0.016 1    
582:  0.040 0.009 0.929 0.012 0.010 1    
583:  0.073 0.152 0.715 0.016 0.044 1    
584:  0.020 0.017 0.936 0.014 0.014 1    
585:  0.017 0.011 0.765 0.023 0.183 1    
586:  0.046 0.074 0.682 0.029 0.169 1    
587:  0.030 0.022 0.909 0.019 0.021 1    
588:  0.013 0.009 0.855 0.021 0.103 1    
589:  0.030 0.034 0.875 0.022 0.039 1    
590:  0.011 0.010 0.944 0.024 0.011 1    
591:  0.018 0.010 0.948 0.010 0.014 1    
592:  0.015 0.030 0.879 0.031 0.043 1    
593:  0.040 0.016 0.865 0.054 0.026 1    
594:  0.016 0.034 0.897 0.024 0.028 1    
595:  0.035 0.054 0.890 0.011 0.010 1    
596:  0.021 0.010 0.922 0.035 0.012 1    
597:  0.027 0.013 0.831 0.014 0.115 1    
598:  0.019 0.033 0.926 0.013 0.009 1    
599:  0.008 0.012 0.917 0.028 0.035 1    
600:  0.013 0.022 0.917 0.013 0.034 1    
601:  0.025 0.011 0.926 0.018 0.021 1    
602:  0.472 0.036 0.252 0.196 0.043 1    
603:  0.037 0.026 0.687 0.084 0.166 1    
604:  0.032 0.015 0.902 0.028 0.024 1    
605:  0.358 0.023 0.130 0.338 0.151 1    
606:  0.072 0.012 0.847 0.053 0.016 1    
607:  0.023 0.049 0.271 0.044 0.613 1    
608:  0.013 0.022 0.026 0.022 0.917 1    
609:  0.013 0.019 0.056 0.095 0.817 1    
610:  0.009 0.064 0.193 0.085 0.649 1    
611:  0.012 0.021 0.360 0.175 0.431 1    
612:  0.009 0.020 0.021 0.023 0.927 1    
613:  0.010 0.034 0.116 0.054 0.787 1    
614:  0.166 0.412 0.103 0.207 0.113 1    
615:  0.691 0.065 0.102 0.111 0.032 1    
616:  0.621 0.265 0.038 0.055 0.022 1    
617:  0.456 0.164 0.288 0.060 0.032 1    
618:  0.726 0.037 0.060 0.098 0.080 1    
619:  0.062 0.080 0.392 0.052 0.414 1    
620:  0.043 0.018 0.026 0.039 0.874 1    
621:  0.145 0.036 0.392 0.083 0.343 1    
622:  0.029 0.062 0.166 0.066 0.677 1    
623:  0.158 0.033 0.063 0.050 0.696 1    
624:  0.161 0.026 0.030 0.044 0.738 1    
625:  0.229 0.450 0.154 0.063 0.104 1    
626:  0.474 0.427 0.033 0.041 0.026 1    
627:  0.154 0.623 0.071 0.081 0.071 1    
628:  0.036 0.864 0.024 0.053 0.023 1    
629:  0.375 0.522 0.024 0.016 0.063 1    
630:  0.185 0.532 0.018 0.165 0.100 1    
631:  0.308 0.573 0.020 0.075 0.024 1    
632:  0.144 0.551 0.044 0.192 0.070 1    
633:  0.127 0.809 0.029 0.017 0.017 1    
634:  0.137 0.404 0.029 0.404 0.026 1    
635:  0.035 0.018 0.460 0.458 0.029 1    
636:  0.024 0.012 0.929 0.024 0.011 1    
637:  0.014 0.017 0.679 0.164 0.126 1    
638:  0.068 0.017 0.806 0.086 0.023 1    
639:  0.122 0.022 0.711 0.118 0.027 1    
640:  0.060 0.016 0.765 0.138 0.022 1    
641:  0.016 0.885 0.030 0.020 0.049 1    
642:  0.010 0.935 0.023 0.013 0.018 1    
643:  0.015 0.643 0.290 0.032 0.020 1    
644:  0.020 0.753 0.060 0.055 0.112 1    
645:  0.140 0.508 0.084 0.217 0.052 1    
646:  0.044 0.609 0.152 0.130 0.065 1    
647:  0.020 0.133 0.789 0.024 0.034 1    
648:  0.073 0.703 0.087 0.117 0.021 1    
649:  0.076 0.194 0.463 0.136 0.131 1    
650:  0.032 0.170 0.527 0.090 0.182 1    
651:  0.098 0.406 0.312 0.146 0.037 1    
652:  0.093 0.109 0.398 0.169 0.232 1    
653:  0.081 0.087 0.144 0.185 0.504 1    
654:  0.045 0.087 0.492 0.298 0.078 1    
655:  0.048 0.413 0.312 0.190 0.037 1    
656:  0.010 0.018 0.895 0.040 0.036 1    
657:  0.070 0.227 0.533 0.127 0.042 1    
658:  0.009 0.010 0.917 0.021 0.043 1    
659:  0.042 0.020 0.621 0.056 0.261 1    
660:  0.038 0.024 0.833 0.056 0.050 1    
661:  0.058 0.013 0.828 0.032 0.069 1    
662:  0.015 0.034 0.837 0.027 0.087 1    
663:  0.009 0.069 0.866 0.024 0.032 1    
664:  0.015 0.059 0.832 0.043 0.051 1    
665:  0.007 0.029 0.911 0.024 0.029 1    
666:  0.285 0.045 0.083 0.508 0.079 1    
667:  0.018 0.037 0.052 0.755 0.138 1    
668:  0.016 0.050 0.043 0.849 0.041 1    
669:  0.028 0.216 0.024 0.577 0.156 1    
670:  0.026 0.399 0.050 0.471 0.055 1    
671:  0.238 0.195 0.052 0.342 0.173 1    
672:  0.018 0.117 0.025 0.793 0.047 1    
673:  0.014 0.025 0.024 0.923 0.015 1    
674:  0.017 0.194 0.111 0.399 0.278 1    
675:  0.015 0.067 0.031 0.687 0.200 1    
676:  0.023 0.865 0.026 0.061 0.025 1    
677:  0.016 0.071 0.027 0.874 0.012 1    
678:  0.036 0.044 0.029 0.866 0.025 1    
679:  0.026 0.306 0.071 0.449 0.148 1    
680:  0.022 0.065 0.024 0.819 0.069 1    
681:  0.159 0.141 0.238 0.176 0.285 1    
682:  0.174 0.166 0.316 0.237 0.108 1    
683:  0.142 0.303 0.295 0.219 0.041 1    
684:  0.019 0.064 0.171 0.683 0.063 1    
685:  0.142 0.183 0.349 0.306 0.020 1    
686:  0.154 0.031 0.534 0.224 0.056 1    
687:  0.085 0.195 0.051 0.514 0.155 1    
688:  0.164 0.059 0.337 0.386 0.053 1    
689:  0.417 0.013 0.539 0.018 0.013 1    
690:  0.160 0.029 0.738 0.057 0.016 1    
691:  0.012 0.012 0.944 0.014 0.018 1    
692:  0.014 0.032 0.845 0.070 0.038 1    
693:  0.035 0.011 0.917 0.017 0.019 1    
694:  0.009 0.007 0.964 0.008 0.013 1    
695:  0.023 0.029 0.296 0.034 0.619 1    
696:  0.099 0.216 0.173 0.188 0.323 1    
697:  0.020 0.131 0.030 0.076 0.743 1    
698:  0.086 0.313 0.241 0.117 0.242 1    
699:  0.024 0.032 0.036 0.100 0.808 1    
700:  0.012 0.014 0.067 0.021 0.886 1    
701:  0.036 0.042 0.092 0.181 0.649 1    
702:  0.029 0.602 0.308 0.020 0.041 1    
703:  0.022 0.159 0.175 0.206 0.438 1    
704:  0.527 0.014 0.010 0.438 0.011 1    
705:  0.837 0.027 0.025 0.073 0.039 1    
706:  0.868 0.021 0.045 0.054 0.013 1    
707:  0.927 0.015 0.018 0.027 0.013 1    
708:  0.936 0.011 0.018 0.021 0.014 1    
709:  0.939 0.013 0.018 0.016 0.014 1    
710:  0.305 0.181 0.339 0.098 0.077 1    
711:  0.275 0.142 0.083 0.051 0.448 1    
712:  0.918 0.021 0.026 0.025 0.010 1    
713:  0.925 0.011 0.019 0.031 0.014 1    
714:  0.874 0.047 0.017 0.048 0.014 1    
715:  0.839 0.017 0.049 0.078 0.017 1    
716:  0.904 0.028 0.014 0.045 0.010 1    
717:  0.907 0.023 0.020 0.038 0.012 1    
718:  0.798 0.029 0.024 0.121 0.027 1    
719:  0.888 0.024 0.023 0.016 0.050 1    
720:  0.866 0.030 0.051 0.033 0.020 1    
721:  0.020 0.068 0.056 0.675 0.180 1    
722:  0.016 0.139 0.151 0.152 0.542 1    
723:  0.032 0.022 0.081 0.840 0.025 1    
724:  0.010 0.015 0.022 0.841 0.112 1    
725:  0.007 0.036 0.020 0.896 0.041 1    
726:  0.010 0.040 0.013 0.872 0.064 1    
727:  0.012 0.016 0.103 0.796 0.073 1    
728:  0.010 0.045 0.023 0.774 0.148 1    
729:  0.016 0.042 0.024 0.842 0.076 1    
730:  0.011 0.045 0.033 0.830 0.081 1    
731:  0.014 0.021 0.049 0.022 0.894 1    
732:  0.016 0.015 0.028 0.022 0.919 1    
733:  0.034 0.213 0.055 0.312 0.385 1    
734:  0.014 0.012 0.018 0.019 0.937 1    
735:  0.012 0.015 0.041 0.009 0.923 1    
736:  0.026 0.053 0.166 0.042 0.714 1    
737:  0.047 0.043 0.062 0.667 0.181 1    
738:  0.034 0.039 0.016 0.145 0.766 1    
739:  0.032 0.074 0.099 0.064 0.731 1    
740:  0.021 0.013 0.049 0.009 0.908 1    
741:  0.010 0.030 0.795 0.151 0.014 1    
742:  0.058 0.379 0.529 0.022 0.013 1    
743:  0.042 0.830 0.090 0.027 0.012 1    
744:  0.040 0.196 0.740 0.012 0.013 1    
745:  0.061 0.677 0.154 0.100 0.009 1    
746:  0.047 0.821 0.072 0.042 0.019 1    
747:  0.025 0.181 0.763 0.023 0.008 1    
748:  0.060 0.225 0.694 0.013 0.007 1    
749:  0.009 0.009 0.015 0.009 0.957 1    
750:  0.013 0.020 0.023 0.019 0.924 1    
751:  0.011 0.012 0.030 0.022 0.926 1    
752:  0.012 0.017 0.091 0.065 0.815 1    
753:  0.009 0.010 0.016 0.010 0.955 1    
754:  0.316 0.081 0.248 0.247 0.108 1    
755:  0.093 0.078 0.383 0.384 0.062 1    
756:  0.095 0.087 0.345 0.409 0.064 1    
757:  0.103 0.031 0.682 0.146 0.037 1    
758:  0.061 0.195 0.401 0.075 0.268 1    
759:  0.014 0.272 0.548 0.058 0.107 1    
760:  0.021 0.076 0.395 0.473 0.035 1    
761:  0.319 0.264 0.163 0.127 0.127 1    
762:  0.012 0.014 0.783 0.080 0.111 1    
763:  0.016 0.034 0.268 0.631 0.052 1    
764:  0.012 0.060 0.028 0.173 0.727 1    
765:  0.018 0.048 0.056 0.095 0.783 1    
766:  0.008 0.011 0.011 0.016 0.953 1    
767:  0.008 0.011 0.013 0.018 0.949 1    
768:  0.009 0.011 0.010 0.011 0.958 1    
769:  0.015 0.013 0.021 0.019 0.932 1    
770:  0.009 0.052 0.015 0.075 0.849 1    
771:  0.703 0.024 0.038 0.121 0.115 1    
772:  0.038 0.008 0.039 0.012 0.903 1    
773:  0.062 0.012 0.544 0.290 0.093 1    
774:  0.062 0.012 0.525 0.315 0.085 1    
775:  0.640 0.014 0.032 0.067 0.246 1    
776:  0.430 0.019 0.032 0.094 0.425 1    
777:  0.087 0.011 0.743 0.026 0.133 1    
778:  0.091 0.052 0.366 0.474 0.017 1    
779:  0.036 0.057 0.694 0.177 0.036 1    
780:  0.101 0.051 0.133 0.595 0.120 1    
781:  0.112 0.059 0.513 0.298 0.017 1    
782:  0.245 0.066 0.539 0.118 0.032 1    
783:  0.018 0.055 0.501 0.248 0.178 1    
784:  0.057 0.022 0.334 0.516 0.071 1    
785:  0.220 0.062 0.446 0.154 0.118 1    
786:  0.010 0.043 0.770 0.150 0.027 1    
787:  0.019 0.053 0.507 0.075 0.346 1    
788:  0.018 0.027 0.638 0.289 0.028 1    
789:  0.014 0.021 0.786 0.120 0.059 1    
790:  0.009 0.013 0.474 0.386 0.118 1    
791:  0.017 0.042 0.226 0.033 0.682 1    
792:  0.015 0.010 0.081 0.015 0.879 1    
793:  0.012 0.023 0.285 0.024 0.656 1    
794:  0.019 0.026 0.760 0.082 0.112 1    
795:  0.013 0.028 0.675 0.037 0.246 1    
796:  0.057 0.024 0.140 0.090 0.689 1    
797:  0.008 0.011 0.009 0.017 0.955 1    
798:  0.017 0.026 0.019 0.011 0.927 1    
799:  0.012 0.033 0.018 0.050 0.887 1    
800:  0.006 0.010 0.017 0.023 0.944 1    
801:  0.011 0.020 0.014 0.025 0.930 1    
802:  0.046 0.168 0.135 0.261 0.390 1    
803:  0.024 0.079 0.075 0.195 0.627 1    
804:  0.012 0.023 0.428 0.080 0.456 1    
805:  0.015 0.062 0.138 0.076 0.709 1    
806:  0.012 0.023 0.123 0.576 0.266 1    
807:  0.012 0.018 0.123 0.476 0.371 1    
808:  0.052 0.069 0.117 0.701 0.062 1    
809:  0.502 0.050 0.387 0.038 0.023 1    
810:  0.161 0.031 0.705 0.048 0.054 1    
811:  0.309 0.238 0.370 0.052 0.032 1    
812:  0.024 0.015 0.484 0.027 0.450 1    
813:  0.345 0.041 0.529 0.044 0.041 1    
814:  0.049 0.284 0.135 0.094 0.438 1    
815:  0.373 0.083 0.250 0.109 0.185 1    
816:  0.272 0.075 0.598 0.021 0.034 1    
817:  0.024 0.026 0.021 0.023 0.906 1    
818:  0.013 0.023 0.009 0.021 0.934 1    
819:  0.011 0.019 0.016 0.023 0.931 1    
820:  0.027 0.016 0.015 0.050 0.892 1    
821:  0.019 0.011 0.023 0.040 0.908 1    
822:  0.010 0.008 0.011 0.011 0.960 1    
823:  0.007 0.006 0.007 0.017 0.963 1    
824:  0.014 0.025 0.072 0.411 0.477 1    
825:  0.017 0.017 0.047 0.030 0.889 1    
826:  0.012 0.021 0.026 0.556 0.384 1    
827:  0.018 0.019 0.049 0.083 0.831 1    
828:  0.017 0.020 0.032 0.018 0.914 1    
829:  0.016 0.013 0.020 0.028 0.924 1    
830:  0.021 0.038 0.026 0.498 0.417 1    
831:  0.012 0.412 0.021 0.041 0.514 1    
832:  0.014 0.010 0.024 0.036 0.916 1    
833:  0.011 0.014 0.022 0.184 0.770 1    
834:  0.010 0.014 0.918 0.039 0.020 1    
835:  0.049 0.351 0.462 0.106 0.032 1    
836:  0.010 0.017 0.868 0.081 0.024 1    
837:  0.018 0.069 0.758 0.135 0.020 1    
838:  0.016 0.019 0.915 0.025 0.026 1    
839:  0.061 0.113 0.684 0.125 0.017 1    
840:  0.024 0.116 0.461 0.299 0.099 1    
841:  0.035 0.036 0.719 0.173 0.038 1    
842:  0.041 0.217 0.603 0.100 0.038 1    
843:  0.115 0.020 0.017 0.825 0.022 1    
844:  0.015 0.015 0.719 0.076 0.175 1    
845:  0.047 0.184 0.479 0.216 0.073 1    
846:  0.033 0.034 0.301 0.380 0.252 1    
847:  0.018 0.031 0.800 0.041 0.110 1    
848:  0.073 0.022 0.337 0.351 0.217 1    
849:  0.082 0.238 0.136 0.214 0.331 1    
850:  0.048 0.022 0.338 0.480 0.112 1    
851:  0.017 0.026 0.028 0.918 0.012 1    
852:  0.016 0.383 0.019 0.530 0.052 1    
853:  0.036 0.768 0.094 0.084 0.017 1    
854:  0.069 0.113 0.117 0.641 0.060 1    
855:  0.015 0.034 0.538 0.399 0.014 1    
856:  0.042 0.026 0.646 0.266 0.020 1    
857:  0.064 0.035 0.452 0.430 0.019 1    
858:  0.019 0.021 0.175 0.728 0.057 1    
859:  0.211 0.468 0.216 0.071 0.034 1    
860:  0.593 0.123 0.224 0.021 0.040 1    
861:  0.851 0.069 0.034 0.017 0.029 1    
862:  0.029 0.341 0.139 0.398 0.093 1    
863:  0.565 0.080 0.112 0.170 0.073 1    
864:  0.848 0.024 0.060 0.050 0.018 1    
865:  0.056 0.067 0.538 0.206 0.133 1    
866:  0.038 0.065 0.839 0.041 0.017 1    
867:  0.015 0.150 0.551 0.253 0.031 1    
868:  0.088 0.143 0.285 0.443 0.041 1    
869:  0.026 0.094 0.649 0.195 0.036 1    
870:  0.023 0.183 0.191 0.573 0.029 1    
871:  0.064 0.373 0.039 0.465 0.059 1    
872:  0.010 0.025 0.066 0.048 0.851 1    
873:  0.034 0.032 0.532 0.031 0.371 1    
874:  0.010 0.018 0.103 0.026 0.844 1    
875:  0.023 0.026 0.268 0.026 0.658 1    
876:  0.030 0.076 0.384 0.110 0.400 1    
877:  0.017 0.077 0.328 0.031 0.547 1    
878:  0.011 0.027 0.048 0.032 0.882 1    
879:  0.012 0.024 0.174 0.029 0.761 1    
880:  0.203 0.008 0.010 0.007 0.772 1    
881:  0.112 0.059 0.052 0.023 0.755 1    
882:  0.600 0.027 0.052 0.029 0.292 1    
883:  0.054 0.015 0.030 0.012 0.890 1    
884:  0.117 0.132 0.043 0.012 0.697 1    
885:  0.011 0.016 0.011 0.008 0.954 1    
886:  0.011 0.719 0.014 0.085 0.172 1    
887:  0.027 0.847 0.084 0.028 0.014 1    
888:  0.021 0.355 0.132 0.474 0.017 1    
889:  0.009 0.919 0.013 0.018 0.041 1    
890:  0.028 0.744 0.066 0.086 0.076 1    
891:  0.021 0.886 0.031 0.041 0.020 1    
892:  0.016 0.878 0.030 0.054 0.022 1    
893:  0.018 0.878 0.030 0.040 0.033 1    
894:  0.009 0.264 0.046 0.662 0.019 1    
895:  0.009 0.929 0.027 0.020 0.015 1    
896:  0.015 0.834 0.042 0.090 0.019 1    
897:  0.013 0.926 0.017 0.015 0.030 1    
898:  0.008 0.029 0.020 0.925 0.018 1    
899:  0.033 0.863 0.033 0.011 0.060 1    
900:  0.012 0.807 0.033 0.039 0.109 1    
901:  0.037 0.828 0.076 0.023 0.036 1    
902:  0.034 0.852 0.037 0.046 0.032 1    
903:  0.020 0.868 0.070 0.008 0.034 1    
904:  0.042 0.807 0.029 0.035 0.086 1    
905:  0.012 0.933 0.014 0.019 0.023 1    
906:  0.021 0.871 0.050 0.012 0.046 1    
907:  0.037 0.865 0.037 0.017 0.044 1    
908:  0.013 0.760 0.062 0.023 0.141 1    
909:  0.012 0.924 0.025 0.020 0.019 1    
910:  0.023 0.790 0.049 0.089 0.048 1    
911:  0.097 0.074 0.730 0.020 0.079 1    
912:  0.074 0.011 0.827 0.058 0.030 1    
913:  0.014 0.013 0.884 0.032 0.056 1    
914:  0.040 0.017 0.876 0.049 0.018 1    
915:  0.017 0.020 0.856 0.050 0.057 1    
916:  0.013 0.018 0.925 0.012 0.032 1    
917:  0.013 0.020 0.923 0.019 0.024 1    
918:  0.021 0.078 0.854 0.030 0.017 1    
919:  0.008 0.010 0.954 0.018 0.010 1    
920:  0.009 0.011 0.957 0.014 0.009 1    
921:  0.015 0.034 0.761 0.027 0.164 1    
922:  0.014 0.015 0.933 0.016 0.021 1    
923:  0.017 0.023 0.804 0.023 0.134 1    
924:  0.018 0.022 0.793 0.024 0.143 1    
925:  0.051 0.889 0.018 0.022 0.019 1    
926:  0.123 0.828 0.013 0.015 0.021 1    
927:  0.075 0.699 0.070 0.121 0.035 1    
928:  0.165 0.718 0.040 0.035 0.042 1    
929:  0.132 0.768 0.038 0.032 0.030 1    
930:  0.146 0.745 0.012 0.019 0.078 1    
931:  0.162 0.073 0.650 0.082 0.033 1    
932:  0.023 0.016 0.870 0.071 0.020 1    
933:  0.026 0.040 0.676 0.243 0.015 1    
934:  0.030 0.023 0.902 0.029 0.015 1    
935:  0.068 0.007 0.874 0.028 0.022 1    
936:  0.050 0.029 0.735 0.173 0.014 1    
937:  0.027 0.022 0.829 0.105 0.017 1    
938:  0.716 0.012 0.166 0.091 0.016 1    
939:  0.494 0.014 0.139 0.320 0.032 1    
940:  0.263 0.023 0.157 0.526 0.031 1    
941:  0.577 0.084 0.048 0.132 0.159 1    
942:  0.739 0.014 0.086 0.137 0.024 1    
943:  0.724 0.044 0.115 0.098 0.019 1    
944:  0.044 0.026 0.847 0.023 0.061 1    
945:  0.014 0.199 0.718 0.010 0.060 1    
946:  0.027 0.209 0.663 0.050 0.051 1    
947:  0.012 0.018 0.929 0.018 0.022 1    
948:  0.008 0.025 0.601 0.014 0.352 1    
949:  0.012 0.015 0.901 0.029 0.042 1    
950:  0.015 0.032 0.901 0.022 0.030 1    
951:  0.023 0.366 0.518 0.019 0.073 1    
952:  0.043 0.008 0.021 0.915 0.014 1    
