1:    0.051 0.015 0.463 0.129 0.043 0.085 0.214 1    
2:    0.147 0.013 0.068 0.023 0.064 0.133 0.551 1    
3:    0.026 0.013 0.239 0.092 0.030 0.047 0.553 1    
4:    0.082 0.015 0.160 0.021 0.278 0.056 0.388 1    
5:    0.060 0.012 0.515 0.019 0.277 0.028 0.090 1    
6:    0.011 0.008 0.266 0.070 0.091 0.030 0.523 1    
7:    0.066 0.010 0.171 0.371 0.043 0.032 0.307 1    
8:    0.038 0.017 0.100 0.215 0.058 0.174 0.397 1    
9:    0.040 0.018 0.099 0.086 0.521 0.068 0.168 1    
10:   0.018 0.024 0.038 0.015 0.811 0.054 0.039 1    
11:   0.017 0.010 0.014 0.009 0.925 0.013 0.013 1    
12:   0.216 0.019 0.090 0.017 0.261 0.332 0.065 1    
13:   0.064 0.066 0.024 0.039 0.748 0.018 0.042 1    
14:   0.049 0.017 0.051 0.016 0.817 0.019 0.031 1    
15:   0.099 0.008 0.060 0.010 0.380 0.040 0.403 1    
16:   0.027 0.087 0.015 0.088 0.747 0.018 0.018 1    
17:   0.015 0.007 0.014 0.043 0.903 0.009 0.010 1    
18:   0.010 0.888 0.043 0.012 0.021 0.010 0.015 1    
19:   0.012 0.868 0.025 0.012 0.053 0.012 0.018 1    
20:   0.013 0.941 0.010 0.011 0.012 0.007 0.006 1    
21:   0.010 0.896 0.026 0.011 0.022 0.015 0.019 1    
22:   0.007 0.950 0.010 0.006 0.009 0.008 0.009 1    
23:   0.017 0.899 0.013 0.009 0.032 0.010 0.020 1    
24:   0.033 0.890 0.024 0.011 0.015 0.015 0.011 1    
25:   0.007 0.014 0.947 0.008 0.007 0.008 0.008 1    
26:   0.009 0.007 0.956 0.006 0.008 0.007 0.007 1    
27:   0.022 0.022 0.892 0.010 0.014 0.015 0.024 1    
28:   0.022 0.037 0.834 0.015 0.017 0.045 0.030 1    
29:   0.069 0.030 0.784 0.011 0.009 0.069 0.028 1    
30:   0.016 0.014 0.926 0.007 0.007 0.012 0.018 1    
31:   0.085 0.021 0.549 0.032 0.016 0.231 0.066 1    
32:   0.008 0.017 0.007 0.015 0.918 0.014 0.021 1    
33:   0.020 0.048 0.035 0.013 0.653 0.120 0.110 1    
34:   0.012 0.019 0.022 0.031 0.455 0.039 0.423 1    
35:   0.010 0.022 0.007 0.022 0.905 0.008 0.026 1    
36:   0.030 0.010 0.029 0.014 0.704 0.114 0.099 1    
37:   0.107 0.027 0.047 0.006 0.330 0.365 0.118 1    
38:   0.006 0.016 0.007 0.015 0.929 0.008 0.019 1    
39:   0.102 0.080 0.059 0.048 0.222 0.419 0.070 1    
40:   0.018 0.008 0.076 0.118 0.545 0.217 0.018 1    
41:   0.337 0.044 0.027 0.068 0.356 0.138 0.029 1    
42:   0.015 0.014 0.177 0.013 0.666 0.102 0.012 1    
43:   0.020 0.015 0.092 0.145 0.601 0.110 0.017 1    
44:   0.030 0.007 0.080 0.071 0.565 0.227 0.019 1    
45:   0.013 0.010 0.023 0.056 0.081 0.802 0.015 1    
46:   0.031 0.009 0.166 0.046 0.641 0.094 0.012 1    
47:   0.048 0.204 0.481 0.024 0.053 0.051 0.139 1    
48:   0.048 0.068 0.578 0.064 0.011 0.063 0.168 1    
49:   0.017 0.023 0.779 0.047 0.009 0.028 0.096 1    
50:   0.020 0.165 0.737 0.012 0.021 0.017 0.028 1    
51:   0.023 0.222 0.670 0.010 0.031 0.019 0.026 1    
52:   0.455 0.028 0.045 0.019 0.036 0.401 0.016 1    
53:   0.287 0.022 0.015 0.025 0.026 0.615 0.009 1    
54:   0.062 0.024 0.012 0.008 0.027 0.849 0.018 1    
55:   0.050 0.037 0.013 0.023 0.502 0.363 0.012 1    
56:   0.043 0.037 0.014 0.020 0.524 0.353 0.008 1    
57:   0.060 0.077 0.016 0.013 0.030 0.795 0.009 1    
58:   0.023 0.053 0.019 0.016 0.024 0.852 0.014 1    
59:   0.129 0.099 0.029 0.025 0.235 0.059 0.424 1    
60:   0.015 0.014 0.844 0.015 0.056 0.025 0.030 1    
61:   0.060 0.015 0.727 0.020 0.084 0.067 0.028 1    
62:   0.017 0.009 0.888 0.016 0.024 0.029 0.016 1    
63:   0.015 0.010 0.858 0.009 0.021 0.075 0.011 1    
64:   0.011 0.009 0.886 0.012 0.030 0.037 0.015 1    
65:   0.031 0.017 0.623 0.032 0.026 0.252 0.019 1    
66:   0.017 0.329 0.225 0.030 0.129 0.256 0.013 1    
67:   0.012 0.050 0.362 0.009 0.024 0.535 0.009 1    
68:   0.121 0.130 0.149 0.145 0.121 0.311 0.023 1    
69:   0.014 0.012 0.283 0.013 0.043 0.619 0.016 1    
70:   0.015 0.265 0.503 0.016 0.123 0.064 0.014 1    
71:   0.012 0.046 0.450 0.010 0.043 0.423 0.017 1    
72:   0.009 0.220 0.449 0.011 0.092 0.204 0.014 1    
73:   0.016 0.047 0.410 0.010 0.036 0.465 0.015 1    
74:   0.019 0.181 0.174 0.027 0.515 0.059 0.025 1    
75:   0.022 0.006 0.104 0.036 0.780 0.040 0.012 1    
76:   0.029 0.018 0.074 0.175 0.660 0.031 0.012 1    
77:   0.040 0.028 0.516 0.116 0.203 0.073 0.024 1    
78:   0.118 0.025 0.067 0.014 0.633 0.096 0.047 1    
79:   0.079 0.020 0.171 0.064 0.244 0.404 0.017 1    
80:   0.067 0.008 0.087 0.026 0.463 0.341 0.008 1    
81:   0.067 0.015 0.857 0.013 0.019 0.020 0.009 1    
82:   0.061 0.167 0.334 0.157 0.048 0.216 0.017 1    
83:   0.018 0.099 0.598 0.023 0.049 0.197 0.016 1    
84:   0.057 0.016 0.857 0.016 0.010 0.032 0.012 1    
85:   0.766 0.013 0.105 0.035 0.038 0.029 0.015 1    
86:   0.016 0.094 0.748 0.019 0.041 0.068 0.013 1    
87:   0.088 0.006 0.041 0.030 0.022 0.767 0.045 1    
88:   0.035 0.006 0.033 0.050 0.014 0.840 0.022 1    
89:   0.151 0.009 0.012 0.099 0.066 0.647 0.016 1    
90:   0.041 0.011 0.288 0.062 0.015 0.566 0.015 1    
91:   0.234 0.026 0.112 0.011 0.447 0.131 0.040 1    
92:   0.183 0.041 0.065 0.008 0.595 0.078 0.031 1    
93:   0.034 0.013 0.034 0.025 0.851 0.021 0.021 1    
94:   0.138 0.027 0.186 0.036 0.116 0.150 0.347 1    
95:   0.156 0.078 0.169 0.104 0.211 0.240 0.043 1    
96:   0.016 0.066 0.044 0.619 0.180 0.034 0.040 1    
97:   0.437 0.059 0.342 0.011 0.039 0.104 0.009 1    
98:   0.208 0.078 0.565 0.017 0.016 0.091 0.026 1    
99:   0.597 0.081 0.197 0.012 0.015 0.083 0.014 1    
100:  0.450 0.011 0.334 0.023 0.077 0.077 0.028 1    
101:  0.715 0.028 0.095 0.025 0.010 0.098 0.029 1    
102:  0.151 0.021 0.440 0.043 0.043 0.255 0.047 1    
103:  0.149 0.030 0.101 0.034 0.017 0.660 0.009 1    
104:  0.024 0.046 0.385 0.169 0.254 0.031 0.091 1    
105:  0.247 0.078 0.457 0.018 0.066 0.024 0.110 1    
106:  0.008 0.016 0.903 0.027 0.009 0.012 0.025 1    
107:  0.088 0.142 0.672 0.026 0.031 0.011 0.029 1    
108:  0.009 0.010 0.853 0.060 0.017 0.013 0.038 1    
109:  0.059 0.020 0.836 0.023 0.026 0.014 0.022 1    
110:  0.068 0.046 0.141 0.526 0.077 0.018 0.124 1    
111:  0.153 0.038 0.679 0.024 0.023 0.024 0.059 1    
112:  0.032 0.057 0.128 0.539 0.071 0.016 0.156 1    
113:  0.029 0.010 0.694 0.022 0.066 0.059 0.121 1    
114:  0.026 0.853 0.047 0.011 0.017 0.024 0.022 1    
115:  0.023 0.028 0.229 0.130 0.430 0.142 0.019 1    
116:  0.023 0.803 0.061 0.048 0.019 0.032 0.014 1    
117:  0.036 0.013 0.100 0.043 0.668 0.087 0.053 1    
118:  0.018 0.282 0.571 0.010 0.038 0.014 0.066 1    
119:  0.017 0.013 0.606 0.014 0.048 0.032 0.270 1    
120:  0.060 0.785 0.030 0.064 0.016 0.027 0.019 1    
121:  0.040 0.012 0.525 0.019 0.098 0.078 0.228 1    
122:  0.013 0.862 0.037 0.010 0.033 0.012 0.032 1    
123:  0.039 0.042 0.196 0.033 0.582 0.064 0.044 1    
124:  0.017 0.645 0.172 0.029 0.030 0.038 0.070 1    
125:  0.086 0.022 0.132 0.076 0.021 0.620 0.043 1    
126:  0.010 0.939 0.009 0.007 0.012 0.011 0.012 1    
127:  0.048 0.863 0.013 0.019 0.022 0.016 0.020 1    
128:  0.065 0.384 0.244 0.140 0.049 0.069 0.049 1    
129:  0.023 0.149 0.483 0.110 0.097 0.031 0.107 1    
130:  0.008 0.036 0.839 0.014 0.061 0.026 0.016 1    
131:  0.010 0.012 0.814 0.024 0.013 0.052 0.076 1    
132:  0.018 0.029 0.727 0.073 0.064 0.010 0.079 1    
133:  0.009 0.013 0.924 0.011 0.009 0.011 0.023 1    
134:  0.012 0.024 0.731 0.065 0.068 0.009 0.091 1    
135:  0.010 0.025 0.784 0.014 0.021 0.125 0.021 1    
136:  0.041 0.099 0.597 0.039 0.010 0.193 0.020 1    
137:  0.016 0.039 0.778 0.019 0.012 0.115 0.020 1    
138:  0.091 0.361 0.159 0.066 0.013 0.285 0.026 1    
139:  0.090 0.231 0.211 0.055 0.029 0.364 0.020 1    
140:  0.033 0.057 0.777 0.041 0.013 0.066 0.014 1    
141:  0.122 0.231 0.080 0.041 0.063 0.445 0.017 1    
142:  0.025 0.057 0.771 0.038 0.016 0.075 0.020 1    
143:  0.023 0.039 0.066 0.011 0.011 0.839 0.011 1    
144:  0.018 0.121 0.185 0.012 0.010 0.645 0.010 1    
145:  0.035 0.019 0.076 0.016 0.016 0.827 0.011 1    
146:  0.034 0.058 0.173 0.013 0.030 0.677 0.014 1    
147:  0.013 0.008 0.900 0.016 0.021 0.029 0.013 1    
148:  0.091 0.014 0.672 0.138 0.009 0.063 0.012 1    
149:  0.110 0.031 0.561 0.147 0.039 0.092 0.021 1    
150:  0.011 0.007 0.946 0.009 0.007 0.009 0.011 1    
151:  0.015 0.007 0.938 0.007 0.009 0.015 0.008 1    
152:  0.107 0.019 0.698 0.044 0.046 0.055 0.031 1    
153:  0.015 0.014 0.907 0.021 0.012 0.022 0.009 1    
154:  0.067 0.013 0.810 0.050 0.013 0.035 0.012 1    
155:  0.012 0.018 0.879 0.024 0.036 0.019 0.012 1    
156:  0.005 0.008 0.006 0.008 0.962 0.005 0.006 1    
157:  0.077 0.020 0.071 0.046 0.428 0.330 0.028 1    
158:  0.011 0.022 0.012 0.024 0.910 0.012 0.010 1    
159:  0.012 0.029 0.009 0.016 0.904 0.018 0.011 1    
160:  0.005 0.012 0.008 0.032 0.929 0.007 0.007 1    
161:  0.008 0.007 0.008 0.024 0.935 0.008 0.010 1    
162:  0.006 0.007 0.009 0.008 0.949 0.012 0.009 1    
163:  0.019 0.043 0.015 0.017 0.858 0.020 0.029 1    
164:  0.008 0.015 0.006 0.031 0.925 0.008 0.007 1    
165:  0.011 0.017 0.021 0.011 0.918 0.014 0.009 1    
166:  0.009 0.006 0.014 0.011 0.938 0.009 0.014 1    
167:  0.049 0.234 0.072 0.010 0.517 0.032 0.085 1    
168:  0.015 0.007 0.021 0.009 0.877 0.054 0.017 1    
169:  0.012 0.034 0.025 0.018 0.882 0.019 0.010 1    
170:  0.038 0.026 0.036 0.032 0.822 0.028 0.018 1    
171:  0.013 0.007 0.029 0.018 0.898 0.020 0.013 1    
172:  0.012 0.010 0.171 0.012 0.733 0.046 0.017 1    
173:  0.007 0.009 0.007 0.006 0.955 0.008 0.008 1    
174:  0.008 0.011 0.008 0.014 0.937 0.012 0.011 1    
175:  0.008 0.009 0.010 0.014 0.938 0.007 0.013 1    
176:  0.007 0.008 0.010 0.009 0.932 0.027 0.007 1    
177:  0.012 0.017 0.017 0.008 0.887 0.046 0.013 1    
178:  0.038 0.009 0.019 0.117 0.779 0.007 0.031 1    
179:  0.011 0.007 0.916 0.022 0.008 0.026 0.009 1    
180:  0.013 0.025 0.866 0.046 0.009 0.017 0.024 1    
181:  0.009 0.008 0.938 0.011 0.011 0.012 0.011 1    
182:  0.009 0.012 0.931 0.013 0.009 0.014 0.012 1    
183:  0.008 0.006 0.942 0.014 0.009 0.010 0.010 1    
184:  0.009 0.029 0.920 0.010 0.009 0.008 0.014 1    
185:  0.008 0.008 0.944 0.016 0.006 0.011 0.007 1    
186:  0.011 0.011 0.937 0.011 0.006 0.012 0.013 1    
187:  0.008 0.010 0.922 0.015 0.017 0.016 0.013 1    
188:  0.011 0.008 0.009 0.918 0.020 0.017 0.016 1    
189:  0.055 0.153 0.042 0.251 0.280 0.192 0.027 1    
190:  0.149 0.129 0.033 0.170 0.204 0.252 0.062 1    
191:  0.011 0.038 0.017 0.871 0.019 0.013 0.031 1    
192:  0.022 0.019 0.013 0.889 0.022 0.016 0.019 1    
193:  0.023 0.140 0.045 0.615 0.092 0.046 0.039 1    
194:  0.049 0.086 0.035 0.666 0.060 0.041 0.062 1    
195:  0.016 0.023 0.027 0.254 0.544 0.113 0.023 1    
196:  0.027 0.609 0.040 0.050 0.187 0.046 0.042 1    
197:  0.022 0.015 0.010 0.912 0.021 0.007 0.014 1    
198:  0.045 0.032 0.023 0.807 0.029 0.045 0.020 1    
199:  0.020 0.046 0.058 0.846 0.009 0.014 0.007 1    
200:  0.046 0.104 0.061 0.717 0.015 0.049 0.008 1    
201:  0.136 0.264 0.034 0.507 0.010 0.039 0.009 1    
202:  0.016 0.010 0.012 0.926 0.006 0.018 0.013 1    
203:  0.010 0.020 0.007 0.932 0.006 0.014 0.012 1    
204:  0.053 0.031 0.016 0.802 0.029 0.045 0.024 1    
205:  0.012 0.009 0.007 0.945 0.006 0.007 0.013 1    
206:  0.012 0.014 0.009 0.926 0.013 0.016 0.010 1    
207:  0.074 0.063 0.008 0.821 0.006 0.016 0.012 1    
208:  0.026 0.017 0.070 0.757 0.018 0.065 0.047 1    
209:  0.011 0.055 0.017 0.889 0.010 0.009 0.008 1    
210:  0.828 0.007 0.039 0.054 0.011 0.041 0.021 1    
211:  0.648 0.078 0.018 0.099 0.022 0.025 0.110 1    
212:  0.008 0.038 0.007 0.914 0.016 0.009 0.007 1    
213:  0.008 0.007 0.013 0.948 0.005 0.010 0.009 1    
214:  0.010 0.029 0.016 0.909 0.008 0.014 0.013 1    
215:  0.009 0.025 0.012 0.919 0.008 0.008 0.020 1    
216:  0.017 0.025 0.009 0.897 0.010 0.034 0.008 1    
217:  0.019 0.009 0.008 0.935 0.012 0.012 0.005 1    
218:  0.007 0.008 0.008 0.949 0.008 0.013 0.006 1    
219:  0.016 0.066 0.011 0.876 0.008 0.009 0.013 1    
220:  0.073 0.060 0.021 0.601 0.014 0.014 0.216 1    
221:  0.031 0.022 0.039 0.545 0.012 0.009 0.343 1    
222:  0.029 0.077 0.018 0.769 0.031 0.012 0.063 1    
223:  0.042 0.025 0.021 0.746 0.050 0.012 0.105 1    
224:  0.599 0.025 0.056 0.023 0.137 0.034 0.126 1    
225:  0.035 0.169 0.119 0.182 0.123 0.069 0.303 1    
226:  0.079 0.047 0.024 0.668 0.018 0.081 0.083 1    
227:  0.018 0.008 0.081 0.339 0.062 0.015 0.478 1    
228:  0.322 0.073 0.035 0.025 0.071 0.155 0.319 1    
229:  0.086 0.107 0.025 0.223 0.091 0.140 0.329 1    
230:  0.647 0.027 0.038 0.047 0.029 0.024 0.189 1    
231:  0.526 0.011 0.058 0.238 0.083 0.017 0.067 1    
232:  0.874 0.006 0.022 0.017 0.033 0.024 0.024 1    
233:  0.783 0.012 0.018 0.049 0.094 0.027 0.018 1    
234:  0.264 0.013 0.032 0.066 0.024 0.026 0.575 1    
235:  0.504 0.053 0.015 0.097 0.034 0.032 0.265 1    
236:  0.019 0.024 0.022 0.187 0.641 0.021 0.085 1    
237:  0.017 0.022 0.024 0.166 0.685 0.027 0.059 1    
238:  0.022 0.112 0.025 0.045 0.721 0.066 0.010 1    
239:  0.010 0.118 0.015 0.089 0.734 0.022 0.012 1    
240:  0.009 0.021 0.018 0.743 0.172 0.025 0.013 1    
241:  0.009 0.044 0.019 0.111 0.798 0.009 0.009 1    
242:  0.011 0.296 0.016 0.336 0.281 0.033 0.027 1    
243:  0.012 0.161 0.020 0.477 0.286 0.024 0.020 1    
244:  0.008 0.028 0.012 0.061 0.865 0.010 0.016 1    
245:  0.026 0.047 0.043 0.095 0.471 0.292 0.025 1    
246:  0.022 0.030 0.019 0.176 0.699 0.043 0.010 1    
247:  0.007 0.012 0.047 0.749 0.147 0.019 0.019 1    
248:  0.038 0.010 0.076 0.788 0.022 0.025 0.040 1    
249:  0.035 0.009 0.078 0.606 0.020 0.037 0.214 1    
250:  0.012 0.006 0.064 0.820 0.018 0.016 0.064 1    
251:  0.018 0.005 0.052 0.672 0.059 0.022 0.171 1    
252:  0.026 0.029 0.101 0.490 0.039 0.038 0.277 1    
253:  0.011 0.013 0.057 0.778 0.078 0.015 0.048 1    
254:  0.021 0.019 0.113 0.445 0.109 0.065 0.228 1    
255:  0.011 0.006 0.157 0.702 0.053 0.018 0.052 1    
256:  0.008 0.007 0.013 0.939 0.017 0.008 0.008 1    
257:  0.022 0.013 0.027 0.817 0.098 0.010 0.013 1    
258:  0.027 0.012 0.007 0.926 0.006 0.012 0.009 1    
259:  0.009 0.012 0.010 0.936 0.013 0.012 0.007 1    
260:  0.007 0.005 0.007 0.964 0.007 0.005 0.006 1    
261:  0.011 0.016 0.008 0.926 0.008 0.012 0.019 1    
262:  0.013 0.016 0.011 0.922 0.010 0.018 0.009 1    
263:  0.007 0.005 0.006 0.959 0.007 0.010 0.007 1    
264:  0.012 0.006 0.006 0.950 0.011 0.009 0.007 1    
265:  0.009 0.007 0.010 0.937 0.013 0.015 0.009 1    
266:  0.012 0.007 0.007 0.942 0.008 0.018 0.006 1    
267:  0.011 0.005 0.009 0.952 0.007 0.010 0.006 1    
268:  0.005 0.005 0.006 0.965 0.008 0.006 0.006 1    
269:  0.015 0.008 0.014 0.922 0.016 0.014 0.011 1    
270:  0.010 0.011 0.008 0.945 0.010 0.010 0.007 1    
271:  0.030 0.019 0.010 0.867 0.018 0.036 0.021 1    
272:  0.010 0.007 0.008 0.951 0.010 0.005 0.009 1    
273:  0.139 0.456 0.086 0.141 0.107 0.035 0.036 1    
274:  0.009 0.007 0.008 0.943 0.019 0.006 0.007 1    
275:  0.736 0.020 0.013 0.035 0.148 0.034 0.016 1    
276:  0.013 0.012 0.012 0.933 0.013 0.007 0.010 1    
277:  0.180 0.045 0.045 0.041 0.544 0.121 0.023 1    
278:  0.010 0.006 0.010 0.948 0.009 0.009 0.007 1    
279:  0.381 0.058 0.094 0.063 0.277 0.085 0.042 1    
280:  0.011 0.006 0.008 0.949 0.009 0.008 0.009 1    
281:  0.146 0.071 0.126 0.239 0.313 0.033 0.072 1    
282:  0.008 0.008 0.009 0.950 0.011 0.007 0.007 1    
283:  0.012 0.008 0.008 0.939 0.013 0.010 0.010 1    
284:  0.039 0.033 0.016 0.858 0.014 0.022 0.017 1    
285:  0.035 0.010 0.014 0.913 0.007 0.012 0.008 1    
286:  0.016 0.009 0.014 0.923 0.018 0.012 0.009 1    
287:  0.029 0.025 0.006 0.895 0.013 0.020 0.011 1    
288:  0.024 0.021 0.011 0.916 0.010 0.009 0.010 1    
289:  0.040 0.022 0.015 0.877 0.008 0.029 0.010 1    
290:  0.031 0.023 0.010 0.883 0.013 0.023 0.017 1    
291:  0.013 0.008 0.015 0.926 0.016 0.011 0.011 1    
292:  0.028 0.011 0.009 0.925 0.009 0.008 0.009 1    
293:  0.762 0.088 0.020 0.019 0.014 0.039 0.058 1    
294:  0.845 0.045 0.017 0.021 0.010 0.053 0.009 1    
295:  0.158 0.401 0.116 0.013 0.017 0.027 0.267 1    
296:  0.143 0.452 0.088 0.041 0.013 0.062 0.201 1    
297:  0.326 0.092 0.063 0.022 0.015 0.025 0.457 1    
298:  0.202 0.399 0.066 0.013 0.021 0.019 0.282 1    
299:  0.803 0.029 0.017 0.021 0.012 0.090 0.028 1    
300:  0.333 0.217 0.041 0.014 0.010 0.021 0.363 1    
301:  0.201 0.057 0.020 0.468 0.230 0.012 0.011 1    
302:  0.123 0.026 0.009 0.765 0.015 0.028 0.035 1    
303:  0.297 0.477 0.029 0.075 0.081 0.023 0.018 1    
304:  0.095 0.017 0.020 0.812 0.012 0.026 0.017 1    
305:  0.121 0.026 0.056 0.254 0.434 0.020 0.088 1    
306:  0.015 0.007 0.008 0.921 0.015 0.017 0.017 1    
307:  0.125 0.142 0.017 0.393 0.280 0.020 0.024 1    
308:  0.041 0.010 0.020 0.863 0.014 0.009 0.043 1    
309:  0.026 0.014 0.016 0.371 0.515 0.013 0.045 1    
310:  0.103 0.009 0.010 0.835 0.012 0.022 0.009 1    
311:  0.201 0.059 0.049 0.319 0.330 0.023 0.019 1    
312:  0.020 0.013 0.050 0.559 0.064 0.026 0.268 1    
313:  0.288 0.056 0.057 0.266 0.287 0.022 0.024 1    
314:  0.013 0.011 0.010 0.916 0.012 0.014 0.023 1    
315:  0.056 0.113 0.031 0.263 0.380 0.042 0.115 1    
316:  0.423 0.017 0.033 0.407 0.030 0.018 0.072 1    
317:  0.077 0.099 0.026 0.450 0.302 0.010 0.036 1    
318:  0.829 0.014 0.030 0.020 0.025 0.056 0.026 1    
319:  0.833 0.011 0.058 0.021 0.021 0.027 0.029 1    
320:  0.900 0.008 0.027 0.012 0.018 0.019 0.015 1    
321:  0.826 0.008 0.018 0.047 0.018 0.035 0.048 1    
322:  0.907 0.008 0.017 0.013 0.018 0.015 0.023 1    
323:  0.801 0.011 0.034 0.044 0.013 0.048 0.050 1    
324:  0.359 0.015 0.051 0.423 0.018 0.033 0.102 1    
325:  0.325 0.017 0.031 0.386 0.019 0.065 0.158 1    
326:  0.846 0.008 0.028 0.042 0.015 0.025 0.037 1    
327:  0.728 0.007 0.034 0.098 0.014 0.028 0.090 1    
328:  0.125 0.049 0.019 0.049 0.099 0.572 0.087 1    
329:  0.262 0.031 0.032 0.185 0.090 0.298 0.102 1    
330:  0.036 0.030 0.192 0.213 0.029 0.411 0.088 1    
331:  0.030 0.044 0.015 0.046 0.070 0.690 0.106 1    
332:  0.046 0.008 0.112 0.539 0.018 0.073 0.205 1    
333:  0.089 0.050 0.091 0.092 0.154 0.414 0.110 1    
334:  0.015 0.013 0.034 0.026 0.799 0.074 0.040 1    
335:  0.013 0.042 0.012 0.671 0.201 0.044 0.016 1    
336:  0.010 0.020 0.020 0.838 0.042 0.043 0.028 1    
337:  0.021 0.034 0.023 0.056 0.729 0.114 0.023 1    
338:  0.010 0.009 0.057 0.276 0.589 0.037 0.022 1    
339:  0.011 0.007 0.024 0.907 0.036 0.008 0.008 1    
340:  0.015 0.005 0.010 0.930 0.019 0.013 0.007 1    
341:  0.104 0.013 0.075 0.014 0.632 0.131 0.031 1    
342:  0.757 0.016 0.026 0.050 0.032 0.098 0.021 1    
343:  0.163 0.007 0.115 0.064 0.023 0.616 0.011 1    
344:  0.157 0.046 0.089 0.015 0.412 0.259 0.022 1    
345:  0.686 0.013 0.041 0.082 0.113 0.035 0.030 1    
346:  0.164 0.211 0.081 0.164 0.071 0.244 0.064 1    
347:  0.082 0.014 0.223 0.044 0.494 0.115 0.028 1    
348:  0.077 0.191 0.149 0.395 0.025 0.099 0.065 1    
349:  0.045 0.085 0.326 0.057 0.137 0.272 0.079 1    
350:  0.099 0.047 0.061 0.023 0.105 0.656 0.010 1    
351:  0.270 0.017 0.048 0.046 0.417 0.185 0.017 1    
352:  0.014 0.089 0.195 0.138 0.034 0.033 0.497 1    
353:  0.072 0.286 0.051 0.090 0.157 0.225 0.119 1    
354:  0.210 0.190 0.073 0.102 0.052 0.325 0.048 1    
355:  0.121 0.053 0.017 0.510 0.028 0.009 0.263 1    
356:  0.014 0.007 0.007 0.942 0.012 0.006 0.011 1    
357:  0.013 0.011 0.009 0.929 0.018 0.007 0.013 1    
358:  0.019 0.101 0.012 0.838 0.010 0.006 0.013 1    
359:  0.334 0.009 0.013 0.569 0.033 0.018 0.024 1    
360:  0.359 0.017 0.018 0.500 0.026 0.037 0.043 1    
361:  0.022 0.046 0.016 0.865 0.009 0.008 0.033 1    
362:  0.188 0.025 0.008 0.732 0.006 0.011 0.030 1    
363:  0.010 0.007 0.009 0.940 0.017 0.007 0.010 1    
364:  0.160 0.106 0.038 0.031 0.196 0.108 0.359 1    
365:  0.040 0.117 0.025 0.036 0.087 0.046 0.649 1    
366:  0.017 0.136 0.100 0.041 0.022 0.010 0.673 1    
367:  0.027 0.110 0.086 0.042 0.085 0.044 0.605 1    
368:  0.029 0.065 0.036 0.012 0.022 0.018 0.819 1    
369:  0.071 0.250 0.030 0.026 0.041 0.019 0.563 1    
370:  0.021 0.041 0.017 0.012 0.016 0.079 0.814 1    
371:  0.012 0.064 0.026 0.010 0.036 0.012 0.840 1    
372:  0.031 0.256 0.030 0.014 0.141 0.066 0.461 1    
373:  0.932 0.012 0.009 0.015 0.010 0.007 0.015 1    
374:  0.800 0.016 0.052 0.060 0.013 0.020 0.039 1    
375:  0.943 0.007 0.007 0.006 0.008 0.018 0.010 1    
376:  0.936 0.007 0.013 0.008 0.007 0.021 0.009 1    
377:  0.935 0.008 0.014 0.010 0.008 0.014 0.010 1    
378:  0.924 0.014 0.011 0.009 0.015 0.011 0.017 1    
379:  0.007 0.027 0.008 0.011 0.011 0.929 0.006 1    
380:  0.837 0.013 0.061 0.017 0.032 0.014 0.026 1    
381:  0.031 0.727 0.034 0.072 0.022 0.016 0.097 1    
382:  0.018 0.874 0.032 0.017 0.022 0.010 0.027 1    
383:  0.016 0.840 0.046 0.036 0.010 0.008 0.044 1    
384:  0.014 0.910 0.010 0.015 0.007 0.010 0.034 1    
385:  0.041 0.819 0.025 0.032 0.019 0.031 0.033 1    
386:  0.019 0.729 0.027 0.051 0.016 0.012 0.146 1    
387:  0.246 0.014 0.461 0.023 0.020 0.133 0.103 1    
388:  0.038 0.022 0.162 0.437 0.037 0.096 0.207 1    
389:  0.369 0.045 0.138 0.091 0.202 0.048 0.108 1    
390:  0.916 0.009 0.011 0.025 0.011 0.016 0.012 1    
391:  0.803 0.008 0.027 0.081 0.025 0.039 0.016 1    
392:  0.069 0.010 0.403 0.031 0.061 0.098 0.328 1    
393:  0.748 0.011 0.031 0.134 0.018 0.026 0.032 1    
394:  0.108 0.054 0.136 0.052 0.123 0.269 0.258 1    
395:  0.038 0.091 0.068 0.044 0.278 0.060 0.421 1    
396:  0.263 0.036 0.068 0.017 0.051 0.516 0.050 1    
397:  0.547 0.013 0.038 0.019 0.034 0.070 0.279 1    
398:  0.051 0.120 0.056 0.057 0.290 0.061 0.366 1    
399:  0.141 0.051 0.432 0.047 0.163 0.049 0.118 1    
400:  0.529 0.072 0.033 0.058 0.080 0.192 0.035 1    
401:  0.058 0.111 0.098 0.029 0.088 0.583 0.033 1    
402:  0.021 0.019 0.054 0.008 0.027 0.016 0.856 1    
403:  0.021 0.020 0.018 0.011 0.015 0.009 0.906 1    
404:  0.021 0.021 0.019 0.010 0.012 0.009 0.908 1    
405:  0.267 0.155 0.038 0.011 0.143 0.044 0.342 1    
406:  0.040 0.012 0.010 0.011 0.018 0.010 0.898 1    
407:  0.030 0.013 0.010 0.010 0.014 0.010 0.912 1    
408:  0.040 0.037 0.448 0.030 0.249 0.068 0.128 1    
409:  0.171 0.021 0.134 0.032 0.063 0.538 0.041 1    
410:  0.049 0.053 0.104 0.340 0.106 0.129 0.219 1    
411:  0.133 0.006 0.125 0.115 0.094 0.484 0.043 1    
412:  0.035 0.095 0.517 0.064 0.049 0.160 0.081 1    
413:  0.158 0.026 0.086 0.141 0.043 0.503 0.042 1    
414:  0.078 0.015 0.011 0.608 0.072 0.189 0.027 1    
415:  0.031 0.035 0.249 0.141 0.111 0.368 0.066 1    
416:  0.016 0.545 0.059 0.039 0.098 0.019 0.224 1    
417:  0.223 0.091 0.137 0.150 0.072 0.018 0.310 1    
418:  0.035 0.289 0.129 0.039 0.245 0.033 0.232 1    
419:  0.039 0.022 0.062 0.022 0.170 0.117 0.567 1    
420:  0.040 0.112 0.041 0.034 0.083 0.032 0.658 1    
421:  0.288 0.013 0.128 0.057 0.223 0.080 0.211 1    
422:  0.051 0.042 0.094 0.022 0.075 0.080 0.636 1    
423:  0.041 0.105 0.102 0.028 0.186 0.103 0.435 1    
424:  0.033 0.045 0.063 0.064 0.544 0.061 0.190 1    
425:  0.052 0.028 0.122 0.031 0.642 0.019 0.107 1    
426:  0.264 0.009 0.058 0.099 0.489 0.028 0.053 1    
427:  0.048 0.049 0.038 0.030 0.020 0.738 0.077 1    
428:  0.463 0.018 0.017 0.040 0.054 0.297 0.111 1    
429:  0.105 0.033 0.028 0.025 0.014 0.742 0.052 1    
430:  0.242 0.021 0.021 0.015 0.007 0.587 0.106 1    
431:  0.133 0.034 0.034 0.060 0.145 0.532 0.062 1    
432:  0.230 0.017 0.069 0.107 0.019 0.456 0.103 1    
433:  0.124 0.058 0.066 0.033 0.032 0.609 0.079 1    
434:  0.186 0.030 0.181 0.049 0.034 0.403 0.118 1    
435:  0.861 0.067 0.009 0.009 0.008 0.021 0.025 1    
436:  0.845 0.048 0.016 0.022 0.023 0.012 0.034 1    
437:  0.870 0.015 0.015 0.007 0.036 0.014 0.044 1    
438:  0.894 0.005 0.038 0.010 0.023 0.010 0.020 1    
439:  0.430 0.016 0.219 0.009 0.150 0.066 0.111 1    
440:  0.895 0.008 0.009 0.044 0.010 0.022 0.012 1    
441:  0.800 0.046 0.015 0.014 0.059 0.021 0.045 1    
442:  0.735 0.054 0.051 0.015 0.057 0.021 0.066 1    
443:  0.939 0.007 0.010 0.007 0.012 0.014 0.011 1    
444:  0.236 0.007 0.078 0.039 0.026 0.503 0.112 1    
445:  0.013 0.007 0.026 0.042 0.036 0.016 0.860 1    
446:  0.051 0.013 0.036 0.034 0.211 0.034 0.621 1    
447:  0.800 0.010 0.029 0.010 0.032 0.082 0.037 1    
448:  0.026 0.007 0.046 0.140 0.031 0.040 0.710 1    
449:  0.718 0.008 0.029 0.015 0.044 0.109 0.078 1    
450:  0.061 0.012 0.144 0.023 0.544 0.032 0.184 1    
451:  0.051 0.008 0.152 0.141 0.098 0.107 0.442 1    
452:  0.031 0.008 0.118 0.032 0.087 0.026 0.699 1    
453:  0.945 0.008 0.008 0.008 0.013 0.010 0.008 1    
454:  0.923 0.010 0.006 0.029 0.009 0.011 0.012 1    
455:  0.892 0.013 0.018 0.014 0.023 0.021 0.018 1    
456:  0.915 0.005 0.008 0.029 0.008 0.015 0.020 1    
457:  0.913 0.015 0.016 0.012 0.014 0.017 0.013 1    
458:  0.937 0.006 0.010 0.015 0.015 0.008 0.009 1    
459:  0.946 0.006 0.010 0.007 0.010 0.007 0.014 1    
460:  0.897 0.016 0.010 0.013 0.011 0.035 0.018 1    
461:  0.855 0.030 0.026 0.053 0.010 0.015 0.011 1    
462:  0.921 0.016 0.010 0.007 0.009 0.013 0.024 1    
463:  0.884 0.015 0.010 0.061 0.010 0.012 0.009 1    
464:  0.936 0.008 0.013 0.011 0.006 0.018 0.008 1    
465:  0.833 0.049 0.018 0.053 0.017 0.017 0.013 1    
466:  0.919 0.019 0.015 0.008 0.005 0.024 0.010 1    
467:  0.919 0.025 0.009 0.021 0.009 0.009 0.007 1    
468:  0.895 0.055 0.006 0.018 0.008 0.007 0.011 1    
469:  0.882 0.016 0.029 0.019 0.012 0.031 0.010 1    
470:  0.879 0.044 0.012 0.025 0.008 0.023 0.009 1    
471:  0.948 0.007 0.004 0.013 0.011 0.012 0.005 1    
472:  0.909 0.022 0.007 0.023 0.011 0.019 0.010 1    
473:  0.925 0.027 0.006 0.012 0.010 0.011 0.010 1    
474:  0.883 0.008 0.011 0.049 0.010 0.026 0.012 1    
475:  0.913 0.007 0.014 0.013 0.014 0.027 0.012 1    
476:  0.933 0.005 0.013 0.011 0.017 0.010 0.010 1    
477:  0.930 0.005 0.011 0.015 0.011 0.019 0.009 1    
478:  0.928 0.006 0.012 0.026 0.008 0.013 0.007 1    
479:  0.940 0.008 0.007 0.023 0.006 0.010 0.007 1    
480:  0.262 0.008 0.077 0.467 0.118 0.028 0.041 1    
481:  0.604 0.010 0.044 0.207 0.066 0.024 0.045 1    
482:  0.483 0.010 0.013 0.414 0.038 0.032 0.010 1    
483:  0.896 0.005 0.011 0.014 0.014 0.044 0.015 1    
484:  0.461 0.198 0.048 0.064 0.016 0.173 0.041 1    
485:  0.407 0.041 0.041 0.025 0.035 0.303 0.148 1    
486:  0.070 0.068 0.031 0.015 0.011 0.780 0.025 1    
487:  0.640 0.056 0.046 0.090 0.026 0.045 0.098 1    
488:  0.026 0.037 0.095 0.013 0.008 0.806 0.016 1    
489:  0.112 0.015 0.198 0.014 0.027 0.593 0.041 1    
490:  0.031 0.010 0.024 0.020 0.008 0.887 0.021 1    
491:  0.156 0.017 0.030 0.023 0.018 0.306 0.449 1    
492:  0.107 0.019 0.044 0.019 0.015 0.772 0.023 1    
493:  0.932 0.019 0.006 0.017 0.008 0.008 0.010 1    
494:  0.931 0.017 0.006 0.013 0.009 0.007 0.017 1    
495:  0.946 0.006 0.006 0.010 0.009 0.013 0.010 1    
496:  0.908 0.006 0.011 0.024 0.011 0.020 0.019 1    
497:  0.928 0.018 0.007 0.014 0.009 0.016 0.008 1    
498:  0.243 0.607 0.010 0.024 0.050 0.037 0.030 1    
499:  0.665 0.015 0.048 0.148 0.018 0.080 0.026 1    
500:  0.888 0.016 0.015 0.028 0.017 0.012 0.024 1    
501:  0.842 0.008 0.046 0.040 0.024 0.019 0.021 1    
502:  0.338 0.026 0.056 0.505 0.047 0.016 0.014 1    
503:  0.826 0.014 0.015 0.044 0.022 0.061 0.019 1    
504:  0.693 0.014 0.049 0.192 0.024 0.017 0.011 1    
505:  0.700 0.013 0.014 0.231 0.010 0.021 0.012 1    
506:  0.525 0.020 0.039 0.258 0.021 0.095 0.043 1    
507:  0.012 0.953 0.007 0.006 0.006 0.006 0.009 1    
508:  0.058 0.868 0.011 0.010 0.011 0.017 0.026 1    
509:  0.014 0.946 0.007 0.009 0.007 0.007 0.010 1    
510:  0.008 0.957 0.009 0.005 0.007 0.005 0.009 1    
511:  0.008 0.959 0.006 0.006 0.007 0.005 0.010 1    
512:  0.021 0.932 0.009 0.008 0.013 0.008 0.009 1    
513:  0.006 0.966 0.005 0.005 0.007 0.005 0.006 1    
514:  0.024 0.905 0.007 0.020 0.015 0.014 0.014 1    
515:  0.014 0.933 0.007 0.009 0.009 0.012 0.015 1    
516:  0.004 0.972 0.004 0.005 0.006 0.005 0.004 1    
517:  0.007 0.954 0.008 0.008 0.008 0.007 0.009 1    
518:  0.009 0.941 0.006 0.007 0.011 0.018 0.009 1    
519:  0.007 0.965 0.005 0.006 0.006 0.007 0.004 1    
520:  0.008 0.944 0.010 0.007 0.009 0.013 0.008 1    
521:  0.007 0.956 0.005 0.008 0.009 0.009 0.005 1    
522:  0.005 0.953 0.008 0.006 0.009 0.008 0.011 1    
523:  0.006 0.956 0.007 0.006 0.007 0.009 0.009 1    
524:  0.010 0.946 0.006 0.011 0.011 0.010 0.006 1    
525:  0.007 0.951 0.007 0.006 0.008 0.013 0.006 1    
526:  0.006 0.968 0.004 0.005 0.006 0.007 0.004 1    
527:  0.006 0.962 0.006 0.006 0.006 0.007 0.007 1    
528:  0.007 0.960 0.004 0.007 0.008 0.010 0.004 1    
529:  0.009 0.948 0.006 0.010 0.009 0.012 0.007 1    
530:  0.010 0.945 0.007 0.009 0.012 0.010 0.007 1    
531:  0.007 0.963 0.006 0.006 0.006 0.006 0.005 1    
532:  0.007 0.956 0.007 0.006 0.010 0.008 0.007 1    
533:  0.795 0.015 0.021 0.010 0.043 0.019 0.096 1    
534:  0.383 0.009 0.017 0.020 0.018 0.007 0.547 1    
535:  0.638 0.016 0.129 0.008 0.089 0.037 0.082 1    
536:  0.356 0.010 0.059 0.043 0.062 0.023 0.447 1    
537:  0.419 0.007 0.012 0.006 0.015 0.010 0.532 1    
538:  0.780 0.039 0.014 0.010 0.022 0.009 0.126 1    
539:  0.628 0.031 0.035 0.011 0.074 0.026 0.195 1    
540:  0.771 0.018 0.020 0.007 0.033 0.015 0.136 1    
541:  0.006 0.953 0.006 0.006 0.010 0.009 0.009 1    
542:  0.007 0.949 0.011 0.008 0.006 0.011 0.008 1    
543:  0.008 0.955 0.006 0.008 0.009 0.008 0.007 1    
544:  0.013 0.780 0.027 0.047 0.057 0.054 0.021 1    
545:  0.007 0.953 0.007 0.008 0.009 0.007 0.009 1    
546:  0.007 0.941 0.010 0.007 0.014 0.015 0.007 1    
547:  0.007 0.956 0.006 0.007 0.008 0.008 0.008 1    
548:  0.008 0.946 0.008 0.012 0.007 0.009 0.009 1    
549:  0.011 0.933 0.011 0.009 0.013 0.011 0.011 1    
550:  0.922 0.017 0.007 0.012 0.011 0.013 0.017 1    
551:  0.798 0.136 0.008 0.012 0.007 0.009 0.031 1    
552:  0.903 0.029 0.006 0.012 0.008 0.020 0.022 1    
553:  0.864 0.066 0.009 0.020 0.017 0.017 0.008 1    
554:  0.830 0.033 0.008 0.023 0.031 0.068 0.007 1    
555:  0.637 0.009 0.019 0.037 0.007 0.279 0.012 1    
556:  0.844 0.041 0.009 0.021 0.011 0.048 0.027 1    
557:  0.529 0.319 0.011 0.023 0.040 0.064 0.015 1    
558:  0.876 0.049 0.009 0.020 0.009 0.027 0.009 1    
559:  0.071 0.029 0.097 0.034 0.027 0.588 0.153 1    
560:  0.019 0.015 0.104 0.014 0.033 0.760 0.055 1    
561:  0.075 0.018 0.173 0.020 0.038 0.624 0.053 1    
562:  0.023 0.009 0.067 0.028 0.023 0.727 0.124 1    
563:  0.021 0.009 0.062 0.014 0.021 0.840 0.033 1    
564:  0.068 0.044 0.019 0.010 0.035 0.680 0.143 1    
565:  0.047 0.023 0.049 0.012 0.059 0.771 0.040 1    
566:  0.048 0.011 0.019 0.816 0.049 0.033 0.024 1    
567:  0.035 0.009 0.019 0.486 0.352 0.030 0.069 1    
568:  0.021 0.013 0.018 0.711 0.150 0.045 0.043 1    
569:  0.117 0.008 0.035 0.557 0.205 0.033 0.044 1    
570:  0.031 0.010 0.009 0.725 0.062 0.120 0.044 1    
571:  0.015 0.013 0.050 0.076 0.044 0.758 0.044 1    
572:  0.023 0.010 0.046 0.480 0.241 0.183 0.018 1    
573:  0.175 0.008 0.017 0.473 0.042 0.257 0.029 1    
574:  0.007 0.955 0.009 0.007 0.008 0.006 0.008 1    
575:  0.012 0.950 0.007 0.007 0.009 0.010 0.005 1    
576:  0.005 0.959 0.007 0.006 0.007 0.007 0.008 1    
577:  0.010 0.940 0.008 0.007 0.020 0.009 0.006 1    
578:  0.010 0.945 0.008 0.011 0.011 0.006 0.009 1    
579:  0.008 0.948 0.006 0.011 0.010 0.008 0.009 1    
580:  0.007 0.941 0.010 0.012 0.012 0.007 0.011 1    
581:  0.829 0.007 0.019 0.066 0.013 0.030 0.035 1    
582:  0.915 0.009 0.009 0.030 0.013 0.012 0.011 1    
583:  0.032 0.800 0.037 0.059 0.013 0.035 0.023 1    
584:  0.882 0.006 0.019 0.024 0.017 0.032 0.019 1    
585:  0.213 0.010 0.037 0.596 0.072 0.031 0.041 1    
586:  0.908 0.006 0.017 0.020 0.013 0.013 0.023 1    
587:  0.848 0.008 0.022 0.036 0.018 0.033 0.036 1    
588:  0.871 0.005 0.019 0.033 0.017 0.040 0.016 1    
589:  0.913 0.007 0.011 0.028 0.012 0.015 0.014 1    
590:  0.729 0.014 0.048 0.117 0.037 0.024 0.031 1    
591:  0.674 0.050 0.026 0.037 0.093 0.054 0.067 1    
592:  0.601 0.066 0.013 0.065 0.055 0.014 0.186 1    
593:  0.864 0.018 0.011 0.025 0.011 0.024 0.046 1    
594:  0.383 0.419 0.017 0.017 0.027 0.011 0.127 1    
595:  0.656 0.203 0.009 0.027 0.053 0.016 0.036 1    
596:  0.339 0.312 0.012 0.198 0.031 0.069 0.039 1    
597:  0.011 0.013 0.451 0.011 0.484 0.013 0.015 1    
598:  0.012 0.005 0.648 0.008 0.288 0.029 0.010 1    
599:  0.011 0.006 0.443 0.018 0.494 0.018 0.009 1    
600:  0.012 0.019 0.657 0.019 0.235 0.049 0.011 1    
601:  0.010 0.025 0.397 0.011 0.526 0.022 0.010 1    
602:  0.012 0.010 0.188 0.018 0.682 0.013 0.077 1    
603:  0.060 0.020 0.095 0.226 0.439 0.124 0.035 1    
604:  0.034 0.040 0.131 0.063 0.124 0.191 0.417 1    
605:  0.013 0.008 0.009 0.007 0.009 0.010 0.944 1    
606:  0.005 0.008 0.006 0.006 0.008 0.005 0.963 1    
607:  0.007 0.010 0.010 0.008 0.007 0.007 0.951 1    
608:  0.014 0.009 0.008 0.008 0.010 0.010 0.941 1    
609:  0.007 0.010 0.008 0.007 0.010 0.006 0.952 1    
610:  0.025 0.010 0.160 0.016 0.022 0.044 0.724 1    
611:  0.032 0.007 0.763 0.024 0.028 0.040 0.107 1    
612:  0.008 0.012 0.006 0.007 0.012 0.009 0.946 1    
613:  0.012 0.013 0.014 0.010 0.009 0.007 0.935 1    
614:  0.034 0.023 0.381 0.019 0.030 0.019 0.493 1    
615:  0.010 0.010 0.018 0.008 0.011 0.017 0.926 1    
616:  0.039 0.018 0.593 0.018 0.043 0.058 0.231 1    
617:  0.024 0.011 0.016 0.013 0.012 0.012 0.912 1    
618:  0.011 0.027 0.013 0.007 0.018 0.012 0.912 1    
619:  0.050 0.032 0.279 0.031 0.023 0.016 0.569 1    
620:  0.010 0.013 0.013 0.011 0.013 0.009 0.931 1    
621:  0.009 0.009 0.009 0.006 0.014 0.007 0.946 1    
622:  0.015 0.022 0.087 0.013 0.013 0.017 0.832 1    
623:  0.037 0.010 0.819 0.018 0.054 0.027 0.036 1    
624:  0.026 0.013 0.035 0.008 0.012 0.024 0.882 1    
625:  0.012 0.023 0.202 0.015 0.021 0.023 0.705 1    
626:  0.129 0.008 0.011 0.007 0.014 0.821 0.009 1    
627:  0.028 0.006 0.011 0.010 0.013 0.920 0.012 1    
628:  0.028 0.014 0.009 0.014 0.015 0.914 0.006 1    
629:  0.044 0.022 0.009 0.009 0.025 0.882 0.009 1    
630:  0.016 0.018 0.014 0.008 0.020 0.910 0.014 1    
631:  0.011 0.012 0.007 0.012 0.013 0.937 0.007 1    
632:  0.034 0.025 0.007 0.007 0.028 0.885 0.013 1    
633:  0.087 0.013 0.042 0.393 0.027 0.424 0.014 1    
634:  0.014 0.086 0.037 0.096 0.063 0.609 0.095 1    
635:  0.014 0.013 0.056 0.345 0.032 0.499 0.040 1    
636:  0.122 0.038 0.101 0.362 0.175 0.077 0.125 1    
637:  0.032 0.020 0.082 0.092 0.032 0.734 0.009 1    
638:  0.062 0.006 0.042 0.098 0.008 0.766 0.019 1    
639:  0.045 0.011 0.035 0.036 0.012 0.833 0.028 1    
640:  0.022 0.009 0.110 0.046 0.021 0.760 0.031 1    
641:  0.048 0.005 0.020 0.331 0.018 0.564 0.014 1    
642:  0.046 0.017 0.127 0.571 0.046 0.063 0.131 1    
643:  0.019 0.007 0.018 0.056 0.011 0.881 0.009 1    
644:  0.012 0.121 0.020 0.026 0.015 0.784 0.021 1    
645:  0.065 0.014 0.009 0.569 0.012 0.318 0.013 1    
646:  0.204 0.017 0.027 0.042 0.022 0.656 0.032 1    
647:  0.031 0.013 0.013 0.062 0.019 0.850 0.011 1    
648:  0.312 0.013 0.017 0.059 0.010 0.578 0.010 1    
649:  0.008 0.032 0.058 0.080 0.022 0.720 0.080 1    
650:  0.008 0.007 0.069 0.019 0.012 0.855 0.030 1    
651:  0.026 0.015 0.719 0.017 0.145 0.039 0.039 1    
652:  0.013 0.009 0.813 0.022 0.061 0.070 0.011 1    
653:  0.011 0.005 0.304 0.017 0.614 0.035 0.014 1    
654:  0.012 0.010 0.839 0.016 0.052 0.048 0.023 1    
655:  0.017 0.024 0.758 0.010 0.119 0.057 0.014 1    
656:  0.008 0.011 0.841 0.015 0.027 0.090 0.008 1    
657:  0.024 0.007 0.754 0.023 0.022 0.124 0.045 1    
658:  0.012 0.008 0.754 0.011 0.152 0.042 0.020 1    
659:  0.019 0.006 0.728 0.034 0.045 0.142 0.027 1    
660:  0.045 0.006 0.291 0.022 0.144 0.222 0.271 1    
661:  0.020 0.006 0.323 0.009 0.052 0.302 0.289 1    
662:  0.010 0.007 0.734 0.017 0.097 0.114 0.020 1    
663:  0.051 0.009 0.150 0.009 0.060 0.272 0.448 1    
664:  0.018 0.007 0.523 0.019 0.053 0.326 0.055 1    
665:  0.011 0.079 0.701 0.011 0.030 0.142 0.026 1    
666:  0.025 0.011 0.724 0.009 0.016 0.203 0.011 1    
667:  0.014 0.034 0.673 0.017 0.035 0.176 0.052 1    
668:  0.018 0.015 0.793 0.016 0.010 0.127 0.022 1    
669:  0.011 0.005 0.854 0.020 0.012 0.085 0.013 1    
670:  0.013 0.004 0.112 0.017 0.017 0.830 0.008 1    
671:  0.014 0.014 0.747 0.010 0.018 0.185 0.012 1    
672:  0.010 0.014 0.869 0.018 0.011 0.052 0.027 1    
673:  0.010 0.025 0.874 0.008 0.020 0.020 0.043 1    
674:  0.012 0.014 0.610 0.031 0.023 0.273 0.038 1    
675:  0.085 0.014 0.028 0.300 0.061 0.401 0.112 1    
676:  0.097 0.020 0.138 0.235 0.300 0.076 0.135 1    
677:  0.211 0.012 0.039 0.041 0.028 0.466 0.204 1    
678:  0.083 0.008 0.023 0.022 0.017 0.806 0.041 1    
679:  0.052 0.010 0.047 0.098 0.030 0.172 0.591 1    
680:  0.024 0.009 0.096 0.055 0.034 0.743 0.038 1    
681:  0.036 0.037 0.029 0.115 0.124 0.288 0.370 1    
682:  0.040 0.038 0.026 0.123 0.127 0.298 0.348 1    
683:  0.052 0.007 0.011 0.019 0.018 0.879 0.013 1    
684:  0.131 0.009 0.028 0.235 0.034 0.209 0.354 1    
685:  0.026 0.007 0.069 0.763 0.069 0.036 0.032 1    
686:  0.017 0.018 0.020 0.031 0.020 0.012 0.883 1    
687:  0.085 0.044 0.027 0.041 0.048 0.063 0.693 1    
688:  0.052 0.012 0.227 0.119 0.036 0.512 0.042 1    
689:  0.016 0.056 0.126 0.097 0.022 0.077 0.606 1    
690:  0.074 0.010 0.336 0.380 0.029 0.136 0.035 1    
691:  0.029 0.040 0.035 0.041 0.035 0.027 0.792 1    
692:  0.022 0.008 0.078 0.747 0.073 0.038 0.035 1    
693:  0.197 0.015 0.130 0.055 0.520 0.068 0.016 1    
694:  0.047 0.039 0.133 0.077 0.494 0.195 0.015 1    
695:  0.164 0.078 0.060 0.526 0.103 0.019 0.050 1    
696:  0.743 0.011 0.029 0.018 0.012 0.139 0.050 1    
697:  0.023 0.022 0.625 0.035 0.053 0.160 0.081 1    
698:  0.023 0.011 0.195 0.513 0.133 0.067 0.059 1    
699:  0.016 0.054 0.690 0.046 0.043 0.094 0.057 1    
700:  0.009 0.007 0.939 0.007 0.016 0.013 0.009 1    
701:  0.016 0.007 0.928 0.013 0.008 0.019 0.009 1    
702:  0.009 0.012 0.937 0.008 0.014 0.007 0.013 1    
703:  0.008 0.008 0.837 0.021 0.013 0.104 0.008 1    
704:  0.007 0.006 0.944 0.013 0.010 0.013 0.007 1    
705:  0.105 0.015 0.190 0.025 0.058 0.584 0.022 1    
706:  0.029 0.038 0.206 0.584 0.069 0.050 0.024 1    
707:  0.110 0.030 0.504 0.041 0.041 0.254 0.020 1    
708:  0.028 0.188 0.197 0.142 0.031 0.164 0.251 1    
709:  0.019 0.055 0.028 0.805 0.020 0.045 0.028 1    
710:  0.015 0.021 0.103 0.012 0.044 0.095 0.710 1    
711:  0.026 0.048 0.018 0.772 0.019 0.078 0.037 1    
712:  0.041 0.172 0.136 0.010 0.406 0.125 0.111 1    
713:  0.033 0.050 0.013 0.009 0.028 0.850 0.017 1    
714:  0.018 0.021 0.035 0.020 0.104 0.036 0.765 1    
715:  0.006 0.006 0.009 0.015 0.020 0.934 0.010 1    
716:  0.043 0.502 0.065 0.038 0.193 0.114 0.045 1    
717:  0.066 0.032 0.018 0.016 0.656 0.063 0.149 1    
718:  0.067 0.062 0.028 0.081 0.648 0.028 0.087 1    
719:  0.006 0.041 0.013 0.019 0.099 0.808 0.014 1    
720:  0.010 0.433 0.015 0.017 0.460 0.029 0.035 1    
721:  0.011 0.022 0.017 0.018 0.377 0.545 0.010 1    
722:  0.107 0.346 0.023 0.016 0.278 0.018 0.211 1    
723:  0.020 0.012 0.093 0.018 0.211 0.581 0.066 1    
724:  0.093 0.173 0.024 0.080 0.408 0.031 0.190 1    
725:  0.007 0.009 0.011 0.012 0.033 0.922 0.007 1    
726:  0.017 0.117 0.012 0.026 0.725 0.059 0.044 1    
727:  0.037 0.796 0.025 0.039 0.047 0.023 0.033 1    
728:  0.008 0.012 0.065 0.010 0.009 0.883 0.014 1    
729:  0.006 0.012 0.017 0.010 0.007 0.941 0.008 1    
730:  0.010 0.018 0.055 0.025 0.010 0.871 0.011 1    
731:  0.008 0.038 0.190 0.022 0.036 0.688 0.018 1    
732:  0.010 0.011 0.515 0.016 0.013 0.424 0.011 1    
733:  0.010 0.016 0.513 0.012 0.020 0.416 0.012 1    
734:  0.022 0.007 0.063 0.010 0.031 0.841 0.025 1    
735:  0.022 0.033 0.589 0.113 0.121 0.015 0.106 1    
736:  0.028 0.006 0.057 0.015 0.666 0.028 0.200 1    
737:  0.020 0.122 0.477 0.099 0.171 0.023 0.088 1    
738:  0.060 0.008 0.061 0.020 0.323 0.035 0.493 1    
739:  0.028 0.188 0.496 0.088 0.119 0.019 0.062 1    
740:  0.031 0.009 0.084 0.013 0.764 0.026 0.072 1    
