1:    0.013 0.024 0.019 0.047 0.012 0.009 0.008 0.028 0.009 0.021 0.006 0.034 0.667 0.012 0.007 0.015 0.028 0.016 0.006 0.005 0.005 0.008 1    
2:    0.023 0.559 0.012 0.052 0.019 0.009 0.007 0.011 0.006 0.005 0.014 0.025 0.141 0.014 0.011 0.027 0.006 0.022 0.007 0.007 0.012 0.010 1    
3:    0.017 0.015 0.011 0.012 0.016 0.012 0.006 0.066 0.007 0.016 0.010 0.012 0.715 0.013 0.008 0.011 0.006 0.009 0.009 0.008 0.014 0.008 1    
4:    0.058 0.248 0.010 0.109 0.007 0.024 0.016 0.031 0.012 0.010 0.009 0.023 0.268 0.011 0.010 0.011 0.006 0.013 0.014 0.019 0.084 0.006 1    
5:    0.015 0.121 0.011 0.126 0.030 0.124 0.012 0.032 0.038 0.038 0.017 0.049 0.074 0.106 0.012 0.028 0.037 0.032 0.018 0.034 0.037 0.010 1    
6:    0.009 0.022 0.008 0.023 0.007 0.008 0.005 0.021 0.013 0.013 0.009 0.005 0.784 0.006 0.006 0.004 0.004 0.007 0.008 0.013 0.021 0.004 1    
7:    0.007 0.045 0.040 0.041 0.007 0.006 0.008 0.062 0.007 0.005 0.006 0.007 0.671 0.011 0.017 0.007 0.016 0.009 0.007 0.010 0.005 0.005 1    
8:    0.013 0.023 0.029 0.020 0.010 0.007 0.003 0.015 0.007 0.003 0.006 0.021 0.762 0.004 0.007 0.009 0.007 0.022 0.010 0.005 0.008 0.009 1    
9:    0.014 0.009 0.016 0.008 0.019 0.006 0.005 0.038 0.735 0.019 0.007 0.012 0.011 0.008 0.010 0.007 0.014 0.019 0.012 0.011 0.012 0.008 1    
10:   0.005 0.008 0.007 0.005 0.011 0.005 0.004 0.006 0.834 0.008 0.014 0.007 0.009 0.012 0.007 0.006 0.009 0.016 0.006 0.006 0.006 0.009 1    
11:   0.007 0.024 0.007 0.008 0.005 0.049 0.005 0.013 0.628 0.019 0.022 0.005 0.008 0.042 0.008 0.016 0.016 0.012 0.010 0.004 0.085 0.006 1    
12:   0.028 0.015 0.014 0.016 0.149 0.025 0.010 0.019 0.136 0.053 0.007 0.026 0.009 0.298 0.013 0.039 0.053 0.046 0.020 0.007 0.009 0.007 1    
13:   0.016 0.018 0.036 0.014 0.016 0.051 0.021 0.015 0.395 0.046 0.007 0.011 0.023 0.022 0.014 0.089 0.037 0.032 0.007 0.020 0.049 0.063 1    
14:   0.007 0.057 0.020 0.007 0.016 0.047 0.009 0.024 0.433 0.012 0.039 0.006 0.008 0.184 0.013 0.023 0.017 0.010 0.020 0.005 0.029 0.012 1    
15:   0.010 0.291 0.005 0.008 0.016 0.012 0.007 0.059 0.341 0.017 0.012 0.005 0.007 0.085 0.018 0.032 0.020 0.011 0.014 0.009 0.018 0.005 1    
16:   0.006 0.015 0.035 0.010 0.012 0.012 0.006 0.026 0.636 0.018 0.021 0.012 0.014 0.030 0.011 0.025 0.013 0.022 0.010 0.006 0.016 0.047 1    
17:   0.009 0.005 0.031 0.017 0.017 0.005 0.005 0.016 0.795 0.010 0.007 0.007 0.005 0.005 0.007 0.004 0.012 0.006 0.006 0.008 0.017 0.006 1    
18:   0.019 0.005 0.008 0.014 0.006 0.007 0.800 0.007 0.013 0.008 0.020 0.009 0.004 0.006 0.003 0.003 0.006 0.004 0.008 0.005 0.015 0.029 1    
19:   0.010 0.017 0.008 0.017 0.006 0.007 0.665 0.007 0.007 0.023 0.016 0.013 0.009 0.009 0.004 0.003 0.006 0.006 0.009 0.007 0.129 0.026 1    
20:   0.010 0.006 0.029 0.012 0.004 0.007 0.767 0.006 0.007 0.005 0.022 0.007 0.004 0.005 0.006 0.016 0.005 0.005 0.004 0.004 0.008 0.064 1    
21:   0.007 0.005 0.005 0.007 0.004 0.004 0.894 0.007 0.004 0.006 0.007 0.004 0.004 0.004 0.003 0.004 0.005 0.003 0.005 0.006 0.005 0.008 1    
22:   0.014 0.005 0.007 0.006 0.004 0.005 0.689 0.005 0.004 0.006 0.031 0.005 0.003 0.008 0.005 0.007 0.004 0.004 0.005 0.005 0.006 0.172 1    
23:   0.005 0.029 0.004 0.008 0.004 0.005 0.773 0.007 0.004 0.013 0.006 0.008 0.006 0.007 0.004 0.013 0.007 0.007 0.006 0.004 0.065 0.016 1    
24:   0.005 0.010 0.007 0.006 0.003 0.006 0.886 0.006 0.004 0.008 0.007 0.006 0.004 0.006 0.004 0.009 0.006 0.003 0.005 0.004 0.005 0.003 1    
25:   0.004 0.004 0.005 0.004 0.004 0.004 0.005 0.006 0.004 0.913 0.005 0.004 0.004 0.004 0.004 0.003 0.005 0.005 0.004 0.004 0.004 0.005 1    
26:   0.004 0.017 0.004 0.005 0.006 0.010 0.011 0.006 0.004 0.871 0.008 0.004 0.004 0.008 0.005 0.003 0.008 0.004 0.005 0.006 0.004 0.003 1    
27:   0.016 0.026 0.008 0.007 0.006 0.016 0.051 0.024 0.008 0.706 0.012 0.006 0.007 0.029 0.013 0.009 0.015 0.007 0.009 0.009 0.012 0.005 1    
28:   0.009 0.015 0.005 0.005 0.004 0.007 0.006 0.011 0.005 0.821 0.007 0.014 0.010 0.006 0.009 0.005 0.009 0.005 0.020 0.007 0.013 0.007 1    
29:   0.012 0.153 0.008 0.008 0.005 0.007 0.024 0.014 0.003 0.640 0.005 0.011 0.007 0.014 0.010 0.005 0.042 0.005 0.007 0.009 0.007 0.004 1    
30:   0.007 0.041 0.004 0.005 0.005 0.007 0.011 0.007 0.003 0.841 0.006 0.004 0.004 0.011 0.008 0.003 0.009 0.004 0.004 0.008 0.005 0.004 1    
31:   0.016 0.080 0.010 0.005 0.011 0.012 0.023 0.019 0.006 0.505 0.015 0.025 0.019 0.013 0.075 0.008 0.028 0.012 0.022 0.072 0.014 0.007 1    
32:   0.005 0.011 0.006 0.004 0.006 0.006 0.005 0.005 0.868 0.003 0.006 0.008 0.006 0.011 0.004 0.006 0.006 0.004 0.006 0.006 0.013 0.007 1    
33:   0.008 0.056 0.004 0.004 0.009 0.011 0.005 0.019 0.730 0.011 0.009 0.005 0.010 0.038 0.008 0.008 0.014 0.009 0.008 0.006 0.008 0.021 1    
34:   0.006 0.018 0.008 0.007 0.009 0.006 0.012 0.019 0.807 0.005 0.009 0.007 0.009 0.014 0.009 0.010 0.006 0.006 0.006 0.011 0.006 0.010 1    
35:   0.004 0.010 0.008 0.007 0.005 0.006 0.007 0.007 0.866 0.003 0.007 0.006 0.004 0.009 0.007 0.007 0.004 0.004 0.005 0.007 0.007 0.010 1    
36:   0.010 0.054 0.006 0.007 0.004 0.036 0.007 0.017 0.669 0.008 0.013 0.007 0.019 0.061 0.008 0.014 0.015 0.013 0.013 0.004 0.012 0.005 1    
37:   0.015 0.201 0.003 0.005 0.008 0.014 0.010 0.007 0.255 0.008 0.015 0.006 0.048 0.250 0.009 0.053 0.030 0.012 0.026 0.005 0.009 0.011 1    
38:   0.004 0.007 0.006 0.006 0.005 0.005 0.004 0.006 0.879 0.004 0.011 0.007 0.007 0.006 0.004 0.004 0.004 0.004 0.004 0.004 0.013 0.006 1    
39:   0.412 0.056 0.007 0.011 0.092 0.044 0.065 0.011 0.039 0.006 0.036 0.067 0.007 0.012 0.025 0.016 0.015 0.014 0.009 0.006 0.027 0.023 1    
40:   0.029 0.050 0.043 0.224 0.023 0.027 0.114 0.034 0.072 0.010 0.107 0.133 0.007 0.011 0.015 0.008 0.012 0.018 0.038 0.006 0.015 0.004 1    
41:   0.154 0.132 0.038 0.069 0.018 0.101 0.145 0.014 0.017 0.009 0.026 0.047 0.008 0.008 0.027 0.024 0.075 0.017 0.007 0.009 0.038 0.016 1    
42:   0.028 0.027 0.009 0.116 0.018 0.043 0.107 0.009 0.013 0.006 0.490 0.025 0.012 0.007 0.013 0.007 0.007 0.012 0.013 0.007 0.025 0.006 1    
43:   0.013 0.160 0.042 0.165 0.015 0.085 0.066 0.017 0.110 0.020 0.036 0.036 0.004 0.007 0.008 0.009 0.072 0.009 0.087 0.004 0.025 0.007 1    
44:   0.016 0.061 0.022 0.445 0.027 0.044 0.050 0.007 0.020 0.009 0.053 0.128 0.007 0.010 0.008 0.010 0.007 0.021 0.028 0.005 0.014 0.004 1    
45:   0.023 0.047 0.057 0.092 0.030 0.134 0.030 0.018 0.068 0.008 0.015 0.312 0.024 0.012 0.010 0.016 0.010 0.032 0.040 0.004 0.011 0.006 1    
46:   0.055 0.017 0.018 0.424 0.014 0.032 0.027 0.015 0.009 0.006 0.236 0.053 0.006 0.004 0.011 0.007 0.007 0.020 0.010 0.007 0.017 0.004 1    
47:   0.005 0.004 0.006 0.006 0.009 0.004 0.042 0.014 0.011 0.700 0.012 0.006 0.017 0.018 0.017 0.019 0.009 0.061 0.004 0.013 0.010 0.015 1    
48:   0.004 0.020 0.013 0.004 0.027 0.004 0.014 0.015 0.005 0.719 0.006 0.007 0.014 0.012 0.052 0.011 0.004 0.045 0.006 0.007 0.004 0.009 1    
49:   0.006 0.003 0.015 0.005 0.007 0.005 0.018 0.013 0.010 0.771 0.007 0.006 0.015 0.036 0.010 0.006 0.010 0.015 0.007 0.025 0.005 0.006 1    
50:   0.004 0.006 0.007 0.007 0.007 0.005 0.018 0.013 0.011 0.782 0.020 0.006 0.020 0.013 0.004 0.009 0.015 0.009 0.005 0.008 0.014 0.017 1    
51:   0.004 0.004 0.007 0.007 0.006 0.006 0.013 0.012 0.013 0.780 0.019 0.006 0.019 0.015 0.004 0.010 0.025 0.009 0.005 0.009 0.014 0.015 1    
52:   0.050 0.051 0.007 0.072 0.009 0.006 0.122 0.009 0.017 0.017 0.023 0.008 0.004 0.004 0.220 0.066 0.005 0.266 0.007 0.028 0.005 0.004 1    
53:   0.012 0.021 0.008 0.013 0.005 0.012 0.027 0.006 0.015 0.005 0.005 0.009 0.007 0.005 0.257 0.022 0.006 0.523 0.012 0.015 0.005 0.009 1    
54:   0.010 0.053 0.005 0.010 0.010 0.009 0.097 0.013 0.046 0.014 0.011 0.032 0.009 0.006 0.163 0.019 0.013 0.437 0.022 0.010 0.005 0.007 1    
55:   0.009 0.007 0.007 0.008 0.006 0.013 0.032 0.006 0.386 0.009 0.007 0.010 0.011 0.005 0.051 0.025 0.006 0.348 0.010 0.008 0.020 0.016 1    
56:   0.009 0.007 0.007 0.010 0.006 0.011 0.027 0.008 0.389 0.007 0.009 0.010 0.009 0.005 0.059 0.025 0.007 0.331 0.011 0.008 0.030 0.013 1    
57:   0.013 0.035 0.006 0.015 0.005 0.008 0.078 0.006 0.054 0.033 0.008 0.014 0.026 0.003 0.166 0.022 0.009 0.384 0.030 0.008 0.020 0.058 1    
58:   0.013 0.009 0.008 0.006 0.010 0.013 0.206 0.008 0.059 0.008 0.011 0.074 0.006 0.016 0.062 0.021 0.009 0.404 0.024 0.011 0.010 0.013 1    
59:   0.007 0.757 0.009 0.006 0.010 0.008 0.011 0.006 0.010 0.005 0.008 0.021 0.004 0.012 0.006 0.007 0.016 0.017 0.007 0.009 0.020 0.043 1    
60:   0.005 0.010 0.017 0.022 0.006 0.015 0.014 0.010 0.025 0.622 0.096 0.012 0.019 0.017 0.009 0.007 0.008 0.029 0.015 0.007 0.023 0.010 1    
61:   0.006 0.038 0.008 0.006 0.007 0.019 0.012 0.008 0.020 0.591 0.034 0.025 0.008 0.015 0.039 0.015 0.021 0.063 0.014 0.010 0.033 0.009 1    
62:   0.009 0.022 0.013 0.012 0.014 0.033 0.014 0.007 0.018 0.578 0.029 0.017 0.049 0.013 0.014 0.009 0.008 0.079 0.028 0.007 0.022 0.008 1    
63:   0.025 0.026 0.010 0.010 0.018 0.074 0.028 0.005 0.013 0.389 0.131 0.015 0.017 0.014 0.025 0.006 0.011 0.069 0.067 0.010 0.029 0.008 1    
64:   0.027 0.026 0.009 0.013 0.017 0.059 0.080 0.007 0.030 0.249 0.181 0.009 0.043 0.017 0.031 0.005 0.011 0.058 0.070 0.019 0.034 0.006 1    
65:   0.005 0.016 0.019 0.008 0.006 0.013 0.042 0.007 0.038 0.520 0.025 0.015 0.013 0.018 0.031 0.006 0.020 0.071 0.094 0.013 0.014 0.007 1    
66:   0.076 0.006 0.014 0.008 0.023 0.009 0.010 0.004 0.017 0.007 0.697 0.009 0.006 0.005 0.008 0.008 0.004 0.013 0.013 0.008 0.011 0.045 1    
67:   0.010 0.006 0.004 0.007 0.005 0.007 0.004 0.004 0.007 0.007 0.863 0.007 0.004 0.008 0.005 0.007 0.003 0.009 0.011 0.004 0.008 0.008 1    
68:   0.110 0.014 0.054 0.007 0.019 0.016 0.013 0.010 0.019 0.010 0.375 0.027 0.031 0.008 0.062 0.063 0.005 0.057 0.016 0.016 0.008 0.059 1    
69:   0.031 0.011 0.010 0.012 0.019 0.012 0.010 0.006 0.039 0.034 0.621 0.046 0.010 0.012 0.011 0.014 0.006 0.035 0.033 0.009 0.009 0.010 1    
70:   0.004 0.005 0.008 0.005 0.004 0.004 0.007 0.011 0.007 0.024 0.862 0.004 0.006 0.005 0.005 0.004 0.003 0.005 0.004 0.006 0.005 0.014 1    
71:   0.009 0.005 0.004 0.007 0.006 0.004 0.004 0.004 0.009 0.006 0.884 0.006 0.003 0.006 0.004 0.005 0.004 0.005 0.007 0.005 0.006 0.007 1    
72:   0.006 0.043 0.003 0.007 0.005 0.023 0.011 0.006 0.008 0.015 0.781 0.005 0.006 0.013 0.006 0.003 0.005 0.007 0.012 0.004 0.008 0.022 1    
73:   0.020 0.012 0.006 0.009 0.007 0.008 0.007 0.005 0.015 0.010 0.789 0.012 0.005 0.010 0.008 0.009 0.005 0.010 0.026 0.006 0.008 0.013 1    
74:   0.010 0.008 0.009 0.007 0.005 0.007 0.011 0.014 0.043 0.006 0.784 0.005 0.010 0.006 0.006 0.005 0.004 0.007 0.009 0.010 0.010 0.025 1    
75:   0.008 0.018 0.014 0.636 0.030 0.036 0.013 0.009 0.060 0.015 0.011 0.015 0.013 0.011 0.008 0.005 0.011 0.008 0.057 0.006 0.011 0.005 1    
76:   0.011 0.009 0.036 0.561 0.029 0.058 0.011 0.013 0.029 0.008 0.010 0.063 0.018 0.006 0.013 0.007 0.030 0.012 0.038 0.009 0.018 0.013 1    
77:   0.010 0.048 0.024 0.194 0.067 0.091 0.016 0.014 0.041 0.039 0.040 0.036 0.015 0.039 0.027 0.007 0.111 0.018 0.110 0.023 0.017 0.014 1    
78:   0.011 0.477 0.006 0.035 0.006 0.066 0.078 0.009 0.029 0.006 0.065 0.009 0.012 0.016 0.057 0.019 0.012 0.016 0.015 0.013 0.035 0.008 1    
79:   0.016 0.025 0.022 0.069 0.077 0.042 0.018 0.007 0.077 0.044 0.009 0.203 0.019 0.011 0.022 0.008 0.187 0.050 0.054 0.015 0.014 0.011 1    
80:   0.027 0.035 0.015 0.088 0.006 0.358 0.024 0.005 0.094 0.062 0.016 0.024 0.006 0.006 0.015 0.010 0.050 0.072 0.051 0.012 0.018 0.004 1    
81:   0.018 0.071 0.007 0.027 0.005 0.020 0.020 0.007 0.019 0.154 0.155 0.007 0.004 0.009 0.161 0.006 0.011 0.025 0.233 0.014 0.016 0.010 1    
82:   0.226 0.005 0.063 0.020 0.012 0.080 0.056 0.015 0.010 0.102 0.085 0.064 0.008 0.024 0.020 0.022 0.036 0.026 0.066 0.011 0.030 0.018 1    
83:   0.050 0.013 0.010 0.013 0.005 0.074 0.036 0.008 0.012 0.220 0.091 0.023 0.005 0.027 0.013 0.005 0.019 0.028 0.186 0.022 0.129 0.012 1    
84:   0.091 0.022 0.009 0.022 0.005 0.042 0.036 0.010 0.007 0.297 0.039 0.011 0.015 0.011 0.200 0.005 0.020 0.019 0.102 0.016 0.013 0.010 1    
85:   0.011 0.018 0.019 0.024 0.004 0.081 0.025 0.011 0.014 0.015 0.033 0.009 0.026 0.014 0.504 0.010 0.028 0.033 0.091 0.010 0.011 0.009 1    
86:   0.021 0.009 0.011 0.011 0.008 0.039 0.022 0.008 0.017 0.302 0.113 0.020 0.005 0.021 0.014 0.004 0.014 0.028 0.156 0.029 0.129 0.021 1    
87:   0.170 0.012 0.011 0.005 0.072 0.011 0.006 0.020 0.013 0.010 0.013 0.118 0.024 0.006 0.173 0.013 0.023 0.129 0.050 0.067 0.048 0.006 1    
88:   0.258 0.014 0.013 0.008 0.107 0.024 0.005 0.015 0.021 0.015 0.013 0.279 0.016 0.014 0.064 0.008 0.025 0.025 0.032 0.030 0.010 0.005 1    
89:   0.029 0.010 0.017 0.015 0.038 0.010 0.008 0.016 0.024 0.007 0.008 0.284 0.015 0.004 0.273 0.017 0.046 0.105 0.023 0.019 0.027 0.006 1    
90:   0.109 0.007 0.015 0.012 0.014 0.018 0.018 0.008 0.005 0.246 0.015 0.358 0.013 0.008 0.028 0.018 0.011 0.020 0.037 0.026 0.009 0.004 1    
91:   0.016 0.034 0.007 0.014 0.108 0.099 0.003 0.012 0.156 0.011 0.019 0.016 0.067 0.057 0.009 0.033 0.040 0.066 0.196 0.009 0.008 0.019 1    
92:   0.008 0.043 0.007 0.008 0.012 0.135 0.004 0.007 0.219 0.008 0.012 0.006 0.197 0.021 0.010 0.035 0.011 0.064 0.140 0.019 0.018 0.015 1    
93:   0.014 0.005 0.032 0.015 0.093 0.065 0.007 0.006 0.524 0.009 0.003 0.011 0.033 0.010 0.005 0.007 0.026 0.006 0.046 0.061 0.011 0.011 1    
94:   0.016 0.034 0.014 0.011 0.006 0.024 0.006 0.011 0.036 0.012 0.010 0.021 0.355 0.141 0.012 0.023 0.021 0.062 0.146 0.010 0.006 0.024 1    
95:   0.032 0.018 0.042 0.020 0.007 0.041 0.011 0.015 0.134 0.010 0.008 0.009 0.021 0.263 0.023 0.033 0.012 0.060 0.167 0.005 0.009 0.059 1    
96:   0.018 0.015 0.482 0.009 0.010 0.007 0.033 0.010 0.083 0.012 0.005 0.029 0.029 0.103 0.006 0.023 0.008 0.008 0.030 0.009 0.015 0.054 1    
97:   0.046 0.016 0.009 0.057 0.008 0.011 0.010 0.006 0.014 0.305 0.029 0.010 0.010 0.026 0.006 0.201 0.137 0.060 0.011 0.007 0.010 0.011 1    
98:   0.255 0.015 0.007 0.023 0.017 0.010 0.023 0.011 0.014 0.072 0.101 0.009 0.011 0.104 0.014 0.148 0.018 0.055 0.059 0.011 0.006 0.017 1    
99:   0.231 0.017 0.012 0.020 0.004 0.015 0.012 0.008 0.005 0.077 0.052 0.009 0.006 0.042 0.017 0.237 0.010 0.172 0.031 0.006 0.005 0.012 1    
100:  0.122 0.020 0.014 0.023 0.007 0.038 0.032 0.017 0.083 0.137 0.025 0.017 0.008 0.032 0.010 0.064 0.233 0.012 0.073 0.018 0.013 0.004 1    
101:  0.246 0.021 0.013 0.012 0.018 0.013 0.007 0.020 0.006 0.037 0.028 0.034 0.013 0.035 0.054 0.210 0.014 0.102 0.010 0.084 0.008 0.016 1    
102:  0.243 0.028 0.013 0.025 0.061 0.029 0.012 0.018 0.033 0.063 0.080 0.069 0.081 0.063 0.024 0.024 0.018 0.050 0.025 0.021 0.010 0.010 1    
103:  0.163 0.013 0.028 0.017 0.014 0.010 0.017 0.014 0.019 0.173 0.021 0.165 0.015 0.009 0.011 0.069 0.038 0.160 0.016 0.011 0.009 0.009 1    
104:  0.005 0.013 0.011 0.019 0.008 0.012 0.730 0.007 0.033 0.013 0.020 0.005 0.009 0.015 0.013 0.004 0.013 0.007 0.035 0.012 0.009 0.008 1    
105:  0.004 0.270 0.005 0.016 0.005 0.005 0.562 0.005 0.008 0.005 0.008 0.004 0.004 0.016 0.025 0.004 0.007 0.005 0.017 0.006 0.007 0.013 1    
106:  0.010 0.007 0.008 0.007 0.005 0.005 0.681 0.006 0.007 0.048 0.025 0.006 0.006 0.008 0.011 0.004 0.007 0.008 0.018 0.110 0.007 0.007 1    
107:  0.006 0.086 0.006 0.036 0.004 0.009 0.661 0.004 0.009 0.037 0.030 0.004 0.005 0.008 0.045 0.004 0.005 0.007 0.007 0.009 0.005 0.011 1    
108:  0.009 0.018 0.013 0.007 0.011 0.009 0.689 0.008 0.011 0.050 0.024 0.009 0.007 0.009 0.014 0.006 0.009 0.008 0.023 0.050 0.008 0.005 1    
109:  0.013 0.066 0.010 0.018 0.010 0.011 0.158 0.007 0.012 0.206 0.038 0.011 0.007 0.012 0.108 0.007 0.008 0.008 0.029 0.242 0.013 0.007 1    
110:  0.004 0.020 0.039 0.093 0.004 0.014 0.698 0.006 0.017 0.007 0.005 0.008 0.009 0.007 0.013 0.008 0.013 0.007 0.009 0.009 0.004 0.006 1    
111:  0.008 0.227 0.012 0.019 0.008 0.016 0.381 0.006 0.012 0.104 0.026 0.009 0.006 0.013 0.054 0.009 0.011 0.006 0.016 0.039 0.009 0.008 1    
112:  0.005 0.012 0.034 0.016 0.006 0.009 0.775 0.006 0.020 0.009 0.014 0.007 0.008 0.009 0.011 0.008 0.009 0.007 0.008 0.014 0.007 0.008 1    
113:  0.006 0.012 0.004 0.006 0.007 0.011 0.800 0.004 0.004 0.009 0.006 0.012 0.061 0.009 0.009 0.006 0.005 0.005 0.010 0.006 0.006 0.003 1    
114:  0.009 0.003 0.004 0.006 0.003 0.006 0.813 0.007 0.004 0.011 0.012 0.004 0.005 0.044 0.005 0.016 0.005 0.015 0.008 0.005 0.006 0.009 1    
115:  0.012 0.004 0.010 0.016 0.009 0.012 0.813 0.006 0.012 0.005 0.014 0.006 0.015 0.006 0.009 0.004 0.003 0.019 0.007 0.004 0.008 0.006 1    
116:  0.004 0.004 0.005 0.005 0.003 0.005 0.907 0.004 0.003 0.006 0.005 0.003 0.006 0.007 0.004 0.006 0.004 0.004 0.004 0.004 0.003 0.006 1    
117:  0.013 0.012 0.010 0.019 0.005 0.027 0.728 0.005 0.032 0.004 0.009 0.006 0.036 0.006 0.015 0.007 0.005 0.017 0.013 0.008 0.018 0.006 1    
118:  0.005 0.004 0.003 0.005 0.003 0.004 0.896 0.004 0.003 0.011 0.008 0.003 0.004 0.007 0.004 0.006 0.004 0.005 0.005 0.005 0.005 0.005 1    
119:  0.006 0.005 0.003 0.006 0.007 0.005 0.874 0.003 0.003 0.007 0.008 0.006 0.017 0.013 0.004 0.004 0.004 0.005 0.004 0.005 0.007 0.003 1    
120:  0.004 0.003 0.006 0.007 0.003 0.004 0.895 0.004 0.004 0.005 0.004 0.004 0.004 0.005 0.008 0.011 0.004 0.004 0.004 0.005 0.006 0.003 1    
121:  0.006 0.012 0.005 0.008 0.006 0.010 0.614 0.005 0.008 0.013 0.015 0.010 0.171 0.032 0.014 0.018 0.006 0.008 0.018 0.009 0.007 0.004 1    
122:  0.009 0.004 0.005 0.007 0.003 0.004 0.866 0.005 0.005 0.010 0.008 0.004 0.007 0.008 0.005 0.016 0.005 0.007 0.006 0.004 0.005 0.007 1    
123:  0.008 0.004 0.005 0.021 0.004 0.010 0.843 0.004 0.009 0.004 0.010 0.004 0.024 0.005 0.005 0.005 0.003 0.010 0.006 0.004 0.008 0.004 1    
124:  0.007 0.004 0.004 0.008 0.004 0.004 0.902 0.004 0.003 0.006 0.005 0.005 0.005 0.005 0.005 0.004 0.003 0.004 0.004 0.006 0.004 0.006 1    
125:  0.006 0.007 0.005 0.005 0.005 0.007 0.863 0.005 0.004 0.008 0.006 0.007 0.009 0.007 0.018 0.006 0.005 0.008 0.006 0.006 0.004 0.003 1    
126:  0.008 0.004 0.005 0.003 0.003 0.005 0.856 0.006 0.006 0.005 0.007 0.004 0.008 0.011 0.003 0.015 0.005 0.009 0.004 0.004 0.007 0.021 1    
127:  0.006 0.004 0.006 0.008 0.003 0.003 0.851 0.005 0.005 0.004 0.006 0.004 0.006 0.014 0.005 0.034 0.006 0.008 0.004 0.005 0.008 0.005 1    
128:  0.007 0.004 0.007 0.017 0.003 0.006 0.874 0.005 0.004 0.010 0.006 0.004 0.005 0.007 0.005 0.007 0.005 0.006 0.005 0.006 0.004 0.004 1    
129:  0.005 0.031 0.028 0.007 0.461 0.008 0.040 0.017 0.124 0.040 0.059 0.008 0.010 0.013 0.014 0.006 0.012 0.015 0.017 0.013 0.009 0.065 1    
130:  0.018 0.006 0.006 0.005 0.079 0.007 0.011 0.011 0.030 0.009 0.629 0.005 0.006 0.005 0.008 0.003 0.012 0.016 0.044 0.062 0.017 0.013 1    
131:  0.017 0.013 0.006 0.003 0.610 0.032 0.010 0.018 0.010 0.077 0.035 0.014 0.012 0.019 0.017 0.003 0.013 0.020 0.051 0.007 0.006 0.008 1    
132:  0.004 0.020 0.024 0.005 0.678 0.010 0.015 0.013 0.060 0.017 0.034 0.005 0.008 0.037 0.007 0.007 0.008 0.004 0.007 0.014 0.007 0.016 1    
133:  0.012 0.012 0.004 0.003 0.626 0.017 0.014 0.008 0.008 0.087 0.034 0.011 0.007 0.035 0.013 0.004 0.010 0.010 0.056 0.012 0.005 0.012 1    
134:  0.004 0.018 0.022 0.005 0.672 0.015 0.019 0.011 0.063 0.016 0.033 0.004 0.009 0.038 0.008 0.006 0.011 0.005 0.007 0.010 0.008 0.017 1    
135:  0.136 0.007 0.008 0.005 0.279 0.036 0.040 0.010 0.014 0.039 0.256 0.019 0.007 0.011 0.013 0.004 0.010 0.044 0.020 0.015 0.012 0.014 1    
136:  0.811 0.005 0.005 0.003 0.013 0.004 0.004 0.009 0.003 0.040 0.005 0.017 0.013 0.003 0.004 0.009 0.008 0.005 0.013 0.009 0.006 0.012 1    
137:  0.862 0.003 0.004 0.004 0.010 0.005 0.008 0.005 0.003 0.030 0.006 0.006 0.004 0.004 0.006 0.004 0.004 0.007 0.005 0.009 0.006 0.005 1    
138:  0.839 0.005 0.006 0.004 0.010 0.004 0.005 0.008 0.004 0.006 0.005 0.008 0.007 0.004 0.007 0.014 0.006 0.021 0.008 0.006 0.005 0.021 1    
139:  0.793 0.009 0.007 0.005 0.012 0.006 0.004 0.010 0.005 0.016 0.005 0.023 0.015 0.003 0.007 0.008 0.013 0.009 0.020 0.008 0.009 0.013 1    
140:  0.866 0.004 0.004 0.005 0.013 0.005 0.004 0.006 0.003 0.018 0.006 0.006 0.006 0.003 0.005 0.006 0.004 0.010 0.005 0.005 0.007 0.008 1    
141:  0.554 0.004 0.009 0.015 0.008 0.014 0.015 0.009 0.005 0.007 0.008 0.049 0.008 0.007 0.025 0.018 0.014 0.157 0.009 0.009 0.039 0.019 1    
142:  0.869 0.004 0.005 0.004 0.009 0.005 0.006 0.006 0.003 0.019 0.005 0.005 0.008 0.004 0.005 0.007 0.003 0.007 0.005 0.006 0.006 0.008 1    
143:  0.125 0.005 0.004 0.004 0.009 0.005 0.003 0.005 0.004 0.240 0.005 0.497 0.010 0.004 0.004 0.011 0.008 0.007 0.020 0.012 0.006 0.013 1    
144:  0.179 0.005 0.005 0.004 0.011 0.005 0.004 0.004 0.004 0.342 0.008 0.328 0.008 0.004 0.005 0.008 0.009 0.010 0.014 0.007 0.005 0.031 1    
145:  0.145 0.006 0.009 0.006 0.022 0.006 0.004 0.009 0.006 0.283 0.009 0.345 0.007 0.004 0.008 0.006 0.036 0.013 0.042 0.007 0.020 0.008 1    
146:  0.076 0.008 0.008 0.010 0.028 0.013 0.011 0.011 0.006 0.308 0.008 0.282 0.006 0.005 0.006 0.019 0.015 0.016 0.113 0.007 0.030 0.013 1    
147:  0.032 0.007 0.008 0.034 0.007 0.016 0.015 0.007 0.014 0.613 0.029 0.015 0.011 0.019 0.022 0.004 0.009 0.004 0.026 0.084 0.019 0.005 1    
148:  0.059 0.014 0.025 0.020 0.004 0.010 0.032 0.008 0.004 0.638 0.008 0.016 0.019 0.015 0.037 0.044 0.011 0.009 0.009 0.008 0.007 0.003 1    
149:  0.055 0.024 0.028 0.019 0.004 0.011 0.041 0.007 0.008 0.531 0.008 0.019 0.058 0.019 0.020 0.083 0.010 0.006 0.008 0.015 0.021 0.005 1    
150:  0.006 0.006 0.004 0.005 0.007 0.004 0.007 0.006 0.006 0.881 0.005 0.005 0.011 0.010 0.005 0.007 0.004 0.005 0.006 0.005 0.003 0.003 1    
151:  0.009 0.005 0.005 0.008 0.006 0.006 0.009 0.005 0.007 0.849 0.005 0.009 0.008 0.004 0.016 0.005 0.008 0.005 0.014 0.009 0.004 0.004 1    
152:  0.042 0.043 0.014 0.041 0.006 0.017 0.046 0.010 0.023 0.373 0.023 0.027 0.006 0.028 0.117 0.017 0.014 0.006 0.011 0.104 0.026 0.006 1    
153:  0.007 0.003 0.005 0.008 0.005 0.005 0.005 0.005 0.006 0.851 0.003 0.010 0.018 0.003 0.014 0.006 0.008 0.004 0.010 0.012 0.006 0.006 1    
154:  0.010 0.020 0.009 0.007 0.007 0.007 0.030 0.007 0.007 0.665 0.004 0.019 0.029 0.005 0.101 0.026 0.007 0.005 0.007 0.015 0.009 0.005 1    
155:  0.036 0.007 0.008 0.033 0.005 0.010 0.020 0.007 0.022 0.663 0.019 0.008 0.030 0.028 0.008 0.009 0.006 0.006 0.008 0.013 0.046 0.008 1    
156:  0.004 0.003 0.005 0.008 0.005 0.005 0.004 0.004 0.887 0.003 0.007 0.003 0.003 0.003 0.003 0.003 0.004 0.004 0.004 0.003 0.029 0.006 1    
157:  0.008 0.012 0.010 0.022 0.012 0.011 0.008 0.005 0.656 0.008 0.009 0.020 0.009 0.005 0.011 0.024 0.013 0.031 0.105 0.006 0.006 0.010 1    
158:  0.005 0.017 0.008 0.031 0.004 0.007 0.014 0.006 0.807 0.005 0.007 0.007 0.008 0.004 0.011 0.008 0.005 0.007 0.009 0.009 0.012 0.010 1    
159:  0.008 0.004 0.007 0.006 0.006 0.005 0.004 0.004 0.808 0.003 0.006 0.007 0.007 0.004 0.008 0.006 0.010 0.017 0.012 0.004 0.047 0.016 1    
160:  0.005 0.005 0.006 0.007 0.004 0.005 0.003 0.005 0.901 0.003 0.005 0.003 0.002 0.003 0.003 0.003 0.003 0.003 0.004 0.004 0.017 0.004 1    
161:  0.006 0.008 0.006 0.007 0.004 0.006 0.004 0.005 0.897 0.003 0.005 0.004 0.004 0.005 0.004 0.004 0.004 0.003 0.005 0.004 0.008 0.004 1    
162:  0.004 0.008 0.004 0.004 0.004 0.005 0.004 0.004 0.881 0.003 0.005 0.003 0.004 0.004 0.005 0.003 0.005 0.006 0.004 0.005 0.030 0.004 1    
163:  0.007 0.016 0.005 0.008 0.004 0.006 0.007 0.008 0.775 0.010 0.007 0.006 0.019 0.005 0.020 0.012 0.011 0.009 0.008 0.018 0.023 0.016 1    
164:  0.005 0.003 0.009 0.007 0.004 0.005 0.004 0.005 0.849 0.003 0.005 0.005 0.006 0.002 0.005 0.004 0.007 0.009 0.007 0.004 0.041 0.010 1    
165:  0.023 0.009 0.007 0.010 0.004 0.020 0.012 0.008 0.740 0.004 0.023 0.011 0.004 0.008 0.008 0.006 0.021 0.008 0.027 0.005 0.029 0.010 1    
166:  0.006 0.006 0.004 0.007 0.005 0.007 0.004 0.008 0.863 0.004 0.015 0.006 0.004 0.006 0.006 0.003 0.011 0.004 0.008 0.009 0.011 0.004 1    
167:  0.017 0.042 0.005 0.005 0.014 0.017 0.012 0.008 0.247 0.007 0.052 0.007 0.007 0.017 0.019 0.012 0.027 0.052 0.013 0.070 0.122 0.230 1    
168:  0.014 0.007 0.004 0.007 0.005 0.007 0.006 0.009 0.847 0.004 0.009 0.011 0.004 0.014 0.007 0.005 0.007 0.006 0.007 0.010 0.008 0.004 1    
169:  0.009 0.006 0.007 0.008 0.007 0.008 0.006 0.007 0.757 0.007 0.022 0.010 0.004 0.007 0.008 0.009 0.013 0.013 0.012 0.012 0.047 0.020 1    
170:  0.038 0.015 0.011 0.020 0.009 0.015 0.009 0.020 0.665 0.008 0.025 0.022 0.005 0.010 0.013 0.022 0.021 0.013 0.014 0.012 0.020 0.013 1    
171:  0.006 0.004 0.007 0.006 0.007 0.008 0.006 0.007 0.850 0.009 0.011 0.009 0.006 0.009 0.005 0.004 0.013 0.007 0.012 0.006 0.007 0.004 1    
172:  0.006 0.006 0.004 0.007 0.005 0.009 0.006 0.004 0.829 0.009 0.020 0.005 0.005 0.006 0.006 0.003 0.019 0.005 0.023 0.009 0.008 0.006 1    
173:  0.006 0.008 0.005 0.010 0.005 0.005 0.005 0.004 0.798 0.004 0.009 0.010 0.006 0.004 0.005 0.003 0.003 0.006 0.008 0.009 0.078 0.006 1    
174:  0.010 0.008 0.013 0.011 0.011 0.008 0.008 0.008 0.696 0.005 0.012 0.014 0.019 0.003 0.012 0.007 0.005 0.011 0.006 0.007 0.114 0.011 1    
175:  0.011 0.012 0.010 0.011 0.012 0.006 0.005 0.011 0.811 0.006 0.009 0.007 0.015 0.004 0.004 0.005 0.007 0.006 0.005 0.010 0.022 0.011 1    
176:  0.005 0.005 0.004 0.007 0.010 0.006 0.004 0.003 0.788 0.004 0.007 0.011 0.008 0.004 0.005 0.004 0.005 0.005 0.014 0.005 0.085 0.009 1    
177:  0.006 0.004 0.004 0.003 0.009 0.004 0.003 0.006 0.777 0.005 0.005 0.004 0.014 0.003 0.008 0.005 0.016 0.013 0.014 0.006 0.069 0.020 1    
178:  0.019 0.017 0.053 0.010 0.007 0.012 0.008 0.011 0.654 0.006 0.033 0.005 0.011 0.006 0.006 0.003 0.041 0.005 0.007 0.020 0.056 0.012 1    
179:  0.022 0.006 0.016 0.006 0.016 0.015 0.005 0.018 0.006 0.767 0.015 0.008 0.005 0.004 0.011 0.005 0.014 0.014 0.023 0.005 0.013 0.006 1    
180:  0.009 0.006 0.015 0.004 0.011 0.008 0.011 0.022 0.005 0.820 0.006 0.010 0.009 0.009 0.007 0.008 0.008 0.007 0.004 0.007 0.005 0.008 1    
181:  0.004 0.004 0.004 0.003 0.007 0.005 0.006 0.004 0.005 0.914 0.003 0.004 0.003 0.004 0.003 0.003 0.005 0.004 0.005 0.004 0.004 0.003 1    
182:  0.005 0.005 0.005 0.003 0.009 0.005 0.008 0.005 0.005 0.896 0.004 0.006 0.005 0.005 0.005 0.005 0.004 0.005 0.004 0.005 0.003 0.004 1    
183:  0.015 0.005 0.011 0.005 0.008 0.016 0.004 0.019 0.006 0.820 0.011 0.005 0.005 0.006 0.008 0.005 0.007 0.009 0.017 0.007 0.008 0.003 1    
184:  0.005 0.004 0.006 0.004 0.006 0.007 0.009 0.012 0.004 0.879 0.007 0.005 0.004 0.005 0.003 0.004 0.009 0.005 0.005 0.006 0.005 0.006 1    
185:  0.003 0.005 0.004 0.003 0.005 0.004 0.006 0.003 0.003 0.916 0.004 0.004 0.003 0.003 0.003 0.003 0.005 0.004 0.005 0.004 0.005 0.004 1    
186:  0.011 0.006 0.006 0.003 0.021 0.008 0.005 0.007 0.004 0.846 0.005 0.007 0.008 0.005 0.008 0.006 0.010 0.009 0.007 0.005 0.004 0.007 1    
187:  0.012 0.010 0.014 0.005 0.007 0.010 0.011 0.027 0.028 0.774 0.017 0.010 0.009 0.007 0.005 0.006 0.005 0.005 0.018 0.008 0.006 0.005 1    
188:  0.010 0.008 0.688 0.006 0.007 0.006 0.006 0.043 0.087 0.008 0.009 0.010 0.019 0.010 0.012 0.011 0.006 0.012 0.017 0.009 0.012 0.005 1    
189:  0.012 0.011 0.050 0.026 0.008 0.006 0.007 0.021 0.210 0.015 0.017 0.043 0.294 0.005 0.014 0.038 0.026 0.012 0.114 0.008 0.019 0.044 1    
190:  0.044 0.068 0.038 0.048 0.010 0.010 0.017 0.050 0.117 0.015 0.014 0.064 0.154 0.009 0.030 0.075 0.024 0.013 0.119 0.034 0.014 0.035 1    
191:  0.009 0.025 0.516 0.014 0.030 0.006 0.016 0.066 0.067 0.011 0.048 0.018 0.026 0.008 0.020 0.015 0.011 0.008 0.020 0.020 0.011 0.033 1    
192:  0.010 0.034 0.641 0.018 0.009 0.008 0.006 0.036 0.026 0.010 0.009 0.015 0.045 0.007 0.030 0.013 0.012 0.009 0.020 0.019 0.008 0.017 1    
193:  0.011 0.018 0.151 0.026 0.016 0.009 0.016 0.033 0.076 0.008 0.056 0.028 0.284 0.006 0.027 0.007 0.024 0.011 0.076 0.016 0.032 0.070 1    
194:  0.011 0.032 0.283 0.010 0.017 0.009 0.013 0.037 0.055 0.014 0.062 0.029 0.117 0.011 0.034 0.076 0.009 0.018 0.044 0.019 0.022 0.078 1    
195:  0.011 0.008 0.107 0.013 0.008 0.008 0.014 0.020 0.357 0.010 0.025 0.228 0.017 0.008 0.009 0.019 0.007 0.010 0.013 0.012 0.086 0.008 1    
196:  0.013 0.051 0.015 0.030 0.009 0.009 0.021 0.014 0.055 0.011 0.110 0.057 0.286 0.008 0.015 0.012 0.013 0.009 0.028 0.029 0.102 0.101 1    
197:  0.014 0.037 0.623 0.006 0.048 0.010 0.007 0.019 0.028 0.005 0.019 0.009 0.006 0.004 0.061 0.009 0.006 0.013 0.009 0.013 0.034 0.021 1    
198:  0.029 0.024 0.027 0.009 0.009 0.007 0.010 0.014 0.013 0.007 0.014 0.015 0.010 0.005 0.612 0.006 0.008 0.011 0.016 0.120 0.020 0.014 1    
199:  0.020 0.006 0.499 0.010 0.007 0.010 0.047 0.007 0.008 0.068 0.016 0.006 0.012 0.005 0.097 0.027 0.005 0.021 0.026 0.058 0.005 0.039 1    
200:  0.038 0.006 0.056 0.012 0.005 0.017 0.016 0.005 0.007 0.038 0.023 0.007 0.022 0.003 0.551 0.006 0.014 0.026 0.092 0.026 0.007 0.022 1    
201:  0.053 0.005 0.196 0.013 0.009 0.011 0.039 0.006 0.007 0.090 0.010 0.038 0.006 0.005 0.180 0.036 0.022 0.070 0.013 0.057 0.008 0.126 1    
202:  0.013 0.008 0.323 0.006 0.005 0.005 0.008 0.024 0.006 0.009 0.005 0.010 0.035 0.004 0.447 0.006 0.013 0.024 0.022 0.014 0.005 0.007 1    
203:  0.006 0.008 0.725 0.004 0.010 0.004 0.023 0.015 0.004 0.005 0.004 0.010 0.007 0.006 0.067 0.016 0.006 0.042 0.006 0.009 0.005 0.018 1    
204:  0.012 0.102 0.049 0.010 0.010 0.009 0.007 0.021 0.028 0.005 0.007 0.027 0.017 0.005 0.341 0.011 0.014 0.247 0.013 0.017 0.026 0.021 1    
205:  0.008 0.019 0.746 0.004 0.011 0.008 0.007 0.018 0.007 0.004 0.006 0.006 0.007 0.008 0.071 0.013 0.005 0.008 0.005 0.024 0.007 0.006 1    
206:  0.014 0.020 0.247 0.005 0.007 0.007 0.008 0.027 0.008 0.005 0.007 0.013 0.024 0.004 0.462 0.007 0.006 0.036 0.043 0.025 0.012 0.012 1    
207:  0.008 0.007 0.203 0.006 0.011 0.005 0.021 0.006 0.004 0.005 0.005 0.016 0.004 0.005 0.583 0.017 0.007 0.018 0.005 0.015 0.006 0.043 1    
208:  0.067 0.019 0.372 0.007 0.005 0.024 0.022 0.052 0.012 0.026 0.016 0.017 0.027 0.009 0.085 0.010 0.015 0.040 0.074 0.076 0.015 0.010 1    
209:  0.012 0.008 0.656 0.015 0.005 0.010 0.052 0.006 0.007 0.023 0.013 0.005 0.006 0.004 0.059 0.019 0.004 0.029 0.012 0.018 0.005 0.034 1    
210:  0.037 0.016 0.043 0.013 0.007 0.166 0.012 0.027 0.005 0.009 0.016 0.013 0.039 0.037 0.068 0.016 0.406 0.017 0.034 0.007 0.008 0.005 1    
211:  0.018 0.050 0.061 0.005 0.151 0.009 0.008 0.035 0.024 0.006 0.012 0.013 0.024 0.028 0.012 0.136 0.331 0.011 0.006 0.004 0.008 0.049 1    
212:  0.005 0.004 0.844 0.008 0.007 0.006 0.008 0.007 0.007 0.004 0.007 0.009 0.004 0.003 0.009 0.005 0.005 0.006 0.005 0.009 0.013 0.023 1    
213:  0.006 0.007 0.851 0.003 0.012 0.012 0.004 0.006 0.004 0.013 0.008 0.005 0.006 0.015 0.008 0.008 0.006 0.005 0.005 0.006 0.003 0.006 1    
214:  0.009 0.005 0.736 0.005 0.018 0.048 0.008 0.014 0.008 0.012 0.012 0.008 0.011 0.012 0.005 0.008 0.016 0.007 0.005 0.005 0.014 0.033 1    
215:  0.009 0.005 0.791 0.004 0.011 0.026 0.009 0.015 0.006 0.007 0.008 0.007 0.012 0.017 0.004 0.008 0.006 0.009 0.005 0.008 0.008 0.025 1    
216:  0.005 0.006 0.779 0.003 0.004 0.013 0.008 0.005 0.010 0.006 0.004 0.015 0.005 0.010 0.010 0.010 0.015 0.038 0.010 0.008 0.012 0.023 1    
217:  0.009 0.006 0.849 0.005 0.006 0.009 0.004 0.003 0.011 0.008 0.005 0.006 0.006 0.003 0.015 0.004 0.009 0.010 0.009 0.006 0.006 0.011 1    
218:  0.011 0.004 0.824 0.003 0.018 0.028 0.004 0.006 0.010 0.010 0.006 0.006 0.009 0.004 0.007 0.003 0.008 0.011 0.006 0.005 0.007 0.009 1    
219:  0.005 0.005 0.771 0.003 0.014 0.028 0.008 0.010 0.006 0.012 0.006 0.006 0.006 0.015 0.004 0.007 0.006 0.005 0.004 0.005 0.006 0.066 1    
220:  0.007 0.026 0.070 0.015 0.009 0.021 0.033 0.417 0.007 0.012 0.012 0.005 0.039 0.011 0.116 0.103 0.007 0.048 0.009 0.006 0.008 0.018 1    
221:  0.021 0.096 0.052 0.007 0.025 0.013 0.023 0.310 0.007 0.007 0.014 0.012 0.058 0.008 0.254 0.007 0.010 0.006 0.008 0.032 0.008 0.021 1    
222:  0.011 0.031 0.171 0.019 0.008 0.009 0.034 0.075 0.027 0.009 0.036 0.011 0.047 0.012 0.360 0.015 0.009 0.023 0.008 0.029 0.029 0.030 1    
223:  0.014 0.055 0.212 0.030 0.018 0.013 0.036 0.133 0.050 0.012 0.029 0.012 0.035 0.013 0.213 0.016 0.011 0.009 0.007 0.019 0.049 0.015 1    
224:  0.006 0.112 0.010 0.010 0.020 0.011 0.025 0.054 0.069 0.012 0.041 0.016 0.007 0.055 0.478 0.012 0.008 0.005 0.013 0.008 0.016 0.012 1    
225:  0.081 0.089 0.057 0.011 0.023 0.021 0.023 0.114 0.058 0.006 0.044 0.015 0.202 0.016 0.014 0.011 0.021 0.008 0.042 0.023 0.048 0.074 1    
226:  0.007 0.007 0.042 0.008 0.148 0.004 0.007 0.042 0.010 0.007 0.010 0.007 0.006 0.009 0.580 0.007 0.005 0.024 0.013 0.026 0.005 0.026 1    
227:  0.012 0.243 0.076 0.009 0.018 0.015 0.027 0.290 0.077 0.007 0.021 0.009 0.018 0.009 0.079 0.004 0.012 0.006 0.012 0.039 0.013 0.005 1    
228:  0.006 0.026 0.008 0.011 0.094 0.010 0.048 0.245 0.033 0.011 0.010 0.017 0.012 0.019 0.345 0.005 0.012 0.016 0.019 0.016 0.014 0.024 1    
229:  0.009 0.076 0.023 0.009 0.039 0.016 0.045 0.421 0.063 0.008 0.012 0.011 0.010 0.015 0.075 0.029 0.010 0.063 0.024 0.006 0.012 0.025 1    
230:  0.006 0.198 0.017 0.005 0.007 0.012 0.016 0.066 0.013 0.012 0.043 0.005 0.006 0.021 0.482 0.010 0.009 0.011 0.008 0.027 0.012 0.013 1    
231:  0.012 0.048 0.069 0.024 0.007 0.068 0.031 0.030 0.016 0.007 0.022 0.004 0.013 0.020 0.526 0.018 0.007 0.019 0.009 0.012 0.033 0.006 1    
232:  0.005 0.062 0.005 0.013 0.007 0.009 0.026 0.007 0.012 0.007 0.010 0.005 0.009 0.010 0.763 0.005 0.006 0.007 0.013 0.007 0.007 0.003 1    
233:  0.010 0.008 0.018 0.033 0.011 0.013 0.008 0.011 0.017 0.005 0.012 0.007 0.004 0.014 0.766 0.007 0.004 0.014 0.009 0.005 0.013 0.009 1    
234:  0.015 0.023 0.018 0.007 0.120 0.029 0.092 0.066 0.011 0.007 0.011 0.011 0.012 0.106 0.386 0.007 0.005 0.014 0.007 0.026 0.021 0.006 1    
235:  0.004 0.042 0.011 0.016 0.036 0.005 0.023 0.119 0.036 0.004 0.013 0.009 0.025 0.009 0.575 0.004 0.005 0.009 0.011 0.016 0.009 0.019 1    
236:  0.021 0.017 0.067 0.054 0.160 0.032 0.020 0.161 0.129 0.005 0.069 0.019 0.020 0.013 0.052 0.005 0.007 0.025 0.018 0.027 0.044 0.035 1    
237:  0.017 0.023 0.074 0.062 0.154 0.036 0.018 0.161 0.098 0.006 0.074 0.016 0.025 0.010 0.059 0.005 0.008 0.036 0.017 0.028 0.037 0.034 1    
238:  0.008 0.004 0.019 0.011 0.008 0.029 0.006 0.008 0.151 0.019 0.007 0.014 0.020 0.005 0.009 0.011 0.010 0.473 0.008 0.003 0.125 0.049 1    
239:  0.006 0.005 0.056 0.035 0.004 0.030 0.039 0.009 0.259 0.012 0.009 0.037 0.011 0.004 0.007 0.004 0.006 0.030 0.011 0.008 0.344 0.077 1    
240:  0.016 0.005 0.292 0.013 0.018 0.069 0.007 0.028 0.060 0.013 0.020 0.027 0.012 0.006 0.010 0.004 0.009 0.110 0.010 0.005 0.241 0.026 1    
241:  0.017 0.004 0.070 0.031 0.013 0.037 0.011 0.033 0.160 0.018 0.032 0.007 0.015 0.006 0.010 0.004 0.005 0.166 0.009 0.005 0.286 0.060 1    
242:  0.007 0.005 0.092 0.005 0.009 0.025 0.015 0.061 0.142 0.010 0.008 0.053 0.022 0.004 0.006 0.005 0.008 0.064 0.009 0.007 0.289 0.154 1    
243:  0.007 0.007 0.169 0.007 0.010 0.027 0.007 0.060 0.106 0.013 0.015 0.025 0.004 0.004 0.007 0.003 0.009 0.052 0.007 0.008 0.319 0.132 1    
244:  0.016 0.003 0.041 0.059 0.013 0.085 0.007 0.030 0.105 0.006 0.013 0.008 0.019 0.005 0.007 0.003 0.011 0.108 0.006 0.003 0.384 0.068 1    
245:  0.014 0.005 0.025 0.016 0.013 0.033 0.018 0.021 0.050 0.031 0.008 0.078 0.013 0.009 0.006 0.011 0.025 0.317 0.007 0.004 0.279 0.016 1    
246:  0.008 0.005 0.029 0.010 0.009 0.012 0.004 0.010 0.064 0.008 0.008 0.011 0.007 0.004 0.011 0.006 0.008 0.634 0.006 0.003 0.123 0.019 1    
247:  0.007 0.004 0.395 0.006 0.060 0.007 0.009 0.008 0.200 0.011 0.005 0.006 0.221 0.003 0.006 0.004 0.005 0.005 0.014 0.004 0.013 0.005 1    
248:  0.032 0.005 0.165 0.008 0.011 0.012 0.014 0.029 0.007 0.009 0.025 0.006 0.549 0.011 0.014 0.017 0.008 0.018 0.023 0.016 0.018 0.005 1    
249:  0.021 0.007 0.157 0.011 0.018 0.011 0.011 0.147 0.009 0.006 0.013 0.007 0.436 0.010 0.015 0.021 0.008 0.025 0.031 0.021 0.010 0.004 1    
250:  0.059 0.009 0.205 0.008 0.050 0.032 0.017 0.135 0.013 0.016 0.018 0.009 0.267 0.013 0.055 0.009 0.010 0.013 0.015 0.017 0.027 0.004 1    
251:  0.022 0.004 0.206 0.038 0.040 0.007 0.010 0.199 0.021 0.007 0.009 0.006 0.321 0.016 0.008 0.006 0.008 0.021 0.025 0.014 0.009 0.004 1    
252:  0.012 0.011 0.046 0.006 0.036 0.010 0.012 0.084 0.004 0.005 0.010 0.005 0.648 0.008 0.036 0.010 0.004 0.012 0.006 0.015 0.017 0.005 1    
253:  0.007 0.006 0.378 0.005 0.205 0.006 0.014 0.019 0.126 0.012 0.007 0.006 0.131 0.010 0.012 0.010 0.006 0.004 0.008 0.007 0.011 0.011 1    
254:  0.021 0.014 0.062 0.009 0.045 0.007 0.010 0.125 0.013 0.007 0.008 0.007 0.569 0.006 0.030 0.008 0.005 0.007 0.016 0.013 0.015 0.003 1    
255:  0.009 0.006 0.463 0.031 0.113 0.013 0.043 0.018 0.058 0.016 0.014 0.007 0.090 0.037 0.010 0.006 0.008 0.007 0.031 0.007 0.009 0.004 1    
256:  0.005 0.005 0.854 0.010 0.006 0.005 0.004 0.010 0.018 0.010 0.008 0.006 0.003 0.004 0.007 0.003 0.007 0.009 0.006 0.006 0.008 0.005 1    
257:  0.013 0.008 0.618 0.073 0.010 0.018 0.014 0.022 0.028 0.023 0.019 0.007 0.012 0.005 0.008 0.004 0.048 0.011 0.010 0.013 0.027 0.008 1    
258:  0.003 0.004 0.849 0.005 0.008 0.005 0.004 0.006 0.005 0.008 0.004 0.025 0.003 0.006 0.005 0.007 0.028 0.007 0.003 0.003 0.006 0.007 1    
259:  0.006 0.005 0.794 0.014 0.008 0.008 0.010 0.006 0.014 0.009 0.008 0.024 0.008 0.005 0.006 0.004 0.009 0.010 0.009 0.011 0.026 0.008 1    
260:  0.004 0.004 0.909 0.005 0.004 0.005 0.004 0.006 0.007 0.005 0.006 0.004 0.003 0.003 0.004 0.003 0.004 0.004 0.004 0.004 0.004 0.003 1    
261:  0.012 0.014 0.750 0.004 0.010 0.009 0.005 0.039 0.007 0.007 0.004 0.014 0.035 0.009 0.005 0.008 0.036 0.008 0.005 0.004 0.005 0.009 1    
262:  0.006 0.004 0.790 0.007 0.010 0.012 0.007 0.005 0.005 0.013 0.008 0.026 0.006 0.018 0.006 0.007 0.015 0.023 0.005 0.006 0.012 0.011 1    
263:  0.006 0.004 0.889 0.004 0.007 0.005 0.007 0.005 0.005 0.006 0.003 0.013 0.006 0.006 0.004 0.004 0.008 0.005 0.005 0.004 0.004 0.003 1    
264:  0.005 0.003 0.900 0.005 0.006 0.005 0.003 0.006 0.005 0.005 0.004 0.008 0.004 0.005 0.004 0.005 0.006 0.007 0.004 0.003 0.004 0.004 1    
265:  0.011 0.005 0.805 0.006 0.012 0.015 0.012 0.012 0.007 0.007 0.006 0.014 0.011 0.011 0.005 0.004 0.020 0.012 0.009 0.004 0.009 0.004 1    
266:  0.008 0.003 0.793 0.007 0.020 0.006 0.005 0.005 0.007 0.005 0.004 0.080 0.003 0.006 0.005 0.004 0.009 0.008 0.005 0.006 0.006 0.005 1    
267:  0.005 0.005 0.852 0.005 0.009 0.011 0.004 0.009 0.005 0.006 0.006 0.009 0.004 0.005 0.006 0.003 0.026 0.010 0.006 0.003 0.009 0.003 1    
268:  0.008 0.003 0.890 0.005 0.008 0.005 0.005 0.008 0.006 0.003 0.005 0.009 0.006 0.004 0.004 0.003 0.005 0.005 0.004 0.004 0.006 0.003 1    
269:  0.006 0.005 0.814 0.007 0.008 0.008 0.009 0.010 0.011 0.013 0.007 0.009 0.005 0.011 0.005 0.004 0.029 0.014 0.009 0.003 0.009 0.004 1    
270:  0.006 0.005 0.841 0.012 0.005 0.005 0.009 0.007 0.007 0.004 0.006 0.017 0.007 0.004 0.005 0.004 0.005 0.007 0.006 0.012 0.019 0.006 1    
271:  0.007 0.004 0.331 0.013 0.015 0.011 0.022 0.010 0.011 0.008 0.011 0.137 0.011 0.012 0.023 0.010 0.011 0.299 0.006 0.011 0.024 0.013 1    
272:  0.009 0.006 0.861 0.015 0.005 0.005 0.006 0.008 0.013 0.006 0.006 0.004 0.004 0.007 0.007 0.006 0.006 0.005 0.004 0.007 0.007 0.004 1    
273:  0.250 0.010 0.043 0.011 0.017 0.017 0.010 0.023 0.026 0.016 0.143 0.011 0.010 0.011 0.068 0.018 0.028 0.017 0.013 0.047 0.019 0.193 1    
274:  0.013 0.004 0.806 0.065 0.007 0.008 0.008 0.006 0.010 0.005 0.007 0.004 0.007 0.007 0.007 0.004 0.005 0.005 0.005 0.006 0.008 0.004 1    
275:  0.013 0.008 0.036 0.054 0.005 0.013 0.016 0.019 0.029 0.005 0.014 0.019 0.007 0.010 0.028 0.028 0.634 0.021 0.008 0.008 0.018 0.007 1    
276:  0.008 0.004 0.801 0.025 0.005 0.012 0.017 0.005 0.004 0.008 0.010 0.008 0.018 0.008 0.008 0.005 0.011 0.007 0.005 0.006 0.018 0.007 1    
277:  0.009 0.007 0.014 0.033 0.009 0.020 0.015 0.017 0.034 0.028 0.034 0.037 0.011 0.018 0.029 0.012 0.367 0.196 0.017 0.012 0.069 0.014 1    
