1:    0.005 0.004 0.004 0.010 0.007 0.004 0.006 0.961 1    
2:    0.003 0.007 0.003 0.005 0.012 0.003 0.008 0.960 1    
3:    0.004 0.004 0.003 0.015 0.005 0.004 0.004 0.961 1    
4:    0.003 0.006 0.004 0.008 0.005 0.006 0.006 0.962 1    
5:    0.005 0.018 0.004 0.006 0.007 0.006 0.012 0.943 1    
6:    0.003 0.006 0.005 0.005 0.004 0.006 0.005 0.965 1    
7:    0.003 0.007 0.004 0.034 0.007 0.004 0.010 0.930 1    
8:    0.003 0.005 0.002 0.007 0.010 0.002 0.003 0.966 1    
9:    0.026 0.823 0.006 0.090 0.019 0.004 0.016 0.017 1    
10:   0.009 0.957 0.003 0.007 0.006 0.004 0.008 0.005 1    
11:   0.019 0.940 0.005 0.010 0.006 0.005 0.006 0.008 1    
12:   0.065 0.816 0.007 0.009 0.065 0.011 0.021 0.005 1    
13:   0.084 0.828 0.010 0.012 0.016 0.018 0.010 0.021 1    
14:   0.049 0.908 0.002 0.013 0.007 0.007 0.009 0.005 1    
15:   0.021 0.817 0.006 0.109 0.010 0.007 0.018 0.012 1    
16:   0.018 0.949 0.002 0.006 0.006 0.004 0.008 0.007 1    
17:   0.011 0.921 0.005 0.020 0.015 0.004 0.010 0.014 1    
18:   0.008 0.009 0.006 0.005 0.004 0.916 0.046 0.005 1    
19:   0.006 0.007 0.005 0.005 0.007 0.949 0.017 0.005 1    
20:   0.004 0.005 0.006 0.003 0.002 0.957 0.019 0.003 1    
21:   0.006 0.003 0.005 0.006 0.005 0.949 0.021 0.005 1    
22:   0.004 0.003 0.003 0.005 0.003 0.949 0.029 0.005 1    
23:   0.006 0.003 0.004 0.008 0.005 0.963 0.007 0.004 1    
24:   0.006 0.003 0.004 0.004 0.003 0.968 0.007 0.004 1    
25:   0.972 0.004 0.004 0.003 0.004 0.005 0.004 0.005 1    
26:   0.965 0.003 0.005 0.004 0.004 0.006 0.007 0.007 1    
27:   0.761 0.018 0.011 0.041 0.043 0.039 0.069 0.018 1    
28:   0.934 0.004 0.003 0.011 0.032 0.004 0.004 0.008 1    
29:   0.826 0.003 0.015 0.034 0.053 0.019 0.020 0.028 1    
30:   0.964 0.003 0.003 0.006 0.005 0.006 0.006 0.007 1    
31:   0.717 0.008 0.006 0.031 0.144 0.009 0.052 0.033 1    
32:   0.003 0.974 0.002 0.004 0.003 0.004 0.005 0.006 1    
33:   0.007 0.964 0.003 0.007 0.004 0.003 0.007 0.004 1    
34:   0.006 0.950 0.003 0.011 0.003 0.007 0.014 0.006 1    
35:   0.003 0.970 0.002 0.005 0.003 0.005 0.005 0.006 1    
36:   0.006 0.960 0.004 0.008 0.005 0.005 0.007 0.006 1    
37:   0.007 0.951 0.005 0.007 0.008 0.007 0.006 0.008 1    
38:   0.004 0.968 0.002 0.005 0.004 0.005 0.005 0.007 1    
39:   0.005 0.084 0.004 0.011 0.026 0.076 0.789 0.005 1    
40:   0.004 0.012 0.007 0.010 0.006 0.014 0.941 0.006 1    
41:   0.005 0.008 0.005 0.005 0.016 0.019 0.935 0.007 1    
42:   0.003 0.007 0.004 0.005 0.003 0.030 0.943 0.004 1    
43:   0.004 0.009 0.005 0.007 0.004 0.008 0.960 0.003 1    
44:   0.003 0.006 0.007 0.004 0.007 0.006 0.960 0.006 1    
45:   0.005 0.015 0.005 0.006 0.021 0.009 0.935 0.004 1    
46:   0.004 0.007 0.005 0.009 0.006 0.009 0.951 0.010 1    
47:   0.949 0.008 0.005 0.013 0.005 0.010 0.005 0.005 1    
48:   0.947 0.005 0.007 0.005 0.007 0.014 0.003 0.013 1    
49:   0.944 0.007 0.012 0.008 0.006 0.010 0.007 0.006 1    
50:   0.943 0.008 0.011 0.010 0.005 0.009 0.007 0.006 1    
51:   0.947 0.008 0.008 0.008 0.004 0.009 0.010 0.006 1    
52:   0.010 0.028 0.004 0.064 0.116 0.086 0.677 0.016 1    
53:   0.011 0.252 0.005 0.034 0.138 0.160 0.192 0.209 1    
54:   0.032 0.444 0.003 0.036 0.085 0.212 0.114 0.074 1    
55:   0.011 0.839 0.004 0.004 0.049 0.063 0.024 0.007 1    
56:   0.010 0.834 0.003 0.003 0.053 0.063 0.029 0.005 1    
57:   0.022 0.380 0.012 0.027 0.360 0.118 0.058 0.023 1    
58:   0.033 0.328 0.002 0.006 0.071 0.402 0.126 0.032 1    
59:   0.032 0.361 0.003 0.124 0.034 0.044 0.342 0.060 1    
60:   0.888 0.024 0.005 0.006 0.003 0.012 0.032 0.030 1    
61:   0.833 0.036 0.013 0.015 0.011 0.018 0.060 0.014 1    
62:   0.927 0.013 0.005 0.006 0.006 0.009 0.017 0.018 1    
63:   0.873 0.028 0.005 0.005 0.010 0.016 0.030 0.033 1    
64:   0.799 0.059 0.010 0.007 0.017 0.028 0.053 0.027 1    
65:   0.649 0.031 0.021 0.009 0.024 0.024 0.234 0.008 1    
66:   0.006 0.009 0.003 0.004 0.008 0.011 0.956 0.004 1    
67:   0.010 0.006 0.004 0.003 0.007 0.005 0.961 0.004 1    
68:   0.025 0.017 0.003 0.006 0.016 0.008 0.919 0.006 1    
69:   0.043 0.034 0.004 0.005 0.007 0.006 0.895 0.006 1    
70:   0.084 0.007 0.003 0.005 0.006 0.007 0.882 0.006 1    
71:   0.011 0.006 0.003 0.004 0.007 0.006 0.961 0.004 1    
72:   0.010 0.006 0.003 0.004 0.005 0.008 0.959 0.004 1    
73:   0.014 0.011 0.004 0.004 0.008 0.006 0.948 0.003 1    
74:   0.006 0.021 0.004 0.006 0.003 0.007 0.947 0.006 1    
75:   0.005 0.039 0.007 0.008 0.006 0.005 0.918 0.012 1    
76:   0.004 0.079 0.039 0.009 0.008 0.017 0.740 0.102 1    
77:   0.014 0.025 0.028 0.011 0.007 0.008 0.809 0.098 1    
78:   0.003 0.023 0.003 0.005 0.005 0.007 0.949 0.004 1    
79:   0.057 0.154 0.010 0.010 0.017 0.006 0.640 0.106 1    
80:   0.015 0.037 0.007 0.004 0.008 0.004 0.916 0.009 1    
81:   0.012 0.012 0.007 0.003 0.015 0.009 0.936 0.005 1    
82:   0.089 0.047 0.016 0.010 0.149 0.334 0.344 0.010 1    
83:   0.036 0.012 0.012 0.005 0.021 0.032 0.876 0.007 1    
84:   0.014 0.003 0.037 0.007 0.184 0.011 0.735 0.009 1    
85:   0.009 0.034 0.007 0.012 0.051 0.035 0.815 0.037 1    
86:   0.164 0.035 0.008 0.007 0.033 0.035 0.713 0.005 1    
87:   0.005 0.010 0.003 0.012 0.939 0.005 0.011 0.015 1    
88:   0.007 0.010 0.022 0.004 0.927 0.006 0.009 0.017 1    
89:   0.005 0.032 0.006 0.010 0.908 0.005 0.026 0.008 1    
90:   0.023 0.007 0.076 0.009 0.810 0.041 0.023 0.012 1    
91:   0.009 0.886 0.004 0.007 0.069 0.005 0.008 0.012 1    
92:   0.009 0.894 0.006 0.012 0.039 0.008 0.009 0.023 1    
93:   0.013 0.941 0.005 0.004 0.008 0.009 0.008 0.013 1    
94:   0.019 0.872 0.004 0.010 0.064 0.008 0.010 0.014 1    
95:   0.009 0.868 0.006 0.009 0.072 0.011 0.019 0.006 1    
96:   0.041 0.828 0.007 0.005 0.034 0.031 0.040 0.014 1    
97:   0.166 0.038 0.007 0.014 0.549 0.014 0.085 0.126 1    
98:   0.034 0.026 0.008 0.023 0.797 0.061 0.035 0.015 1    
99:   0.118 0.034 0.004 0.074 0.672 0.034 0.049 0.016 1    
100:  0.128 0.341 0.014 0.039 0.257 0.041 0.073 0.107 1    
101:  0.011 0.005 0.006 0.014 0.927 0.005 0.008 0.023 1    
102:  0.010 0.020 0.007 0.006 0.929 0.006 0.010 0.013 1    
103:  0.015 0.012 0.010 0.005 0.923 0.005 0.009 0.021 1    
104:  0.005 0.009 0.004 0.006 0.003 0.009 0.959 0.005 1    
105:  0.005 0.006 0.003 0.006 0.003 0.011 0.961 0.005 1    
106:  0.049 0.005 0.005 0.006 0.022 0.051 0.822 0.041 1    
107:  0.016 0.005 0.004 0.004 0.007 0.045 0.914 0.006 1    
108:  0.024 0.004 0.008 0.006 0.009 0.022 0.903 0.023 1    
109:  0.029 0.006 0.020 0.004 0.008 0.015 0.903 0.015 1    
110:  0.005 0.007 0.004 0.016 0.003 0.013 0.941 0.010 1    
111:  0.018 0.006 0.008 0.006 0.006 0.037 0.909 0.010 1    
112:  0.009 0.007 0.003 0.009 0.003 0.015 0.949 0.005 1    
113:  0.034 0.004 0.004 0.004 0.005 0.935 0.009 0.004 1    
114:  0.008 0.004 0.003 0.004 0.004 0.969 0.005 0.003 1    
115:  0.010 0.010 0.006 0.007 0.006 0.936 0.016 0.009 1    
116:  0.004 0.004 0.003 0.004 0.003 0.974 0.004 0.004 1    
117:  0.007 0.064 0.006 0.018 0.004 0.848 0.026 0.027 1    
118:  0.011 0.003 0.003 0.004 0.003 0.966 0.006 0.003 1    
119:  0.012 0.004 0.005 0.004 0.004 0.963 0.004 0.004 1    
120:  0.005 0.003 0.004 0.004 0.005 0.972 0.004 0.003 1    
121:  0.023 0.006 0.005 0.005 0.005 0.943 0.008 0.005 1    
122:  0.005 0.004 0.009 0.004 0.004 0.966 0.004 0.004 1    
123:  0.005 0.009 0.005 0.006 0.004 0.960 0.006 0.005 1    
124:  0.004 0.002 0.004 0.003 0.005 0.971 0.005 0.005 1    
125:  0.018 0.004 0.008 0.007 0.005 0.940 0.011 0.007 1    
126:  0.003 0.005 0.003 0.005 0.004 0.975 0.003 0.003 1    
127:  0.004 0.003 0.005 0.004 0.003 0.973 0.006 0.003 1    
128:  0.007 0.004 0.007 0.003 0.004 0.965 0.007 0.003 1    
129:  0.682 0.258 0.003 0.007 0.008 0.014 0.010 0.018 1    
130:  0.038 0.037 0.003 0.018 0.036 0.007 0.821 0.040 1    
131:  0.805 0.022 0.011 0.010 0.090 0.013 0.010 0.039 1    
132:  0.635 0.171 0.008 0.004 0.004 0.026 0.006 0.146 1    
133:  0.805 0.019 0.010 0.005 0.013 0.014 0.010 0.126 1    
134:  0.628 0.161 0.008 0.005 0.007 0.029 0.011 0.151 1    
135:  0.221 0.012 0.019 0.010 0.043 0.037 0.646 0.011 1    
136:  0.004 0.002 0.006 0.003 0.973 0.003 0.003 0.005 1    
137:  0.006 0.002 0.003 0.004 0.970 0.007 0.003 0.005 1    
138:  0.004 0.004 0.003 0.005 0.968 0.004 0.005 0.007 1    
139:  0.007 0.004 0.013 0.005 0.958 0.004 0.006 0.004 1    
140:  0.007 0.003 0.007 0.004 0.965 0.005 0.004 0.005 1    
141:  0.006 0.006 0.007 0.006 0.942 0.018 0.011 0.003 1    
142:  0.005 0.002 0.004 0.004 0.969 0.005 0.004 0.006 1    
143:  0.010 0.003 0.004 0.003 0.967 0.003 0.003 0.006 1    
144:  0.009 0.002 0.004 0.003 0.965 0.004 0.004 0.009 1    
145:  0.006 0.003 0.004 0.004 0.970 0.003 0.005 0.005 1    
146:  0.010 0.005 0.007 0.004 0.951 0.012 0.008 0.004 1    
147:  0.003 0.004 0.978 0.002 0.003 0.003 0.003 0.003 1    
148:  0.003 0.002 0.978 0.003 0.004 0.004 0.003 0.003 1    
149:  0.003 0.002 0.979 0.003 0.003 0.004 0.003 0.003 1    
150:  0.004 0.002 0.978 0.003 0.003 0.004 0.003 0.003 1    
151:  0.004 0.002 0.978 0.002 0.004 0.003 0.003 0.003 1    
152:  0.002 0.004 0.975 0.003 0.004 0.003 0.005 0.003 1    
153:  0.003 0.002 0.982 0.002 0.003 0.003 0.003 0.003 1    
154:  0.003 0.003 0.977 0.002 0.003 0.003 0.004 0.004 1    
155:  0.003 0.003 0.977 0.003 0.004 0.004 0.004 0.002 1    
156:  0.003 0.974 0.004 0.004 0.002 0.003 0.007 0.002 1    
157:  0.004 0.930 0.014 0.009 0.005 0.007 0.026 0.004 1    
158:  0.003 0.940 0.011 0.007 0.003 0.010 0.022 0.005 1    
159:  0.004 0.973 0.003 0.004 0.004 0.004 0.005 0.003 1    
160:  0.003 0.975 0.004 0.004 0.002 0.003 0.006 0.003 1    
161:  0.002 0.972 0.004 0.004 0.003 0.004 0.007 0.003 1    
162:  0.003 0.976 0.003 0.003 0.003 0.003 0.005 0.003 1    
163:  0.004 0.940 0.021 0.008 0.005 0.006 0.010 0.005 1    
164:  0.004 0.976 0.002 0.004 0.003 0.004 0.003 0.004 1    
165:  0.007 0.922 0.006 0.005 0.007 0.008 0.040 0.005 1    
166:  0.006 0.949 0.003 0.005 0.005 0.004 0.023 0.005 1    
167:  0.014 0.934 0.005 0.010 0.005 0.013 0.012 0.006 1    
168:  0.005 0.959 0.005 0.007 0.007 0.005 0.010 0.003 1    
169:  0.006 0.957 0.004 0.005 0.004 0.004 0.016 0.006 1    
170:  0.007 0.924 0.005 0.008 0.007 0.006 0.035 0.007 1    
171:  0.021 0.919 0.005 0.008 0.007 0.007 0.029 0.004 1    
172:  0.011 0.606 0.006 0.005 0.005 0.005 0.358 0.005 1    
173:  0.003 0.940 0.026 0.004 0.008 0.004 0.007 0.007 1    
174:  0.006 0.899 0.026 0.013 0.018 0.007 0.017 0.016 1    
175:  0.004 0.920 0.008 0.017 0.005 0.007 0.011 0.029 1    
176:  0.003 0.946 0.024 0.004 0.004 0.003 0.011 0.004 1    
177:  0.003 0.968 0.009 0.007 0.003 0.003 0.003 0.003 1    
178:  0.006 0.937 0.007 0.007 0.005 0.008 0.011 0.020 1    
179:  0.949 0.004 0.005 0.009 0.018 0.003 0.006 0.007 1    
180:  0.961 0.004 0.005 0.007 0.008 0.006 0.003 0.006 1    
181:  0.970 0.004 0.006 0.002 0.006 0.003 0.004 0.004 1    
182:  0.971 0.004 0.005 0.004 0.005 0.004 0.004 0.003 1    
183:  0.960 0.004 0.004 0.008 0.010 0.004 0.006 0.005 1    
184:  0.966 0.003 0.003 0.006 0.008 0.005 0.006 0.003 1    
185:  0.966 0.003 0.012 0.003 0.006 0.004 0.003 0.003 1    
186:  0.963 0.003 0.004 0.005 0.014 0.004 0.004 0.003 1    
187:  0.940 0.013 0.005 0.005 0.007 0.010 0.011 0.009 1    
188:  0.015 0.003 0.003 0.008 0.022 0.007 0.004 0.938 1    
189:  0.011 0.038 0.005 0.033 0.147 0.012 0.008 0.746 1    
190:  0.022 0.007 0.012 0.004 0.014 0.011 0.007 0.923 1    
191:  0.006 0.005 0.007 0.005 0.007 0.008 0.005 0.957 1    
192:  0.006 0.004 0.005 0.003 0.006 0.005 0.004 0.968 1    
193:  0.003 0.006 0.007 0.004 0.006 0.005 0.009 0.959 1    
194:  0.004 0.011 0.007 0.008 0.007 0.004 0.009 0.949 1    
195:  0.017 0.004 0.004 0.008 0.010 0.014 0.006 0.937 1    
196:  0.007 0.004 0.005 0.010 0.013 0.005 0.007 0.949 1    
197:  0.005 0.407 0.013 0.101 0.186 0.006 0.009 0.274 1    
198:  0.007 0.010 0.006 0.956 0.003 0.004 0.004 0.009 1    
199:  0.011 0.013 0.006 0.940 0.005 0.006 0.005 0.014 1    
200:  0.003 0.009 0.002 0.958 0.010 0.004 0.006 0.007 1    
201:  0.004 0.007 0.004 0.962 0.009 0.004 0.005 0.005 1    
202:  0.005 0.104 0.003 0.861 0.008 0.004 0.009 0.005 1    
203:  0.005 0.073 0.003 0.898 0.003 0.006 0.005 0.007 1    
204:  0.006 0.007 0.005 0.964 0.004 0.004 0.004 0.005 1    
205:  0.003 0.006 0.003 0.973 0.003 0.004 0.004 0.004 1    
206:  0.009 0.007 0.004 0.945 0.005 0.006 0.012 0.012 1    
207:  0.003 0.006 0.002 0.971 0.003 0.005 0.004 0.005 1    
208:  0.005 0.005 0.003 0.966 0.005 0.005 0.005 0.007 1    
209:  0.003 0.005 0.002 0.974 0.003 0.004 0.005 0.004 1    
210:  0.008 0.006 0.003 0.961 0.004 0.005 0.006 0.006 1    
211:  0.007 0.003 0.002 0.969 0.003 0.004 0.004 0.006 1    
212:  0.005 0.009 0.002 0.964 0.004 0.006 0.006 0.004 1    
213:  0.008 0.007 0.002 0.951 0.007 0.005 0.007 0.013 1    
214:  0.009 0.008 0.013 0.037 0.005 0.831 0.021 0.077 1    
215:  0.004 0.023 0.006 0.106 0.009 0.801 0.037 0.013 1    
216:  0.006 0.006 0.007 0.019 0.005 0.934 0.013 0.011 1    
217:  0.027 0.036 0.028 0.054 0.011 0.814 0.017 0.013 1    
218:  0.012 0.037 0.006 0.068 0.007 0.831 0.017 0.021 1    
219:  0.013 0.007 0.029 0.015 0.006 0.917 0.006 0.007 1    
220:  0.012 0.006 0.018 0.031 0.004 0.898 0.009 0.021 1    
221:  0.007 0.004 0.007 0.031 0.005 0.915 0.010 0.021 1    
222:  0.014 0.028 0.004 0.027 0.008 0.902 0.010 0.007 1    
223:  0.006 0.004 0.004 0.963 0.007 0.007 0.005 0.005 1    
224:  0.004 0.008 0.004 0.966 0.005 0.005 0.005 0.003 1    
225:  0.006 0.003 0.005 0.947 0.011 0.010 0.006 0.011 1    
226:  0.016 0.021 0.037 0.859 0.009 0.013 0.018 0.026 1    
227:  0.009 0.010 0.008 0.931 0.013 0.005 0.013 0.011 1    
228:  0.003 0.005 0.005 0.950 0.009 0.006 0.004 0.018 1    
229:  0.003 0.004 0.008 0.957 0.008 0.007 0.006 0.007 1    
230:  0.030 0.041 0.011 0.835 0.035 0.010 0.015 0.022 1    
231:  0.007 0.011 0.005 0.936 0.015 0.009 0.009 0.008 1    
232:  0.011 0.101 0.022 0.566 0.105 0.030 0.092 0.073 1    
233:  0.015 0.019 0.004 0.487 0.013 0.055 0.331 0.076 1    
234:  0.167 0.051 0.029 0.141 0.014 0.019 0.399 0.180 1    
235:  0.054 0.019 0.051 0.327 0.042 0.050 0.329 0.127 1    
236:  0.095 0.057 0.020 0.199 0.068 0.024 0.441 0.096 1    
                             
                             
1:    0.011 0.006 0.007 0.007 0.946 0.005 0.008 0.011 1    
2:    0.006 0.031 0.009 0.012 0.905 0.018 0.006 0.012 1    
3:    0.003 0.006 0.003 0.003 0.969 0.005 0.007 0.003 1    
4:    0.007 0.015 0.009 0.012 0.919 0.013 0.014 0.011 1    
5:    0.023 0.029 0.018 0.014 0.768 0.050 0.010 0.089 1    
6:    0.013 0.011 0.015 0.008 0.908 0.016 0.016 0.014 1    
7:    0.005 0.007 0.005 0.007 0.953 0.006 0.005 0.013 1    
8:    0.005 0.016 0.006 0.004 0.955 0.006 0.004 0.005 1    
9:    0.015 0.024 0.061 0.013 0.051 0.821 0.006 0.010 1    
10:   0.007 0.006 0.135 0.014 0.011 0.807 0.005 0.016 1    
11:   0.009 0.003 0.029 0.010 0.008 0.927 0.006 0.007 1    
12:   0.013 0.010 0.005 0.010 0.007 0.944 0.006 0.005 1    
13:   0.049 0.007 0.056 0.011 0.017 0.840 0.012 0.009 1    
14:   0.012 0.005 0.050 0.037 0.006 0.855 0.009 0.026 1    
15:   0.010 0.007 0.019 0.029 0.029 0.892 0.007 0.008 1    
16:   0.007 0.004 0.044 0.010 0.008 0.915 0.005 0.007 1    
17:   0.011 0.035 0.250 0.011 0.025 0.648 0.005 0.014 1    
18:   0.007 0.005 0.010 0.059 0.004 0.006 0.880 0.029 1    
19:   0.008 0.006 0.008 0.012 0.005 0.008 0.941 0.012 1    
20:   0.005 0.004 0.004 0.047 0.004 0.005 0.927 0.004 1    
21:   0.004 0.005 0.004 0.010 0.006 0.004 0.945 0.022 1    
22:   0.004 0.003 0.004 0.069 0.004 0.003 0.904 0.008 1    
23:   0.005 0.004 0.003 0.005 0.006 0.004 0.963 0.009 1    
24:   0.006 0.004 0.003 0.005 0.004 0.003 0.966 0.009 1    
25:   0.965 0.004 0.003 0.005 0.004 0.004 0.005 0.010 1    
26:   0.950 0.007 0.003 0.011 0.005 0.005 0.005 0.014 1    
27:   0.819 0.018 0.005 0.033 0.017 0.030 0.025 0.053 1    
28:   0.957 0.013 0.004 0.005 0.009 0.004 0.005 0.005 1    
29:   0.931 0.016 0.003 0.011 0.016 0.005 0.008 0.010 1    
30:   0.957 0.004 0.003 0.009 0.007 0.004 0.008 0.009 1    
31:   0.818 0.067 0.003 0.013 0.019 0.023 0.006 0.051 1    
32:   0.003 0.004 0.590 0.008 0.007 0.379 0.004 0.005 1    
33:   0.007 0.004 0.093 0.014 0.006 0.866 0.004 0.007 1    
34:   0.006 0.006 0.759 0.040 0.013 0.159 0.007 0.009 1    
35:   0.003 0.005 0.933 0.008 0.009 0.032 0.006 0.004 1    
36:   0.005 0.004 0.056 0.011 0.012 0.900 0.007 0.007 1    
37:   0.005 0.007 0.011 0.014 0.009 0.941 0.009 0.005 1    
38:   0.005 0.006 0.911 0.018 0.011 0.037 0.006 0.007 1    
39:   0.005 0.007 0.014 0.934 0.005 0.007 0.019 0.008 1    
40:   0.005 0.003 0.009 0.961 0.006 0.004 0.006 0.005 1    
41:   0.006 0.013 0.008 0.901 0.007 0.018 0.020 0.028 1    
42:   0.003 0.003 0.005 0.963 0.004 0.003 0.012 0.006 1    
43:   0.004 0.003 0.017 0.930 0.005 0.006 0.006 0.029 1    
44:   0.004 0.004 0.004 0.969 0.004 0.003 0.005 0.005 1    
45:   0.006 0.007 0.006 0.937 0.006 0.017 0.009 0.013 1    
46:   0.005 0.007 0.009 0.948 0.007 0.007 0.009 0.009 1    
47:   0.930 0.006 0.006 0.004 0.008 0.020 0.018 0.009 1    
48:   0.899 0.007 0.003 0.003 0.006 0.020 0.013 0.048 1    
49:   0.935 0.008 0.007 0.004 0.008 0.005 0.010 0.023 1    
50:   0.933 0.006 0.008 0.006 0.009 0.006 0.012 0.021 1    
51:   0.934 0.007 0.008 0.006 0.010 0.004 0.010 0.021 1    
52:   0.020 0.022 0.009 0.285 0.024 0.583 0.032 0.024 1    
53:   0.010 0.069 0.007 0.008 0.053 0.771 0.038 0.044 1    
54:   0.005 0.009 0.007 0.005 0.013 0.933 0.018 0.009 1    
55:   0.004 0.004 0.017 0.004 0.003 0.956 0.006 0.006 1    
56:   0.004 0.005 0.016 0.004 0.003 0.958 0.006 0.005 1    
57:   0.039 0.136 0.007 0.006 0.009 0.783 0.013 0.008 1    
58:   0.009 0.017 0.008 0.006 0.008 0.858 0.072 0.021 1    
59:   0.006 0.014 0.040 0.046 0.242 0.272 0.030 0.350 1    
60:   0.785 0.006 0.033 0.021 0.031 0.035 0.013 0.075 1    
61:   0.756 0.009 0.032 0.017 0.023 0.085 0.007 0.071 1    
62:   0.844 0.009 0.022 0.024 0.021 0.046 0.010 0.025 1    
63:   0.684 0.017 0.020 0.046 0.013 0.075 0.023 0.121 1    
64:   0.454 0.030 0.040 0.040 0.011 0.096 0.030 0.299 1    
65:   0.331 0.011 0.019 0.007 0.007 0.029 0.007 0.589 1    
66:   0.006 0.007 0.005 0.962 0.003 0.005 0.006 0.006 1    
67:   0.007 0.006 0.004 0.957 0.003 0.007 0.005 0.011 1    
68:   0.011 0.011 0.006 0.943 0.005 0.010 0.007 0.007 1    
69:   0.021 0.004 0.011 0.940 0.004 0.009 0.004 0.006 1    
70:   0.048 0.005 0.004 0.911 0.005 0.007 0.007 0.012 1    
71:   0.008 0.004 0.005 0.961 0.003 0.004 0.004 0.009 1    
72:   0.006 0.004 0.003 0.961 0.003 0.008 0.005 0.009 1    
73:   0.010 0.005 0.008 0.952 0.003 0.006 0.006 0.010 1    
74:   0.004 0.004 0.013 0.961 0.004 0.005 0.005 0.005 1    
75:   0.009 0.009 0.056 0.531 0.015 0.091 0.011 0.278 1    
76:   0.009 0.013 0.051 0.140 0.051 0.052 0.012 0.672 1    
77:   0.006 0.005 0.012 0.017 0.007 0.010 0.004 0.939 1    
78:   0.005 0.005 0.018 0.646 0.010 0.115 0.010 0.191 1    
79:   0.020 0.010 0.022 0.063 0.015 0.158 0.007 0.704 1    
80:   0.030 0.007 0.015 0.308 0.005 0.250 0.007 0.378 1    
81:   0.013 0.016 0.017 0.019 0.006 0.021 0.010 0.897 1    
82:   0.076 0.113 0.023 0.058 0.008 0.032 0.382 0.308 1    
83:   0.045 0.027 0.008 0.058 0.006 0.015 0.041 0.799 1    
84:   0.019 0.049 0.003 0.010 0.007 0.007 0.008 0.897 1    
85:   0.007 0.031 0.009 0.004 0.005 0.027 0.017 0.899 1    
86:   0.065 0.019 0.012 0.023 0.005 0.021 0.031 0.824 1    
87:   0.003 0.968 0.004 0.004 0.006 0.007 0.003 0.005 1    
88:   0.005 0.955 0.006 0.009 0.004 0.011 0.003 0.007 1    
89:   0.005 0.911 0.013 0.012 0.007 0.029 0.006 0.017 1    
90:   0.079 0.790 0.006 0.014 0.010 0.012 0.042 0.047 1    
91:   0.004 0.018 0.005 0.007 0.005 0.949 0.004 0.008 1    
92:   0.004 0.008 0.005 0.003 0.004 0.966 0.005 0.005 1    
93:   0.005 0.006 0.016 0.005 0.004 0.954 0.004 0.006 1    
94:   0.008 0.014 0.006 0.007 0.006 0.948 0.005 0.006 1    
95:   0.005 0.009 0.004 0.005 0.003 0.959 0.006 0.008 1    
96:   0.013 0.007 0.013 0.010 0.006 0.924 0.015 0.011 1    
97:   0.212 0.397 0.012 0.040 0.030 0.216 0.007 0.087 1    
98:   0.039 0.645 0.018 0.052 0.022 0.080 0.059 0.085 1    
99:   0.146 0.534 0.015 0.083 0.057 0.099 0.035 0.031 1    
100:  0.229 0.162 0.165 0.022 0.038 0.317 0.038 0.029 1    
101:  0.011 0.949 0.004 0.006 0.011 0.009 0.004 0.007 1    
102:  0.010 0.842 0.018 0.010 0.016 0.051 0.006 0.048 1    
103:  0.028 0.901 0.013 0.008 0.009 0.022 0.007 0.012 1    
104:  0.004 0.003 0.006 0.008 0.005 0.004 0.006 0.965 1    
105:  0.004 0.004 0.008 0.020 0.007 0.006 0.011 0.941 1    
106:  0.015 0.022 0.004 0.006 0.004 0.004 0.013 0.933 1    
107:  0.007 0.004 0.004 0.010 0.004 0.005 0.017 0.950 1    
108:  0.014 0.012 0.005 0.010 0.006 0.003 0.011 0.939 1    
109:  0.012 0.010 0.008 0.009 0.004 0.005 0.009 0.944 1    
110:  0.004 0.004 0.004 0.005 0.007 0.004 0.006 0.967 1    
111:  0.012 0.007 0.009 0.013 0.005 0.004 0.016 0.934 1    
112:  0.005 0.004 0.009 0.009 0.008 0.005 0.013 0.947 1    
113:  0.018 0.007 0.005 0.009 0.006 0.008 0.917 0.030 1    
114:  0.007 0.003 0.003 0.005 0.003 0.004 0.969 0.005 1    
115:  0.012 0.006 0.030 0.015 0.007 0.011 0.907 0.012 1    
116:  0.005 0.003 0.003 0.003 0.003 0.005 0.973 0.005 1    
117:  0.008 0.006 0.156 0.026 0.015 0.015 0.760 0.014 1    
118:  0.007 0.004 0.003 0.006 0.004 0.003 0.965 0.008 1    
119:  0.007 0.006 0.003 0.005 0.004 0.004 0.963 0.008 1    
120:  0.006 0.003 0.003 0.004 0.003 0.004 0.971 0.006 1    
121:  0.012 0.005 0.006 0.007 0.007 0.008 0.944 0.011 1    
122:  0.005 0.004 0.004 0.004 0.004 0.004 0.970 0.005 1    
123:  0.004 0.004 0.023 0.011 0.005 0.006 0.941 0.006 1    
124:  0.003 0.005 0.003 0.005 0.004 0.003 0.973 0.004 1    
125:  0.015 0.006 0.004 0.010 0.007 0.006 0.938 0.013 1    
126:  0.004 0.003 0.005 0.004 0.004 0.006 0.971 0.004 1    
127:  0.003 0.003 0.004 0.003 0.004 0.006 0.973 0.004 1    
128:  0.006 0.006 0.003 0.006 0.003 0.005 0.964 0.006 1    
129:  0.013 0.009 0.034 0.007 0.006 0.041 0.010 0.881 1    
130:  0.006 0.035 0.012 0.050 0.007 0.012 0.007 0.872 1    
131:  0.027 0.036 0.007 0.007 0.008 0.016 0.010 0.888 1    
132:  0.009 0.006 0.016 0.005 0.005 0.017 0.009 0.934 1    
133:  0.018 0.011 0.004 0.005 0.004 0.008 0.009 0.940 1    
134:  0.011 0.007 0.015 0.005 0.004 0.015 0.012 0.931 1    
135:  0.012 0.017 0.006 0.044 0.007 0.006 0.011 0.899 1    
136:  0.005 0.974 0.002 0.003 0.006 0.003 0.004 0.003 1    
137:  0.007 0.965 0.002 0.004 0.004 0.003 0.009 0.005 1    
138:  0.005 0.962 0.004 0.007 0.005 0.007 0.005 0.006 1    
139:  0.010 0.944 0.006 0.013 0.006 0.011 0.004 0.007 1    
140:  0.010 0.960 0.003 0.005 0.005 0.004 0.008 0.005 1    
141:  0.011 0.845 0.005 0.023 0.008 0.011 0.051 0.046 1    
142:  0.006 0.967 0.002 0.005 0.005 0.004 0.008 0.004 1    
143:  0.006 0.972 0.002 0.003 0.003 0.005 0.004 0.005 1    
144:  0.007 0.972 0.002 0.003 0.003 0.004 0.004 0.004 1    
145:  0.008 0.965 0.004 0.005 0.004 0.003 0.004 0.006 1    
146:  0.031 0.889 0.004 0.014 0.005 0.007 0.031 0.018 1    
147:  0.921 0.010 0.015 0.024 0.004 0.006 0.009 0.011 1    
148:  0.916 0.018 0.004 0.006 0.012 0.005 0.029 0.011 1    
149:  0.900 0.020 0.005 0.007 0.016 0.006 0.038 0.007 1    
150:  0.957 0.006 0.003 0.004 0.005 0.003 0.012 0.010 1    
151:  0.959 0.006 0.005 0.006 0.004 0.003 0.007 0.010 1    
152:  0.777 0.010 0.045 0.096 0.007 0.009 0.041 0.014 1    
153:  0.968 0.007 0.003 0.004 0.004 0.004 0.004 0.005 1    
154:  0.949 0.007 0.005 0.007 0.009 0.004 0.013 0.006 1    
155:  0.921 0.008 0.010 0.023 0.006 0.008 0.014 0.010 1    
156:  0.002 0.003 0.975 0.005 0.003 0.005 0.003 0.004 1    
157:  0.007 0.005 0.779 0.023 0.009 0.148 0.008 0.020 1    
158:  0.005 0.004 0.941 0.009 0.005 0.011 0.008 0.015 1    
159:  0.004 0.004 0.939 0.005 0.004 0.035 0.003 0.005 1    
160:  0.003 0.003 0.975 0.005 0.003 0.006 0.002 0.004 1    
161:  0.003 0.003 0.969 0.010 0.002 0.006 0.004 0.004 1    
162:  0.003 0.003 0.964 0.004 0.003 0.014 0.003 0.006 1    
163:  0.012 0.007 0.916 0.006 0.006 0.037 0.007 0.009 1    
164:  0.003 0.004 0.968 0.003 0.004 0.010 0.003 0.005 1    
165:  0.005 0.006 0.917 0.044 0.004 0.006 0.007 0.012 1    
166:  0.003 0.005 0.964 0.009 0.004 0.006 0.004 0.006 1    
167:  0.026 0.007 0.866 0.011 0.008 0.024 0.021 0.037 1    
168:  0.005 0.007 0.907 0.018 0.007 0.041 0.005 0.009 1    
169:  0.006 0.005 0.959 0.006 0.005 0.006 0.004 0.010 1    
170:  0.006 0.010 0.911 0.032 0.009 0.012 0.006 0.014 1    
171:  0.016 0.010 0.924 0.010 0.006 0.009 0.006 0.019 1    
172:  0.007 0.005 0.797 0.015 0.004 0.011 0.005 0.157 1    
173:  0.003 0.005 0.970 0.008 0.004 0.003 0.003 0.004 1    
174:  0.009 0.018 0.928 0.011 0.014 0.005 0.006 0.009 1    
175:  0.005 0.005 0.952 0.005 0.020 0.004 0.004 0.005 1    
176:  0.003 0.004 0.973 0.004 0.005 0.004 0.003 0.004 1    
177:  0.005 0.003 0.966 0.003 0.005 0.013 0.002 0.004 1    
178:  0.005 0.004 0.961 0.006 0.009 0.004 0.005 0.007 1    
179:  0.924 0.019 0.006 0.014 0.017 0.007 0.003 0.011 1    
180:  0.934 0.012 0.005 0.006 0.012 0.008 0.013 0.011 1    
181:  0.972 0.005 0.004 0.005 0.003 0.005 0.004 0.003 1    
182:  0.966 0.005 0.004 0.006 0.003 0.005 0.005 0.006 1    
183:  0.949 0.012 0.004 0.006 0.013 0.005 0.004 0.006 1    
184:  0.951 0.009 0.004 0.005 0.006 0.004 0.007 0.015 1    
185:  0.972 0.005 0.003 0.004 0.003 0.005 0.004 0.004 1    
186:  0.945 0.022 0.003 0.004 0.007 0.005 0.005 0.010 1    
187:  0.883 0.010 0.019 0.029 0.009 0.020 0.013 0.016 1    
188:  0.005 0.955 0.003 0.004 0.012 0.004 0.007 0.010 1    
189:  0.006 0.951 0.007 0.006 0.007 0.007 0.011 0.006 1    
190:  0.011 0.935 0.006 0.005 0.006 0.005 0.011 0.022 1    
191:  0.007 0.935 0.010 0.005 0.009 0.008 0.010 0.016 1    
192:  0.005 0.935 0.010 0.006 0.009 0.010 0.007 0.018 1    
193:  0.007 0.945 0.008 0.008 0.007 0.008 0.008 0.010 1    
194:  0.010 0.838 0.013 0.009 0.094 0.008 0.010 0.018 1    
195:  0.008 0.917 0.005 0.006 0.029 0.006 0.015 0.014 1    
196:  0.005 0.948 0.004 0.006 0.015 0.007 0.005 0.009 1    
197:  0.003 0.650 0.289 0.006 0.024 0.012 0.006 0.009 1    
198:  0.006 0.004 0.009 0.005 0.953 0.014 0.005 0.005 1    
199:  0.013 0.004 0.009 0.005 0.947 0.009 0.008 0.005 1    
200:  0.003 0.007 0.015 0.006 0.951 0.010 0.004 0.004 1    
201:  0.005 0.009 0.008 0.007 0.956 0.007 0.005 0.004 1    
202:  0.004 0.007 0.135 0.013 0.768 0.065 0.005 0.004 1    
203:  0.006 0.003 0.109 0.004 0.830 0.035 0.009 0.005 1    
204:  0.009 0.004 0.014 0.004 0.951 0.007 0.007 0.004 1    
205:  0.003 0.003 0.007 0.004 0.967 0.005 0.006 0.004 1    
206:  0.008 0.008 0.009 0.007 0.935 0.009 0.006 0.018 1    
207:  0.003 0.005 0.012 0.007 0.958 0.004 0.005 0.005 1    
208:  0.005 0.005 0.004 0.006 0.966 0.005 0.004 0.006 1    
209:  0.004 0.003 0.005 0.004 0.971 0.004 0.005 0.003 1    
210:  0.011 0.005 0.006 0.007 0.952 0.005 0.006 0.008 1    
211:  0.007 0.005 0.003 0.003 0.967 0.004 0.005 0.005 1    
212:  0.005 0.005 0.013 0.007 0.953 0.006 0.005 0.006 1    
213:  0.007 0.010 0.006 0.007 0.941 0.008 0.006 0.015 1    
214:  0.010 0.008 0.013 0.011 0.063 0.009 0.844 0.041 1    
215:  0.005 0.011 0.058 0.015 0.131 0.011 0.730 0.039 1    
216:  0.005 0.008 0.013 0.010 0.023 0.004 0.919 0.018 1    
217:  0.047 0.018 0.053 0.013 0.040 0.023 0.789 0.015 1    
218:  0.018 0.012 0.088 0.009 0.068 0.011 0.785 0.010 1    
219:  0.017 0.010 0.010 0.007 0.019 0.006 0.919 0.014 1    
220:  0.028 0.010 0.009 0.006 0.037 0.007 0.893 0.010 1    
221:  0.009 0.005 0.004 0.007 0.030 0.004 0.927 0.013 1    
222:  0.010 0.007 0.066 0.013 0.021 0.015 0.859 0.010 1    
223:  0.005 0.006 0.009 0.007 0.953 0.006 0.006 0.007 1    
224:  0.005 0.004 0.011 0.008 0.949 0.007 0.006 0.009 1    
225:  0.005 0.009 0.002 0.004 0.961 0.005 0.008 0.006 1    
226:  0.015 0.017 0.011 0.012 0.832 0.024 0.017 0.072 1    
227:  0.010 0.020 0.007 0.012 0.919 0.009 0.008 0.014 1    
228:  0.004 0.006 0.003 0.004 0.967 0.005 0.006 0.005 1    
229:  0.004 0.005 0.004 0.007 0.967 0.004 0.005 0.004 1    
230:  0.021 0.021 0.009 0.010 0.819 0.065 0.011 0.043 1    
231:  0.007 0.007 0.007 0.007 0.936 0.015 0.007 0.013 1    
232:  0.030 0.222 0.182 0.056 0.410 0.045 0.025 0.030 1    
233:  0.011 0.025 0.021 0.086 0.423 0.051 0.093 0.290 1    
234:  0.328 0.026 0.093 0.255 0.192 0.007 0.018 0.082 1    
235:  0.357 0.051 0.041 0.123 0.283 0.015 0.053 0.078 1    
236:  0.420 0.036 0.095 0.124 0.169 0.032 0.022 0.101 1    
                             
                             
1:    0.007 0.006 0.011 0.013 0.006 0.004 0.012 0.941 1    
2:    0.020 0.009 0.009 0.007 0.018 0.021 0.011 0.905 1    
3:    0.006 0.004 0.008 0.004 0.003 0.005 0.005 0.965 1    
4:    0.016 0.007 0.027 0.019 0.006 0.010 0.010 0.904 1    
5:    0.041 0.020 0.016 0.155 0.012 0.014 0.021 0.722 1    
6:    0.017 0.014 0.040 0.010 0.005 0.014 0.006 0.895 1    
7:    0.006 0.004 0.005 0.016 0.004 0.005 0.007 0.953 1    
8:    0.009 0.005 0.005 0.004 0.006 0.007 0.008 0.956 1    
9:    0.087 0.222 0.005 0.013 0.020 0.553 0.032 0.067 1    
10:   0.007 0.277 0.005 0.010 0.009 0.671 0.011 0.011 1    
11:   0.004 0.010 0.004 0.005 0.004 0.961 0.005 0.007 1    
12:   0.003 0.007 0.009 0.006 0.012 0.940 0.016 0.005 1    
13:   0.009 0.044 0.008 0.011 0.008 0.868 0.027 0.025 1    
14:   0.003 0.014 0.004 0.005 0.005 0.959 0.007 0.004 1    
15:   0.012 0.031 0.005 0.013 0.014 0.854 0.013 0.057 1    
16:   0.005 0.039 0.003 0.005 0.007 0.926 0.007 0.007 1    
17:   0.078 0.538 0.005 0.012 0.012 0.292 0.029 0.034 1    
18:   0.004 0.006 0.010 0.958 0.003 0.010 0.007 0.003 1    
19:   0.005 0.004 0.022 0.940 0.003 0.009 0.011 0.006 1    
20:   0.003 0.003 0.021 0.951 0.003 0.011 0.004 0.005 1    
21:   0.005 0.003 0.010 0.966 0.003 0.004 0.004 0.004 1    
22:   0.005 0.004 0.015 0.949 0.004 0.012 0.007 0.004 1    
23:   0.004 0.003 0.033 0.934 0.003 0.005 0.009 0.008 1    
24:   0.005 0.002 0.084 0.875 0.003 0.010 0.012 0.008 1    
25:   0.008 0.004 0.005 0.007 0.004 0.008 0.961 0.005 1    
26:   0.008 0.004 0.006 0.028 0.005 0.011 0.930 0.008 1    
27:   0.017 0.006 0.018 0.090 0.025 0.024 0.797 0.023 1    
28:   0.004 0.005 0.004 0.004 0.006 0.005 0.961 0.010 1    
29:   0.007 0.003 0.007 0.027 0.012 0.005 0.921 0.017 1    
30:   0.006 0.003 0.007 0.016 0.008 0.005 0.943 0.013 1    
31:   0.012 0.004 0.015 0.019 0.098 0.015 0.823 0.013 1    
32:   0.007 0.591 0.004 0.006 0.005 0.376 0.005 0.007 1    
33:   0.004 0.118 0.005 0.005 0.012 0.841 0.006 0.008 1    
34:   0.007 0.821 0.005 0.009 0.017 0.120 0.005 0.016 1    
35:   0.005 0.932 0.004 0.007 0.007 0.035 0.003 0.006 1    
36:   0.006 0.098 0.007 0.011 0.010 0.842 0.009 0.017 1    
37:   0.010 0.026 0.023 0.005 0.009 0.908 0.009 0.009 1    
38:   0.004 0.781 0.004 0.006 0.005 0.184 0.006 0.011 1    
39:   0.005 0.052 0.042 0.754 0.043 0.086 0.009 0.009 1    
40:   0.005 0.028 0.006 0.927 0.008 0.007 0.006 0.013 1    
41:   0.007 0.007 0.006 0.937 0.013 0.016 0.007 0.008 1    
42:   0.005 0.013 0.011 0.954 0.003 0.006 0.003 0.006 1    
43:   0.003 0.019 0.005 0.955 0.005 0.004 0.005 0.005 1    
44:   0.004 0.014 0.008 0.940 0.010 0.010 0.006 0.008 1    
45:   0.002 0.014 0.010 0.844 0.046 0.065 0.011 0.008 1    
46:   0.006 0.012 0.013 0.943 0.006 0.005 0.004 0.011 1    
47:   0.007 0.007 0.035 0.005 0.032 0.014 0.883 0.018 1    
48:   0.007 0.003 0.040 0.004 0.018 0.083 0.838 0.008 1    
49:   0.008 0.010 0.024 0.008 0.008 0.015 0.918 0.009 1    
50:   0.006 0.016 0.014 0.025 0.004 0.011 0.905 0.018 1    
51:   0.008 0.012 0.016 0.023 0.003 0.010 0.911 0.016 1    
52:   0.007 0.007 0.012 0.012 0.944 0.005 0.005 0.007 1    
53:   0.009 0.003 0.005 0.004 0.967 0.003 0.003 0.005 1    
54:   0.006 0.004 0.004 0.004 0.972 0.004 0.004 0.003 1    
55:   0.004 0.005 0.003 0.003 0.976 0.003 0.003 0.003 1    
56:   0.004 0.007 0.003 0.003 0.974 0.004 0.003 0.002 1    
57:   0.003 0.003 0.004 0.003 0.977 0.003 0.004 0.003 1    
58:   0.013 0.008 0.006 0.008 0.940 0.016 0.005 0.005 1    
59:   0.006 0.029 0.004 0.657 0.013 0.109 0.030 0.153 1    
60:   0.010 0.052 0.016 0.046 0.008 0.031 0.816 0.022 1    
61:   0.010 0.035 0.021 0.046 0.037 0.155 0.679 0.016 1    
62:   0.009 0.025 0.013 0.013 0.008 0.050 0.866 0.017 1    
63:   0.013 0.019 0.024 0.025 0.008 0.373 0.530 0.008 1    
64:   0.017 0.042 0.032 0.034 0.024 0.412 0.429 0.009 1    
65:   0.008 0.024 0.046 0.203 0.099 0.055 0.556 0.008 1    
66:   0.005 0.009 0.005 0.009 0.006 0.957 0.006 0.003 1    
67:   0.003 0.004 0.006 0.010 0.007 0.957 0.010 0.003 1    
68:   0.005 0.008 0.006 0.008 0.010 0.951 0.008 0.004 1    
69:   0.005 0.008 0.007 0.006 0.008 0.950 0.014 0.003 1    
70:   0.006 0.004 0.005 0.012 0.006 0.952 0.011 0.004 1    
71:   0.004 0.006 0.005 0.011 0.005 0.955 0.011 0.003 1    
72:   0.005 0.004 0.007 0.131 0.004 0.837 0.009 0.003 1    
73:   0.004 0.010 0.007 0.008 0.005 0.954 0.009 0.003 1    
74:   0.005 0.041 0.006 0.016 0.005 0.919 0.004 0.005 1    
75:   0.004 0.023 0.006 0.916 0.012 0.021 0.006 0.011 1    
76:   0.006 0.026 0.008 0.927 0.005 0.012 0.005 0.011 1    
77:   0.020 0.015 0.010 0.890 0.012 0.026 0.006 0.021 1    
78:   0.004 0.009 0.006 0.863 0.056 0.054 0.004 0.005 1    
79:   0.011 0.044 0.006 0.819 0.046 0.019 0.034 0.021 1    
80:   0.005 0.007 0.004 0.812 0.142 0.012 0.014 0.003 1    
81:   0.011 0.023 0.048 0.760 0.038 0.030 0.084 0.007 1    
82:   0.024 0.015 0.454 0.204 0.014 0.023 0.256 0.009 1    
83:   0.009 0.021 0.126 0.591 0.013 0.045 0.188 0.006 1    
84:   0.006 0.004 0.038 0.674 0.016 0.011 0.241 0.009 1    
85:   0.033 0.012 0.102 0.582 0.135 0.044 0.073 0.019 1    
86:   0.009 0.029 0.099 0.444 0.020 0.047 0.344 0.007 1    
87:   0.062 0.006 0.005 0.005 0.647 0.008 0.241 0.027 1    
88:   0.092 0.005 0.009 0.005 0.824 0.035 0.026 0.005 1    
89:   0.008 0.005 0.005 0.006 0.934 0.006 0.028 0.008 1    
90:   0.029 0.004 0.120 0.015 0.684 0.005 0.132 0.010 1    
91:   0.004 0.006 0.004 0.004 0.006 0.965 0.006 0.006 1    
92:   0.007 0.007 0.005 0.005 0.007 0.954 0.006 0.008 1    
93:   0.009 0.032 0.004 0.007 0.009 0.931 0.004 0.005 1    
94:   0.006 0.005 0.006 0.007 0.005 0.949 0.013 0.010 1    
95:   0.004 0.005 0.006 0.005 0.007 0.959 0.009 0.005 1    
96:   0.008 0.011 0.008 0.015 0.004 0.936 0.012 0.006 1    
97:   0.014 0.019 0.012 0.016 0.014 0.042 0.864 0.018 1    
98:   0.011 0.015 0.046 0.011 0.011 0.069 0.822 0.015 1    
99:   0.007 0.015 0.023 0.007 0.005 0.027 0.904 0.012 1    
100:  0.023 0.177 0.055 0.019 0.020 0.051 0.618 0.036 1    
101:  0.019 0.006 0.008 0.008 0.015 0.008 0.916 0.020 1    
102:  0.023 0.021 0.013 0.010 0.013 0.156 0.742 0.022 1    
103:  0.013 0.009 0.008 0.016 0.018 0.011 0.905 0.021 1    
104:  0.006 0.011 0.005 0.952 0.008 0.008 0.004 0.004 1    
105:  0.004 0.006 0.004 0.970 0.004 0.004 0.003 0.005 1    
106:  0.109 0.005 0.020 0.797 0.018 0.005 0.040 0.006 1    
107:  0.005 0.005 0.012 0.954 0.005 0.005 0.008 0.006 1    
108:  0.057 0.004 0.014 0.886 0.010 0.005 0.017 0.006 1    
109:  0.054 0.013 0.055 0.825 0.020 0.007 0.021 0.004 1    
110:  0.006 0.006 0.005 0.964 0.008 0.003 0.003 0.006 1    
111:  0.009 0.006 0.027 0.932 0.007 0.006 0.007 0.006 1    
112:  0.005 0.008 0.011 0.952 0.007 0.005 0.006 0.006 1    
113:  0.009 0.004 0.940 0.009 0.009 0.009 0.014 0.006 1    
114:  0.004 0.003 0.957 0.010 0.005 0.006 0.011 0.004 1    
115:  0.005 0.023 0.918 0.011 0.020 0.011 0.005 0.008 1    
116:  0.005 0.004 0.957 0.008 0.007 0.007 0.007 0.005 1    
117:  0.007 0.128 0.794 0.022 0.018 0.012 0.005 0.013 1    
118:  0.005 0.003 0.950 0.015 0.003 0.008 0.011 0.006 1    
119:  0.007 0.004 0.956 0.006 0.004 0.006 0.011 0.005 1    
120:  0.004 0.004 0.954 0.010 0.013 0.006 0.006 0.004 1    
121:  0.007 0.006 0.945 0.008 0.005 0.008 0.014 0.007 1    
122:  0.005 0.003 0.963 0.011 0.003 0.005 0.005 0.005 1    
123:  0.003 0.014 0.949 0.007 0.008 0.008 0.005 0.006 1    
124:  0.007 0.003 0.959 0.010 0.005 0.005 0.007 0.005 1    
125:  0.006 0.005 0.935 0.010 0.024 0.004 0.010 0.005 1    
126:  0.003 0.005 0.956 0.014 0.006 0.006 0.004 0.005 1    
127:  0.003 0.004 0.956 0.019 0.005 0.004 0.005 0.005 1    
128:  0.007 0.003 0.962 0.008 0.004 0.006 0.006 0.004 1    
129:  0.014 0.023 0.012 0.029 0.010 0.870 0.035 0.006 1    
130:  0.054 0.034 0.010 0.182 0.023 0.642 0.035 0.021 1    
131:  0.017 0.006 0.018 0.014 0.017 0.647 0.261 0.022 1    
132:  0.060 0.011 0.020 0.008 0.006 0.877 0.011 0.007 1    
133:  0.041 0.006 0.027 0.015 0.006 0.862 0.039 0.005 1    
134:  0.055 0.007 0.025 0.009 0.005 0.887 0.006 0.005 1    
135:  0.012 0.010 0.101 0.310 0.034 0.314 0.206 0.014 1    
136:  0.013 0.003 0.004 0.004 0.010 0.004 0.952 0.010 1    
137:  0.011 0.003 0.006 0.007 0.005 0.004 0.957 0.006 1    
138:  0.032 0.006 0.011 0.010 0.046 0.020 0.863 0.013 1    
139:  0.007 0.007 0.007 0.008 0.047 0.019 0.897 0.009 1    
140:  0.008 0.003 0.007 0.005 0.006 0.005 0.959 0.007 1    
141:  0.007 0.008 0.052 0.084 0.086 0.011 0.737 0.016 1    
142:  0.012 0.003 0.008 0.005 0.007 0.003 0.955 0.007 1    
143:  0.023 0.003 0.003 0.005 0.009 0.004 0.948 0.005 1    
144:  0.023 0.003 0.004 0.005 0.008 0.005 0.949 0.004 1    
145:  0.012 0.004 0.003 0.005 0.019 0.004 0.947 0.006 1    
146:  0.004 0.004 0.011 0.025 0.044 0.006 0.896 0.010 1    
147:  0.020 0.013 0.924 0.008 0.004 0.011 0.017 0.004 1    
148:  0.014 0.004 0.943 0.008 0.005 0.005 0.017 0.005 1    
149:  0.027 0.004 0.930 0.005 0.005 0.005 0.015 0.008 1    
150:  0.009 0.003 0.961 0.006 0.003 0.004 0.009 0.006 1    
151:  0.008 0.004 0.954 0.010 0.003 0.004 0.013 0.004 1    
152:  0.010 0.018 0.935 0.009 0.005 0.012 0.006 0.004 1    
153:  0.009 0.003 0.964 0.004 0.004 0.003 0.008 0.004 1    
154:  0.005 0.004 0.974 0.004 0.003 0.002 0.004 0.004 1    
155:  0.010 0.010 0.937 0.009 0.005 0.009 0.016 0.005 1    
156:  0.003 0.978 0.003 0.004 0.002 0.006 0.003 0.003 1    
157:  0.006 0.909 0.010 0.016 0.024 0.022 0.005 0.008 1    
158:  0.004 0.948 0.009 0.015 0.009 0.007 0.003 0.005 1    
159:  0.006 0.961 0.004 0.004 0.005 0.012 0.003 0.004 1    
160:  0.003 0.978 0.003 0.004 0.004 0.004 0.002 0.003 1    
161:  0.003 0.973 0.003 0.006 0.004 0.006 0.003 0.003 1    
162:  0.003 0.973 0.003 0.004 0.005 0.005 0.003 0.003 1    
163:  0.007 0.937 0.011 0.010 0.014 0.009 0.004 0.009 1    
164:  0.004 0.973 0.003 0.004 0.004 0.006 0.003 0.004 1    
165:  0.004 0.950 0.006 0.021 0.004 0.005 0.005 0.005 1    
166:  0.005 0.969 0.003 0.007 0.005 0.004 0.004 0.004 1    
167:  0.009 0.884 0.026 0.029 0.007 0.017 0.020 0.008 1    
168:  0.005 0.955 0.005 0.006 0.008 0.010 0.005 0.005 1    
169:  0.007 0.961 0.004 0.005 0.009 0.005 0.005 0.005 1    
170:  0.006 0.936 0.010 0.013 0.007 0.009 0.009 0.012 1    
171:  0.006 0.942 0.006 0.008 0.006 0.008 0.016 0.008 1    
172:  0.004 0.939 0.004 0.029 0.004 0.010 0.007 0.003 1    
173:  0.004 0.971 0.004 0.004 0.006 0.004 0.003 0.004 1    
174:  0.008 0.929 0.011 0.008 0.014 0.007 0.011 0.012 1    
175:  0.008 0.947 0.005 0.006 0.004 0.004 0.005 0.021 1    
176:  0.003 0.972 0.003 0.004 0.008 0.003 0.003 0.004 1    
177:  0.003 0.972 0.004 0.002 0.006 0.004 0.003 0.005 1    
178:  0.007 0.959 0.005 0.005 0.005 0.005 0.003 0.009 1    
179:  0.005 0.005 0.005 0.005 0.004 0.006 0.964 0.007 1    
180:  0.006 0.004 0.011 0.007 0.005 0.007 0.953 0.007 1    
181:  0.004 0.004 0.005 0.005 0.004 0.007 0.969 0.004 1    
182:  0.004 0.004 0.006 0.007 0.005 0.006 0.965 0.003 1    
183:  0.005 0.004 0.004 0.004 0.003 0.004 0.969 0.006 1    
184:  0.004 0.003 0.004 0.011 0.004 0.003 0.966 0.005 1    
185:  0.004 0.003 0.009 0.004 0.003 0.005 0.968 0.003 1    
186:  0.003 0.003 0.006 0.003 0.005 0.005 0.972 0.003 1    
187:  0.009 0.021 0.013 0.018 0.004 0.019 0.908 0.008 1    
188:  0.976 0.002 0.003 0.002 0.004 0.002 0.006 0.003 1    
189:  0.930 0.007 0.004 0.004 0.033 0.009 0.006 0.008 1    
190:  0.962 0.004 0.008 0.005 0.005 0.005 0.007 0.004 1    
191:  0.970 0.004 0.005 0.005 0.004 0.004 0.004 0.004 1    
192:  0.976 0.004 0.004 0.004 0.003 0.003 0.004 0.003 1    
