1:    0.012 0.040 0.019 0.929 1    
2:    0.044 0.236 0.035 0.686 1    
3:    0.196 0.341 0.097 0.366 1    
4:    0.016 0.013 0.022 0.950 1    
5:    0.021 0.025 0.015 0.938 1    
6:    0.014 0.047 0.026 0.913 1    
7:    0.029 0.041 0.027 0.903 1    
8:    0.022 0.144 0.058 0.776 1    
9:    0.043 0.206 0.163 0.589 1    
10:   0.035 0.012 0.015 0.939 1    
11:   0.049 0.039 0.038 0.875 1    
12:   0.034 0.023 0.018 0.924 1    
13:   0.055 0.063 0.024 0.857 1    
14:   0.152 0.033 0.017 0.798 1    
15:   0.054 0.036 0.014 0.896 1    
16:   0.022 0.011 0.011 0.957 1    
17:   0.074 0.030 0.020 0.876 1    
18:   0.023 0.013 0.015 0.949 1    
19:   0.012 0.023 0.010 0.955 1    
20:   0.147 0.011 0.013 0.830 1    
21:   0.052 0.105 0.085 0.758 1    
22:   0.017 0.013 0.014 0.955 1    
23:   0.919 0.035 0.026 0.020 1    
24:   0.603 0.046 0.032 0.318 1    
25:   0.013 0.010 0.010 0.967 1    
26:   0.020 0.021 0.010 0.948 1    
27:   0.024 0.017 0.015 0.944 1    
28:   0.014 0.014 0.019 0.952 1    
29:   0.024 0.030 0.008 0.939 1    
30:   0.027 0.017 0.007 0.949 1    
31:   0.015 0.018 0.010 0.958 1    
32:   0.018 0.013 0.011 0.958 1    
33:   0.064 0.016 0.043 0.877 1    
34:   0.077 0.016 0.108 0.800 1    
35:   0.037 0.015 0.038 0.910 1    
36:   0.078 0.017 0.125 0.781 1    
37:   0.736 0.075 0.156 0.034 1    
38:   0.050 0.090 0.157 0.703 1    
39:   0.153 0.068 0.029 0.750 1    
40:   0.059 0.039 0.599 0.303 1    
41:   0.529 0.184 0.209 0.079 1    
42:   0.148 0.103 0.177 0.571 1    
43:   0.828 0.028 0.057 0.087 1    
44:   0.776 0.022 0.130 0.072 1    
45:   0.937 0.017 0.031 0.015 1    
46:   0.900 0.032 0.032 0.036 1    
47:   0.293 0.046 0.622 0.039 1    
48:   0.716 0.034 0.084 0.167 1    
49:   0.039 0.109 0.217 0.635 1    
50:   0.032 0.085 0.253 0.631 1    
51:   0.025 0.058 0.014 0.904 1    
52:   0.010 0.030 0.091 0.869 1    
53:   0.012 0.051 0.028 0.908 1    
54:   0.013 0.018 0.027 0.942 1    
55:   0.010 0.013 0.018 0.960 1    
56:   0.010 0.014 0.019 0.957 1    
57:   0.011 0.035 0.114 0.840 1    
58:   0.041 0.292 0.072 0.596 1    
59:   0.035 0.045 0.015 0.905 1    
60:   0.018 0.107 0.040 0.835 1    
61:   0.037 0.200 0.049 0.713 1    
62:   0.045 0.191 0.092 0.671 1    
63:   0.069 0.085 0.236 0.610 1    
64:   0.043 0.322 0.269 0.366 1    
65:   0.044 0.051 0.128 0.777 1    
66:   0.028 0.051 0.078 0.842 1    
67:   0.029 0.098 0.144 0.730 1    
68:   0.037 0.302 0.182 0.479 1    
69:   0.021 0.013 0.012 0.953 1    
70:   0.047 0.021 0.061 0.871 1    
71:   0.050 0.019 0.010 0.921 1    
72:   0.013 0.014 0.013 0.961 1    
73:   0.014 0.011 0.009 0.967 1    
74:   0.028 0.045 0.019 0.908 1    
75:   0.023 0.055 0.014 0.909 1    
76:   0.021 0.043 0.012 0.924 1    
77:   0.025 0.016 0.012 0.946 1    
78:   0.022 0.088 0.040 0.851 1    
79:   0.022 0.031 0.013 0.934 1    
80:   0.041 0.033 0.017 0.908 1    
81:   0.012 0.012 0.012 0.965 1    
82:   0.035 0.041 0.027 0.898 1    
83:   0.011 0.013 0.012 0.964 1    
84:   0.054 0.061 0.041 0.843 1    
85:   0.024 0.012 0.013 0.951 1    
86:   0.233 0.059 0.051 0.657 1    
87:   0.031 0.011 0.030 0.928 1    
88:   0.887 0.039 0.023 0.051 1    
89:   0.026 0.017 0.027 0.931 1    
90:   0.512 0.183 0.082 0.223 1    
91:   0.050 0.033 0.018 0.898 1    
92:   0.591 0.155 0.133 0.120 1    
93:   0.047 0.015 0.014 0.924 1    
94:   0.301 0.082 0.243 0.375 1    
95:   0.026 0.014 0.014 0.946 1    
96:   0.046 0.017 0.029 0.908 1    
97:   0.107 0.029 0.017 0.848 1    
98:   0.067 0.017 0.010 0.907 1    
99:   0.048 0.018 0.014 0.920 1    
100:  0.050 0.015 0.011 0.924 1    
101:  0.028 0.010 0.011 0.951 1    
102:  0.086 0.028 0.013 0.873 1    
103:  0.052 0.029 0.015 0.903 1    
104:  0.018 0.018 0.017 0.948 1    
105:  0.056 0.011 0.012 0.921 1    
106:  0.891 0.031 0.025 0.053 1    
107:  0.900 0.047 0.010 0.042 1    
108:  0.687 0.065 0.114 0.134 1    
109:  0.545 0.083 0.094 0.278 1    
110:  0.666 0.081 0.147 0.106 1    
111:  0.718 0.040 0.117 0.126 1    
112:  0.926 0.036 0.019 0.019 1    
113:  0.790 0.039 0.112 0.060 1    
114:  0.375 0.014 0.023 0.588 1    
115:  0.187 0.021 0.028 0.764 1    
116:  0.710 0.035 0.103 0.152 1    
117:  0.217 0.047 0.030 0.706 1    
118:  0.227 0.019 0.694 0.060 1    
119:  0.073 0.033 0.051 0.844 1    
120:  0.233 0.029 0.078 0.660 1    
121:  0.135 0.020 0.073 0.771 1    
122:  0.070 0.024 0.715 0.192 1    
123:  0.365 0.020 0.019 0.596 1    
124:  0.501 0.036 0.191 0.272 1    
125:  0.032 0.056 0.751 0.161 1    
126:  0.617 0.033 0.169 0.181 1    
127:  0.025 0.025 0.045 0.904 1    
128:  0.075 0.039 0.778 0.109 1    
129:  0.725 0.032 0.080 0.164 1    
130:  0.204 0.017 0.132 0.648 1    
131:  0.871 0.048 0.059 0.023 1    
132:  0.907 0.030 0.046 0.017 1    
133:  0.938 0.028 0.019 0.015 1    
134:  0.921 0.027 0.021 0.031 1    
135:  0.943 0.020 0.020 0.017 1    
136:  0.906 0.031 0.037 0.026 1    
137:  0.596 0.048 0.047 0.309 1    
138:  0.538 0.094 0.062 0.305 1    
139:  0.900 0.031 0.027 0.042 1    
140:  0.849 0.041 0.041 0.070 1    
141:  0.240 0.485 0.031 0.243 1    
142:  0.502 0.242 0.085 0.171 1    
143:  0.124 0.518 0.072 0.286 1    
144:  0.121 0.573 0.085 0.221 1    
145:  0.188 0.203 0.395 0.215 1    
146:  0.175 0.614 0.075 0.136 1    
147:  0.023 0.495 0.431 0.050 1    
148:  0.022 0.040 0.026 0.912 1    
149:  0.017 0.026 0.015 0.942 1    
150:  0.034 0.427 0.124 0.416 1    
151:  0.019 0.473 0.178 0.331 1    
152:  0.019 0.032 0.019 0.930 1    
153:  0.094 0.070 0.021 0.815 1    
154:  0.220 0.254 0.499 0.027 1    
155:  0.816 0.077 0.047 0.060 1    
156:  0.276 0.651 0.024 0.050 1    
157:  0.315 0.451 0.171 0.064 1    
158:  0.874 0.031 0.072 0.023 1    
159:  0.131 0.109 0.080 0.680 1    
160:  0.229 0.357 0.158 0.256 1    
161:  0.059 0.047 0.089 0.806 1    
162:  0.049 0.286 0.084 0.581 1    
163:  0.199 0.591 0.032 0.178 1    
164:  0.600 0.218 0.093 0.089 1    
165:  0.022 0.032 0.477 0.469 1    
166:  0.061 0.177 0.182 0.581 1    
167:  0.176 0.159 0.073 0.592 1    
168:  0.289 0.012 0.234 0.465 1    
169:  0.045 0.014 0.018 0.923 1    
170:  0.039 0.019 0.045 0.897 1    
171:  0.025 0.013 0.016 0.946 1    
172:  0.778 0.023 0.025 0.174 1    
173:  0.782 0.028 0.028 0.161 1    
174:  0.042 0.015 0.025 0.918 1    
175:  0.194 0.014 0.010 0.782 1    
176:  0.073 0.017 0.029 0.881 1    
177:  0.234 0.142 0.527 0.097 1    
178:  0.077 0.077 0.722 0.124 1    
179:  0.024 0.023 0.872 0.081 1    
180:  0.041 0.108 0.731 0.120 1    
181:  0.129 0.122 0.656 0.093 1    
182:  0.138 0.029 0.703 0.130 1    
183:  0.085 0.332 0.520 0.064 1    
184:  0.032 0.025 0.901 0.042 1    
185:  0.073 0.293 0.529 0.105 1    
186:  0.959 0.011 0.014 0.016 1    
187:  0.902 0.029 0.032 0.037 1    
188:  0.958 0.022 0.012 0.007 1    
189:  0.964 0.016 0.012 0.008 1    
190:  0.959 0.020 0.010 0.011 1    
191:  0.961 0.011 0.014 0.014 1    
192:  0.013 0.936 0.011 0.040 1    
193:  0.923 0.022 0.037 0.018 1    
194:  0.024 0.011 0.042 0.924 1    
195:  0.030 0.019 0.078 0.874 1    
196:  0.012 0.009 0.020 0.958 1    
197:  0.026 0.018 0.032 0.923 1    
198:  0.022 0.013 0.037 0.928 1    
199:  0.014 0.016 0.031 0.939 1    
200:  0.579 0.203 0.188 0.030 1    
201:  0.069 0.284 0.421 0.227 1    
202:  0.381 0.058 0.514 0.047 1    
203:  0.959 0.015 0.011 0.015 1    
204:  0.855 0.078 0.029 0.039 1    
205:  0.130 0.206 0.640 0.023 1    
206:  0.875 0.036 0.030 0.059 1    
207:  0.156 0.412 0.182 0.250 1    
208:  0.071 0.169 0.564 0.196 1    
209:  0.258 0.686 0.035 0.021 1    
210:  0.776 0.105 0.079 0.040 1    
211:  0.075 0.067 0.391 0.466 1    
212:  0.297 0.184 0.370 0.149 1    
213:  0.462 0.262 0.030 0.245 1    
214:  0.061 0.758 0.026 0.155 1    
215:  0.029 0.022 0.930 0.018 1    
216:  0.091 0.018 0.845 0.045 1    
217:  0.074 0.016 0.867 0.043 1    
218:  0.484 0.070 0.416 0.030 1    
219:  0.100 0.019 0.859 0.022 1    
220:  0.148 0.017 0.813 0.022 1    
221:  0.073 0.193 0.612 0.122 1    
222:  0.185 0.597 0.156 0.062 1    
223:  0.058 0.223 0.133 0.586 1    
224:  0.134 0.682 0.154 0.031 1    
225:  0.039 0.419 0.165 0.377 1    
226:  0.250 0.338 0.098 0.315 1    
227:  0.161 0.184 0.081 0.574 1    
228:  0.035 0.697 0.116 0.152 1    
229:  0.023 0.028 0.564 0.385 1    
230:  0.314 0.030 0.419 0.237 1    
231:  0.033 0.046 0.607 0.314 1    
232:  0.033 0.069 0.856 0.042 1    
233:  0.046 0.044 0.535 0.375 1    
234:  0.271 0.093 0.596 0.041 1    
235:  0.132 0.303 0.364 0.202 1    
236:  0.050 0.263 0.399 0.288 1    
237:  0.027 0.078 0.820 0.075 1    
238:  0.044 0.041 0.878 0.037 1    
239:  0.462 0.140 0.343 0.055 1    
240:  0.075 0.782 0.076 0.068 1    
241:  0.647 0.199 0.122 0.031 1    
242:  0.147 0.791 0.030 0.032 1    
243:  0.462 0.485 0.028 0.025 1    
244:  0.193 0.510 0.184 0.113 1    
245:  0.386 0.509 0.044 0.061 1    
246:  0.148 0.753 0.034 0.065 1    
247:  0.223 0.619 0.079 0.079 1    
248:  0.954 0.012 0.019 0.015 1    
249:  0.912 0.015 0.025 0.049 1    
250:  0.949 0.011 0.027 0.012 1    
251:  0.895 0.030 0.065 0.010 1    
252:  0.621 0.159 0.204 0.016 1    
253:  0.960 0.011 0.013 0.016 1    
254:  0.912 0.036 0.031 0.021 1    
255:  0.893 0.031 0.043 0.034 1    
256:  0.957 0.017 0.016 0.010 1    
257:  0.385 0.489 0.099 0.027 1    
258:  0.017 0.024 0.930 0.028 1    
259:  0.042 0.034 0.896 0.028 1    
260:  0.898 0.043 0.045 0.014 1    
261:  0.045 0.123 0.691 0.141 1    
262:  0.804 0.063 0.116 0.017 1    
263:  0.075 0.032 0.865 0.028 1    
264:  0.064 0.197 0.687 0.052 1    
265:  0.049 0.035 0.881 0.035 1    
266:  0.963 0.012 0.010 0.014 1    
267:  0.959 0.010 0.010 0.020 1    
268:  0.938 0.026 0.018 0.019 1    
269:  0.948 0.017 0.018 0.017 1    
270:  0.951 0.021 0.015 0.014 1    
271:  0.963 0.012 0.015 0.011 1    
272:  0.964 0.012 0.015 0.009 1    
273:  0.921 0.040 0.016 0.024 1    
274:  0.917 0.019 0.021 0.043 1    
275:  0.954 0.013 0.020 0.014 1    
276:  0.935 0.013 0.011 0.041 1    
277:  0.953 0.017 0.016 0.014 1    
278:  0.922 0.022 0.015 0.041 1    
279:  0.955 0.019 0.014 0.012 1    
280:  0.961 0.010 0.011 0.018 1    
281:  0.940 0.010 0.010 0.041 1    
282:  0.942 0.020 0.021 0.018 1    
283:  0.925 0.021 0.011 0.043 1    
284:  0.971 0.011 0.010 0.009 1    
285:  0.949 0.012 0.011 0.028 1    
286:  0.959 0.011 0.011 0.019 1    
287:  0.929 0.023 0.011 0.037 1    
288:  0.955 0.019 0.013 0.013 1    
289:  0.964 0.014 0.014 0.008 1    
290:  0.964 0.014 0.012 0.010 1    
291:  0.960 0.013 0.009 0.017 1    
292:  0.968 0.012 0.008 0.012 1    
293:  0.531 0.064 0.350 0.055 1    
294:  0.693 0.067 0.196 0.045 1    
295:  0.884 0.024 0.022 0.071 1    
296:  0.961 0.018 0.012 0.009 1    
297:  0.503 0.180 0.084 0.234 1    
298:  0.592 0.199 0.175 0.034 1    
299:  0.238 0.673 0.036 0.053 1    
300:  0.811 0.052 0.064 0.073 1    
301:  0.048 0.890 0.027 0.035 1    
302:  0.325 0.540 0.117 0.018 1    
303:  0.141 0.800 0.019 0.040 1    
304:  0.343 0.332 0.296 0.029 1    
305:  0.399 0.494 0.036 0.071 1    
306:  0.961 0.009 0.010 0.020 1    
307:  0.962 0.008 0.011 0.020 1    
308:  0.967 0.012 0.010 0.012 1    
309:  0.952 0.015 0.017 0.017 1    
310:  0.963 0.015 0.009 0.013 1    
311:  0.736 0.037 0.023 0.205 1    
312:  0.538 0.114 0.029 0.319 1    
313:  0.929 0.014 0.035 0.021 1    
314:  0.898 0.026 0.051 0.025 1    
315:  0.578 0.026 0.046 0.350 1    
316:  0.862 0.040 0.019 0.078 1    
317:  0.849 0.025 0.020 0.106 1    
318:  0.607 0.034 0.014 0.346 1    
319:  0.445 0.095 0.042 0.417 1    
320:  0.030 0.011 0.011 0.947 1    
321:  0.193 0.027 0.037 0.743 1    
322:  0.024 0.014 0.010 0.952 1    
323:  0.014 0.012 0.020 0.954 1    
324:  0.014 0.013 0.013 0.960 1    
325:  0.043 0.016 0.022 0.919 1    
326:  0.011 0.009 0.015 0.966 1    
327:  0.038 0.018 0.017 0.927 1    
328:  0.034 0.017 0.025 0.924 1    
329:  0.009 0.012 0.009 0.971 1    
330:  0.010 0.010 0.009 0.971 1    
331:  0.010 0.044 0.013 0.933 1    
332:  0.020 0.018 0.013 0.949 1    
333:  0.023 0.068 0.046 0.863 1    
334:  0.008 0.011 0.008 0.973 1    
335:  0.011 0.016 0.027 0.946 1    
336:  0.009 0.017 0.015 0.959 1    
337:  0.014 0.017 0.011 0.958 1    
338:  0.058 0.051 0.029 0.863 1    
339:  0.011 0.016 0.009 0.965 1    
340:  0.015 0.017 0.016 0.951 1    
341:  0.018 0.026 0.010 0.946 1    
342:  0.012 0.015 0.008 0.966 1    
343:  0.028 0.021 0.023 0.928 1    
344:  0.020 0.017 0.011 0.952 1    
345:  0.031 0.043 0.024 0.902 1    
346:  0.907 0.031 0.046 0.016 1    
347:  0.676 0.020 0.277 0.027 1    
348:  0.558 0.052 0.373 0.016 1    
349:  0.517 0.051 0.378 0.054 1    
350:  0.558 0.017 0.416 0.009 1    
351:  0.921 0.017 0.042 0.019 1    
352:  0.707 0.056 0.210 0.027 1    
353:  0.888 0.025 0.074 0.013 1    
354:  0.014 0.024 0.013 0.949 1    
355:  0.014 0.023 0.021 0.942 1    
356:  0.016 0.019 0.017 0.948 1    
357:  0.023 0.072 0.019 0.885 1    
358:  0.007 0.012 0.011 0.970 1    
359:  0.011 0.029 0.012 0.948 1    
360:  0.013 0.016 0.014 0.957 1    
361:  0.010 0.011 0.010 0.969 1    
362:  0.014 0.014 0.019 0.952 1    
363:  0.945 0.017 0.019 0.020 1    
364:  0.939 0.008 0.017 0.037 1    
365:  0.947 0.013 0.012 0.028 1    
366:  0.857 0.025 0.008 0.110 1    
367:  0.896 0.045 0.011 0.048 1    
368:  0.806 0.138 0.009 0.047 1    
369:  0.906 0.025 0.022 0.047 1    
370:  0.710 0.052 0.019 0.219 1    
371:  0.914 0.014 0.010 0.062 1    
372:  0.151 0.578 0.240 0.031 1    
373:  0.019 0.926 0.039 0.016 1    
374:  0.053 0.885 0.048 0.014 1    
375:  0.030 0.866 0.083 0.021 1    
376:  0.020 0.944 0.023 0.013 1    
377:  0.091 0.703 0.150 0.055 1    
378:  0.036 0.901 0.043 0.020 1    
379:  0.322 0.162 0.065 0.450 1    
380:  0.122 0.207 0.441 0.231 1    
381:  0.058 0.256 0.272 0.413 1    
382:  0.495 0.243 0.132 0.131 1    
383:  0.156 0.336 0.118 0.390 1    
384:  0.033 0.825 0.104 0.039 1    
385:  0.108 0.631 0.100 0.160 1    
386:  0.563 0.262 0.068 0.106 1    
387:  0.016 0.014 0.015 0.955 1    
388:  0.019 0.017 0.009 0.955 1    
389:  0.007 0.010 0.008 0.975 1    
390:  0.015 0.012 0.007 0.966 1    
391:  0.012 0.015 0.011 0.962 1    
392:  0.015 0.017 0.017 0.951 1    
393:  0.009 0.017 0.019 0.955 1    
394:  0.897 0.033 0.041 0.029 1    
395:  0.953 0.011 0.016 0.021 1    
396:  0.017 0.018 0.012 0.952 1    
397:  0.935 0.023 0.023 0.019 1    
398:  0.632 0.062 0.109 0.196 1    
399:  0.951 0.017 0.017 0.015 1    
400:  0.896 0.027 0.049 0.028 1    
401:  0.898 0.059 0.025 0.018 1    
402:  0.951 0.016 0.016 0.018 1    
403:  0.801 0.045 0.088 0.065 1    
404:  0.688 0.067 0.112 0.134 1    
405:  0.702 0.018 0.069 0.212 1    
406:  0.883 0.028 0.031 0.058 1    
407:  0.755 0.012 0.039 0.194 1    
408:  0.762 0.015 0.026 0.197 1    
409:  0.257 0.029 0.018 0.696 1    
410:  0.026 0.325 0.634 0.015 1    
411:  0.022 0.613 0.354 0.011 1    
412:  0.019 0.318 0.644 0.019 1    
413:  0.024 0.698 0.258 0.020 1    
414:  0.030 0.652 0.279 0.038 1    
415:  0.021 0.149 0.806 0.023 1    
416:  0.178 0.245 0.189 0.388 1    
417:  0.043 0.266 0.576 0.115 1    
418:  0.019 0.014 0.957 0.010 1    
419:  0.008 0.009 0.973 0.009 1    
420:  0.010 0.015 0.962 0.013 1    
421:  0.021 0.015 0.953 0.011 1    
422:  0.009 0.009 0.972 0.011 1    
423:  0.025 0.048 0.912 0.015 1    
424:  0.038 0.139 0.796 0.028 1    
425:  0.019 0.017 0.947 0.017 1    
426:  0.015 0.013 0.950 0.023 1    
427:  0.036 0.051 0.889 0.024 1    
428:  0.012 0.019 0.958 0.011 1    
429:  0.041 0.169 0.773 0.018 1    
430:  0.033 0.015 0.935 0.016 1    
431:  0.033 0.019 0.922 0.027 1    
432:  0.047 0.018 0.908 0.026 1    
433:  0.012 0.013 0.951 0.024 1    
434:  0.022 0.013 0.955 0.010 1    
435:  0.016 0.014 0.957 0.013 1    
436:  0.098 0.182 0.687 0.033 1    
437:  0.046 0.040 0.893 0.022 1    
438:  0.011 0.030 0.939 0.019 1    
439:  0.270 0.694 0.020 0.016 1    
440:  0.046 0.902 0.041 0.010 1    
441:  0.090 0.856 0.012 0.042 1    
442:  0.092 0.841 0.023 0.044 1    
443:  0.043 0.890 0.045 0.022 1    
444:  0.034 0.932 0.012 0.022 1    
445:  0.120 0.813 0.026 0.041 1    
446:  0.377 0.386 0.019 0.218 1    
447:  0.031 0.520 0.320 0.129 1    
448:  0.027 0.638 0.033 0.302 1    
449:  0.293 0.139 0.235 0.333 1    
450:  0.111 0.764 0.019 0.106 1    
451:  0.169 0.751 0.028 0.052 1    
452:  0.224 0.685 0.064 0.028 1    
453:  0.036 0.900 0.024 0.040 1    
454:  0.220 0.561 0.019 0.199 1    
455:  0.085 0.162 0.112 0.640 1    
456:  0.100 0.817 0.010 0.072 1    
457:  0.030 0.882 0.021 0.068 1    
458:  0.269 0.140 0.011 0.580 1    
459:  0.569 0.335 0.034 0.062 1    
460:  0.173 0.635 0.029 0.164 1    
461:  0.714 0.223 0.013 0.050 1    
462:  0.011 0.755 0.039 0.195 1    
463:  0.015 0.913 0.056 0.017 1    
464:  0.036 0.283 0.653 0.027 1    
465:  0.012 0.957 0.014 0.017 1    
466:  0.011 0.936 0.040 0.013 1    
467:  0.012 0.922 0.048 0.018 1    
468:  0.022 0.657 0.291 0.030 1    
469:  0.009 0.963 0.010 0.018 1    
470:  0.021 0.930 0.029 0.020 1    
471:  0.015 0.631 0.333 0.021 1    
472:  0.012 0.945 0.026 0.017 1    
473:  0.031 0.235 0.720 0.014 1    
474:  0.019 0.199 0.776 0.007 1    
475:  0.013 0.384 0.588 0.015 1    
476:  0.098 0.230 0.658 0.014 1    
477:  0.032 0.448 0.508 0.012 1    
478:  0.012 0.885 0.058 0.045 1    
479:  0.023 0.930 0.034 0.013 1    
480:  0.020 0.821 0.113 0.047 1    
481:  0.028 0.905 0.023 0.044 1    
482:  0.023 0.927 0.020 0.029 1    
483:  0.026 0.952 0.012 0.010 1    
484:  0.018 0.891 0.074 0.017 1    
485:  0.018 0.730 0.226 0.026 1    
486:  0.016 0.520 0.437 0.028 1    
487:  0.015 0.885 0.065 0.035 1    
488:  0.212 0.441 0.207 0.140 1    
489:  0.159 0.214 0.432 0.195 1    
490:  0.382 0.393 0.203 0.022 1    
491:  0.214 0.626 0.143 0.017 1    
492:  0.082 0.316 0.555 0.047 1    
493:  0.050 0.845 0.063 0.043 1    
494:  0.063 0.348 0.456 0.133 1    
495:  0.056 0.307 0.509 0.129 1    
496:  0.361 0.581 0.037 0.021 1    
497:  0.334 0.161 0.453 0.051 1    
498:  0.075 0.313 0.388 0.224 1    
499:  0.018 0.018 0.942 0.022 1    
500:  0.093 0.057 0.814 0.036 1    
501:  0.146 0.584 0.221 0.049 1    
502:  0.017 0.092 0.850 0.040 1    
503:  0.141 0.588 0.192 0.079 1    
504:  0.037 0.026 0.901 0.036 1    
505:  0.070 0.325 0.381 0.225 1    
506:  0.259 0.314 0.253 0.175 1    
507:  0.065 0.463 0.080 0.392 1    
508:  0.174 0.073 0.101 0.653 1    
509:  0.744 0.214 0.028 0.014 1    
510:  0.039 0.762 0.135 0.063 1    
511:  0.033 0.458 0.262 0.247 1    
512:  0.029 0.386 0.135 0.450 1    
513:  0.011 0.844 0.133 0.011 1    
514:  0.037 0.888 0.059 0.016 1    
515:  0.027 0.430 0.515 0.028 1    
516:  0.010 0.955 0.013 0.022 1    
517:  0.016 0.907 0.058 0.020 1    
518:  0.187 0.682 0.107 0.024 1    
519:  0.054 0.327 0.244 0.375 1    
520:  0.186 0.630 0.153 0.032 1    
521:  0.024 0.147 0.039 0.790 1    
522:  0.022 0.028 0.024 0.926 1    
523:  0.033 0.460 0.424 0.083 1    
524:  0.034 0.037 0.026 0.903 1    
525:  0.033 0.110 0.841 0.017 1    
526:  0.048 0.897 0.021 0.034 1    
527:  0.024 0.053 0.898 0.025 1    
528:  0.009 0.968 0.012 0.011 1    
529:  0.051 0.431 0.237 0.281 1    
530:  0.061 0.087 0.834 0.017 1    
531:  0.081 0.068 0.660 0.192 1    
532:  0.009 0.954 0.022 0.015 1    
533:  0.015 0.228 0.199 0.558 1    
534:  0.014 0.926 0.035 0.025 1    
535:  0.100 0.019 0.830 0.051 1    
536:  0.026 0.809 0.147 0.018 1    
537:  0.060 0.085 0.613 0.243 1    
538:  0.008 0.964 0.013 0.015 1    
539:  0.035 0.255 0.544 0.166 1    
540:  0.069 0.112 0.359 0.461 1    
541:  0.015 0.958 0.014 0.013 1    
542:  0.008 0.968 0.009 0.015 1    
543:  0.015 0.923 0.015 0.047 1    
544:  0.008 0.932 0.026 0.034 1    
545:  0.013 0.947 0.021 0.019 1    
546:  0.011 0.935 0.036 0.017 1    
547:  0.025 0.930 0.034 0.010 1    
548:  0.014 0.037 0.897 0.052 1    
549:  0.027 0.033 0.930 0.009 1    
550:  0.020 0.065 0.643 0.272 1    
551:  0.031 0.031 0.927 0.010 1    
552:  0.025 0.064 0.510 0.402 1    
553:  0.026 0.029 0.934 0.010 1    
554:  0.030 0.017 0.915 0.038 1    
555:  0.017 0.104 0.869 0.011 1    
556:  0.014 0.044 0.882 0.061 1    
557:  0.034 0.217 0.687 0.063 1    
558:  0.018 0.023 0.817 0.142 1    
559:  0.023 0.190 0.774 0.013 1    
560:  0.021 0.044 0.914 0.021 1    
561:  0.022 0.369 0.571 0.038 1    
562:  0.020 0.013 0.948 0.019 1    
563:  0.015 0.087 0.871 0.027 1    
564:  0.049 0.076 0.470 0.405 1    
565:  0.017 0.944 0.013 0.026 1    
566:  0.095 0.710 0.046 0.149 1    
567:  0.092 0.654 0.219 0.034 1    
568:  0.043 0.635 0.125 0.197 1    
569:  0.026 0.909 0.014 0.051 1    
570:  0.040 0.598 0.183 0.179 1    
571:  0.014 0.706 0.022 0.259 1    
572:  0.018 0.752 0.103 0.127 1    
573:  0.041 0.227 0.549 0.183 1    
574:  0.015 0.078 0.885 0.022 1    
575:  0.058 0.143 0.723 0.076 1    
576:  0.010 0.021 0.920 0.048 1    
577:  0.070 0.303 0.580 0.047 1    
578:  0.022 0.044 0.794 0.140 1    
579:  0.021 0.056 0.760 0.163 1    
580:  0.067 0.086 0.790 0.057 1    
581:  0.073 0.212 0.627 0.089 1    
582:  0.024 0.121 0.591 0.265 1    
583:  0.489 0.058 0.374 0.079 1    
584:  0.036 0.116 0.565 0.282 1    
585:  0.013 0.016 0.956 0.015 1    
586:  0.301 0.034 0.639 0.027 1    
587:  0.120 0.135 0.659 0.086 1    
588:  0.010 0.020 0.961 0.008 1    
589:  0.061 0.195 0.499 0.244 1    
590:  0.019 0.285 0.678 0.017 1    
591:  0.027 0.069 0.842 0.062 1    
592:  0.056 0.041 0.887 0.016 1    
593:  0.044 0.297 0.522 0.138 1    
594:  0.045 0.057 0.816 0.083 1    
595:  0.057 0.068 0.074 0.802 1    
596:  0.024 0.323 0.552 0.101 1    
597:  0.017 0.032 0.927 0.024 1    
598:  0.177 0.489 0.172 0.162 1    
599:  0.017 0.041 0.930 0.011 1    
600:  0.048 0.046 0.864 0.042 1    
601:  0.011 0.107 0.855 0.027 1    
602:  0.009 0.375 0.089 0.527 1    
603:  0.016 0.074 0.893 0.017 1    
604:  0.027 0.241 0.713 0.019 1    
605:  0.017 0.388 0.425 0.169 1    
606:  0.013 0.664 0.234 0.090 1    
607:  0.056 0.063 0.826 0.055 1    
608:  0.571 0.057 0.341 0.031 1    
609:  0.083 0.127 0.755 0.034 1    
610:  0.531 0.101 0.347 0.021 1    
611:  0.138 0.268 0.574 0.021 1    
612:  0.604 0.070 0.277 0.050 1    
613:  0.297 0.067 0.597 0.038 1    
614:  0.025 0.067 0.074 0.834 1    
615:  0.046 0.096 0.036 0.822 1    
616:  0.014 0.031 0.016 0.940 1    
617:  0.055 0.072 0.078 0.795 1    
618:  0.019 0.053 0.040 0.888 1    
619:  0.023 0.050 0.768 0.160 1    
620:  0.023 0.092 0.633 0.252 1    
621:  0.017 0.052 0.719 0.212 1    
622:  0.023 0.080 0.709 0.189 1    
623:  0.030 0.045 0.535 0.391 1    
624:  0.022 0.053 0.326 0.599 1    
625:  0.117 0.115 0.102 0.667 1    
626:  0.010 0.021 0.013 0.956 1    
627:  0.024 0.061 0.039 0.876 1    
628:  0.068 0.085 0.014 0.832 1    
629:  0.012 0.014 0.014 0.960 1    
630:  0.013 0.052 0.017 0.919 1    
631:  0.033 0.056 0.016 0.895 1    
632:  0.018 0.065 0.019 0.898 1    
633:  0.033 0.019 0.014 0.934 1    
634:  0.032 0.324 0.020 0.625 1    
635:  0.045 0.598 0.328 0.029 1    
636:  0.022 0.153 0.792 0.032 1    
637:  0.037 0.230 0.719 0.014 1    
638:  0.043 0.275 0.653 0.029 1    
639:  0.068 0.338 0.506 0.088 1    
640:  0.054 0.418 0.414 0.113 1    
641:  0.759 0.052 0.139 0.050 1    
642:  0.856 0.070 0.021 0.052 1    
643:  0.945 0.022 0.024 0.009 1    
644:  0.785 0.074 0.126 0.015 1    
645:  0.184 0.613 0.093 0.111 1    
646:  0.418 0.469 0.053 0.060 1    
647:  0.490 0.064 0.398 0.048 1    
648:  0.522 0.386 0.030 0.062 1    
649:  0.149 0.528 0.236 0.087 1    
650:  0.099 0.140 0.683 0.078 1    
651:  0.179 0.573 0.080 0.168 1    
652:  0.036 0.125 0.614 0.225 1    
653:  0.045 0.203 0.587 0.166 1    
654:  0.044 0.366 0.279 0.311 1    
655:  0.400 0.500 0.051 0.049 1    
656:  0.018 0.081 0.850 0.052 1    
657:  0.129 0.668 0.108 0.095 1    
658:  0.012 0.018 0.958 0.011 1    
659:  0.017 0.054 0.895 0.034 1    
660:  0.014 0.037 0.845 0.104 1    
661:  0.019 0.064 0.858 0.058 1    
662:  0.021 0.020 0.916 0.043 1    
663:  0.203 0.043 0.723 0.031 1    
664:  0.099 0.057 0.790 0.055 1    
665:  0.172 0.054 0.761 0.013 1    
666:  0.041 0.864 0.065 0.031 1    
667:  0.168 0.728 0.086 0.019 1    
668:  0.232 0.724 0.028 0.016 1    
669:  0.420 0.472 0.086 0.022 1    
670:  0.151 0.628 0.068 0.153 1    
671:  0.090 0.749 0.117 0.045 1    
672:  0.280 0.653 0.035 0.033 1    
673:  0.230 0.743 0.015 0.012 1    
674:  0.216 0.412 0.250 0.122 1    
675:  0.189 0.555 0.219 0.037 1    
676:  0.905 0.052 0.024 0.020 1    
677:  0.371 0.596 0.017 0.016 1    
678:  0.484 0.473 0.027 0.016 1    
679:  0.469 0.368 0.082 0.081 1    
680:  0.314 0.623 0.038 0.025 1    
681:  0.150 0.206 0.426 0.217 1    
682:  0.108 0.254 0.276 0.362 1    
683:  0.066 0.444 0.076 0.414 1    
684:  0.043 0.854 0.050 0.052 1    
685:  0.099 0.601 0.034 0.265 1    
686:  0.028 0.717 0.084 0.171 1    
687:  0.077 0.704 0.044 0.175 1    
688:  0.081 0.764 0.037 0.118 1    
689:  0.033 0.387 0.322 0.258 1    
690:  0.078 0.527 0.235 0.160 1    
691:  0.040 0.078 0.866 0.016 1    
692:  0.068 0.243 0.649 0.040 1    
693:  0.024 0.072 0.875 0.029 1    
694:  0.011 0.020 0.959 0.010 1    
695:  0.034 0.082 0.858 0.026 1    
696:  0.431 0.143 0.366 0.061 1    
697:  0.153 0.155 0.494 0.198 1    
698:  0.080 0.071 0.577 0.271 1    
699:  0.066 0.128 0.756 0.050 1    
700:  0.021 0.015 0.945 0.019 1    
701:  0.060 0.272 0.601 0.066 1    
702:  0.614 0.043 0.230 0.113 1    
703:  0.147 0.236 0.580 0.037 1    
704:  0.013 0.915 0.013 0.059 1    
705:  0.031 0.849 0.046 0.074 1    
706:  0.034 0.938 0.012 0.017 1    
707:  0.038 0.846 0.017 0.098 1    
708:  0.018 0.948 0.018 0.016 1    
709:  0.018 0.923 0.021 0.038 1    
710:  0.321 0.244 0.201 0.233 1    
711:  0.148 0.200 0.452 0.200 1    
712:  0.031 0.915 0.014 0.041 1    
713:  0.034 0.903 0.013 0.050 1    
714:  0.029 0.916 0.016 0.039 1    
715:  0.014 0.920 0.021 0.045 1    
716:  0.028 0.885 0.010 0.077 1    
717:  0.017 0.934 0.009 0.040 1    
718:  0.026 0.858 0.021 0.095 1    
719:  0.053 0.728 0.061 0.158 1    
720:  0.040 0.620 0.059 0.281 1    
721:  0.015 0.666 0.136 0.184 1    
722:  0.044 0.130 0.748 0.078 1    
723:  0.018 0.587 0.143 0.252 1    
724:  0.079 0.766 0.146 0.010 1    
725:  0.172 0.762 0.052 0.015 1    
726:  0.199 0.746 0.033 0.021 1    
727:  0.043 0.754 0.192 0.011 1    
728:  0.145 0.684 0.158 0.013 1    
729:  0.306 0.609 0.070 0.015 1    
730:  0.311 0.595 0.074 0.020 1    
731:  0.012 0.020 0.955 0.014 1    
732:  0.020 0.019 0.944 0.017 1    
733:  0.330 0.252 0.382 0.035 1    
734:  0.022 0.016 0.951 0.010 1    
735:  0.011 0.012 0.961 0.016 1    
736:  0.060 0.029 0.885 0.026 1    
737:  0.071 0.518 0.364 0.047 1    
738:  0.046 0.130 0.806 0.018 1    
739:  0.047 0.055 0.867 0.032 1    
740:  0.009 0.011 0.960 0.020 1    
741:  0.150 0.765 0.066 0.018 1    
742:  0.923 0.024 0.019 0.034 1    
743:  0.812 0.044 0.016 0.127 1    
744:  0.877 0.028 0.040 0.054 1    
745:  0.889 0.067 0.012 0.031 1    
746:  0.713 0.077 0.024 0.186 1    
747:  0.889 0.062 0.024 0.025 1    
748:  0.926 0.022 0.018 0.033 1    
749:  0.015 0.011 0.966 0.008 1    
750:  0.018 0.019 0.949 0.014 1    
751:  0.013 0.020 0.957 0.011 1    
752:  0.013 0.047 0.930 0.010 1    
753:  0.010 0.009 0.975 0.006 1    
754:  0.040 0.473 0.182 0.305 1    
755:  0.059 0.465 0.384 0.093 1    
756:  0.023 0.424 0.311 0.242 1    
757:  0.057 0.575 0.284 0.083 1    
758:  0.378 0.168 0.390 0.064 1    
759:  0.757 0.104 0.118 0.021 1    
760:  0.126 0.757 0.092 0.025 1    
761:  0.322 0.321 0.095 0.261 1    
762:  0.011 0.076 0.902 0.011 1    
763:  0.033 0.625 0.300 0.042 1    
764:  0.483 0.095 0.413 0.009 1    
765:  0.128 0.056 0.798 0.018 1    
766:  0.022 0.021 0.949 0.008 1    
767:  0.045 0.030 0.915 0.010 1    
768:  0.016 0.012 0.959 0.012 1    
769:  0.019 0.019 0.947 0.016 1    
770:  0.336 0.094 0.558 0.012 1    
771:  0.059 0.169 0.072 0.700 1    
772:  0.012 0.017 0.925 0.047 1    
773:  0.016 0.275 0.678 0.031 1    
774:  0.015 0.249 0.701 0.035 1    
775:  0.053 0.183 0.114 0.649 1    
776:  0.054 0.249 0.232 0.465 1    
777:  0.010 0.015 0.935 0.040 1    
778:  0.072 0.848 0.053 0.026 1    
779:  0.201 0.517 0.253 0.028 1    
780:  0.125 0.622 0.225 0.028 1    
781:  0.035 0.769 0.125 0.072 1    
782:  0.101 0.663 0.160 0.075 1    
783:  0.124 0.226 0.635 0.014 1    
784:  0.021 0.749 0.204 0.026 1    
785:  0.243 0.321 0.334 0.102 1    
786:  0.238 0.471 0.276 0.014 1    
787:  0.158 0.120 0.695 0.027 1    
788:  0.051 0.855 0.064 0.031 1    
789:  0.147 0.328 0.510 0.016 1    
790:  0.020 0.149 0.823 0.008 1    
791:  0.041 0.021 0.930 0.009 1    
792:  0.006 0.011 0.972 0.011 1    
793:  0.013 0.020 0.955 0.012 1    
794:  0.018 0.103 0.863 0.016 1    
795:  0.016 0.027 0.944 0.013 1    
796:  0.012 0.057 0.905 0.026 1    
797:  0.017 0.019 0.954 0.009 1    
798:  0.031 0.017 0.937 0.015 1    
799:  0.055 0.033 0.892 0.020 1    
800:  0.016 0.025 0.953 0.006 1    
801:  0.029 0.026 0.931 0.014 1    
802:  0.198 0.188 0.523 0.091 1    
803:  0.285 0.143 0.550 0.022 1    
804:  0.076 0.097 0.819 0.008 1    
805:  0.214 0.067 0.708 0.011 1    
806:  0.031 0.583 0.368 0.018 1    
807:  0.034 0.328 0.623 0.015 1    
808:  0.048 0.746 0.117 0.089 1    
809:  0.054 0.046 0.050 0.851 1    
810:  0.044 0.070 0.290 0.596 1    
811:  0.073 0.042 0.090 0.795 1    
812:  0.031 0.024 0.927 0.019 1    
813:  0.312 0.123 0.192 0.373 1    
814:  0.281 0.114 0.521 0.084 1    
815:  0.421 0.178 0.290 0.110 1    
816:  0.116 0.030 0.174 0.681 1    
817:  0.104 0.031 0.853 0.011 1    
818:  0.029 0.032 0.918 0.021 1    
819:  0.016 0.023 0.946 0.014 1    
820:  0.024 0.157 0.805 0.014 1    
821:  0.013 0.042 0.932 0.012 1    
822:  0.012 0.011 0.969 0.008 1    
823:  0.009 0.020 0.962 0.008 1    
824:  0.090 0.444 0.454 0.012 1    
825:  0.026 0.037 0.919 0.018 1    
826:  0.120 0.439 0.424 0.018 1    
827:  0.020 0.078 0.879 0.023 1    
828:  0.025 0.017 0.949 0.009 1    
829:  0.031 0.039 0.921 0.009 1    
830:  0.106 0.421 0.449 0.024 1    
831:  0.711 0.048 0.224 0.017 1    
832:  0.022 0.028 0.938 0.012 1    
833:  0.029 0.183 0.779 0.009 1    
834:  0.028 0.422 0.534 0.016 1    
835:  0.220 0.582 0.131 0.067 1    
836:  0.016 0.427 0.536 0.021 1    
837:  0.075 0.741 0.128 0.056 1    
838:  0.027 0.286 0.628 0.059 1    
839:  0.100 0.769 0.050 0.081 1    
840:  0.039 0.682 0.233 0.046 1    
841:  0.030 0.666 0.271 0.033 1    
842:  0.133 0.544 0.199 0.124 1    
843:  0.029 0.857 0.022 0.091 1    
844:  0.033 0.341 0.611 0.015 1    
845:  0.377 0.306 0.148 0.169 1    
846:  0.061 0.615 0.302 0.022 1    
847:  0.284 0.168 0.484 0.065 1    
848:  0.053 0.697 0.225 0.025 1    
849:  0.679 0.159 0.122 0.040 1    
850:  0.022 0.663 0.188 0.127 1    
851:  0.064 0.895 0.020 0.021 1    
852:  0.600 0.331 0.042 0.027 1    
853:  0.447 0.359 0.031 0.164 1    
854:  0.103 0.832 0.044 0.020 1    
855:  0.055 0.831 0.083 0.031 1    
856:  0.037 0.732 0.156 0.074 1    
857:  0.069 0.863 0.032 0.037 1    
858:  0.047 0.794 0.143 0.016 1    
859:  0.116 0.089 0.037 0.758 1    
860:  0.025 0.016 0.039 0.921 1    
861:  0.048 0.032 0.024 0.897 1    
862:  0.142 0.411 0.130 0.317 1    
863:  0.026 0.094 0.098 0.783 1    
864:  0.018 0.046 0.023 0.913 1    
865:  0.084 0.146 0.668 0.102 1    
866:  0.136 0.394 0.220 0.249 1    
867:  0.326 0.391 0.250 0.033 1    
868:  0.155 0.631 0.107 0.107 1    
869:  0.270 0.502 0.171 0.058 1    
870:  0.282 0.643 0.048 0.026 1    
871:  0.623 0.293 0.038 0.046 1    
872:  0.230 0.086 0.665 0.019 1    
873:  0.069 0.028 0.860 0.043 1    
874:  0.036 0.035 0.915 0.015 1    
875:  0.037 0.032 0.909 0.022 1    
876:  0.360 0.112 0.497 0.030 1    
877:  0.110 0.028 0.835 0.027 1    
878:  0.163 0.054 0.753 0.030 1    
879:  0.054 0.046 0.876 0.025 1    
880:  0.011 0.014 0.630 0.345 1    
881:  0.127 0.031 0.639 0.203 1    
882:  0.016 0.035 0.247 0.702 1    
883:  0.016 0.014 0.883 0.087 1    
884:  0.029 0.016 0.502 0.453 1    
885:  0.023 0.013 0.923 0.041 1    
886:  0.885 0.044 0.056 0.015 1    
887:  0.942 0.029 0.018 0.011 1    
888:  0.453 0.508 0.023 0.017 1    
889:  0.922 0.021 0.045 0.012 1    
890:  0.908 0.032 0.041 0.019 1    
891:  0.904 0.044 0.029 0.023 1    
892:  0.921 0.038 0.024 0.016 1    
893:  0.930 0.025 0.032 0.014 1    
894:  0.321 0.644 0.024 0.011 1    
895:  0.948 0.019 0.018 0.015 1    
896:  0.906 0.054 0.019 0.021 1    
897:  0.954 0.011 0.021 0.013 1    
898:  0.050 0.915 0.023 0.013 1    
899:  0.946 0.011 0.033 0.010 1    
900:  0.876 0.022 0.092 0.011 1    
901:  0.826 0.027 0.042 0.105 1    
902:  0.943 0.019 0.018 0.020 1    
903:  0.962 0.012 0.012 0.013 1    
904:  0.809 0.033 0.045 0.113 1    
905:  0.968 0.011 0.011 0.010 1    
906:  0.959 0.011 0.016 0.014 1    
907:  0.935 0.014 0.025 0.026 1    
908:  0.950 0.014 0.026 0.010 1    
909:  0.943 0.018 0.018 0.021 1    
910:  0.907 0.037 0.035 0.021 1    
911:  0.083 0.076 0.627 0.214 1    
912:  0.016 0.228 0.634 0.121 1    
913:  0.016 0.039 0.927 0.017 1    
914:  0.024 0.148 0.719 0.109 1    
915:  0.041 0.096 0.839 0.023 1    
916:  0.048 0.020 0.911 0.021 1    
917:  0.025 0.063 0.888 0.024 1    
918:  0.045 0.259 0.530 0.165 1    
919:  0.024 0.218 0.738 0.021 1    
920:  0.038 0.213 0.726 0.023 1    
921:  0.056 0.027 0.876 0.041 1    
922:  0.067 0.180 0.711 0.041 1    
923:  0.042 0.029 0.891 0.038 1    
924:  0.041 0.027 0.891 0.041 1    
925:  0.928 0.031 0.017 0.024 1    
926:  0.966 0.012 0.011 0.011 1    
927:  0.758 0.162 0.056 0.024 1    
928:  0.948 0.023 0.018 0.011 1    
929:  0.956 0.017 0.015 0.012 1    
930:  0.924 0.020 0.029 0.027 1    
931:  0.136 0.683 0.114 0.068 1    
932:  0.051 0.663 0.264 0.022 1    
933:  0.046 0.894 0.032 0.028 1    
934:  0.297 0.534 0.145 0.024 1    
935:  0.018 0.484 0.485 0.013 1    
936:  0.066 0.848 0.056 0.030 1    
937:  0.192 0.526 0.261 0.021 1    
938:  0.013 0.149 0.062 0.776 1    
939:  0.020 0.417 0.252 0.311 1    
940:  0.017 0.490 0.123 0.370 1    
941:  0.163 0.120 0.177 0.539 1    
942:  0.024 0.183 0.046 0.748 1    
943:  0.012 0.072 0.025 0.891 1    
944:  0.239 0.066 0.633 0.062 1    
945:  0.755 0.013 0.221 0.010 1    
946:  0.867 0.050 0.060 0.023 1    
947:  0.351 0.062 0.557 0.031 1    
948:  0.231 0.013 0.747 0.008 1    
949:  0.084 0.083 0.823 0.009 1    
950:  0.478 0.073 0.427 0.022 1    
951:  0.555 0.040 0.329 0.076 1    
952:  0.007 0.957 0.016 0.019 1    
953:  0.011 0.934 0.015 0.040 1    
954:  0.009 0.882 0.050 0.059 1    
955:  0.012 0.950 0.020 0.018 1    
956:  0.024 0.862 0.042 0.072 1    
957:  0.008 0.966 0.013 0.013 1    
958:  0.012 0.922 0.024 0.042 1    
959:  0.825 0.013 0.138 0.024 1    
960:  0.058 0.023 0.902 0.017 1    
961:  0.026 0.012 0.925 0.037 1    
962:  0.073 0.021 0.869 0.037 1    
963:  0.179 0.012 0.735 0.075 1    
964:  0.219 0.022 0.729 0.030 1    
965:  0.684 0.021 0.252 0.044 1    
966:  0.142 0.016 0.777 0.066 1    
967:  0.818 0.014 0.141 0.027 1    
968:  0.900 0.017 0.058 0.026 1    
969:  0.787 0.022 0.102 0.089 1    
970:  0.089 0.033 0.844 0.034 1    
971:  0.085 0.026 0.847 0.042 1    
972:  0.068 0.067 0.827 0.039 1    
973:  0.601 0.167 0.170 0.061 1    
974:  0.010 0.014 0.957 0.018 1    
975:  0.094 0.039 0.371 0.496 1    
976:  0.023 0.068 0.830 0.079 1    
977:  0.009 0.023 0.951 0.017 1    
978:  0.266 0.053 0.566 0.115 1    
979:  0.016 0.016 0.949 0.019 1    
980:  0.015 0.059 0.915 0.012 1    
981:  0.018 0.516 0.435 0.032 1    
982:  0.039 0.114 0.834 0.012 1    
983:  0.018 0.705 0.254 0.024 1    
984:  0.015 0.046 0.929 0.010 1    
985:  0.013 0.024 0.955 0.008 1    
986:  0.018 0.108 0.859 0.016 1    
987:  0.054 0.568 0.363 0.016 1    
988:  0.011 0.031 0.949 0.009 1    
989:  0.548 0.184 0.114 0.154 1    
990:  0.343 0.064 0.525 0.068 1    
991:  0.511 0.285 0.124 0.079 1    
992:  0.473 0.295 0.136 0.096 1    
993:  0.258 0.280 0.073 0.389 1    
994:  0.270 0.235 0.322 0.173 1    
995:  0.856 0.060 0.034 0.049 1    
996:  0.361 0.229 0.244 0.167 1    
997:  0.676 0.191 0.086 0.047 1    
998:  0.491 0.393 0.039 0.077 1    
999:  0.031 0.101 0.504 0.364 1    
1000: 0.015 0.687 0.246 0.053 1    
1001: 0.036 0.062 0.847 0.055 1    
1002: 0.012 0.572 0.393 0.023 1    
1003: 0.061 0.069 0.809 0.060 1    
1004: 0.023 0.261 0.597 0.119 1    
1005: 0.016 0.043 0.859 0.082 1    
1006: 0.015 0.702 0.258 0.024 1    
1007: 0.017 0.039 0.738 0.206 1    
1008: 0.018 0.428 0.399 0.155 1    
1009: 0.021 0.042 0.920 0.017 1    
1010: 0.026 0.166 0.762 0.047 1    
1011: 0.011 0.020 0.947 0.021 1    
1012: 0.054 0.282 0.477 0.188 1    
1013: 0.016 0.018 0.946 0.021 1    
1014: 0.020 0.554 0.406 0.020 1    
1015: 0.049 0.713 0.085 0.153 1    
1016: 0.060 0.276 0.561 0.103 1    
1017: 0.036 0.944 0.013 0.007 1    
1018: 0.071 0.862 0.045 0.021 1    
1019: 0.064 0.842 0.073 0.022 1    
1020: 0.030 0.836 0.098 0.035 1    
1021: 0.014 0.955 0.012 0.018 1    
1022: 0.124 0.679 0.152 0.044 1    
1023: 0.030 0.646 0.033 0.292 1    
1024: 0.068 0.587 0.317 0.028 1    
1025: 0.010 0.943 0.030 0.017 1    
1026: 0.028 0.791 0.163 0.018 1    
1027: 0.019 0.889 0.076 0.016 1    
1028: 0.046 0.897 0.040 0.017 1    
1029: 0.044 0.714 0.218 0.023 1    
1030: 0.020 0.887 0.081 0.011 1    
1031: 0.021 0.936 0.022 0.022 1    
1032: 0.024 0.855 0.107 0.013 1    
1033: 0.197 0.704 0.078 0.021 1    
1034: 0.080 0.579 0.291 0.050 1    
1035: 0.100 0.618 0.198 0.084 1    
1036: 0.075 0.760 0.140 0.026 1    
1037: 0.029 0.652 0.298 0.021 1    
1038: 0.131 0.431 0.350 0.088 1    
1039: 0.018 0.871 0.015 0.096 1    
1040: 0.047 0.584 0.082 0.287 1    
1041: 0.017 0.901 0.025 0.058 1    
1042: 0.020 0.804 0.034 0.142 1    
1043: 0.014 0.931 0.020 0.035 1    
1044: 0.069 0.313 0.063 0.555 1    
1045: 0.026 0.848 0.028 0.098 1    
1046: 0.013 0.918 0.026 0.043 1    
1047: 0.010 0.933 0.012 0.045 1    
1048: 0.369 0.496 0.084 0.051 1    
1049: 0.146 0.044 0.782 0.028 1    
1050: 0.235 0.216 0.493 0.056 1    
1051: 0.070 0.046 0.840 0.043 1    
1052: 0.026 0.943 0.015 0.016 1    
1053: 0.016 0.947 0.012 0.024 1    
1054: 0.017 0.953 0.010 0.019 1    
1055: 0.051 0.906 0.021 0.022 1    
1056: 0.134 0.815 0.025 0.026 1    
1057: 0.043 0.903 0.012 0.042 1    
1058: 0.111 0.855 0.019 0.014 1    
1059: 0.018 0.952 0.008 0.023 1    
1060: 0.019 0.959 0.011 0.010 1    
1061: 0.028 0.935 0.017 0.020 1    
1062: 0.361 0.386 0.033 0.219 1    
1063: 0.494 0.270 0.027 0.209 1    
1064: 0.024 0.854 0.089 0.033 1    
1065: 0.195 0.175 0.565 0.066 1    
1066: 0.181 0.227 0.180 0.412 1    
1067: 0.058 0.799 0.029 0.114 1    
1068: 0.063 0.748 0.055 0.133 1    
1069: 0.195 0.509 0.088 0.208 1    
1070: 0.741 0.122 0.048 0.089 1    
1071: 0.067 0.806 0.021 0.106 1    
1072: 0.061 0.627 0.294 0.018 1    
1073: 0.059 0.523 0.067 0.351 1    
1074: 0.226 0.623 0.124 0.027 1    
1075: 0.025 0.547 0.042 0.386 1    
1076: 0.078 0.674 0.193 0.056 1    
1077: 0.175 0.642 0.063 0.120 1    
1078: 0.095 0.794 0.086 0.025 1    
1079: 0.089 0.402 0.071 0.439 1    
1080: 0.016 0.938 0.025 0.021 1    
1081: 0.012 0.971 0.008 0.009 1    
1082: 0.009 0.969 0.013 0.009 1    
1083: 0.012 0.947 0.029 0.011 1    
1084: 0.021 0.910 0.023 0.046 1    
1085: 0.010 0.966 0.014 0.011 1    
1086: 0.027 0.810 0.040 0.123 1    
1087: 0.083 0.063 0.603 0.252 1    
1088: 0.036 0.839 0.022 0.103 1    
1089: 0.261 0.402 0.038 0.298 1    
1090: 0.037 0.613 0.080 0.270 1    
1091: 0.120 0.283 0.486 0.111 1    
1092: 0.015 0.741 0.135 0.109 1    
1093: 0.344 0.243 0.368 0.046 1    
1094: 0.034 0.854 0.062 0.050 1    
1095: 0.075 0.058 0.795 0.072 1    
1096: 0.028 0.672 0.041 0.259 1    
1097: 0.288 0.416 0.183 0.113 1    
1098: 0.111 0.313 0.147 0.429 1    
1099: 0.141 0.592 0.119 0.147 1    
1100: 0.069 0.709 0.137 0.086 1    
1101: 0.039 0.923 0.021 0.017 1    
1102: 0.039 0.925 0.013 0.024 1    
1103: 0.066 0.865 0.019 0.049 1    
1104: 0.053 0.902 0.020 0.025 1    
1105: 0.017 0.950 0.015 0.018 1    
1106: 0.019 0.950 0.012 0.019 1    
1107: 0.173 0.700 0.048 0.079 1    
1108: 0.037 0.912 0.035 0.016 1    
1109: 0.019 0.349 0.498 0.135 1    
1110: 0.031 0.812 0.075 0.082 1    
1111: 0.023 0.303 0.460 0.215 1    
