        D023  2 0.0222 0.0070 0.0067 0.0074 0.0085 0.0098 0.0080 0.9019 0.0081 0.0080 0.0074 0.0051 
        D130  2 0.4306 0.0616 0.0151 0.0700 0.0577 0.0237 0.0633 0.1105 0.0146 0.1143 0.0265 0.0121 
        D131  2 0.0353 0.1514 0.0710 0.0234 0.2378 0.0108 0.1704 0.0292 0.0310 0.1051 0.1018 0.0326 
        D163  2 0.1764 0.0182 0.0228 0.3277 0.0211 0.0217 0.0431 0.2778 0.0217 0.0103 0.0148 0.0444 
        D164  2 0.0115 0.3954 0.0115 0.0198 0.0147 0.0885 0.0166 0.0292 0.0208 0.3684 0.0151 0.0085 
        D165  2 0.0605 0.0128 0.0152 0.0096 0.0079 0.0186 0.0100 0.8209 0.0189 0.0115 0.0073 0.0066 
        D166  2 0.0224 0.0559 0.0323 0.1205 0.0348 0.1641 0.2461 0.0308 0.0593 0.0161 0.2045 0.0133 
        D167  2 0.0050 0.0062 0.0053 0.0060 0.0067 0.9221 0.0072 0.0083 0.0059 0.0109 0.0084 0.0080 
        D192  2 0.0069 0.0064 0.0086 0.0065 0.0061 0.9137 0.0074 0.0073 0.0089 0.0120 0.0088 0.0075 
        D193  2 0.0420 0.0259 0.0594 0.0910 0.0670 0.2968 0.0784 0.0134 0.0210 0.0114 0.1857 0.1079 
        D206  2 0.0182 0.0301 0.0155 0.0450 0.4764 0.0501 0.0469 0.0302 0.0196 0.1018 0.1519 0.0143 
        D207  2 0.0100 0.0249 0.0454 0.0894 0.0241 0.1794 0.2079 0.0917 0.0179 0.2567 0.0361 0.0164 
        D208  2 0.1475 0.0160 0.1922 0.0414 0.0413 0.0634 0.1368 0.1006 0.0356 0.0195 0.0527 0.1530 
        D209  2 0.0148 0.0168 0.0096 0.0150 0.0167 0.7152 0.0362 0.0429 0.0521 0.0265 0.0411 0.0131 
        D210  2 0.0204 0.0194 0.2297 0.0591 0.0145 0.0483 0.0427 0.0656 0.0517 0.0622 0.0303 0.3562 
     D229599  2 0.0351 0.0247 0.1149 0.0322 0.0829 0.0487 0.1855 0.3021 0.0900 0.0148 0.0401 0.0290 
     D229600  2 0.0744 0.0240 0.0194 0.0394 0.0304 0.5768 0.0381 0.0833 0.0241 0.0409 0.0334 0.0157 
     D237227  2 0.1151 0.2545 0.0450 0.0144 0.0229 0.0405 0.0773 0.0591 0.0182 0.0180 0.0589 0.2761 
     D237228  2 0.0138 0.5357 0.0547 0.0166 0.0122 0.0327 0.0783 0.0167 0.0110 0.0187 0.0871 0.1225 
     D237258  2 0.0395 0.0547 0.0612 0.0242 0.0480 0.1624 0.0817 0.2788 0.1172 0.0398 0.0698 0.0227 
     D237310  2 0.0129 0.7028 0.0129 0.0192 0.0084 0.0288 0.0333 0.0099 0.0145 0.0245 0.1050 0.0277 
     D237311  2 0.0127 0.6660 0.0183 0.0344 0.0113 0.1080 0.0251 0.0123 0.0106 0.0494 0.0349 0.0171 
     D237312  2 0.0391 0.4617 0.0118 0.1271 0.0199 0.0205 0.0698 0.0264 0.0669 0.0228 0.1045 0.0294 
     D237313  2 0.0465 0.0857 0.0257 0.0224 0.5602 0.0125 0.0676 0.0331 0.0390 0.0166 0.0451 0.0456 
     D237322  2 0.1410 0.1547 0.1331 0.0342 0.0286 0.0306 0.1976 0.0295 0.0474 0.0519 0.0601 0.0915 
     D237323  2 0.0769 0.5920 0.0394 0.0163 0.0116 0.0265 0.0697 0.0150 0.0144 0.0172 0.0388 0.0823 
     D237324  2 0.1511 0.0456 0.1515 0.0489 0.0450 0.1082 0.1426 0.0513 0.0443 0.1743 0.0247 0.0126 
     D237325  2 0.0496 0.3104 0.0181 0.2157 0.0192 0.1191 0.0947 0.0206 0.0289 0.0398 0.0398 0.0442 
     D237326  2 0.0114 0.6026 0.0353 0.0607 0.0316 0.0197 0.0337 0.0541 0.0286 0.0535 0.0153 0.0536 
     D237327  2 0.1262 0.0146 0.3863 0.0235 0.0130 0.0323 0.0812 0.1371 0.1086 0.0371 0.0193 0.0209 
     D237337  2 0.0144 0.8333 0.0135 0.0213 0.0250 0.0088 0.0148 0.0106 0.0115 0.0113 0.0138 0.0216 
     D237338  2 0.1505 0.1732 0.0475 0.1854 0.0197 0.0417 0.0962 0.0637 0.0258 0.0406 0.0646 0.0910 
     D237339  2 0.0431 0.0145 0.0339 0.0627 0.0525 0.0404 0.0853 0.0224 0.2427 0.3470 0.0405 0.0149 
     D237340  2 0.0511 0.3375 0.0274 0.0658 0.0215 0.1527 0.0583 0.0204 0.0206 0.0666 0.0552 0.1229 
     D237389  2 0.0165 0.5731 0.0117 0.0910 0.0112 0.1438 0.0299 0.0188 0.0178 0.0123 0.0607 0.0132 
     D237390  2 0.0267 0.3458 0.0324 0.2837 0.0332 0.0231 0.0771 0.0220 0.0212 0.0198 0.0711 0.0438 
     D244017  2 0.0089 0.0131 0.0160 0.0087 0.0212 0.7327 0.0613 0.0358 0.0102 0.0151 0.0181 0.0589 
     D244112  2 0.0350 0.0131 0.0184 0.0211 0.0092 0.7550 0.0311 0.0114 0.0138 0.0682 0.0116 0.0123 
     D244118  2 0.0190 0.0080 0.0083 0.0074 0.0067 0.8882 0.0099 0.0179 0.0098 0.0092 0.0063 0.0093 
     D244119  2 0.0132 0.0327 0.0178 0.0095 0.0206 0.2133 0.0195 0.0203 0.0100 0.0991 0.0186 0.5254 
     D244120  2 0.0097 0.0143 0.0203 0.0249 0.0078 0.8024 0.0163 0.0091 0.0149 0.0120 0.0551 0.0132 
     D244122  2 0.0322 0.0128 0.0189 0.0279 0.0157 0.7502 0.0264 0.0203 0.0288 0.0198 0.0273 0.0196 
        D291  2 0.0229 0.0311 0.5162 0.0182 0.1017 0.0800 0.0644 0.1122 0.0136 0.0180 0.0118 0.0098 
        D292  2 0.0166 0.0276 0.0748 0.0255 0.1070 0.3780 0.0871 0.1356 0.0399 0.0206 0.0208 0.0664 
        D293  2 0.0070 0.0090 0.0146 0.0135 0.0158 0.0074 0.0101 0.0091 0.0177 0.8794 0.0093 0.0072 
        D322  2 0.0094 0.0222 0.0137 0.0186 0.0132 0.0221 0.0287 0.0891 0.0959 0.6680 0.0104 0.0087 
        D323  2 0.0243 0.0336 0.0218 0.0333 0.5171 0.1154 0.0649 0.0289 0.0214 0.0675 0.0346 0.0372 
        D324  2 0.0143 0.1331 0.3247 0.0792 0.0716 0.0129 0.0473 0.1948 0.0417 0.0349 0.0197 0.0260 
        D325  2 0.0116 0.0121 0.0270 0.0228 0.0161 0.0082 0.0185 0.0144 0.0205 0.8297 0.0103 0.0088 
        D326  2 0.0105 0.0097 0.0150 0.0099 0.8809 0.0075 0.0108 0.0092 0.0112 0.0108 0.0115 0.0130 
        D340  2 0.0082 0.0135 0.0185 0.0111 0.0118 0.0156 0.0120 0.0104 0.0160 0.8514 0.0120 0.0195 
        D341  2 0.0235 0.0468 0.0207 0.1973 0.0427 0.0263 0.0182 0.0148 0.0220 0.5209 0.0171 0.0494 
        D342  2 0.0168 0.0378 0.0199 0.0324 0.0249 0.5488 0.0538 0.1524 0.0204 0.0601 0.0197 0.0129 
        D343  2 0.0081 0.0063 0.0101 0.0084 0.0080 0.0069 0.0089 0.0087 0.0088 0.9121 0.0068 0.0071 
        D344  2 0.0193 0.0225 0.0108 0.0274 0.0822 0.0403 0.0774 0.0170 0.3179 0.0207 0.3556 0.0089 
        D345  2 0.0161 0.0442 0.0423 0.0145 0.0930 0.0227 0.1483 0.1343 0.3805 0.0232 0.0582 0.0226 
        D346  2 0.0089 0.0471 0.0329 0.0297 0.0615 0.0388 0.0317 0.1264 0.0508 0.0531 0.3081 0.2108 
        D351  2 0.0298 0.0734 0.1447 0.0867 0.2140 0.0135 0.1601 0.0574 0.0664 0.1117 0.0267 0.0157 
        D352  2 0.0231 0.0652 0.0362 0.0185 0.0354 0.0224 0.1272 0.0369 0.3834 0.1022 0.0889 0.0606 
        D353  2 0.0243 0.0219 0.0200 0.0171 0.1981 0.0141 0.1685 0.0289 0.1019 0.0299 0.3634 0.0120 
        D354  2 0.0153 0.0139 0.0148 0.0106 0.0741 0.0131 0.0759 0.0154 0.4554 0.0128 0.2795 0.0190 
        D362  2 0.0203 0.0267 0.0158 0.0195 0.1244 0.0232 0.0244 0.6727 0.0234 0.0195 0.0175 0.0128 
        D363  2 0.0167 0.0184 0.0140 0.0145 0.1268 0.0209 0.0280 0.6810 0.0252 0.0154 0.0241 0.0152 
        D364  2 0.0148 0.0158 0.0126 0.0148 0.1720 0.0212 0.0465 0.0533 0.4013 0.0097 0.2220 0.0160 
        D365  2 0.0067 0.0109 0.0071 0.0076 0.0104 0.0075 0.0075 0.0087 0.0089 0.9002 0.0109 0.0136 
        D369  2 0.0193 0.2247 0.0522 0.0519 0.0763 0.0674 0.0581 0.0875 0.0186 0.1169 0.1101 0.1169 
        D374  2 0.0233 0.0141 0.0294 0.0174 0.0312 0.3096 0.0280 0.0141 0.0175 0.0099 0.2771 0.2285 
        D375  2 0.0164 0.0107 0.0094 0.0148 0.0466 0.0236 0.0766 0.0209 0.4297 0.0108 0.3302 0.0105 
        D376  2 0.0282 0.0217 0.0378 0.0212 0.0169 0.2682 0.0264 0.0198 0.0441 0.0140 0.2588 0.2431 
        D377  2 0.0243 0.2847 0.0273 0.0480 0.0687 0.0203 0.0678 0.0720 0.0501 0.0479 0.2361 0.0529 
        D378  2 0.0144 0.0227 0.0306 0.0183 0.0494 0.0192 0.0497 0.2760 0.2007 0.2887 0.0151 0.0153 
        D379  2 0.0166 0.0119 0.0129 0.0220 0.8270 0.0142 0.0183 0.0129 0.0167 0.0128 0.0178 0.0170 
        D384  2 0.0115 0.0139 0.0104 0.0121 0.8629 0.0052 0.0147 0.0137 0.0086 0.0141 0.0120 0.0207 
        D385  2 0.0126 0.0161 0.0100 0.0125 0.0142 0.0139 0.0197 0.0197 0.0406 0.7693 0.0578 0.0137 
        D386  2 0.0181 0.0203 0.0211 0.0167 0.1287 0.0139 0.1107 0.0559 0.4004 0.1001 0.1031 0.0110 
        D391  2 0.0147 0.0157 0.0118 0.0159 0.0189 0.0145 0.0183 0.0116 0.0226 0.8293 0.0143 0.0124 
        D392  2 0.0132 0.1900 0.0180 0.0116 0.0440 0.0756 0.0216 0.0457 0.0137 0.4977 0.0397 0.0292 
        D393  2 0.0170 0.0197 0.0864 0.0273 0.1182 0.0119 0.0323 0.0817 0.4642 0.1057 0.0164 0.0191 
        D394  2 0.0451 0.1191 0.0547 0.0861 0.0416 0.2072 0.1064 0.0846 0.1442 0.0346 0.0421 0.0342 
        D395  2 0.0220 0.0143 0.0207 0.0100 0.0128 0.0240 0.1104 0.0308 0.0948 0.6011 0.0403 0.0189 
        D401  2 0.0141 0.8368 0.0149 0.0155 0.0098 0.0236 0.0112 0.0079 0.0070 0.0120 0.0305 0.0167 
        D402  2 0.0112 0.0122 0.0369 0.0109 0.0162 0.0178 0.0161 0.0102 0.0525 0.7785 0.0214 0.0161 
        D403  2 0.0530 0.0205 0.0262 0.0281 0.2186 0.0210 0.1066 0.0360 0.3438 0.0242 0.1068 0.0153 
        D415  2 0.0261 0.2476 0.0230 0.0552 0.1676 0.0121 0.1794 0.0427 0.0509 0.0421 0.1439 0.0095 
        D435  2 0.0228 0.0363 0.0637 0.0515 0.0557 0.0186 0.0447 0.0756 0.1785 0.4158 0.0236 0.0130 
        D436  2 0.0654 0.0246 0.0175 0.5337 0.0676 0.0211 0.0529 0.0220 0.0474 0.0316 0.0793 0.0367 
        D438  2 0.0129 0.0138 0.0124 0.0154 0.0107 0.0177 0.0114 0.0177 0.0100 0.8414 0.0205 0.0162 
        D439  2 0.0340 0.0145 0.0227 0.0171 0.0791 0.0196 0.1546 0.1572 0.3237 0.1314 0.0335 0.0127 
        D449  2 0.0087 0.0245 0.0145 0.3192 0.0344 0.3613 0.0357 0.0556 0.0428 0.0615 0.0250 0.0169 
        D450  2 0.0654 0.1025 0.0457 0.0613 0.0635 0.0381 0.1003 0.2579 0.0922 0.0129 0.0995 0.0608 
        D456  2 0.0098 0.0127 0.0215 0.0134 0.8181 0.0070 0.0426 0.0229 0.0157 0.0126 0.0154 0.0083 
        D462  2 0.0222 0.0081 0.0120 0.0100 0.0124 0.0138 0.0176 0.0106 0.0295 0.8318 0.0211 0.0109 
        D463  2 0.0102 0.0095 0.0093 0.0132 0.8835 0.0080 0.0109 0.0081 0.0139 0.0088 0.0113 0.0134 
        D464  2 0.0272 0.0213 0.0142 0.0183 0.0760 0.0317 0.1094 0.0211 0.1095 0.1271 0.4209 0.0234 
        D465  2 0.0112 0.1090 0.0142 0.0200 0.0253 0.0150 0.0168 0.0179 0.0146 0.6856 0.0547 0.0158 
        D473  2 0.0368 0.2902 0.0274 0.0207 0.0184 0.0134 0.0585 0.1013 0.0521 0.0447 0.0684 0.2682 
        D474  2 0.0132 0.0292 0.0568 0.0246 0.0436 0.0198 0.0349 0.6635 0.0431 0.0250 0.0164 0.0299 
        D476  2 0.4622 0.0094 0.0176 0.0123 0.0258 0.0095 0.0412 0.0331 0.1431 0.2243 0.0131 0.0083 
        D477  2 0.0175 0.0549 0.0578 0.0162 0.0872 0.0161 0.0481 0.0482 0.5527 0.0164 0.0619 0.0229 
        D478  2 0.0144 0.0207 0.0266 0.0316 0.0702 0.1985 0.0892 0.4524 0.0333 0.0132 0.0227 0.0272 
        D480  2 0.0220 0.0170 0.0388 0.0431 0.0941 0.0116 0.0311 0.0340 0.3464 0.2728 0.0314 0.0576 
        D481  2 0.0236 0.0313 0.0326 0.0117 0.1953 0.0604 0.0476 0.2256 0.2391 0.0232 0.0445 0.0651 
        D482  2 0.0560 0.0437 0.0993 0.0249 0.0476 0.0390 0.1453 0.0390 0.1937 0.0253 0.1408 0.1453 
        D483  2 0.0096 0.0091 0.0131 0.0060 0.0109 0.8672 0.0133 0.0107 0.0079 0.0228 0.0083 0.0211 
        D484  2 0.0158 0.0100 0.0203 0.0162 0.0095 0.0159 0.0684 0.0155 0.6880 0.0320 0.0877 0.0208 
        D510  2 0.0243 0.0211 0.2520 0.0747 0.0293 0.1332 0.0541 0.0235 0.0216 0.0099 0.0933 0.2629 
        D511  2 0.0205 0.0201 0.0286 0.0180 0.0484 0.0156 0.0365 0.0391 0.5847 0.1515 0.0212 0.0158 
        D512  2 0.0228 0.6526 0.0135 0.0149 0.0121 0.0224 0.0321 0.0135 0.0113 0.0640 0.1332 0.0076 
        D513  2 0.0111 0.0297 0.0369 0.0334 0.0642 0.0115 0.0258 0.0332 0.0151 0.6457 0.0476 0.0458 
        D635  2 0.0073 0.0135 0.0157 0.0107 0.0147 0.0125 0.0099 0.8659 0.0132 0.0164 0.0118 0.0085 
        D636  2 0.0411 0.0350 0.0082 0.0114 0.0147 0.0233 0.0164 0.8036 0.0105 0.0115 0.0116 0.0128 
        D637  2 0.0225 0.0659 0.0285 0.2096 0.0367 0.0423 0.0800 0.0408 0.2124 0.1060 0.1159 0.0392 
        D658  2 0.0749 0.1166 0.0112 0.0187 0.0102 0.0423 0.0527 0.0219 0.0499 0.4545 0.0829 0.0642 
        D659  2 0.0211 0.0152 0.0869 0.4866 0.0869 0.0213 0.0440 0.0714 0.0821 0.0153 0.0267 0.0425 
        D677  2 0.0509 0.0533 0.0226 0.2165 0.4128 0.0450 0.0551 0.0362 0.0275 0.0310 0.0333 0.0157 
        D678  2 0.0087 0.0154 0.0090 0.0105 0.0109 0.8411 0.0273 0.0168 0.0132 0.0132 0.0264 0.0074 
        D679  2 0.0237 0.0233 0.0569 0.0382 0.5627 0.0111 0.0345 0.0340 0.0819 0.0693 0.0283 0.0360 
        D719  2 0.0252 0.0727 0.0670 0.0299 0.1022 0.0205 0.0572 0.0216 0.0218 0.2686 0.0445 0.2687 
        D720  2 0.0149 0.0228 0.0163 0.0220 0.6826 0.0070 0.0310 0.0283 0.0122 0.1223 0.0087 0.0318 
        D721  2 0.0275 0.0107 0.0107 0.0097 0.0099 0.0130 0.0162 0.8493 0.0165 0.0178 0.0084 0.0104 
        D722  2 0.0218 0.0211 0.0593 0.0258 0.0427 0.3232 0.0351 0.0214 0.0204 0.0275 0.2254 0.1765 
        D734  2 0.0323 0.0145 0.0287 0.0355 0.0269 0.0222 0.0609 0.0144 0.1801 0.1938 0.2754 0.1154 
        D735  2 0.0637 0.0850 0.0485 0.0143 0.2398 0.0184 0.0884 0.1365 0.1457 0.1004 0.0201 0.0391 
        D736  2 0.0181 0.0396 0.2176 0.1182 0.0151 0.0447 0.0446 0.2202 0.0504 0.0191 0.0622 0.1501 
        D737  2 0.0311 0.0138 0.0292 0.0133 0.0097 0.7928 0.0248 0.0131 0.0288 0.0104 0.0128 0.0202 
        D807  2 0.0251 0.0682 0.0868 0.1572 0.0431 0.0625 0.0630 0.2163 0.0979 0.0252 0.0606 0.0941 
        D808  2 0.0328 0.4684 0.0354 0.0221 0.0293 0.0281 0.0956 0.0400 0.0184 0.1341 0.0772 0.0185 
        D817  2 0.0211 0.0343 0.0164 0.0304 0.6679 0.0180 0.0459 0.0462 0.0181 0.0194 0.0652 0.0170 
        D818  2 0.0364 0.0164 0.0898 0.0661 0.0418 0.0167 0.1637 0.1738 0.0165 0.3097 0.0467 0.0223 
        D819  2 0.0217 0.4274 0.0167 0.0209 0.0902 0.0203 0.0515 0.0481 0.0428 0.0203 0.2211 0.0192 
        D820  2 0.0172 0.0134 0.0512 0.4021 0.1122 0.0085 0.0426 0.0249 0.0552 0.2357 0.0217 0.0154 
        D895  2 0.0416 0.0516 0.0336 0.2285 0.1297 0.0895 0.1334 0.0609 0.1312 0.0196 0.0532 0.0271 
        D896  2 0.0100 0.8652 0.0084 0.0183 0.0097 0.0090 0.0121 0.0116 0.0089 0.0102 0.0182 0.0184 
        D897  2 0.0224 0.0640 0.0404 0.1035 0.0388 0.2714 0.1104 0.0467 0.0884 0.1556 0.0201 0.0384 
        D898  2 0.0230 0.2320 0.1006 0.0260 0.0409 0.0804 0.2138 0.1411 0.0422 0.0121 0.0595 0.0284 
        D918  2 0.0548 0.2261 0.0333 0.1564 0.0465 0.0145 0.0589 0.0268 0.0824 0.1150 0.1132 0.0720 
        D919  2 0.0322 0.0131 0.0538 0.0247 0.1690 0.0712 0.1401 0.1128 0.2340 0.1141 0.0206 0.0143 
        D920  2 0.5123 0.0337 0.0171 0.0772 0.0308 0.1088 0.0491 0.0646 0.0257 0.0167 0.0298 0.0342 
        D923  2 0.0223 0.0336 0.0199 0.0427 0.3896 0.0234 0.0725 0.1291 0.1199 0.0448 0.0858 0.0164 
        D930  2 0.0199 0.0896 0.0248 0.0358 0.3242 0.0179 0.0511 0.0478 0.1053 0.0791 0.1064 0.0980 
        D931  2 0.0294 0.0463 0.0274 0.0290 0.0338 0.0542 0.0761 0.1175 0.2043 0.1295 0.2288 0.0237 
        D968  2 0.0112 0.0113 0.0311 0.0174 0.0175 0.0226 0.0224 0.0137 0.0108 0.8133 0.0164 0.0123 
        D969  2 0.0243 0.0474 0.0892 0.0349 0.1585 0.1485 0.1433 0.1355 0.0626 0.0729 0.0356 0.0472 
        D977  2 0.0458 0.0220 0.0231 0.0462 0.0212 0.0495 0.0483 0.0299 0.0318 0.6120 0.0537 0.0166 
        D978  2 0.0346 0.0154 0.1942 0.0216 0.2156 0.1529 0.1785 0.0727 0.0361 0.0293 0.0228 0.0263 
        D009  4 0.6651 0.0233 0.0127 0.0390 0.0427 0.0259 0.0810 0.0364 0.0176 0.0131 0.0181 0.0251 
        D057  4 0.8159 0.0072 0.0190 0.0118 0.0105 0.0129 0.0281 0.0079 0.0216 0.0418 0.0092 0.0141 
        D109  4 0.0486 0.7059 0.0152 0.0242 0.0151 0.0126 0.0252 0.0166 0.0313 0.0122 0.0670 0.0263 
     D237222  4 0.5281 0.0138 0.0272 0.0439 0.0206 0.1232 0.0477 0.0663 0.0214 0.0174 0.0178 0.0726 
     D237223  4 0.0124 0.0198 0.0207 0.7491 0.0109 0.0151 0.0345 0.0155 0.0282 0.0418 0.0161 0.0360 
     D237224  4 0.0343 0.0197 0.0956 0.0200 0.1653 0.1160 0.1458 0.1023 0.1592 0.0308 0.0854 0.0256 
     D237225  4 0.2320 0.0229 0.0368 0.2338 0.0739 0.0273 0.1806 0.0786 0.0269 0.0251 0.0191 0.0432 
     D237299  4 0.0191 0.2317 0.0561 0.1062 0.0225 0.0156 0.1762 0.0170 0.0202 0.0246 0.2420 0.0688 
     D237300  4 0.0175 0.0229 0.6566 0.0223 0.0165 0.0554 0.0326 0.0170 0.0169 0.0152 0.0914 0.0358 
     D237306  4 0.0128 0.0349 0.0171 0.6183 0.0143 0.0264 0.0216 0.0188 0.0238 0.0148 0.0660 0.1313 
     D237307  4 0.1454 0.0214 0.0531 0.0263 0.4765 0.0232 0.0455 0.0170 0.0120 0.0339 0.0296 0.1162 
     D237308  4 0.0539 0.0458 0.0301 0.0437 0.0505 0.2402 0.0622 0.0368 0.1957 0.1425 0.0177 0.0809 
     D237309  4 0.2006 0.0278 0.0375 0.0347 0.0281 0.0294 0.1759 0.3364 0.0799 0.0148 0.0227 0.0122 
     D237317  4 0.0507 0.0289 0.0478 0.0390 0.2296 0.0228 0.0913 0.3056 0.0439 0.0200 0.0198 0.1008 
     D237318  4 0.0119 0.0165 0.7793 0.0147 0.0238 0.0325 0.0226 0.0194 0.0101 0.0333 0.0233 0.0127 
     D237319  4 0.0523 0.1480 0.0352 0.0769 0.2349 0.0945 0.1363 0.0129 0.0223 0.0280 0.1287 0.0299 
     D237320  4 0.0143 0.0352 0.0385 0.7556 0.0147 0.0307 0.0245 0.0202 0.0162 0.0176 0.0137 0.0187 
     D237321  4 0.0230 0.0688 0.2779 0.0225 0.0668 0.2546 0.1065 0.0496 0.0197 0.0169 0.0530 0.0407 
     D237397  4 0.0900 0.0156 0.0681 0.5371 0.0226 0.0562 0.0366 0.0154 0.0168 0.0265 0.0188 0.0964 
     D237398  4 0.0134 0.0203 0.6110 0.0287 0.0892 0.0139 0.0331 0.0305 0.0853 0.0405 0.0236 0.0105 
     D237399  4 0.0338 0.0510 0.2081 0.1924 0.0545 0.0284 0.1093 0.1004 0.0276 0.0253 0.0186 0.1508 
     D244001  4 0.5904 0.0103 0.0302 0.0335 0.0207 0.1271 0.0624 0.0269 0.0303 0.0258 0.0215 0.0207 
        D289  4 0.0610 0.0213 0.1335 0.1471 0.0349 0.0665 0.0597 0.0765 0.1100 0.0584 0.0549 0.1762 
        D290  4 0.1255 0.0143 0.1697 0.0216 0.0226 0.1683 0.3505 0.0151 0.0502 0.0237 0.0143 0.0243 
        D294  4 0.1689 0.0143 0.0752 0.0230 0.0365 0.0606 0.2129 0.0804 0.2461 0.0229 0.0354 0.0239 
        D295  4 0.0731 0.1298 0.0263 0.3984 0.0698 0.0332 0.0841 0.0234 0.0569 0.0275 0.0286 0.0490 
        D301  4 0.3897 0.0340 0.0405 0.0325 0.0397 0.2384 0.0498 0.0370 0.0122 0.0123 0.0434 0.0705 
        D302  4 0.0214 0.0117 0.0145 0.0209 0.0297 0.0114 0.0270 0.0465 0.7790 0.0101 0.0179 0.0100 
        D303  4 0.0265 0.0596 0.0191 0.0315 0.0118 0.0528 0.0397 0.0182 0.0430 0.0182 0.1874 0.4923 
        D304  4 0.0976 0.0119 0.3064 0.0167 0.0802 0.0811 0.2706 0.0365 0.0250 0.0168 0.0183 0.0386 
        D305  4 0.1298 0.0177 0.0495 0.0343 0.0271 0.2422 0.1938 0.0235 0.1995 0.0393 0.0342 0.0091 
        D306  4 0.0180 0.0207 0.0251 0.0179 0.0233 0.3145 0.4670 0.0423 0.0121 0.0144 0.0191 0.0257 
        D307  4 0.8400 0.0141 0.0134 0.0085 0.0112 0.0106 0.0134 0.0204 0.0134 0.0088 0.0129 0.0333 
        D327  4 0.0259 0.0168 0.0261 0.0559 0.6628 0.0210 0.0736 0.0235 0.0154 0.0291 0.0270 0.0229 
        D328  4 0.0668 0.0345 0.0192 0.0928 0.0234 0.0439 0.0491 0.0145 0.0715 0.0150 0.4520 0.1171 
        D329  4 0.1956 0.0355 0.0405 0.0210 0.0219 0.1912 0.1232 0.0238 0.2592 0.0220 0.0350 0.0311 
        D330  4 0.0253 0.0337 0.0110 0.5564 0.0396 0.0312 0.0985 0.0838 0.0455 0.0371 0.0252 0.0127 
        D331  4 0.0694 0.0469 0.1674 0.0137 0.2247 0.0394 0.2272 0.0424 0.0468 0.0258 0.0273 0.0687 
        D333  4 0.4400 0.0358 0.0597 0.1169 0.0195 0.0423 0.0870 0.0259 0.0764 0.0324 0.0250 0.0392 
        D334  4 0.2995 0.0173 0.0528 0.0181 0.0275 0.0133 0.0620 0.0443 0.0646 0.0195 0.0325 0.3486 
        D335  4 0.0882 0.0182 0.0203 0.0317 0.3404 0.0226 0.0553 0.0643 0.2577 0.0589 0.0163 0.0262 
        D370  4 0.0514 0.0977 0.0375 0.0225 0.0453 0.2550 0.0872 0.0367 0.0831 0.0191 0.1838 0.0807 
        D371  4 0.0213 0.0330 0.0249 0.0310 0.1473 0.0760 0.0246 0.0136 0.0444 0.0299 0.2558 0.2982 
        D372  4 0.0186 0.0201 0.5164 0.0120 0.0164 0.1978 0.1175 0.0149 0.0133 0.0120 0.0218 0.0391 
        D373  4 0.7016 0.0116 0.0203 0.0103 0.0331 0.0246 0.0315 0.0822 0.0283 0.0139 0.0302 0.0125 
        D455  4 0.8439 0.0102 0.0163 0.0094 0.0117 0.0152 0.0217 0.0187 0.0218 0.0097 0.0080 0.0135 
        D490  4 0.8959 0.0100 0.0080 0.0136 0.0103 0.0084 0.0097 0.0099 0.0111 0.0065 0.0086 0.0081 
        D497  4 0.7702 0.0200 0.0215 0.0217 0.0090 0.0122 0.0239 0.0479 0.0176 0.0103 0.0365 0.0093 
        D498  4 0.0661 0.1011 0.1291 0.0211 0.1077 0.0788 0.2468 0.0256 0.0313 0.0319 0.0348 0.1258 
        D499  4 0.0146 0.1078 0.0256 0.0289 0.0251 0.0526 0.0537 0.0191 0.0523 0.0519 0.5368 0.0316 
        D514  4 0.0507 0.0815 0.0709 0.0539 0.0835 0.0516 0.2178 0.0659 0.1784 0.0262 0.1101 0.0095 
        D515  4 0.0099 0.0208 0.0090 0.8244 0.0123 0.0136 0.0157 0.0183 0.0189 0.0169 0.0297 0.0105 
        D516  4 0.0759 0.0913 0.0679 0.2512 0.1342 0.0585 0.0895 0.0359 0.0183 0.0875 0.0283 0.0613 
        D517  4 0.4354 0.0283 0.0469 0.0407 0.0194 0.0293 0.1764 0.1615 0.0147 0.0120 0.0119 0.0234 
        D518  4 0.7706 0.0092 0.0093 0.0162 0.0247 0.0166 0.0385 0.0118 0.0345 0.0271 0.0153 0.0263 
        D519  4 0.0103 0.0148 0.0190 0.8655 0.0103 0.0125 0.0123 0.0143 0.0122 0.0110 0.0103 0.0076 
        D560  4 0.0326 0.0195 0.0279 0.6222 0.1078 0.0293 0.0334 0.0134 0.0306 0.0218 0.0504 0.0111 
        D561  4 0.0804 0.1337 0.0263 0.0576 0.0431 0.0247 0.2364 0.1767 0.0390 0.1274 0.0444 0.0102 
        D562  4 0.1547 0.0307 0.0965 0.0287 0.0711 0.1405 0.1774 0.0826 0.0893 0.0400 0.0544 0.0343 
        D563  4 0.0451 0.0378 0.0532 0.0215 0.0332 0.0740 0.1222 0.0754 0.1765 0.2301 0.1123 0.0186 
        D572  4 0.4151 0.0133 0.0245 0.0227 0.0354 0.0324 0.0617 0.0245 0.1792 0.0621 0.1017 0.0274 
        D629  4 0.0469 0.0257 0.0767 0.0474 0.1674 0.0169 0.0469 0.2906 0.1445 0.0214 0.0990 0.0168 
        D630  4 0.1432 0.0219 0.0608 0.3010 0.0485 0.0466 0.1067 0.0774 0.0657 0.0227 0.0640 0.0415 
        D631  4 0.5846 0.0237 0.0222 0.0284 0.0206 0.0189 0.0702 0.0165 0.0947 0.0824 0.0240 0.0139 
        D632  4 0.1113 0.0578 0.0107 0.0157 0.0420 0.0952 0.0322 0.0663 0.3047 0.0633 0.1897 0.0111 
        D646  4 0.0106 0.0113 0.0143 0.8585 0.0146 0.0184 0.0136 0.0104 0.0125 0.0157 0.0075 0.0126 
        D647  4 0.0758 0.0437 0.0500 0.2386 0.2318 0.0667 0.1153 0.0257 0.0564 0.0548 0.0294 0.0119 
        D648  4 0.0575 0.0138 0.0084 0.0219 0.0170 0.0459 0.0479 0.0122 0.0847 0.0170 0.6476 0.0260 
        D649  4 0.0301 0.2421 0.0213 0.0237 0.0762 0.0106 0.0573 0.0245 0.4200 0.0204 0.0589 0.0149 
        D650  4 0.1312 0.0863 0.0439 0.0612 0.3473 0.0102 0.0499 0.0568 0.0302 0.0628 0.0720 0.0482 
        D708  4 0.0561 0.0394 0.0695 0.0787 0.0802 0.0606 0.1059 0.0310 0.1194 0.0141 0.2457 0.0996 
        D709  4 0.0201 0.1946 0.0260 0.0492 0.0673 0.1447 0.3459 0.0249 0.0198 0.0310 0.0460 0.0305 
        D738  4 0.0435 0.0391 0.0355 0.4147 0.0246 0.0117 0.0332 0.0324 0.0163 0.0138 0.0106 0.3244 
        D739  4 0.5659 0.0167 0.0430 0.0550 0.0232 0.0551 0.0991 0.0261 0.0240 0.0179 0.0492 0.0249 
        D740  4 0.0715 0.1407 0.0803 0.0170 0.0236 0.0294 0.2492 0.0467 0.0587 0.0385 0.0261 0.2182 
        D741  4 0.0086 0.0212 0.0150 0.8128 0.0139 0.0078 0.0136 0.0103 0.0090 0.0573 0.0230 0.0075 
        D742  4 0.0985 0.0447 0.0558 0.1030 0.0200 0.0268 0.0737 0.0472 0.0248 0.3446 0.1133 0.0475 
        D743  4 0.0372 0.0182 0.0467 0.0431 0.2036 0.0224 0.0668 0.0360 0.1154 0.1536 0.2342 0.0227 
        D744  4 0.0109 0.0183 0.0140 0.0262 0.0240 0.0165 0.0299 0.0241 0.7518 0.0364 0.0340 0.0139 
        D745  4 0.0226 0.0210 0.0185 0.8069 0.0117 0.0101 0.0176 0.0155 0.0213 0.0132 0.0276 0.0142 
        D814  4 0.0337 0.0081 0.0401 0.3295 0.0235 0.2864 0.0671 0.0303 0.0642 0.0336 0.0664 0.0171 
        D815  4 0.0285 0.0367 0.0345 0.0490 0.0810 0.0386 0.1545 0.0233 0.4435 0.0306 0.0547 0.0250 
        D828  4 0.0274 0.0239 0.0424 0.0284 0.0250 0.4757 0.1030 0.0299 0.0676 0.0115 0.0801 0.0851 
        D845  4 0.0142 0.0107 0.7876 0.0179 0.0203 0.0081 0.0249 0.0115 0.0171 0.0434 0.0114 0.0327 
        D846  4 0.3074 0.0135 0.0389 0.0235 0.2139 0.0585 0.1137 0.0521 0.0763 0.0681 0.0261 0.0079 
        D847  4 0.2003 0.0683 0.1695 0.0371 0.0508 0.0255 0.2106 0.0867 0.0343 0.0480 0.0277 0.0411 
        D848  4 0.6458 0.0092 0.0842 0.0052 0.0122 0.0238 0.0283 0.1192 0.0221 0.0248 0.0104 0.0147 
        D849  4 0.2845 0.0487 0.0222 0.3420 0.0379 0.0379 0.0857 0.0426 0.0202 0.0360 0.0280 0.0143 
        D850  4 0.0244 0.0386 0.1643 0.1740 0.0423 0.0112 0.0715 0.3380 0.0270 0.0568 0.0181 0.0339 
        D856  4 0.0385 0.4556 0.0248 0.0203 0.0798 0.0179 0.1620 0.0148 0.0298 0.0201 0.1104 0.0261 
        D857  4 0.0432 0.5370 0.0107 0.0137 0.0106 0.1963 0.0606 0.0130 0.0136 0.0181 0.0507 0.0324 
        D859  4 0.0520 0.0264 0.1060 0.2066 0.0311 0.0908 0.1089 0.0327 0.0863 0.0307 0.2084 0.0201 
        D860  4 0.0173 0.0147 0.1921 0.0129 0.0824 0.0532 0.0618 0.0510 0.0392 0.0672 0.0163 0.3921 
        D883  4 0.4266 0.0817 0.0465 0.0960 0.0484 0.0289 0.0678 0.0454 0.0699 0.0213 0.0380 0.0294 
        D884  4 0.0148 0.0146 0.0094 0.8495 0.0126 0.0084 0.0123 0.0089 0.0159 0.0095 0.0254 0.0187 
        D885  4 0.1137 0.0535 0.0721 0.0994 0.0642 0.0097 0.1246 0.1106 0.0197 0.2303 0.0777 0.0247 
        D886  4 0.2591 0.0760 0.0345 0.0349 0.1419 0.0618 0.1804 0.0341 0.0966 0.0472 0.0184 0.0151 
        D887  4 0.0254 0.0778 0.1198 0.0499 0.0193 0.0356 0.1007 0.0890 0.1462 0.0440 0.2637 0.0286 
        D889  4 0.0242 0.0098 0.6267 0.0457 0.0274 0.0333 0.1208 0.0217 0.0460 0.0083 0.0208 0.0152 
        D890  4 0.0511 0.1440 0.0369 0.0186 0.0652 0.0775 0.0762 0.1467 0.0629 0.0359 0.2464 0.0386 
        D891  4 0.0063 0.0062 0.9112 0.0077 0.0091 0.0066 0.0102 0.0082 0.0084 0.0097 0.0078 0.0087 
        D899  4 0.0825 0.0192 0.1157 0.0338 0.0186 0.1171 0.0867 0.0599 0.0389 0.2730 0.0888 0.0657 
        D900  4 0.1299 0.0379 0.0671 0.0698 0.0851 0.0505 0.2480 0.0945 0.0669 0.0514 0.0711 0.0280 
        D970  4 0.4279 0.0141 0.0694 0.0167 0.1180 0.0359 0.0829 0.0599 0.0855 0.0333 0.0289 0.0274 
        D971  4 0.0429 0.0455 0.0156 0.0126 0.1668 0.0769 0.0565 0.0374 0.0974 0.3794 0.0120 0.0571 
        D979  4 0.0343 0.0100 0.0131 0.0172 0.7650 0.0087 0.0323 0.0252 0.0288 0.0312 0.0182 0.0159 
        D093  5 0.0551 0.0275 0.0250 0.0521 0.0184 0.0205 0.0351 0.0264 0.0154 0.0140 0.0313 0.6794 
        D154  5 0.0454 0.0530 0.1709 0.1832 0.0421 0.0318 0.1156 0.0320 0.0219 0.1587 0.1107 0.0346 
        D168  5 0.0533 0.0463 0.0651 0.1688 0.0771 0.1091 0.1158 0.0557 0.0459 0.1760 0.0668 0.0202 
        D189  5 0.0677 0.0294 0.2323 0.0580 0.0361 0.0331 0.1068 0.0286 0.0334 0.0226 0.0500 0.3019 
        D190  5 0.0260 0.0300 0.0239 0.0296 0.1151 0.0198 0.0231 0.0143 0.0364 0.0241 0.0785 0.5793 
     D237220  5 0.2444 0.0543 0.2065 0.0492 0.0313 0.0159 0.1470 0.0271 0.0453 0.0203 0.0132 0.1455 
     D237221  5 0.0500 0.0588 0.1232 0.0395 0.1663 0.0410 0.0895 0.0436 0.0257 0.0997 0.0511 0.2116 
     D237274  5 0.0142 0.0309 0.0275 0.1909 0.1821 0.0230 0.1001 0.0806 0.1524 0.0847 0.1018 0.0118 
     D237275  5 0.0347 0.0514 0.0870 0.0150 0.0282 0.2729 0.1176 0.0214 0.0108 0.2899 0.0360 0.0350 
     D237276  5 0.0541 0.0589 0.0248 0.3711 0.0542 0.0443 0.0747 0.0257 0.0495 0.0279 0.0341 0.1807 
     D237277  5 0.0138 0.0505 0.0546 0.0235 0.0578 0.0219 0.0345 0.0235 0.0357 0.0300 0.1683 0.4860 
     D237278  5 0.0887 0.1141 0.0195 0.0163 0.0215 0.1024 0.0945 0.0417 0.0695 0.1645 0.1677 0.0997 
     D237279  5 0.0214 0.4426 0.0381 0.0178 0.0174 0.0105 0.0647 0.2637 0.0474 0.0198 0.0444 0.0121 
     D237280  5 0.0694 0.2086 0.0301 0.0199 0.1345 0.0528 0.1305 0.0764 0.1522 0.0111 0.0455 0.0690 
     D237281  5 0.0132 0.0201 0.4627 0.1051 0.0303 0.0917 0.0450 0.0361 0.0275 0.1177 0.0250 0.0257 
     D237351  5 0.0250 0.7381 0.0156 0.0452 0.0240 0.0107 0.0219 0.0266 0.0144 0.0112 0.0171 0.0503 
     D237352  5 0.4035 0.0200 0.0166 0.0284 0.1183 0.0208 0.0380 0.0899 0.0918 0.1091 0.0298 0.0338 
     D237353  5 0.0116 0.0346 0.0222 0.0125 0.0599 0.0191 0.0143 0.0110 0.0292 0.0135 0.0629 0.7095 
     D237359  5 0.2345 0.0266 0.2855 0.0385 0.0828 0.0174 0.1253 0.0173 0.0352 0.0204 0.0335 0.0830 
     D237361  5 0.0123 0.0533 0.0292 0.0201 0.0278 0.0205 0.0336 0.0324 0.0155 0.0150 0.0218 0.7185 
     D237362  5 0.0334 0.0610 0.0275 0.0569 0.5080 0.0142 0.0423 0.0234 0.0235 0.0422 0.1183 0.0495 
     D237363  5 0.0190 0.0790 0.0663 0.0496 0.3004 0.0746 0.1505 0.0262 0.0165 0.1011 0.0557 0.0610 
     D237364  5 0.3131 0.0866 0.0485 0.0379 0.0835 0.0221 0.1209 0.0554 0.0561 0.1047 0.0614 0.0097 
     D237376  5 0.0188 0.0182 0.0180 0.0169 0.0082 0.0467 0.0319 0.0138 0.0487 0.0144 0.7167 0.0476 
     D237377  5 0.0265 0.3644 0.0232 0.0148 0.1815 0.0289 0.0597 0.0852 0.0496 0.0250 0.0240 0.1171 
     D237378  5 0.1514 0.0180 0.0334 0.0274 0.0177 0.1935 0.0427 0.0145 0.0229 0.0168 0.2138 0.2478 
     D237379  5 0.0516 0.0303 0.0287 0.0435 0.0452 0.0506 0.0837 0.0170 0.0775 0.0370 0.4109 0.1239 
     D237380  5 0.0422 0.2214 0.0168 0.0187 0.0319 0.1083 0.0560 0.0134 0.2115 0.0087 0.1911 0.0800 
     D237381  5 0.1905 0.0579 0.0455 0.0689 0.0651 0.1886 0.0829 0.0901 0.0884 0.0216 0.0361 0.0644 
     D237391  5 0.0148 0.0215 0.0276 0.0357 0.0326 0.0110 0.0342 0.0413 0.0196 0.0161 0.0192 0.7264 
     D237392  5 0.0100 0.0559 0.0286 0.1012 0.1042 0.0489 0.0756 0.0990 0.0649 0.1788 0.2182 0.0147 
     D237393  5 0.0506 0.0751 0.0542 0.0588 0.0762 0.1322 0.0765 0.1652 0.1023 0.0370 0.0272 0.1447 
     D237394  5 0.0183 0.0190 0.0120 0.0166 0.0460 0.0074 0.0147 0.0239 0.0252 0.0104 0.0508 0.7557 
     D237395  5 0.0410 0.0873 0.0603 0.0765 0.0284 0.0654 0.1004 0.0779 0.0306 0.0271 0.0732 0.3320 
     D237396  5 0.0206 0.0216 0.0627 0.0226 0.0522 0.0156 0.0260 0.5097 0.0536 0.1101 0.0125 0.0925 
     D244016  5 0.0170 0.0439 0.0620 0.0164 0.0872 0.0159 0.1003 0.0496 0.2327 0.0937 0.0866 0.1947 
     D244018  5 0.2785 0.0218 0.0663 0.0372 0.0290 0.0214 0.0460 0.0381 0.0115 0.2902 0.0154 0.1446 
     D244019  5 0.0126 0.0165 0.0322 0.0254 0.6859 0.0380 0.0554 0.0237 0.0242 0.0468 0.0213 0.0180 
        D279  5 0.1365 0.0384 0.2379 0.0815 0.0394 0.0115 0.1300 0.0181 0.0358 0.1187 0.0450 0.1071 
        D280  5 0.0242 0.0258 0.1480 0.0105 0.0129 0.0267 0.1091 0.5448 0.0283 0.0130 0.0204 0.0364 
        D281  5 0.0169 0.0186 0.6204 0.0436 0.0146 0.0180 0.0789 0.0429 0.0231 0.0594 0.0220 0.0416 
        D283  5 0.0484 0.0261 0.1431 0.0757 0.0962 0.0216 0.0441 0.3103 0.0212 0.0149 0.0239 0.1745 
        D284  5 0.1630 0.1489 0.1157 0.0520 0.0475 0.0196 0.1310 0.0311 0.0654 0.0728 0.1325 0.0207 
        D285  5 0.0449 0.0530 0.3636 0.0382 0.0471 0.0159 0.0832 0.0508 0.0433 0.0112 0.0243 0.2245 
        D286  5 0.0954 0.0246 0.0357 0.0810 0.0906 0.0375 0.1171 0.0625 0.1106 0.0235 0.0738 0.2478 
        D287  5 0.0186 0.0374 0.0180 0.0174 0.0173 0.0833 0.0589 0.0165 0.0476 0.0084 0.6169 0.0597 
        D288  5 0.0224 0.0211 0.2664 0.0259 0.2353 0.0259 0.0661 0.2395 0.0232 0.0196 0.0322 0.0225 
        D308  5 0.0070 0.7389 0.0160 0.0214 0.0458 0.0162 0.0203 0.0253 0.0303 0.0158 0.0363 0.0267 
        D309  5 0.0170 0.0077 0.0085 0.0098 0.0084 0.0079 0.0104 0.0198 0.8768 0.0102 0.0112 0.0123 
        D310  5 0.0192 0.0166 0.0437 0.0269 0.0249 0.0247 0.0698 0.0293 0.0146 0.0095 0.0184 0.7024 
        D311  5 0.0342 0.0211 0.0130 0.0732 0.6245 0.0241 0.0805 0.0106 0.0189 0.0181 0.0385 0.0433 
        D312  5 0.0591 0.0450 0.0359 0.0530 0.0235 0.0614 0.0704 0.4110 0.0773 0.0232 0.1023 0.0381 
        D313  5 0.2955 0.5302 0.0083 0.0148 0.0137 0.0133 0.0141 0.0405 0.0088 0.0096 0.0090 0.0423 
        D314  5 0.0986 0.0656 0.0458 0.1573 0.0434 0.0357 0.1584 0.0370 0.0872 0.0455 0.1579 0.0677 
        D315  5 0.0201 0.0591 0.0220 0.0201 0.0547 0.3037 0.0898 0.1307 0.0687 0.0144 0.1181 0.0987 
        D317  5 0.0656 0.0165 0.0247 0.0458 0.0417 0.0331 0.0250 0.0326 0.0094 0.0097 0.0317 0.6641 
        D318  5 0.0248 0.0400 0.0450 0.0770 0.0697 0.0329 0.1779 0.1447 0.1178 0.0672 0.1660 0.0371 
        D319  5 0.0155 0.0291 0.0275 0.0431 0.0126 0.0140 0.0316 0.0138 0.0126 0.0153 0.0141 0.7708 
        D320  5 0.0225 0.0308 0.0838 0.0326 0.0325 0.0237 0.0487 0.0227 0.0500 0.0127 0.0526 0.5872 
        D321  5 0.0136 0.5889 0.1114 0.0198 0.1249 0.0104 0.0214 0.0356 0.0148 0.0121 0.0160 0.0310 
        D336  5 0.0481 0.0138 0.0197 0.0234 0.0169 0.0559 0.1604 0.0138 0.0177 0.0102 0.0459 0.5742 
        D337  5 0.0136 0.0135 0.0584 0.0160 0.0334 0.0175 0.0244 0.0253 0.0204 0.0243 0.0215 0.7318 
        D338  5 0.2518 0.1309 0.0898 0.0236 0.1163 0.0131 0.1104 0.0338 0.0392 0.0777 0.0268 0.0866 
        D339  5 0.0295 0.0238 0.0432 0.0353 0.0440 0.0643 0.0495 0.0116 0.0108 0.0220 0.0160 0.6499 
        D347  5 0.0180 0.0079 0.0395 0.0374 0.0767 0.4784 0.2157 0.0361 0.0250 0.0164 0.0162 0.0327 
        D348  5 0.0364 0.0097 0.0281 0.0286 0.0453 0.1404 0.0360 0.0293 0.0383 0.0132 0.0874 0.5074 
        D349  5 0.0106 0.7998 0.0183 0.0111 0.0165 0.0131 0.0185 0.0277 0.0229 0.0156 0.0144 0.0316 
        D350  5 0.0183 0.0138 0.0138 0.0409 0.0084 0.0131 0.0131 0.0114 0.8007 0.0142 0.0400 0.0123 
        D355  5 0.0194 0.0381 0.4381 0.1769 0.0281 0.0191 0.0525 0.0212 0.0381 0.1278 0.0217 0.0189 
        D356  5 0.0454 0.0718 0.0487 0.0195 0.1004 0.0451 0.0914 0.2842 0.0329 0.0233 0.0770 0.1604 
        D357  5 0.0225 0.0400 0.0663 0.0651 0.0653 0.2341 0.2237 0.1010 0.0891 0.0122 0.0572 0.0235 
        D358  5 0.0262 0.0576 0.0468 0.0297 0.0167 0.0595 0.0473 0.2345 0.0975 0.0246 0.1383 0.2213 
        D359  5 0.0185 0.0325 0.0502 0.1293 0.2612 0.0188 0.0532 0.1461 0.0391 0.0142 0.0187 0.2182 
        D360  5 0.0342 0.0345 0.0583 0.0211 0.0794 0.0271 0.0781 0.3074 0.0270 0.0148 0.0446 0.2735 
        D361  5 0.0118 0.8331 0.0093 0.0175 0.0181 0.0285 0.0180 0.0163 0.0105 0.0094 0.0114 0.0162 
        D366  5 0.0238 0.0191 0.0146 0.0195 0.1167 0.0160 0.0271 0.0192 0.0167 0.6774 0.0217 0.0281 
        D367  5 0.1885 0.1066 0.0443 0.0615 0.0219 0.0195 0.1053 0.0304 0.0237 0.0181 0.0773 0.3029 
        D368  5 0.0153 0.5210 0.0240 0.0560 0.0593 0.0188 0.0534 0.0862 0.0187 0.0197 0.0672 0.0604 
        D380  5 0.0139 0.0123 0.0318 0.0185 0.0248 0.0101 0.0184 0.1006 0.6803 0.0327 0.0338 0.0228 
        D381  5 0.0636 0.0207 0.1384 0.0290 0.1013 0.0218 0.1093 0.0483 0.0349 0.0310 0.0165 0.3854 
        D400  5 0.1913 0.0177 0.0650 0.0718 0.0705 0.1161 0.2088 0.0273 0.0289 0.0292 0.0197 0.1537 
        D411  5 0.2072 0.0720 0.0150 0.0850 0.0166 0.0529 0.0293 0.0546 0.0100 0.0163 0.4346 0.0067 
        D412  5 0.0320 0.0134 0.0372 0.0213 0.0474 0.4831 0.1654 0.0965 0.0189 0.0151 0.0109 0.0589 
        D413  5 0.0247 0.0467 0.0212 0.0194 0.0498 0.0284 0.0403 0.0553 0.0734 0.5730 0.0468 0.0210 
        D414  5 0.0143 0.0147 0.0358 0.0549 0.0121 0.0225 0.0263 0.0130 0.6367 0.0454 0.1037 0.0206 
        D420  5 0.0558 0.0640 0.3459 0.0152 0.0340 0.0255 0.1262 0.2406 0.0234 0.0107 0.0285 0.0302 
        D431  5 0.0103 0.0366 0.0432 0.0155 0.0105 0.0388 0.0340 0.0165 0.1265 0.0076 0.6471 0.0135 
        D432  5 0.0526 0.0338 0.0332 0.0244 0.0226 0.1988 0.0994 0.2212 0.0903 0.0159 0.0252 0.1826 
        D433  5 0.0207 0.0946 0.1320 0.0354 0.0695 0.0339 0.0700 0.0381 0.0191 0.0211 0.0420 0.4237 
        D434  5 0.1152 0.0304 0.1038 0.0786 0.0785 0.0259 0.1242 0.0654 0.0586 0.0214 0.0202 0.2778 
        D440  5 0.0535 0.0223 0.0143 0.0205 0.0138 0.0110 0.0248 0.0096 0.7684 0.0149 0.0254 0.0216 
        D447  5 0.0084 0.0195 0.0226 0.4376 0.0335 0.1472 0.0623 0.1265 0.0804 0.0241 0.0264 0.0114 
        D448  5 0.0414 0.0157 0.0379 0.1880 0.0343 0.3463 0.0804 0.0314 0.0127 0.0111 0.0849 0.1159 
        D459  5 0.0323 0.0114 0.3155 0.1013 0.0167 0.0178 0.0390 0.0175 0.0196 0.3915 0.0185 0.0189 
        D460  5 0.0077 0.7230 0.0114 0.0225 0.0274 0.0107 0.0146 0.0923 0.0230 0.0169 0.0271 0.0233 
        D461  5 0.0125 0.0113 0.0120 0.0139 0.0203 0.0088 0.0155 0.0224 0.8333 0.0138 0.0232 0.0129 
        D468  5 0.0191 0.1243 0.0134 0.0778 0.0631 0.0216 0.0217 0.0206 0.0235 0.0338 0.5568 0.0242 
        D469  5 0.1510 0.0918 0.0319 0.0747 0.1673 0.0152 0.0823 0.1011 0.0760 0.0511 0.0959 0.0616 
        D470  5 0.1285 0.0162 0.0247 0.3501 0.0744 0.1207 0.0502 0.0201 0.0209 0.0104 0.1509 0.0328 
        D471  5 0.0189 0.0198 0.0763 0.1207 0.0821 0.0576 0.0559 0.0159 0.0364 0.0250 0.1357 0.3557 
        D472  5 0.0132 0.0132 0.1099 0.0245 0.5949 0.0191 0.0391 0.0321 0.0238 0.1033 0.0095 0.0173 
        D479  5 0.0223 0.0092 0.0091 0.0165 0.0341 0.6855 0.0272 0.0128 0.0298 0.0814 0.0571 0.0149 
        D485  5 0.0414 0.0240 0.0216 0.0376 0.0244 0.0919 0.1460 0.0422 0.2611 0.0279 0.2576 0.0243 
        D486  5 0.1102 0.1084 0.0228 0.0750 0.0469 0.0182 0.0662 0.0204 0.0395 0.0654 0.3989 0.0280 
        D487  5 0.0610 0.0243 0.0967 0.0323 0.0239 0.1615 0.1728 0.0491 0.0321 0.0193 0.0626 0.2644 
        D555  5 0.0179 0.0145 0.0237 0.0095 0.0152 0.0403 0.0250 0.0122 0.0126 0.0417 0.0234 0.7639 
        D556  5 0.0302 0.0680 0.1695 0.0224 0.0205 0.0179 0.0450 0.0966 0.1850 0.0170 0.2893 0.0388 
        D557  5 0.0392 0.0246 0.0138 0.0125 0.0294 0.0374 0.0238 0.0238 0.0248 0.0430 0.0391 0.6884 
        D564  5 0.0174 0.0958 0.0138 0.0152 0.0289 0.0718 0.0554 0.0815 0.1777 0.0183 0.3257 0.0985 
        D594  5 0.0463 0.0215 0.0399 0.0538 0.1106 0.1775 0.2476 0.0985 0.0452 0.0333 0.0853 0.0405 
        D595  5 0.0262 0.0609 0.0429 0.0830 0.0826 0.0707 0.0760 0.0550 0.0475 0.0369 0.2016 0.2166 
        D596  5 0.0175 0.0168 0.0217 0.0090 0.0334 0.1128 0.0319 0.0183 0.0145 0.0176 0.0550 0.6515 
        D597  5 0.0222 0.0143 0.2007 0.0323 0.0368 0.0282 0.0437 0.0559 0.0429 0.3327 0.0173 0.1731 
        D598  5 0.1292 0.0444 0.0353 0.0340 0.0545 0.0669 0.0745 0.0414 0.2891 0.0290 0.0374 0.1644 
        D617  5 0.0730 0.0191 0.0249 0.1398 0.0240 0.5325 0.0513 0.0355 0.0120 0.0244 0.0531 0.0104 
        D618  5 0.0291 0.0248 0.0542 0.0315 0.1484 0.0274 0.0384 0.0213 0.0491 0.0223 0.0490 0.5045 
        D619  5 0.0114 0.1110 0.0496 0.0346 0.0918 0.2146 0.0803 0.0999 0.0670 0.0165 0.1250 0.0983 
        D620  5 0.0502 0.0175 0.0540 0.0399 0.0517 0.0439 0.0286 0.0258 0.0268 0.6153 0.0138 0.0326 
        D628  5 0.0261 0.0195 0.0107 0.0152 0.0104 0.0284 0.0396 0.0159 0.6555 0.0156 0.1292 0.0340 
        D714  5 0.0402 0.0221 0.1694 0.0193 0.0121 0.0197 0.0321 0.0325 0.0644 0.0189 0.5374 0.0319 
        D715  5 0.0177 0.0223 0.0458 0.0230 0.2342 0.0161 0.0328 0.0255 0.0305 0.0324 0.0635 0.4562 
        D716  5 0.0828 0.0126 0.0818 0.0943 0.0955 0.2056 0.2236 0.0401 0.0269 0.0241 0.0855 0.0271 
        D717  5 0.0849 0.0336 0.1043 0.0213 0.1881 0.0143 0.1033 0.0354 0.2053 0.0434 0.0168 0.1495 
        D718  5 0.0328 0.0449 0.0429 0.1099 0.0069 0.0670 0.0786 0.0120 0.0188 0.0148 0.5353 0.0360 
        D769  5 0.1485 0.0096 0.0174 0.2718 0.0133 0.3991 0.0368 0.0329 0.0159 0.0122 0.0273 0.0152 
        D770  5 0.0121 0.0189 0.0199 0.0198 0.0120 0.0223 0.0342 0.0194 0.0880 0.0923 0.6418 0.0192 
        D771  5 0.0722 0.0396 0.1003 0.0393 0.0308 0.2109 0.1805 0.0693 0.0948 0.0279 0.1018 0.0327 
        D772  5 0.0584 0.0239 0.0335 0.0307 0.0317 0.0129 0.0308 0.1031 0.4193 0.0179 0.1775 0.0602 
        D782  5 0.0176 0.2417 0.2642 0.0182 0.0203 0.0218 0.0552 0.2378 0.0304 0.0357 0.0356 0.0215 
        D783  5 0.0306 0.0192 0.0302 0.0367 0.0285 0.0400 0.0921 0.0245 0.2702 0.2445 0.0625 0.1211 
        D784  5 0.0291 0.0280 0.1124 0.0158 0.2902 0.0127 0.0547 0.0357 0.3205 0.0396 0.0196 0.0418 
        D785  5 0.0197 0.0991 0.0153 0.0226 0.0670 0.0120 0.0241 0.0186 0.0745 0.0180 0.2359 0.3932 
        D786  5 0.3139 0.0317 0.0347 0.0256 0.1792 0.0364 0.0610 0.0321 0.1096 0.1231 0.0345 0.0183 
        D821  5 0.0090 0.0190 0.0236 0.0113 0.0201 0.0114 0.0125 0.0095 0.0146 0.0134 0.0967 0.7589 
        D822  5 0.0245 0.0511 0.0485 0.0767 0.3165 0.0587 0.0884 0.0563 0.0866 0.1016 0.0352 0.0559 
        D826  5 0.0468 0.0604 0.1914 0.0345 0.0306 0.0252 0.1179 0.0392 0.0378 0.1019 0.0820 0.2322 
        D827  5 0.0175 0.0155 0.0204 0.4424 0.2549 0.0169 0.0328 0.0421 0.0234 0.0760 0.0434 0.0146 
        D851  5 0.0279 0.0747 0.0362 0.0287 0.1123 0.0720 0.0792 0.3466 0.0736 0.0179 0.0325 0.0986 
        D852  5 0.0554 0.0258 0.3044 0.0392 0.0194 0.0696 0.0693 0.0153 0.2235 0.0181 0.0490 0.1111 
        D853  5 0.0258 0.0622 0.1152 0.0909 0.0626 0.0314 0.1120 0.0925 0.0443 0.0354 0.0316 0.2961 
        D854  5 0.0165 0.0764 0.0824 0.1163 0.1270 0.0593 0.1054 0.0328 0.0314 0.0282 0.3115 0.0126 
        D861  5 0.0290 0.0808 0.0657 0.2194 0.0451 0.0903 0.0694 0.0268 0.0250 0.0504 0.1851 0.1131 
        D862  5 0.0350 0.0335 0.0549 0.1293 0.1843 0.0214 0.0618 0.2060 0.0581 0.0432 0.0771 0.0955 
        D865  5 0.0242 0.0865 0.0455 0.0329 0.0216 0.1562 0.0575 0.1142 0.0399 0.0171 0.0637 0.3405 
        D868  5 0.0693 0.0410 0.1019 0.1447 0.1986 0.0225 0.0946 0.0314 0.0483 0.0501 0.0155 0.1821 
