        D023  2 0.0183 0.0281 0.0235 0.0331 0.3350 0.5621 
        D130  2 0.0221 0.2431 0.0338 0.0963 0.5092 0.0955 
        D131  2 0.0741 0.2709 0.0479 0.1228 0.0449 0.4395 
        D163  2 0.0952 0.0877 0.0310 0.0314 0.6605 0.0943 
        D164  2 0.0164 0.3192 0.0452 0.5574 0.0231 0.0387 
        D165  2 0.0272 0.0532 0.0464 0.0546 0.5423 0.2763 
        D166  2 0.0352 0.2626 0.3466 0.0600 0.2195 0.0762 
        D167  2 0.0447 0.0268 0.0668 0.7846 0.0467 0.0303 
        D192  2 0.0448 0.0199 0.0542 0.8095 0.0525 0.0191 
        D193  2 0.0664 0.0781 0.6335 0.0369 0.1280 0.0571 
        D206  2 0.0298 0.1268 0.1103 0.3606 0.0714 0.3011 
        D207  2 0.0559 0.0677 0.0745 0.6755 0.0616 0.0648 
        D208  2 0.5367 0.0342 0.0605 0.0931 0.1987 0.0768 
        D209  2 0.0379 0.0387 0.2843 0.3900 0.1923 0.0568 
        D210  2 0.6010 0.0404 0.0640 0.1569 0.0809 0.0568 
     D229599  2 0.1259 0.0338 0.1486 0.0457 0.2855 0.3606 
     D229600  2 0.0363 0.1462 0.0485 0.4253 0.2804 0.0633 
     D237227  2 0.5804 0.1209 0.0396 0.0392 0.1303 0.0897 
     D237228  2 0.1993 0.6377 0.0405 0.0622 0.0354 0.0248 
     D237258  2 0.1060 0.1519 0.2866 0.1334 0.0975 0.2248 
     D237310  2 0.0329 0.8684 0.0311 0.0292 0.0247 0.0136 
     D237311  2 0.0347 0.7274 0.0421 0.1230 0.0473 0.0254 
     D237312  2 0.0334 0.7171 0.1432 0.0288 0.0448 0.0328 
     D237313  2 0.0902 0.1297 0.0933 0.0482 0.1093 0.5293 
     D237322  2 0.3892 0.1778 0.0828 0.0731 0.2282 0.0489 
     D237323  2 0.1511 0.7251 0.0356 0.0243 0.0428 0.0211 
     D237324  2 0.0359 0.0916 0.0375 0.5072 0.2631 0.0647 
     D237325  2 0.0591 0.7168 0.0629 0.0669 0.0652 0.0290 
     D237326  2 0.1053 0.5976 0.0539 0.0883 0.0427 0.1123 
     D237327  2 0.2731 0.0364 0.0621 0.1249 0.4437 0.0597 
     D237337  2 0.0317 0.8628 0.0220 0.0193 0.0277 0.0365 
     D237338  2 0.2187 0.2868 0.0998 0.0816 0.2593 0.0538 
     D237339  2 0.0271 0.0294 0.2206 0.5284 0.1084 0.0862 
     D237340  2 0.2328 0.3822 0.1164 0.1448 0.0923 0.0315 
     D237389  2 0.0174 0.8035 0.0641 0.0463 0.0500 0.0186 
     D237390  2 0.1013 0.6392 0.0993 0.0338 0.0811 0.0453 
     D244017  2 0.2510 0.0414 0.1532 0.2940 0.1576 0.1029 
     D244112  2 0.0328 0.0790 0.0795 0.6406 0.1494 0.0188 
     D244118  2 0.0362 0.0268 0.0439 0.5387 0.3260 0.0284 
     D244119  2 0.5051 0.0331 0.0283 0.3584 0.0362 0.0389 
     D244120  2 0.0954 0.1141 0.4897 0.1817 0.0941 0.0250 
     D244122  2 0.0442 0.0354 0.1508 0.5432 0.1802 0.0462 
        D291  2 0.2231 0.0441 0.0263 0.2033 0.2728 0.2303 
        D292  2 0.2772 0.0435 0.0902 0.1435 0.1346 0.3110 
        D293  2 0.0160 0.0150 0.0172 0.9033 0.0151 0.0333 
        D322  2 0.0176 0.0357 0.0301 0.8249 0.0289 0.0629 
        D323  2 0.0724 0.0895 0.1435 0.2931 0.1008 0.3006 
        D324  2 0.2335 0.1284 0.0358 0.1953 0.0482 0.3588 
        D325  2 0.0241 0.0263 0.0195 0.8684 0.0221 0.0396 
        D326  2 0.0243 0.0214 0.0195 0.0187 0.0209 0.8952 
        D340  2 0.0358 0.0240 0.0251 0.8776 0.0142 0.0232 
        D341  2 0.0403 0.1082 0.0287 0.7150 0.0690 0.0388 
        D342  2 0.0344 0.0564 0.0606 0.6390 0.1425 0.0670 
        D343  2 0.0142 0.0155 0.0140 0.9286 0.0124 0.0153 
        D344  2 0.0168 0.0485 0.6401 0.0773 0.0534 0.1640 
        D345  2 0.0475 0.0253 0.1667 0.0672 0.0823 0.6110 
        D346  2 0.2053 0.1479 0.2179 0.1749 0.0359 0.2180 
        D351  2 0.0459 0.1303 0.0418 0.1386 0.0461 0.5973 
        D352  2 0.0800 0.0713 0.5484 0.1069 0.0750 0.1184 
        D353  2 0.0447 0.0593 0.2687 0.1074 0.0833 0.4366 
        D354  2 0.0316 0.0318 0.7375 0.0228 0.0351 0.1413 
        D362  2 0.0256 0.0347 0.0384 0.0416 0.0924 0.7674 
        D363  2 0.0350 0.0239 0.0370 0.0367 0.0644 0.8031 
        D364  2 0.0266 0.0279 0.4791 0.0245 0.0485 0.3934 
        D365  2 0.0224 0.0241 0.0187 0.9030 0.0116 0.0202 
        D369  2 0.1489 0.2740 0.0496 0.2493 0.0477 0.2305 
        D374  2 0.0887 0.0266 0.7649 0.0270 0.0526 0.0403 
        D375  2 0.0142 0.0239 0.8492 0.0199 0.0300 0.0627 
        D376  2 0.0844 0.0328 0.7690 0.0373 0.0517 0.0249 
        D377  2 0.0793 0.3041 0.2500 0.1134 0.0540 0.1991 
        D378  2 0.0357 0.0241 0.0542 0.4560 0.0522 0.3779 
        D379  2 0.0372 0.0489 0.0481 0.0430 0.0530 0.7698 
        D384  2 0.0369 0.0234 0.0197 0.0247 0.0231 0.8721 
        D385  2 0.0281 0.0310 0.1377 0.7514 0.0240 0.0278 
        D386  2 0.0242 0.0247 0.3918 0.0846 0.0334 0.4413 
        D391  2 0.0204 0.0348 0.0368 0.8485 0.0211 0.0384 
        D392  2 0.0387 0.1038 0.0341 0.7030 0.0359 0.0844 
        D393  2 0.0627 0.0471 0.0688 0.1511 0.0412 0.6291 
        D394  2 0.0777 0.1230 0.3379 0.1394 0.2229 0.0991 
        D395  2 0.0430 0.0446 0.2921 0.5287 0.0566 0.0350 
        D401  2 0.0399 0.8657 0.0223 0.0299 0.0245 0.0178 
        D402  2 0.0356 0.0241 0.0424 0.8357 0.0199 0.0423 
        D403  2 0.0310 0.0431 0.2833 0.0509 0.1532 0.4384 
        D415  2 0.0175 0.3117 0.0743 0.0992 0.0851 0.4122 
        D435  2 0.0378 0.0806 0.0840 0.5510 0.0394 0.2072 
        D436  2 0.0448 0.1046 0.4053 0.1121 0.2599 0.0733 
        D438  2 0.0228 0.0204 0.0201 0.9027 0.0165 0.0175 
        D439  2 0.0308 0.0176 0.2218 0.2013 0.1780 0.3505 
        D449  2 0.0250 0.0803 0.0696 0.6829 0.0731 0.0692 
        D450  2 0.0885 0.2262 0.2208 0.0342 0.1637 0.2665 
        D456  2 0.0217 0.0310 0.0153 0.0301 0.0305 0.8713 
        D462  2 0.0204 0.0194 0.0326 0.8666 0.0258 0.0352 
        D463  2 0.0263 0.0204 0.0264 0.0159 0.0251 0.8859 
        D464  2 0.0466 0.0708 0.4925 0.1824 0.0588 0.1489 
        D465  2 0.0252 0.2448 0.0306 0.6170 0.0220 0.0604 
        D473  2 0.3359 0.2575 0.1850 0.0710 0.0740 0.0766 
        D474  2 0.1343 0.0470 0.0376 0.0768 0.0661 0.6382 
        D476  2 0.0259 0.0371 0.1316 0.1519 0.5536 0.0999 
        D477  2 0.0712 0.0507 0.2017 0.0417 0.0273 0.6073 
        D478  2 0.0629 0.0435 0.1399 0.0837 0.2753 0.3948 
        D480  2 0.1248 0.0622 0.1427 0.2372 0.0565 0.3767 
        D481  2 0.1224 0.0373 0.1924 0.0772 0.0793 0.4914 
        D482  2 0.3514 0.0832 0.3725 0.0445 0.0819 0.0666 
        D483  2 0.0764 0.0180 0.0342 0.7801 0.0604 0.0308 
        D484  2 0.0441 0.0225 0.8372 0.0435 0.0317 0.0211 
        D510  2 0.5171 0.0499 0.2681 0.0565 0.0619 0.0465 
        D511  2 0.0412 0.0454 0.2587 0.2665 0.0611 0.3270 
        D512  2 0.0163 0.8309 0.0311 0.0718 0.0252 0.0248 
        D513  2 0.0709 0.0526 0.0377 0.7073 0.0291 0.1023 
        D635  2 0.0289 0.0212 0.0253 0.0356 0.1207 0.7684 
        D636  2 0.0218 0.0496 0.0263 0.0521 0.4914 0.3588 
        D637  2 0.0837 0.2480 0.3116 0.1981 0.0663 0.0922 
        D658  2 0.0652 0.1895 0.2415 0.3737 0.1004 0.0297 
        D659  2 0.1092 0.0425 0.0874 0.0948 0.3239 0.3422 
        D677  2 0.0476 0.3364 0.0694 0.1010 0.1567 0.2888 
        D678  2 0.0286 0.0371 0.1755 0.5525 0.1836 0.0226 
        D679  2 0.0799 0.0454 0.0620 0.0675 0.0436 0.7016 
        D719  2 0.3162 0.0588 0.0565 0.3108 0.0442 0.2136 
        D720  2 0.0831 0.0518 0.0281 0.1568 0.0399 0.6403 
        D721  2 0.0482 0.0316 0.0328 0.1446 0.5009 0.2419 
        D722  2 0.1077 0.0469 0.6355 0.0965 0.0621 0.0513 
        D734  2 0.1518 0.0356 0.4398 0.2716 0.0414 0.0598 
        D735  2 0.0656 0.0571 0.0651 0.1347 0.0740 0.6035 
        D736  2 0.5123 0.0770 0.1089 0.0851 0.0451 0.1716 
        D737  2 0.1104 0.0387 0.1865 0.2747 0.3550 0.0347 
        D807  2 0.2255 0.1420 0.1793 0.1226 0.0983 0.2322 
        D808  2 0.0338 0.4850 0.0580 0.2476 0.0529 0.1226 
        D817  2 0.0387 0.0858 0.0683 0.0465 0.0606 0.7001 
        D818  2 0.0694 0.0890 0.0381 0.3481 0.1433 0.3122 
        D819  2 0.0413 0.3653 0.0866 0.0611 0.0373 0.4084 
        D820  2 0.0394 0.0550 0.0624 0.3753 0.1302 0.3378 
        D895  2 0.0575 0.0755 0.1558 0.0707 0.3390 0.3015 
        D896  2 0.0303 0.8998 0.0201 0.0152 0.0166 0.0181 
        D897  2 0.0439 0.1036 0.0668 0.6571 0.0751 0.0535 
        D898  2 0.1650 0.1892 0.1265 0.0339 0.2499 0.2354 
        D918  2 0.0945 0.5842 0.0728 0.0886 0.0761 0.0837 
        D919  2 0.0350 0.0267 0.1784 0.2534 0.1401 0.3664 
        D920  2 0.0453 0.1718 0.0402 0.0745 0.6129 0.0553 
        D923  2 0.0215 0.0329 0.1249 0.0727 0.0384 0.7095 
        D930  2 0.0864 0.1702 0.1513 0.1104 0.0466 0.4352 
        D931  2 0.0487 0.0888 0.4123 0.1919 0.0618 0.1965 
        D968  2 0.0295 0.0188 0.0227 0.8790 0.0163 0.0336 
        D969  2 0.1747 0.0604 0.0716 0.1455 0.1096 0.4383 
        D977  2 0.0311 0.0751 0.0542 0.7521 0.0468 0.0407 
        D978  2 0.1745 0.0397 0.0520 0.2226 0.1803 0.3309 
        D009  4 0.0316 0.1224 0.0338 0.0241 0.7290 0.0591 
        D057  4 0.0260 0.0249 0.0588 0.0903 0.7726 0.0274 
        D109  4 0.0528 0.7568 0.0726 0.0283 0.0477 0.0418 
     D237222  4 0.0709 0.0316 0.0536 0.0646 0.7423 0.0368 
     D237223  4 0.1104 0.4300 0.1013 0.2369 0.0921 0.0293 
     D237224  4 0.0888 0.0264 0.2432 0.1396 0.0836 0.4184 
     D237225  4 0.0687 0.0599 0.0336 0.0781 0.6449 0.1148 
     D237299  4 0.0780 0.7192 0.0416 0.0675 0.0353 0.0585 
     D237300  4 0.5165 0.0630 0.0984 0.2144 0.0626 0.0451 
     D237306  4 0.1745 0.3452 0.2373 0.0602 0.1222 0.0606 
     D237307  4 0.2272 0.0909 0.0475 0.0737 0.2054 0.3553 
     D237308  4 0.1346 0.0673 0.1516 0.4143 0.1516 0.0807 
     D237309  4 0.0397 0.0554 0.0795 0.0431 0.6573 0.1250 
     D237317  4 0.1244 0.0316 0.0488 0.0295 0.3606 0.4050 
     D237318  4 0.4458 0.0445 0.0293 0.3703 0.0357 0.0744 
     D237319  4 0.0602 0.4302 0.1177 0.0978 0.1410 0.1531 
     D237320  4 0.0675 0.5558 0.0345 0.1970 0.0894 0.0559 
     D237321  4 0.4913 0.0849 0.0621 0.1172 0.1310 0.1135 
     D237397  4 0.2664 0.2020 0.0552 0.1522 0.2876 0.0366 
     D237398  4 0.2768 0.0751 0.0505 0.1927 0.0441 0.3609 
     D237399  4 0.3881 0.0761 0.0386 0.0698 0.2403 0.1871 
     D244001  4 0.0338 0.0354 0.1303 0.0937 0.6821 0.0247 
        D289  4 0.2553 0.0551 0.1558 0.2317 0.1657 0.1365 
        D290  4 0.0999 0.0503 0.0707 0.0565 0.6739 0.0486 
        D294  4 0.1299 0.0401 0.2890 0.0620 0.3317 0.1472 
        D295  4 0.0914 0.3027 0.1060 0.0578 0.3389 0.1031 
        D301  4 0.1232 0.0804 0.0777 0.0408 0.6335 0.0444 
        D302  4 0.0249 0.0225 0.4471 0.0267 0.1054 0.3733 
        D303  4 0.3802 0.1658 0.2911 0.0530 0.0712 0.0387 
        D304  4 0.2381 0.0336 0.0524 0.0329 0.4952 0.1479 
        D305  4 0.0213 0.0302 0.2873 0.2064 0.3870 0.0677 
        D306  4 0.0644 0.0599 0.1448 0.0674 0.5753 0.0882 
        D307  4 0.1102 0.0418 0.0379 0.0186 0.7584 0.0331 
        D327  4 0.0660 0.1215 0.0819 0.1222 0.0843 0.5242 
        D328  4 0.1071 0.1191 0.6303 0.0327 0.0733 0.0376 
        D329  4 0.0968 0.0298 0.3495 0.0974 0.3681 0.0585 
        D330  4 0.0253 0.1831 0.1609 0.1471 0.3132 0.1703 
        D331  4 0.2662 0.0764 0.0625 0.0525 0.2454 0.2970 
        D333  4 0.0861 0.1091 0.2002 0.0805 0.4854 0.0387 
        D334  4 0.5496 0.0515 0.0637 0.0325 0.2111 0.0915 
        D335  4 0.0314 0.0281 0.2351 0.0767 0.1421 0.4865 
        D370  4 0.0478 0.0523 0.7201 0.0458 0.0866 0.0474 
        D371  4 0.2905 0.1183 0.3579 0.0563 0.0425 0.1344 
        D372  4 0.6030 0.0313 0.0368 0.0889 0.2082 0.0318 
        D373  4 0.0449 0.0381 0.0738 0.0551 0.7048 0.0832 
        D455  4 0.0320 0.0174 0.0278 0.0197 0.8725 0.0307 
        D490  4 0.0188 0.2015 0.0224 0.0124 0.7290 0.0159 
        D497  4 0.0310 0.1944 0.0438 0.0178 0.6899 0.0232 
        D498  4 0.3685 0.1476 0.0652 0.0767 0.2130 0.1290 
        D499  4 0.0695 0.3190 0.2856 0.2128 0.0237 0.0892 
        D514  4 0.0286 0.1846 0.2324 0.0571 0.2269 0.2705 
        D515  4 0.0278 0.7316 0.0988 0.0517 0.0419 0.0482 
        D516  4 0.1179 0.2565 0.0559 0.1932 0.2728 0.1036 
        D517  4 0.0641 0.0272 0.0277 0.0246 0.8113 0.0450 
        D518  4 0.0363 0.0447 0.2032 0.1004 0.5581 0.0574 
        D519  4 0.0389 0.7902 0.0236 0.0821 0.0338 0.0314 
        D560  4 0.0361 0.5576 0.1135 0.1344 0.0531 0.1054 
        D561  4 0.0275 0.1494 0.0750 0.3369 0.1168 0.2944 
        D562  4 0.1283 0.0623 0.0898 0.1170 0.3857 0.2169 
        D563  4 0.0299 0.0745 0.1579 0.5309 0.0658 0.1410 
        D572  4 0.0467 0.0445 0.4740 0.1017 0.2497 0.0834 
        D629  4 0.0383 0.0415 0.0727 0.0423 0.0602 0.7450 
        D630  4 0.0960 0.0941 0.1407 0.0679 0.4648 0.1365 
        D631  4 0.0598 0.0714 0.2405 0.2409 0.3272 0.0602 
        D632  4 0.0180 0.0706 0.4691 0.1755 0.1322 0.1347 
        D646  4 0.0387 0.3076 0.0584 0.2565 0.2755 0.0634 
        D647  4 0.0329 0.1216 0.1324 0.2041 0.2199 0.2892 
        D648  4 0.0270 0.0363 0.8276 0.0271 0.0602 0.0218 
        D649  4 0.0287 0.2189 0.2098 0.0421 0.0784 0.4221 
        D650  4 0.0877 0.3606 0.0597 0.0554 0.1130 0.3237 
        D708  4 0.1408 0.1382 0.4073 0.0420 0.1457 0.1260 
        D709  4 0.0611 0.2533 0.1770 0.0752 0.3509 0.0824 
        D738  4 0.4014 0.2204 0.0570 0.0452 0.2066 0.0693 
        D739  4 0.0511 0.1145 0.0763 0.0384 0.6576 0.0622 
        D740  4 0.4605 0.1762 0.0495 0.0626 0.1824 0.0688 
        D741  4 0.0233 0.6072 0.0425 0.2266 0.0571 0.0433 
        D742  4 0.1054 0.1874 0.0726 0.4312 0.1287 0.0749 
        D743  4 0.0571 0.0479 0.2569 0.1778 0.0660 0.3943 
        D744  4 0.0490 0.0572 0.3538 0.2383 0.0426 0.2593 
        D745  4 0.0377 0.8325 0.0267 0.0263 0.0436 0.0332 
        D814  4 0.0413 0.0717 0.1724 0.3382 0.3333 0.0430 
        D815  4 0.0607 0.0638 0.4737 0.0890 0.1404 0.1724 
        D828  4 0.1925 0.0776 0.4432 0.0765 0.1726 0.0377 
        D845  4 0.6955 0.0235 0.0267 0.1869 0.0346 0.0328 
        D846  4 0.0268 0.0231 0.1140 0.1648 0.4109 0.2605 
        D847  4 0.1716 0.1682 0.0598 0.0676 0.3433 0.1894 
        D848  4 0.1147 0.0167 0.0318 0.0615 0.7403 0.0351 
        D849  4 0.0223 0.2614 0.0523 0.0652 0.5522 0.0466 
        D850  4 0.1944 0.0812 0.0594 0.2392 0.1297 0.2961 
        D856  4 0.0425 0.4701 0.1572 0.0705 0.0585 0.2013 
        D857  4 0.0428 0.6919 0.1041 0.0755 0.0652 0.0204 
        D859  4 0.0491 0.0666 0.4909 0.0707 0.2457 0.0769 
        D860  4 0.5875 0.0175 0.0543 0.1590 0.0606 0.1211 
        D883  4 0.1107 0.2183 0.1438 0.0394 0.3714 0.1163 
        D884  4 0.0392 0.6979 0.0863 0.0304 0.1163 0.0299 
        D885  4 0.0976 0.3027 0.0416 0.2543 0.1265 0.1774 
        D886  4 0.0580 0.1739 0.0891 0.1144 0.3378 0.2268 
        D887  4 0.1335 0.1832 0.3806 0.0936 0.0889 0.1202 
        D889  4 0.3777 0.0454 0.0877 0.0344 0.3593 0.0955 
        D890  4 0.0854 0.0776 0.4898 0.0830 0.0948 0.1694 
        D891  4 0.6071 0.0197 0.0194 0.2771 0.0225 0.0542 
        D899  4 0.1629 0.0415 0.1088 0.5190 0.1273 0.0405 
        D900  4 0.0777 0.1167 0.1617 0.0967 0.3438 0.2034 
        D970  4 0.1426 0.0280 0.0843 0.0763 0.4132 0.2556 
        D971  4 0.0466 0.0555 0.0784 0.5265 0.0529 0.2401 
        D979  4 0.0346 0.0233 0.1188 0.0578 0.0724 0.6930 
        D093  5 0.6511 0.0972 0.0705 0.0369 0.1074 0.0369 
        D154  5 0.0870 0.3150 0.0888 0.3364 0.1144 0.0584 
        D168  5 0.0594 0.2834 0.0645 0.3355 0.1717 0.0855 
        D189  5 0.5587 0.0696 0.1137 0.0779 0.1342 0.0458 
        D190  5 0.4275 0.0989 0.2435 0.0629 0.0610 0.1062 
     D237220  5 0.4413 0.1211 0.0401 0.0350 0.2839 0.0786 
     D237221  5 0.4392 0.0825 0.0557 0.1618 0.0907 0.1702 
     D237274  5 0.0202 0.0396 0.2560 0.1328 0.0620 0.4895 
     D237275  5 0.0997 0.0770 0.0424 0.6199 0.1153 0.0457 
     D237276  5 0.1635 0.2567 0.1355 0.0720 0.3089 0.0633 
     D237277  5 0.6472 0.0404 0.1400 0.0695 0.0323 0.0706 
     D237278  5 0.1180 0.1781 0.2114 0.2982 0.1419 0.0525 
     D237279  5 0.0379 0.7069 0.0535 0.0503 0.0280 0.1235 
     D237280  5 0.0910 0.0852 0.2156 0.0316 0.3476 0.2291 
     D237281  5 0.1503 0.0427 0.0407 0.6497 0.0448 0.0718 
     D237351  5 0.0548 0.8056 0.0229 0.0253 0.0529 0.0386 
     D237352  5 0.0426 0.0727 0.1759 0.1413 0.4086 0.1589 
     D237353  5 0.6942 0.0395 0.1336 0.0293 0.0234 0.0801 
     D237359  5 0.4105 0.1044 0.0494 0.0438 0.2482 0.1438 
     D237361  5 0.7705 0.0521 0.0545 0.0410 0.0360 0.0460 
     D237362  5 0.0768 0.3186 0.0795 0.0657 0.1213 0.3382 
     D237363  5 0.0721 0.1409 0.0552 0.3781 0.0723 0.2815 
     D237364  5 0.0355 0.3363 0.0921 0.1738 0.2059 0.1563 
     D237376  5 0.0399 0.0558 0.8439 0.0255 0.0209 0.0140 
     D237377  5 0.1051 0.3038 0.0557 0.0404 0.1040 0.3911 
     D237378  5 0.4231 0.0543 0.3018 0.0516 0.1419 0.0274 
     D237379  5 0.2131 0.1541 0.4249 0.0586 0.0879 0.0613 
     D237380  5 0.0324 0.1370 0.7373 0.0148 0.0466 0.0319 
     D237381  5 0.0783 0.0961 0.1095 0.0918 0.5254 0.0988 
     D237391  5 0.7775 0.0416 0.0316 0.0308 0.0329 0.0856 
     D237392  5 0.0221 0.0894 0.2418 0.3859 0.0300 0.2308 
     D237393  5 0.1410 0.0562 0.1252 0.1232 0.3114 0.2431 
     D237394  5 0.6653 0.0482 0.0938 0.0220 0.0394 0.1313 
     D237395  5 0.5066 0.1609 0.0684 0.0846 0.1045 0.0750 
     D237396  5 0.1479 0.0423 0.0289 0.1347 0.0606 0.5855 
     D244016  5 0.2360 0.0818 0.2449 0.1793 0.0419 0.2161 
     D244018  5 0.3654 0.0483 0.0276 0.3540 0.1526 0.0520 
     D244019  5 0.0565 0.0473 0.0532 0.2217 0.0622 0.5591 
        D279  5 0.3741 0.2006 0.0628 0.1387 0.1538 0.0700 
        D280  5 0.4065 0.0489 0.0386 0.0467 0.2747 0.1846 
        D281  5 0.3818 0.0549 0.0419 0.4316 0.0457 0.0440 
        D283  5 0.4149 0.0515 0.0433 0.0533 0.1728 0.2642 
        D284  5 0.0615 0.5913 0.0699 0.0807 0.1161 0.0805 
        D285  5 0.7066 0.0531 0.0520 0.0270 0.0890 0.0723 
        D286  5 0.2733 0.0802 0.1664 0.0447 0.2610 0.1744 
        D287  5 0.1360 0.1398 0.6226 0.0269 0.0424 0.0324 
        D288  5 0.2169 0.0373 0.0362 0.0571 0.1591 0.4933 
        D308  5 0.0367 0.6715 0.0821 0.0352 0.0221 0.1524 
        D309  5 0.0324 0.0273 0.6045 0.0340 0.0470 0.2549 
        D310  5 0.6907 0.0365 0.0345 0.0192 0.1812 0.0379 
        D311  5 0.0945 0.1736 0.1419 0.1170 0.1688 0.3042 
        D312  5 0.0980 0.0977 0.3707 0.0963 0.2057 0.1316 
        D313  5 0.0348 0.6740 0.0140 0.0181 0.2388 0.0202 
        D314  5 0.1657 0.2671 0.2251 0.0971 0.1778 0.0672 
        D315  5 0.1590 0.0770 0.2709 0.0609 0.1140 0.3182 
        D317  5 0.5477 0.0541 0.0608 0.0311 0.2405 0.0659 
        D318  5 0.0923 0.1229 0.2413 0.1573 0.0907 0.2955 
        D319  5 0.6846 0.0867 0.0347 0.0460 0.1170 0.0312 
        D320  5 0.6967 0.0587 0.1024 0.0249 0.0581 0.0592 
        D321  5 0.1763 0.5606 0.0306 0.0359 0.0380 0.1587 
        D336  5 0.3627 0.0614 0.2280 0.0256 0.2762 0.0462 
        D337  5 0.7815 0.0298 0.0538 0.0396 0.0526 0.0427 
        D338  5 0.1726 0.3417 0.0443 0.0699 0.2058 0.1657 
        D339  5 0.5780 0.1081 0.0319 0.0552 0.1908 0.0361 
        D347  5 0.0634 0.0175 0.1204 0.0845 0.6058 0.1084 
        D348  5 0.4369 0.0170 0.2099 0.0675 0.1994 0.0694 
        D349  5 0.0757 0.7360 0.0458 0.0313 0.0449 0.0663 
        D350  5 0.0290 0.0557 0.7381 0.0536 0.0448 0.0789 
        D355  5 0.1052 0.1116 0.0603 0.4828 0.1339 0.1062 
        D356  5 0.3449 0.0741 0.1025 0.0389 0.1382 0.3013 
        D357  5 0.1001 0.1004 0.3270 0.0590 0.2486 0.1649 
        D358  5 0.2971 0.1075 0.3413 0.0579 0.0577 0.1385 
        D359  5 0.1924 0.0596 0.0670 0.0299 0.0897 0.5614 
        D360  5 0.4685 0.0594 0.0596 0.0368 0.1333 0.2424 
        D361  5 0.0245 0.8725 0.0188 0.0243 0.0329 0.0270 
        D366  5 0.0457 0.0768 0.0509 0.6425 0.0392 0.1450 
        D367  5 0.3296 0.1921 0.1551 0.0309 0.2563 0.0359 
        D368  5 0.0684 0.6734 0.0400 0.0391 0.0371 0.1420 
        D380  5 0.0522 0.0546 0.3236 0.0693 0.0365 0.4639 
        D381  5 0.4881 0.0503 0.0511 0.0642 0.1691 0.1771 
        D400  5 0.2470 0.0491 0.0743 0.0789 0.4981 0.0525 
        D411  5 0.0153 0.6407 0.0383 0.0313 0.2502 0.0243 
        D412  5 0.1299 0.0308 0.0497 0.1027 0.5923 0.0945 
        D413  5 0.0305 0.0604 0.0418 0.7175 0.0287 0.1211 
        D414  5 0.0411 0.0476 0.6927 0.1401 0.0410 0.0376 
        D420  5 0.3242 0.1052 0.0406 0.0607 0.2589 0.2104 
        D431  5 0.0604 0.2599 0.5743 0.0357 0.0314 0.0384 
        D432  5 0.5109 0.0492 0.1423 0.0518 0.1464 0.0995 
        D433  5 0.5415 0.1096 0.0998 0.0618 0.1134 0.0738 
        D434  5 0.4288 0.0671 0.0630 0.0392 0.2546 0.1473 
        D440  5 0.0333 0.0671 0.6291 0.0489 0.1147 0.1069 
        D447  5 0.0299 0.0781 0.1843 0.2864 0.1342 0.2870 
        D448  5 0.2028 0.0647 0.2303 0.0445 0.4114 0.0463 
        D459  5 0.1040 0.0348 0.0385 0.7298 0.0570 0.0359 
        D460  5 0.0445 0.7022 0.0324 0.0369 0.0250 0.1590 
        D461  5 0.0260 0.0210 0.6804 0.0330 0.0533 0.1863 
        D468  5 0.0362 0.6550 0.0928 0.0582 0.0426 0.1151 
        D469  5 0.0906 0.3608 0.0703 0.0442 0.0972 0.3369 
        D470  5 0.0422 0.0947 0.2613 0.0501 0.4900 0.0617 
        D471  5 0.3493 0.0640 0.3242 0.0844 0.0871 0.0910 
        D472  5 0.0525 0.0176 0.0211 0.1426 0.0330 0.7331 
        D479  5 0.0273 0.0287 0.1686 0.6474 0.0900 0.0379 
        D485  5 0.0511 0.1041 0.6290 0.0692 0.0967 0.0498 
        D486  5 0.0365 0.6325 0.1092 0.0493 0.1221 0.0504 
        D487  5 0.5059 0.0473 0.1225 0.0783 0.2073 0.0387 
        D555  5 0.7592 0.0238 0.0746 0.0782 0.0376 0.0266 
        D556  5 0.2018 0.1565 0.3940 0.0557 0.0892 0.1027 
        D557  5 0.5058 0.0548 0.1293 0.0912 0.1157 0.1032 
        D564  5 0.0780 0.1128 0.5625 0.0643 0.0508 0.1317 
        D594  5 0.0638 0.0446 0.1541 0.0968 0.4911 0.1496 
        D595  5 0.2747 0.2014 0.1664 0.0782 0.1150 0.1644 
        D596  5 0.7042 0.0212 0.1236 0.0424 0.0502 0.0584 
        D597  5 0.4404 0.0272 0.0559 0.3455 0.0540 0.0769 
        D598  5 0.3351 0.1013 0.2932 0.0518 0.1225 0.0961 
        D617  5 0.0253 0.3330 0.0533 0.1578 0.3895 0.0411 
        D618  5 0.6173 0.0515 0.0790 0.0665 0.0436 0.1421 
        D619  5 0.0642 0.1184 0.4621 0.0752 0.0679 0.2122 
        D620  5 0.0672 0.0351 0.0274 0.7371 0.0587 0.0745 
        D628  5 0.0515 0.0393 0.7946 0.0403 0.0462 0.0281 
        D714  5 0.3444 0.0632 0.4566 0.0643 0.0369 0.0346 
        D715  5 0.5252 0.0505 0.0809 0.0735 0.0381 0.2318 
        D716  5 0.0786 0.0392 0.1623 0.1229 0.4876 0.1093 
        D717  5 0.2692 0.0668 0.0974 0.0803 0.1028 0.3835 
        D718  5 0.0928 0.3494 0.2860 0.0729 0.1805 0.0184 
        D769  5 0.0273 0.0489 0.0797 0.0909 0.7226 0.0305 
        D770  5 0.0607 0.1464 0.5881 0.1303 0.0244 0.0502 
        D771  5 0.1288 0.0692 0.3852 0.1097 0.1817 0.1253 
        D772  5 0.1597 0.0666 0.5345 0.0362 0.0759 0.1272 
        D782  5 0.1926 0.3786 0.0715 0.1874 0.0544 0.1156 
        D783  5 0.1415 0.0538 0.3430 0.3593 0.0349 0.0675 
        D784  5 0.1523 0.0404 0.0984 0.0829 0.0515 0.5745 
        D785  5 0.3109 0.1397 0.3536 0.0412 0.0411 0.1135 
        D786  5 0.0263 0.0843 0.1880 0.1422 0.3896 0.1694 
        D821  5 0.7644 0.0325 0.1306 0.0148 0.0215 0.0361 
        D822  5 0.0801 0.0742 0.0720 0.2079 0.0972 0.4686 
        D826  5 0.3390 0.1185 0.1124 0.1829 0.1874 0.0599 
        D827  5 0.0379 0.1134 0.1025 0.2400 0.0752 0.4310 
        D851  5 0.1056 0.1004 0.0714 0.0593 0.0776 0.5857 
        D852  5 0.3775 0.0449 0.3987 0.0543 0.0826 0.0421 
        D853  5 0.5234 0.0848 0.0491 0.0610 0.1474 0.1344 
        D854  5 0.0352 0.3883 0.1154 0.1698 0.0923 0.1991 
        D861  5 0.1320 0.4222 0.0796 0.1905 0.1127 0.0629 
        D862  5 0.1200 0.0823 0.1724 0.0893 0.1203 0.4156 
        D865  5 0.5291 0.0954 0.1527 0.0723 0.0874 0.0631 
        D868  5 0.3232 0.0923 0.0556 0.0696 0.2336 0.2257 
        D869  5 0.0219 0.5052 0.0274 0.0608 0.3456 0.0390 
        D870  5 0.0269 0.0565 0.0493 0.4616 0.0920 0.3137 
        D907  5 0.4470 0.0641 0.0619 0.0263 0.3703 0.0304 
        D908  5 0.5602 0.0631 0.1785 0.0651 0.0813 0.0518 
        D910  5 0.2555 0.0934 0.1020 0.2998 0.1600 0.0893 
        D911  5 0.2872 0.0464 0.0307 0.3895 0.1848 0.0614 
        D934  5 0.0966 0.0958 0.4005 0.1249 0.0454 0.2368 
        D946  5 0.0528 0.1961 0.6335 0.0384 0.0422 0.0370 
        D947  5 0.1020 0.1499 0.2030 0.0610 0.2857 0.1984 
        D948  5 0.1850 0.5706 0.0502 0.0364 0.0666 0.0912 
        D949  5 0.0630 0.7743 0.0298 0.0206 0.0569 0.0555 
        D950  5 0.2629 0.0488 0.0658 0.4032 0.1002 0.1190 
        D951  5 0.0235 0.0509 0.1760 0.1193 0.1070 0.5232 
        D952  5 0.0940 0.0334 0.0349 0.0522 0.2448 0.5407 
        D953  5 0.6563 0.0481 0.0703 0.0319 0.0607 0.1326 
        D954  5 0.0657 0.0463 0.0446 0.0293 0.0190 0.7951 
        D961  5 0.0389 0.0376 0.8617 0.0194 0.0204 0.0220 
        D962  5 0.1035 0.0362 0.7267 0.0163 0.0517 0.0655 
        D963  5 0.3254 0.0424 0.2950 0.0983 0.0586 0.1803 
        D964  5 0.1055 0.3996 0.1921 0.0776 0.0718 0.1534 
        D965  5 0.0577 0.0592 0.4381 0.1190 0.1686 0.1575 
        D966  5 0.1749 0.0314 0.3543 0.0692 0.2077 0.1626 
        D967  5 0.4074 0.0545 0.0488 0.2680 0.0890 0.1323 
        D991  5 0.0734 0.0859 0.4578 0.0355 0.3140 0.0335 
        D132  8 0.0302 0.4121 0.0399 0.0259 0.4595 0.0325 
        D133  8 0.0279 0.0307 0.0276 0.8208 0.0640 0.0291 
        D200  8 0.0934 0.1328 0.1590 0.0538 0.5294 0.0317 
        D500  8 0.0240 0.3200 0.0372 0.0171 0.5726 0.0292 
        D614  8 0.2824 0.1660 0.1732 0.0389 0.2733 0.0662 
        D723  8 0.0391 0.5998 0.0282 0.1199 0.1667 0.0464 
        D888  8 0.5524 0.0398 0.0564 0.1220 0.1635 0.0660 
        D901  8 0.0345 0.8662 0.0357 0.0266 0.0201 0.0169 
        D902  8 0.3274 0.3737 0.1564 0.0602 0.0510 0.0312 
        D903  8 0.0495 0.0378 0.0541 0.0841 0.0644 0.7102 
        D904  8 0.0456 0.0578 0.2619 0.0631 0.2151 0.3564 
        D905  8 0.7997 0.0210 0.0330 0.0307 0.0978 0.0177 
        D906  8 0.0773 0.0324 0.0551 0.4531 0.1460 0.2360 
        D937  8 0.5219 0.2812 0.0939 0.0524 0.0311 0.0195 
        D943  8 0.1576 0.1514 0.0700 0.0995 0.3415 0.1800 
        D972  8 0.0213 0.7313 0.0345 0.0872 0.0986 0.0271 
        D973  8 0.0315 0.6136 0.0461 0.0930 0.1068 0.1090 
        D974  8 0.0828 0.2965 0.0638 0.1867 0.2619 0.1083 
        D975  8 0.1767 0.1161 0.1124 0.1320 0.4268 0.0361 
        D976  8 0.2314 0.2910 0.1412 0.1037 0.1433 0.0893 
        D142 10 0.0612 0.0584 0.4268 0.2207 0.0842 0.1487 
        D143 10 0.0655 0.0432 0.0803 0.7250 0.0531 0.0329 
        D144 10 0.1005 0.0766 0.2428 0.1431 0.0780 0.3590 
        D145 10 0.4827 0.0834 0.0881 0.0842 0.1971 0.0645 
        D146 10 0.0255 0.5043 0.2401 0.0452 0.1028 0.0821 
        D147 10 0.0296 0.4996 0.2340 0.1333 0.0480 0.0556 
        D148 10 0.0626 0.1267 0.2346 0.2833 0.0238 0.2689 
        D149 10 0.1326 0.0889 0.0696 0.5269 0.1102 0.0717 
        D151 10 0.2540 0.1950 0.0500 0.2787 0.0588 0.1634 
        D152 10 0.0462 0.0507 0.0924 0.7121 0.0345 0.0641 
        D153 10 0.0611 0.2200 0.2203 0.0572 0.2468 0.1947 
        D156 10 0.0239 0.0289 0.7494 0.0527 0.0461 0.0990 
        D157 10 0.1903 0.1176 0.2227 0.0447 0.3182 0.1064 
        D158 10 0.1080 0.6812 0.0794 0.0378 0.0599 0.0337 
        D159 10 0.0361 0.0305 0.0287 0.7880 0.0514 0.0653 
        D160 10 0.9213 0.0200 0.0136 0.0195 0.0129 0.0127 
        D161 10 0.0601 0.0580 0.0899 0.1377 0.0483 0.6059 
        D162 10 0.0413 0.0241 0.7696 0.0650 0.0385 0.0615 
        D169 10 0.1754 0.1392 0.0291 0.0533 0.4801 0.1228 
        D170 10 0.0334 0.0890 0.1357 0.0203 0.6334 0.0882 
        D171 10 0.0206 0.0990 0.7293 0.0263 0.0369 0.0879 
        D172 10 0.0243 0.1590 0.7015 0.0456 0.0492 0.0204 
        D173 10 0.0361 0.0600 0.0308 0.7965 0.0410 0.0356 
        D181 10 0.1678 0.0856 0.4833 0.0805 0.0429 0.1400 
        D182 10 0.1529 0.2021 0.1432 0.2947 0.1232 0.0839 
        D183 10 0.6801 0.0475 0.0323 0.0228 0.1373 0.0799 
        D184 10 0.0166 0.0646 0.0299 0.0288 0.6325 0.2276 
        D185 10 0.0408 0.0930 0.1334 0.0628 0.0325 0.6375 
        D186 10 0.0391 0.4652 0.0213 0.0445 0.4077 0.0222 
        D194 10 0.0467 0.2125 0.2030 0.2233 0.1448 0.1696 
        D195 10 0.2118 0.0608 0.2274 0.2123 0.1948 0.0928 
        D196 10 0.0884 0.0305 0.0757 0.4302 0.2005 0.1747 
        D197 10 0.1064 0.2253 0.0390 0.1176 0.4614 0.0504 
        D198 10 0.0477 0.0552 0.0225 0.0280 0.0300 0.8166 
     D237226 10 0.3113 0.1177 0.0224 0.2824 0.0235 0.2427 
     D237232 10 0.5056 0.1404 0.0475 0.1494 0.0909 0.0662 
     D237233 10 0.1397 0.1200 0.4963 0.1435 0.0676 0.0328 
     D237234 10 0.1543 0.0918 0.5634 0.0437 0.0845 0.0623 
     D237354 10 0.5688 0.0251 0.0359 0.2766 0.0503 0.0432 
     D237355 10 0.8013 0.0255 0.0217 0.0890 0.0273 0.0351 
     D237356 10 0.0847 0.0322 0.0222 0.0259 0.0977 0.7373 
     D237357 10 0.0411 0.2771 0.1088 0.3313 0.1852 0.0565 
     D237358 10 0.0573 0.0204 0.0502 0.1614 0.4360 0.2746 
     D237369 10 0.0143 0.8291 0.0295 0.0502 0.0462 0.0307 
     D237370 10 0.2520 0.0861 0.2037 0.2661 0.0854 0.1066 
     D237371 10 0.0283 0.0575 0.0326 0.0630 0.1425 0.6761 
     D237372 10 0.0858 0.0309 0.0470 0.3910 0.3838 0.0616 
     D237373 10 0.1505 0.3340 0.2030 0.1108 0.0895 0.1122 
     D237374 10 0.7097 0.0364 0.1046 0.0708 0.0368 0.0416 
     D237375 10 0.0758 0.1085 0.0806 0.4789 0.0874 0.1688 
     D237400 10 0.0541 0.0355 0.1417 0.6404 0.1069 0.0215 
     D244002 10 0.0323 0.1114 0.1791 0.1674 0.4124 0.0973 
     D244003 10 0.7959 0.0340 0.0579 0.0368 0.0576 0.0179 
     D244004 10 0.8483 0.0536 0.0374 0.0151 0.0292 0.0164 
     D244005 10 0.5666 0.0360 0.0211 0.1294 0.1804 0.0665 
     D244020 10 0.1011 0.1364 0.2227 0.0596 0.0524 0.4277 
     D244021 10 0.0357 0.7526 0.0438 0.0807 0.0665 0.0207 
     D244116 10 0.0310 0.1117 0.5599 0.0660 0.1866 0.0447 
     D244117 10 0.7163 0.0295 0.0758 0.0711 0.0749 0.0323 
     D244121 10 0.5032 0.1441 0.1213 0.0739 0.1119 0.0457 
     D244123 10 0.2683 0.1010 0.2418 0.1117 0.1838 0.0934 
     D244124 10 0.0944 0.0778 0.0913 0.1736 0.5028 0.0601 
        D332 10 0.0502 0.1874 0.1839 0.1828 0.0908 0.3049 
        D570 10 0.1410 0.0532 0.6185 0.0427 0.0660 0.0786 
        D602 10 0.0361 0.0567 0.5601 0.1067 0.1423 0.0980 
        D603 10 0.1156 0.3809 0.0836 0.2742 0.0564 0.0892 
        D604 10 0.0625 0.0326 0.4493 0.2427 0.1263 0.0867 
        D605 10 0.0798 0.0690 0.0572 0.1000 0.0525 0.6414 
        D606 10 0.2020 0.0517 0.0304 0.0422 0.5491 0.1247 
        D607 10 0.0253 0.0436 0.0489 0.0651 0.0416 0.7755 
        D608 10 0.0191 0.0188 0.0283 0.8420 0.0263 0.0655 
        D609 10 0.3171 0.2131 0.1255 0.0328 0.1627 0.1487 
        D610 10 0.4994 0.0408 0.0350 0.0375 0.2704 0.1169 
        D611 10 0.7056 0.0620 0.1027 0.0227 0.0629 0.0441 
        D613 10 0.0492 0.0444 0.6021 0.0286 0.0377 0.2380 
        D633 10 0.0242 0.0368 0.3400 0.2158 0.0970 0.2861 
        D634 10 0.0585 0.0967 0.5548 0.0619 0.0524 0.1757 
        D638 10 0.1256 0.0450 0.0876 0.5192 0.1952 0.0273 
        D681 10 0.0247 0.0644 0.7369 0.0324 0.1031 0.0385 
        D754 10 0.0828 0.6577 0.0760 0.0307 0.1386 0.0142 
        D755 10 0.6612 0.0929 0.0514 0.1511 0.0280 0.0154 
        D756 10 0.2959 0.2087 0.2736 0.0492 0.1321 0.0405 
        D757 10 0.2588 0.0446 0.0351 0.1665 0.1586 0.3364 
        D758 10 0.0805 0.1479 0.3991 0.0860 0.1834 0.1031 
        D759 10 0.7490 0.0313 0.0608 0.0755 0.0344 0.0491 
        D760 10 0.3711 0.0701 0.2299 0.1334 0.1168 0.0788 
        D761 10 0.7027 0.0248 0.0230 0.0785 0.1504 0.0207 
        D762 10 0.0246 0.0305 0.0668 0.0529 0.0292 0.7961 
        D775 10 0.7920 0.0865 0.0324 0.0299 0.0316 0.0277 
        D776 10 0.4645 0.0526 0.0434 0.3260 0.0705 0.0430 
        D777 10 0.7950 0.0606 0.0376 0.0325 0.0223 0.0518 
        D778 10 0.3588 0.3479 0.0289 0.1938 0.0395 0.0310 
        D779 10 0.0792 0.2244 0.4917 0.0321 0.1557 0.0169 
        D780 10 0.1194 0.0576 0.4808 0.1355 0.1615 0.0452 
        D781 10 0.0294 0.0594 0.4318 0.2068 0.1885 0.0841 
        D858 10 0.0978 0.6144 0.0334 0.0682 0.1007 0.0856 
        D933 10 0.2243 0.0358 0.0280 0.1776 0.0757 0.4585 
        D038 11 0.3522 0.0985 0.2137 0.1122 0.1229 0.1005 
        D063 11 0.1333 0.0265 0.1850 0.0538 0.5739 0.0275 
        D155 11 0.5648 0.0731 0.0428 0.0865 0.0743 0.1586 
        D175 11 0.0691 0.5108 0.0786 0.0459 0.2615 0.0342 
        D176 11 0.1493 0.1871 0.1541 0.3832 0.0990 0.0273 
        D205 11 0.4100 0.1605 0.0696 0.0411 0.2669 0.0520 
     D237229 11 0.1330 0.0540 0.2783 0.1895 0.2324 0.1128 
     D237230 11 0.0282 0.2107 0.0424 0.5805 0.0567 0.0816 
     D237231 11 0.0377 0.0431 0.1202 0.2876 0.1825 0.3290 
     D237269 11 0.0871 0.0551 0.0695 0.2530 0.1594 0.3759 
     D237270 11 0.0522 0.4236 0.0333 0.1024 0.0455 0.3430 
     D237271 11 0.0728 0.0635 0.3705 0.0687 0.3451 0.0794 
     D237272 11 0.0337 0.3618 0.0335 0.1546 0.2969 0.1194 
     D237273 11 0.1593 0.0449 0.3162 0.0459 0.3957 0.0380 
     D237301 11 0.0629 0.0983 0.2378 0.1466 0.2556 0.1988 
     D237302 11 0.0574 0.1109 0.1705 0.0549 0.5388 0.0676 
     D237303 11 0.0238 0.4342 0.0690 0.3044 0.0633 0.1053 
     D237304 11 0.0952 0.2364 0.2429 0.1290 0.1665 0.1301 
     D237305 11 0.4438 0.1468 0.1318 0.0401 0.2011 0.0363 
     D237314 11 0.3168 0.1126 0.3128 0.0469 0.1123 0.0986 
     D237315 11 0.0566 0.4980 0.0730 0.0432 0.0982 0.2309 
     D237316 11 0.0261 0.0275 0.3516 0.0597 0.1378 0.3975 
     D237328 11 0.0744 0.4168 0.0528 0.0511 0.1917 0.2131 
     D237329 11 0.3253 0.1867 0.0391 0.1773 0.1235 0.1480 
     D237330 11 0.2996 0.0635 0.4778 0.0682 0.0635 0.0275 
     D237331 11 0.3863 0.0394 0.2119 0.0419 0.1787 0.1418 
     D237332 11 0.1029 0.0300 0.0914 0.0440 0.6156 0.1163 
     D237333 11 0.5502 0.0169 0.1946 0.0830 0.0821 0.0731 
     D237334 11 0.0476 0.0597 0.1033 0.0699 0.1256 0.5939 
     D237335 11 0.1604 0.1315 0.2231 0.0755 0.3344 0.0752 
     D237336 11 0.5813 0.0474 0.0529 0.0359 0.1526 0.1298 
     D237350 11 0.0952 0.0183 0.6991 0.0510 0.1070 0.0294 
     D237383 11 0.1529 0.0695 0.1490 0.0731 0.4889 0.0665 
     D237384 11 0.0644 0.0400 0.0565 0.0347 0.0642 0.7403 
     D237385 11 0.1988 0.1264 0.1753 0.1697 0.2282 0.1016 
     D237386 11 0.1057 0.1848 0.0516 0.3549 0.0786 0.2243 
     D237387 11 0.0345 0.0444 0.0939 0.0334 0.6699 0.1239 
     D237388 11 0.1385 0.0630 0.5350 0.0538 0.0803 0.1294 
        D239 11 0.4655 0.0953 0.1220 0.0637 0.1325 0.1210 
        D240 11 0.6980 0.0200 0.0390 0.0631 0.1477 0.0323 
        D241 11 0.0485 0.0382 0.0271 0.0979 0.3537 0.4345 
        D242 11 0.1261 0.0725 0.1691 0.2001 0.1562 0.2760 
        D243 11 0.6663 0.0613 0.0321 0.0412 0.1026 0.0966 
        D244 11 0.6447 0.0333 0.0311 0.0390 0.1312 0.1206 
        D245 11 0.0446 0.5505 0.0751 0.0603 0.2235 0.0459 
        D246 11 0.1456 0.2769 0.2875 0.0756 0.0841 0.1303 
        D247 11 0.2470 0.0538 0.4793 0.0623 0.0582 0.0994 
        D248 11 0.0524 0.0495 0.0441 0.4176 0.0537 0.3828 
        D249 11 0.0519 0.5088 0.2946 0.0300 0.0628 0.0519 
        D250 11 0.0999 0.1015 0.1414 0.4266 0.0485 0.1821 
        D251 11 0.1362 0.2805 0.3504 0.0324 0.1250 0.0755 
        D252 11 0.0354 0.3164 0.1082 0.0338 0.1897 0.3166 
        D253 11 0.1368 0.0460 0.1395 0.0447 0.5874 0.0456 
        D254 11 0.0302 0.3038 0.0197 0.5404 0.0572 0.0488 
        D255 11 0.0462 0.1288 0.4497 0.1269 0.1282 0.1202 
        D256 11 0.3976 0.0535 0.0612 0.0484 0.0969 0.3424 
        D257 11 0.1530 0.5810 0.0618 0.0853 0.0568 0.0622 
        D258 11 0.0567 0.6253 0.0621 0.0253 0.0349 0.1957 
        D259 11 0.0345 0.2763 0.1441 0.1415 0.2997 0.1039 
        D260 11 0.0701 0.0580 0.4862 0.0557 0.2751 0.0550 
        D261 11 0.0356 0.0604 0.6996 0.0340 0.1074 0.0630 
        D262 11 0.0651 0.4670 0.1296 0.0962 0.1976 0.0445 
        D263 11 0.1960 0.0486 0.4681 0.0376 0.1503 0.0994 
        D264 11 0.0283 0.2876 0.1536 0.1378 0.3486 0.0441 
        D265 11 0.1367 0.2997 0.0413 0.4168 0.0403 0.0652 
        D266 11 0.1395 0.0275 0.1791 0.2509 0.0627 0.3403 
        D267 11 0.3494 0.1224 0.2066 0.0355 0.1125 0.1736 
        D268 11 0.5316 0.0770 0.1417 0.0815 0.0686 0.0997 
        D269 11 0.0476 0.0499 0.1074 0.0356 0.2466 0.5129 
        D270 11 0.0736 0.2142 0.0761 0.0650 0.4205 0.1506 
        D271 11 0.2410 0.1571 0.0605 0.0573 0.1540 0.3302 
        D272 11 0.2154 0.0247 0.3182 0.0958 0.1732 0.1727 
        D273 11 0.0215 0.8476 0.0292 0.0176 0.0555 0.0286 
        D274 11 0.1964 0.1096 0.0938 0.1083 0.1411 0.3508 
        D275 11 0.1459 0.0572 0.0652 0.0923 0.0663 0.5731 
        D276 11 0.2022 0.0341 0.0913 0.0413 0.1349 0.4963 
        D277 11 0.2171 0.0952 0.0986 0.1351 0.1104 0.3436 
        D278 11 0.0680 0.1351 0.4259 0.0840 0.2609 0.0262 
        D282 11 0.0640 0.1080 0.0432 0.0238 0.6748 0.0862 
        D296 11 0.2869 0.0354 0.0580 0.0595 0.0643 0.4958 
        D297 11 0.1965 0.0454 0.0472 0.0492 0.3833 0.2784 
        D298 11 0.2221 0.0520 0.1548 0.1427 0.1712 0.2573 
        D299 11 0.0665 0.0391 0.6467 0.0456 0.1802 0.0220 
        D300 11 0.2171 0.0549 0.2785 0.1660 0.1853 0.0982 
        D382 11 0.3075 0.0435 0.0559 0.0270 0.0806 0.4855 
        D383 11 0.6570 0.0806 0.0802 0.0303 0.1038 0.0481 
        D387 11 0.1168 0.2974 0.3644 0.1178 0.0530 0.0507 
        D388 11 0.0236 0.0192 0.0338 0.0206 0.0245 0.8784 
        D389 11 0.0516 0.0344 0.6596 0.0353 0.1811 0.0380 
        D390 11 0.0943 0.0766 0.1397 0.1972 0.1987 0.2934 
        D396 11 0.1648 0.0952 0.2091 0.1860 0.1502 0.1947 
        D397 11 0.0388 0.0264 0.0254 0.0208 0.8662 0.0224 
        D398 11 0.3990 0.0516 0.0556 0.0548 0.1059 0.3331 
        D399 11 0.0253 0.0900 0.4593 0.1090 0.0505 0.2658 
        D437 11 0.0481 0.1050 0.2359 0.0413 0.5275 0.0422 
        D441 11 0.5942 0.1354 0.0933 0.0549 0.0544 0.0678 
        D442 11 0.1278 0.0651 0.2828 0.0830 0.3727 0.0684 
        D443 11 0.7946 0.0398 0.0339 0.0459 0.0341 0.0516 
        D444 11 0.0809 0.0569 0.3845 0.1631 0.0906 0.2240 
        D445 11 0.0253 0.0749 0.0643 0.0265 0.6911 0.1180 
        D446 11 0.0528 0.0682 0.0707 0.2792 0.1096 0.4194 
        D451 11 0.1404 0.2608 0.0567 0.0713 0.1731 0.2978 
        D452 11 0.0698 0.0367 0.4770 0.1691 0.1376 0.1099 
        D453 11 0.0292 0.0230 0.0201 0.0538 0.0824 0.7914 
        D454 11 0.0778 0.2837 0.1913 0.1053 0.0694 0.2725 
        D457 11 0.1966 0.3981 0.1395 0.0317 0.2022 0.0319 
        D458 11 0.1719 0.0404 0.0363 0.0418 0.1780 0.5316 
        D466 11 0.0424 0.0601 0.0271 0.7602 0.0536 0.0567 
        D467 11 0.0257 0.0319 0.8682 0.0272 0.0249 0.0220 
        D475 11 0.0518 0.3006 0.1384 0.0361 0.3621 0.1110 
        D488 11 0.0781 0.1039 0.0689 0.2688 0.1298 0.3505 
        D489 11 0.0882 0.2624 0.0705 0.2911 0.2152 0.0726 
        D493 11 0.1050 0.0868 0.0978 0.3841 0.0613 0.2650 
        D494 11 0.0902 0.1636 0.1115 0.2148 0.1301 0.2898 
        D495 11 0.0549 0.2527 0.0369 0.1620 0.4326 0.0609 
        D496 11 0.6464 0.0240 0.0315 0.1290 0.1301 0.0391 
        D674 11 0.5402 0.0369 0.1096 0.1952 0.0659 0.0522 
        D675 11 0.5917 0.0212 0.0473 0.2654 0.0384 0.0359 
        D676 11 0.0779 0.2258 0.2537 0.0457 0.3569 0.0401 
        D680 11 0.7290 0.0242 0.0355 0.0269 0.1023 0.0821 
        D701 11 0.0698 0.2098 0.0633 0.0951 0.4903 0.0717 
        D702 11 0.0379 0.0954 0.1119 0.1621 0.3507 0.2419 
        D703 11 0.1847 0.0529 0.0403 0.2218 0.2680 0.2322 
        D704 11 0.1075 0.2013 0.1866 0.1150 0.2864 0.1032 
        D705 11 0.0258 0.2022 0.0331 0.3583 0.3400 0.0407 
        D706 11 0.1136 0.0373 0.1925 0.1008 0.5278 0.0281 
        D707 11 0.0778 0.0985 0.0706 0.0602 0.5654 0.1274 
        D751 11 0.0623 0.0538 0.0699 0.0330 0.2580 0.5230 
        D752 11 0.2517 0.0698 0.2520 0.0684 0.2960 0.0622 
        D753 11 0.0682 0.1442 0.0379 0.4626 0.2462 0.0410 
        D773 11 0.0174 0.8776 0.0194 0.0232 0.0292 0.0332 
        D774 11 0.1597 0.0518 0.0918 0.2438 0.2015 0.2514 
        D801 11 0.2769 0.1644 0.1187 0.2551 0.1077 0.0772 
        D802 11 0.0431 0.4126 0.0471 0.1953 0.0879 0.2140 
        D803 11 0.3366 0.0749 0.0577 0.0638 0.2513 0.2157 
        D804 11 0.0990 0.1998 0.1271 0.0590 0.3907 0.1243 
        D805 11 0.1295 0.1416 0.1199 0.0528 0.0617 0.4945 
        D806 11 0.0246 0.7558 0.0818 0.0291 0.0650 0.0437 
        D809 11 0.1406 0.0657 0.4293 0.0810 0.2106 0.0727 
        D810 11 0.2397 0.0322 0.4936 0.0601 0.1028 0.0716 
