        D023  2 0.8044 0.0183 0.0909 0.0138 0.0070 0.0082 0.0270 0.0096 0.0097 0.0109 
        D130  2 0.1571 0.0193 0.3862 0.0282 0.0114 0.0935 0.0826 0.0857 0.0179 0.1181 
        D131  2 0.0233 0.0368 0.0266 0.0129 0.0376 0.0939 0.2357 0.1116 0.0501 0.3716 
        D163  2 0.3334 0.0173 0.2460 0.0437 0.0469 0.0430 0.0760 0.0189 0.0610 0.1138 
        D164  2 0.4982 0.0161 0.0091 0.0974 0.0068 0.0331 0.0121 0.3000 0.0091 0.0181 
        D165  2 0.7425 0.0333 0.1172 0.0225 0.0104 0.0128 0.0142 0.0116 0.0211 0.0144 
        D166  2 0.0382 0.0919 0.0565 0.1546 0.0163 0.1307 0.0387 0.0206 0.0358 0.4168 
        D167  2 0.0062 0.0071 0.0063 0.9257 0.0080 0.0095 0.0082 0.0127 0.0074 0.0089 
        D192  2 0.0073 0.0108 0.0075 0.9215 0.0082 0.0071 0.0072 0.0145 0.0081 0.0078 
        D193  2 0.0130 0.0307 0.0709 0.4248 0.0735 0.0888 0.0868 0.0160 0.0326 0.1628 
        D206  2 0.1084 0.0186 0.0324 0.0971 0.0181 0.0444 0.4782 0.0932 0.0183 0.0912 
        D207  2 0.0369 0.0211 0.0192 0.2082 0.0166 0.0838 0.0453 0.3070 0.1065 0.1552 
        D208  2 0.0290 0.0581 0.1958 0.0689 0.2056 0.0266 0.0654 0.0272 0.2807 0.0428 
        D209  2 0.0265 0.0400 0.0145 0.7695 0.0129 0.0160 0.0251 0.0125 0.0113 0.0716 
        D210  2 0.0448 0.0538 0.0288 0.0644 0.4304 0.0202 0.0275 0.1026 0.1916 0.0360 
     D229599  2 0.0982 0.0611 0.1076 0.0671 0.0348 0.0162 0.1800 0.0163 0.1163 0.3025 
     D229600  2 0.0519 0.0245 0.0567 0.6525 0.0149 0.0680 0.0290 0.0371 0.0293 0.0362 
     D237227  2 0.0732 0.0202 0.0669 0.0433 0.4000 0.1390 0.0368 0.0221 0.1276 0.0710 
     D237228  2 0.0284 0.0201 0.0153 0.0355 0.1100 0.6704 0.0148 0.0200 0.0269 0.0586 
     D237258  2 0.0949 0.1289 0.0380 0.2887 0.0256 0.0789 0.1061 0.0291 0.1450 0.0648 
     D237310  2 0.0105 0.0116 0.0094 0.0141 0.0173 0.8902 0.0077 0.0128 0.0110 0.0153 
     D237311  2 0.0124 0.0119 0.0137 0.0557 0.0141 0.8209 0.0100 0.0308 0.0117 0.0187 
     D237312  2 0.0207 0.0619 0.0330 0.0175 0.0200 0.7624 0.0228 0.0165 0.0158 0.0294 
     D237313  2 0.1845 0.0269 0.0697 0.0210 0.0542 0.0220 0.4780 0.0241 0.0285 0.0911 
     D237322  2 0.0420 0.0685 0.1718 0.0406 0.0678 0.1084 0.0533 0.0432 0.2629 0.1416 
     D237323  2 0.0122 0.0143 0.0208 0.0163 0.0548 0.8132 0.0103 0.0125 0.0307 0.0149 
     D237324  2 0.0719 0.0375 0.1320 0.1618 0.0184 0.0522 0.0481 0.2067 0.1275 0.1440 
     D237325  2 0.0101 0.0177 0.0273 0.0328 0.0273 0.7960 0.0196 0.0241 0.0138 0.0313 
     D237326  2 0.0475 0.0295 0.0146 0.0239 0.0574 0.6086 0.0480 0.0737 0.0353 0.0616 
     D237327  2 0.0129 0.0702 0.1492 0.0232 0.0277 0.0235 0.0173 0.0565 0.5672 0.0524 
     D237337  2 0.0351 0.0124 0.0199 0.0096 0.0267 0.8176 0.0344 0.0132 0.0089 0.0223 
     D237338  2 0.0265 0.0382 0.2070 0.0444 0.1195 0.3121 0.0320 0.0327 0.0584 0.1292 
     D237339  2 0.0194 0.2040 0.0592 0.0560 0.0187 0.0164 0.0731 0.3370 0.0322 0.1839 
     D237340  2 0.0099 0.0236 0.0459 0.1014 0.0762 0.6135 0.0173 0.0413 0.0280 0.0429 
     D237389  2 0.0261 0.0191 0.0204 0.0768 0.0093 0.7883 0.0111 0.0132 0.0127 0.0229 
     D237390  2 0.0093 0.0209 0.0263 0.0147 0.0260 0.8055 0.0261 0.0132 0.0253 0.0326 
     D244017  2 0.0148 0.0143 0.0122 0.7431 0.0690 0.0204 0.0302 0.0162 0.0206 0.0592 
     D244112  2 0.0136 0.0150 0.0386 0.7779 0.0126 0.0186 0.0109 0.0722 0.0155 0.0251 
     D244118  2 0.0126 0.0100 0.0184 0.9013 0.0086 0.0092 0.0079 0.0088 0.0094 0.0137 
     D244119  2 0.0143 0.0103 0.0164 0.1623 0.5690 0.0257 0.0218 0.1240 0.0378 0.0184 
     D244120  2 0.0088 0.0245 0.0110 0.8455 0.0132 0.0418 0.0089 0.0099 0.0127 0.0236 
     D244122  2 0.0259 0.0264 0.0349 0.7869 0.0333 0.0124 0.0209 0.0186 0.0180 0.0228 
        D291  2 0.0270 0.0128 0.0189 0.0485 0.0109 0.0204 0.0599 0.0224 0.6886 0.0907 
        D292  2 0.1269 0.0317 0.0210 0.3942 0.0818 0.0143 0.1415 0.0321 0.0957 0.0608 
        D293  2 0.0062 0.0166 0.0081 0.0074 0.0074 0.0079 0.0130 0.9082 0.0104 0.0147 
        D322  2 0.0607 0.1136 0.0128 0.0350 0.0106 0.0200 0.0331 0.6276 0.0306 0.0561 
        D323  2 0.0298 0.0534 0.0275 0.1513 0.0435 0.0453 0.4374 0.0691 0.0258 0.1168 
        D324  2 0.0979 0.0273 0.0150 0.0298 0.0342 0.0927 0.0815 0.1049 0.3916 0.1249 
        D325  2 0.0094 0.0137 0.0092 0.0114 0.0087 0.0119 0.0151 0.8916 0.0164 0.0126 
        D326  2 0.0132 0.0144 0.0121 0.0117 0.0144 0.0113 0.8548 0.0175 0.0172 0.0334 
        D340  2 0.0090 0.0185 0.0082 0.0223 0.0175 0.0164 0.0095 0.8660 0.0209 0.0117 
        D341  2 0.0556 0.0156 0.0372 0.0271 0.0235 0.0297 0.0309 0.7386 0.0162 0.0257 
        D342  2 0.1595 0.0176 0.0158 0.6310 0.0138 0.0184 0.0247 0.0333 0.0210 0.0649 
        D343  2 0.0078 0.0091 0.0088 0.0083 0.0062 0.0088 0.0078 0.9227 0.0094 0.0112 
        D344  2 0.0643 0.1660 0.0178 0.1186 0.0169 0.0413 0.2828 0.0196 0.0140 0.2589 
        D345  2 0.3142 0.0692 0.0246 0.0307 0.0230 0.0110 0.2565 0.0200 0.0371 0.2138 
        D346  2 0.1391 0.1303 0.0163 0.0533 0.3162 0.0740 0.0930 0.0603 0.0433 0.0742 
        D351  2 0.0319 0.0535 0.0314 0.0111 0.0125 0.0584 0.2179 0.1652 0.1163 0.3019 
        D352  2 0.0184 0.5342 0.0288 0.0291 0.0585 0.0468 0.0538 0.0532 0.0265 0.1507 
        D353  2 0.0182 0.0682 0.0329 0.0254 0.0143 0.0145 0.3607 0.0182 0.0290 0.4185 
        D354  2 0.0719 0.3801 0.0217 0.0162 0.0295 0.0153 0.2604 0.0107 0.0154 0.1787 
        D362  2 0.5233 0.0151 0.0246 0.0335 0.0166 0.0161 0.2884 0.0241 0.0249 0.0333 
        D363  2 0.4592 0.0228 0.0226 0.0223 0.0268 0.0138 0.3421 0.0262 0.0253 0.0388 
        D364  2 0.2050 0.1221 0.0221 0.0491 0.0164 0.0093 0.4026 0.0090 0.0117 0.1527 
        D365  2 0.0075 0.0118 0.0093 0.0086 0.0142 0.0159 0.0131 0.8999 0.0092 0.0105 
        D369  2 0.0523 0.0223 0.0195 0.0742 0.1436 0.3778 0.1007 0.1004 0.0328 0.0763 
        D374  2 0.0192 0.0226 0.0544 0.3920 0.3214 0.0195 0.0316 0.0111 0.0147 0.1135 
        D375  2 0.0277 0.4918 0.0265 0.0404 0.0152 0.0251 0.1311 0.0097 0.0107 0.2219 
        D376  2 0.0411 0.0540 0.0606 0.3520 0.3469 0.0178 0.0231 0.0137 0.0163 0.0743 
        D377  2 0.1370 0.0907 0.0447 0.0366 0.0569 0.2467 0.1151 0.0649 0.0354 0.1722 
        D378  2 0.1222 0.2286 0.0328 0.0178 0.0171 0.0153 0.1079 0.2837 0.0542 0.1204 
        D379  2 0.0198 0.0141 0.0195 0.0269 0.0211 0.0203 0.8183 0.0156 0.0150 0.0294 
        D384  2 0.0232 0.0108 0.0139 0.0078 0.0263 0.0140 0.8485 0.0210 0.0169 0.0177 
        D385  2 0.0245 0.1212 0.0195 0.0265 0.0290 0.0229 0.0269 0.6721 0.0171 0.0402 
        D386  2 0.0642 0.3761 0.0335 0.0174 0.0134 0.0092 0.2079 0.0492 0.0201 0.2091 
        D391  2 0.0152 0.0355 0.0160 0.0153 0.0109 0.0183 0.0292 0.8304 0.0122 0.0170 
        D392  2 0.0534 0.0180 0.0170 0.2336 0.0397 0.0752 0.0574 0.3840 0.0220 0.0998 
        D393  2 0.0514 0.3919 0.0254 0.0160 0.0230 0.0232 0.1603 0.1869 0.0890 0.0330 
        D394  2 0.0473 0.1579 0.0582 0.2847 0.0442 0.1070 0.0514 0.0348 0.0549 0.1595 
        D395  2 0.0099 0.3546 0.0458 0.0323 0.0218 0.0505 0.0345 0.2107 0.0370 0.2029 
        D401  2 0.0331 0.0078 0.0143 0.0178 0.0177 0.8683 0.0077 0.0077 0.0136 0.0118 
        D402  2 0.0125 0.0736 0.0095 0.0295 0.0127 0.0163 0.0147 0.7929 0.0218 0.0165 
        D403  2 0.1518 0.0940 0.1224 0.0312 0.0100 0.0118 0.3571 0.0301 0.0265 0.1652 
        D415  2 0.0389 0.0262 0.0297 0.0112 0.0115 0.0729 0.2473 0.0365 0.0100 0.5158 
        D435  2 0.1322 0.0896 0.0255 0.0222 0.0147 0.0255 0.1138 0.4872 0.0398 0.0495 
        D436  2 0.0158 0.1007 0.2610 0.0481 0.0630 0.0784 0.1011 0.0791 0.0174 0.2354 
        D438  2 0.0179 0.0148 0.0138 0.0275 0.0171 0.0143 0.0175 0.8446 0.0162 0.0162 
        D439  2 0.0454 0.2753 0.0739 0.0344 0.0166 0.0076 0.1088 0.0423 0.0298 0.3659 
        D449  2 0.1143 0.0161 0.0167 0.5782 0.0156 0.0251 0.0390 0.0815 0.0116 0.1020 
        D450  2 0.2525 0.1383 0.1041 0.0409 0.0516 0.0509 0.0843 0.0161 0.0645 0.1967 
        D456  2 0.0152 0.0147 0.0125 0.0087 0.0145 0.0082 0.7373 0.0215 0.0360 0.1314 
        D462  2 0.0085 0.0489 0.0264 0.0290 0.0094 0.0134 0.0162 0.8098 0.0142 0.0241 
        D463  2 0.0086 0.0093 0.0119 0.0074 0.0137 0.0113 0.9031 0.0108 0.0115 0.0124 
        D464  2 0.0208 0.2173 0.0400 0.0819 0.0280 0.0371 0.1932 0.0530 0.0234 0.3054 
        D465  2 0.0253 0.0164 0.0110 0.0115 0.0169 0.2249 0.0310 0.5978 0.0156 0.0497 
        D473  2 0.0730 0.1592 0.0513 0.0225 0.2924 0.1639 0.0340 0.0571 0.0651 0.0814 
        D474  2 0.5077 0.0421 0.0120 0.0273 0.0379 0.0181 0.1443 0.0347 0.1426 0.0333 
        D476  2 0.0324 0.1588 0.5307 0.0192 0.0124 0.0128 0.0603 0.0796 0.0239 0.0699 
        D477  2 0.0701 0.4928 0.0222 0.0215 0.0294 0.0189 0.1905 0.0194 0.0304 0.1048 
        D478  2 0.0759 0.0287 0.0281 0.2932 0.0462 0.0394 0.1060 0.0144 0.0465 0.3218 
        D480  2 0.0352 0.3601 0.0296 0.0143 0.0567 0.0304 0.1557 0.2501 0.0444 0.0234 
        D481  2 0.0926 0.2130 0.0345 0.1239 0.0786 0.0196 0.2320 0.0223 0.0649 0.1187 
        D482  2 0.0446 0.2700 0.0702 0.0571 0.1207 0.0302 0.0813 0.0167 0.2081 0.1010 
        D483  2 0.0086 0.0102 0.0129 0.8723 0.0255 0.0102 0.0116 0.0255 0.0108 0.0124 
        D484  2 0.0090 0.8344 0.0172 0.0197 0.0205 0.0133 0.0100 0.0191 0.0157 0.0410 
        D510  2 0.0159 0.0298 0.0475 0.2210 0.3614 0.0491 0.0504 0.0225 0.0979 0.1045 
        D511  2 0.0301 0.5750 0.0312 0.0239 0.0189 0.0193 0.1209 0.0965 0.0319 0.0524 
        D512  2 0.0270 0.0239 0.0146 0.0151 0.0089 0.8155 0.0123 0.0378 0.0151 0.0298 
        D513  2 0.0316 0.0188 0.0123 0.0133 0.0401 0.0227 0.0580 0.7550 0.0261 0.0221 
        D635  2 0.7649 0.0163 0.0303 0.0169 0.0132 0.0106 0.0792 0.0210 0.0198 0.0277 
        D636  2 0.8498 0.0087 0.0660 0.0146 0.0072 0.0074 0.0156 0.0105 0.0072 0.0130 
        D637  2 0.0593 0.2657 0.0422 0.0747 0.0604 0.1900 0.0657 0.1133 0.0388 0.0898 
        D658  2 0.0355 0.1889 0.1073 0.1040 0.1081 0.1248 0.0214 0.2210 0.0301 0.0589 
        D659  2 0.1489 0.0506 0.0550 0.0522 0.0640 0.0208 0.2284 0.0677 0.0666 0.2458 
        D677  2 0.0661 0.0231 0.1076 0.0562 0.0213 0.1743 0.4186 0.0616 0.0350 0.0364 
        D678  2 0.0153 0.0140 0.0108 0.8703 0.0087 0.0176 0.0121 0.0105 0.0119 0.0288 
        D679  2 0.0577 0.1074 0.0239 0.0106 0.0609 0.0240 0.4707 0.1338 0.0692 0.0418 
        D719  2 0.0257 0.0199 0.0258 0.0210 0.3353 0.0373 0.0894 0.3488 0.0438 0.0529 
        D720  2 0.0274 0.0143 0.0227 0.0104 0.0459 0.0184 0.4344 0.3213 0.0444 0.0607 
        D721  2 0.7391 0.0236 0.1165 0.0241 0.0141 0.0077 0.0121 0.0199 0.0196 0.0233 
        D722  2 0.0222 0.0206 0.0390 0.4518 0.1715 0.0510 0.0451 0.0409 0.0319 0.1261 
        D734  2 0.0139 0.4098 0.0324 0.0276 0.1897 0.0266 0.0294 0.1533 0.0285 0.0887 
        D735  2 0.3022 0.0995 0.0632 0.0170 0.0364 0.0127 0.2234 0.1089 0.0419 0.0948 
        D736  2 0.0925 0.0816 0.0199 0.0867 0.1804 0.1014 0.0496 0.0386 0.2633 0.0860 
        D737  2 0.0105 0.0252 0.0278 0.8138 0.0290 0.0288 0.0118 0.0106 0.0243 0.0182 
        D807  2 0.1172 0.1793 0.0406 0.0610 0.2039 0.1169 0.0678 0.0496 0.0814 0.0823 
        D808  2 0.0320 0.0235 0.0402 0.0394 0.0162 0.2923 0.0564 0.0667 0.0377 0.3957 
        D817  2 0.0701 0.0276 0.0232 0.0325 0.0301 0.0421 0.6431 0.0223 0.0280 0.0811 
        D818  2 0.0346 0.0331 0.0640 0.0206 0.0286 0.0869 0.0893 0.4019 0.0896 0.1514 
        D819  2 0.0929 0.0544 0.0212 0.0332 0.0311 0.3189 0.2069 0.0179 0.0455 0.1779 
        D820  2 0.0167 0.0359 0.0534 0.0106 0.0195 0.0260 0.1128 0.6244 0.0314 0.0694 
        D895  2 0.3250 0.0245 0.0571 0.0673 0.0297 0.0161 0.2410 0.0242 0.0205 0.1944 
        D896  2 0.0218 0.0077 0.0089 0.0073 0.0179 0.9034 0.0094 0.0086 0.0069 0.0083 
        D897  2 0.0763 0.0944 0.0256 0.3325 0.0368 0.0612 0.0330 0.2048 0.0601 0.0753 
        D898  2 0.0714 0.0428 0.0444 0.0906 0.0298 0.0904 0.1148 0.0116 0.1832 0.3210 
        D918  2 0.0368 0.1166 0.0872 0.0139 0.0890 0.3694 0.0569 0.1111 0.0372 0.0820 
        D919  2 0.0251 0.1879 0.0494 0.1360 0.0192 0.0166 0.1960 0.1070 0.0708 0.1919 
        D920  2 0.0644 0.0162 0.6218 0.1177 0.0367 0.0396 0.0312 0.0141 0.0176 0.0406 
        D923  2 0.0616 0.1088 0.0322 0.0428 0.0159 0.0219 0.4050 0.0377 0.0184 0.2557 
        D930  2 0.1389 0.1344 0.0205 0.0202 0.0964 0.0418 0.2289 0.1177 0.0295 0.1716 
        D931  2 0.0753 0.4244 0.0427 0.0749 0.0322 0.0702 0.0920 0.0826 0.0299 0.0758 
        D968  2 0.0097 0.0151 0.0125 0.0287 0.0142 0.0144 0.0219 0.8122 0.0348 0.0364 
        D969  2 0.0693 0.0510 0.0252 0.1905 0.0553 0.0452 0.2655 0.0835 0.1133 0.1013 
        D977  2 0.0311 0.0222 0.0459 0.0602 0.0204 0.0329 0.0381 0.6500 0.0517 0.0476 
        D978  2 0.0250 0.0361 0.0444 0.1578 0.0262 0.0161 0.2327 0.0549 0.2577 0.1491 
        D009  4 0.0891 0.0189 0.6238 0.0299 0.0260 0.0376 0.0716 0.0143 0.0252 0.0636 
        D057  4 0.0097 0.0181 0.8189 0.0139 0.0116 0.0080 0.0124 0.0754 0.0156 0.0164 
        D109  4 0.2798 0.0501 0.0572 0.0200 0.0471 0.2522 0.0350 0.0133 0.0241 0.2212 
     D237222  4 0.0243 0.0161 0.6501 0.0958 0.0960 0.0122 0.0169 0.0288 0.0222 0.0376 
     D237223  4 0.0175 0.0408 0.0524 0.0300 0.0619 0.4467 0.0201 0.2360 0.0399 0.0546 
     D237224  4 0.0690 0.1683 0.0519 0.1357 0.0320 0.0136 0.2757 0.0382 0.0965 0.1190 
     D237225  4 0.1697 0.0226 0.3316 0.0438 0.0530 0.0205 0.1018 0.0617 0.0378 0.1575 
     D237299  4 0.0186 0.0268 0.0192 0.0182 0.0295 0.6204 0.0223 0.0360 0.0378 0.1712 
     D237300  4 0.0297 0.0251 0.0360 0.0799 0.0322 0.0247 0.0213 0.0277 0.6786 0.0448 
     D237306  4 0.0223 0.0278 0.0348 0.0395 0.3652 0.4238 0.0228 0.0205 0.0140 0.0293 
     D237307  4 0.0324 0.0159 0.1438 0.0319 0.1679 0.0274 0.3815 0.0976 0.0623 0.0393 
     D237308  4 0.0619 0.1364 0.0837 0.2886 0.0823 0.0331 0.0797 0.1484 0.0409 0.0451 
     D237309  4 0.1203 0.0529 0.3808 0.0506 0.0165 0.0239 0.0631 0.0172 0.0644 0.2103 
     D237317  4 0.1589 0.0195 0.0673 0.0340 0.1344 0.0156 0.3323 0.0223 0.0998 0.1158 
     D237318  4 0.0110 0.0179 0.0162 0.0334 0.0213 0.0329 0.0233 0.0573 0.7644 0.0223 
     D237319  4 0.0305 0.0190 0.0441 0.0540 0.0261 0.3998 0.2397 0.0225 0.0295 0.1349 
     D237320  4 0.0206 0.0181 0.0258 0.0453 0.0187 0.7259 0.0287 0.0364 0.0506 0.0299 
     D237321  4 0.0551 0.0194 0.0226 0.2002 0.0298 0.0387 0.0596 0.0138 0.4603 0.1005 
     D237397  4 0.0290 0.0162 0.2012 0.0815 0.2250 0.1517 0.0511 0.1365 0.0736 0.0343 
     D237398  4 0.0199 0.0691 0.0151 0.0168 0.0095 0.0363 0.0982 0.0466 0.6565 0.0320 
     D237399  4 0.0337 0.0308 0.0683 0.0426 0.1662 0.1126 0.0962 0.0460 0.2871 0.1165 
     D244001  4 0.0254 0.0212 0.5289 0.2946 0.0260 0.0089 0.0253 0.0226 0.0177 0.0295 
        D289  4 0.0264 0.1196 0.0727 0.0764 0.3233 0.0375 0.0511 0.1035 0.0837 0.1058 
        D290  4 0.0154 0.0427 0.1871 0.0609 0.0339 0.0638 0.0472 0.0403 0.3210 0.1877 
        D294  4 0.0211 0.2158 0.3124 0.0559 0.0336 0.0183 0.0653 0.0387 0.0959 0.1428 
        D295  4 0.0407 0.0410 0.3064 0.0307 0.0535 0.1667 0.1225 0.0453 0.0437 0.1496 
        D301  4 0.0879 0.0223 0.3661 0.3040 0.0518 0.0338 0.0436 0.0122 0.0416 0.0366 
        D302  4 0.0345 0.7446 0.0604 0.0145 0.0125 0.0115 0.0574 0.0162 0.0236 0.0248 
        D303  4 0.0345 0.0807 0.0236 0.0686 0.6253 0.0785 0.0192 0.0181 0.0178 0.0338 
        D304  4 0.0167 0.0208 0.1131 0.0310 0.0462 0.0168 0.1119 0.0160 0.5421 0.0853 
        D305  4 0.0364 0.1202 0.1043 0.3601 0.0116 0.0129 0.0426 0.0276 0.0288 0.2555 
        D306  4 0.0232 0.0167 0.0427 0.2335 0.0415 0.0526 0.0426 0.0154 0.0713 0.4605 
        D307  4 0.0316 0.0193 0.8026 0.0147 0.0463 0.0125 0.0144 0.0085 0.0348 0.0153 
        D327  4 0.0293 0.0174 0.0440 0.0269 0.0300 0.0332 0.6490 0.0448 0.0364 0.0890 
        D328  4 0.0195 0.2483 0.1171 0.0699 0.1917 0.1622 0.0376 0.0143 0.0264 0.1128 
        D329  4 0.0505 0.1640 0.3435 0.1646 0.0461 0.0125 0.0310 0.0207 0.0546 0.1124 
        D330  4 0.0453 0.0658 0.1155 0.0837 0.0185 0.1514 0.0867 0.0638 0.0151 0.3542 
        D331  4 0.0390 0.0349 0.0533 0.0522 0.0538 0.0484 0.1972 0.0296 0.4072 0.0844 
        D333  4 0.1282 0.0666 0.4365 0.0823 0.0732 0.0346 0.0295 0.0510 0.0487 0.0494 
        D334  4 0.0234 0.0479 0.2865 0.0114 0.4562 0.0258 0.0225 0.0235 0.0692 0.0334 
        D335  4 0.0256 0.2280 0.1238 0.0219 0.0255 0.0151 0.3418 0.1306 0.0206 0.0672 
        D370  4 0.0663 0.1095 0.0656 0.3200 0.0826 0.0501 0.0747 0.0208 0.0279 0.1826 
        D371  4 0.0352 0.0527 0.0196 0.1631 0.4136 0.0527 0.1639 0.0392 0.0232 0.0367 
        D372  4 0.0129 0.0159 0.0224 0.1598 0.0182 0.0263 0.0131 0.0139 0.6663 0.0511 
        D373  4 0.2033 0.0333 0.5566 0.0470 0.0155 0.0095 0.0266 0.0201 0.0530 0.0352 
        D455  4 0.0176 0.0131 0.8595 0.0159 0.0114 0.0085 0.0141 0.0115 0.0289 0.0195 
        D490  4 0.0133 0.0125 0.8892 0.0081 0.0095 0.0278 0.0114 0.0079 0.0086 0.0116 
        D497  4 0.0235 0.0258 0.7911 0.0131 0.0128 0.0388 0.0185 0.0094 0.0343 0.0327 
        D498  4 0.0379 0.0365 0.0646 0.0737 0.1434 0.1199 0.1356 0.0297 0.2324 0.1263 
        D499  4 0.0252 0.1523 0.0173 0.0822 0.0486 0.3923 0.0499 0.0683 0.0269 0.1369 
        D514  4 0.0656 0.1323 0.1022 0.0436 0.0095 0.0641 0.1796 0.0246 0.0556 0.3230 
        D515  4 0.0179 0.0487 0.0188 0.0209 0.0147 0.7585 0.0228 0.0377 0.0124 0.0475 
        D516  4 0.0881 0.0190 0.1408 0.0801 0.0802 0.1119 0.1733 0.1753 0.0422 0.0890 
        D517  4 0.0573 0.0144 0.5958 0.0406 0.0169 0.0178 0.0300 0.0115 0.0873 0.1285 
        D518  4 0.0161 0.0314 0.7522 0.0389 0.0283 0.0120 0.0245 0.0631 0.0108 0.0226 
        D519  4 0.0148 0.0186 0.0181 0.0148 0.0132 0.8176 0.0169 0.0418 0.0299 0.0143 
        D560  4 0.0422 0.0470 0.0828 0.0688 0.0173 0.3770 0.1798 0.0765 0.0409 0.0678 
        D561  4 0.0230 0.0292 0.0481 0.0195 0.0123 0.1758 0.0415 0.0491 0.0157 0.5857 
        D562  4 0.0316 0.1024 0.1522 0.1481 0.0583 0.0468 0.0744 0.0518 0.1448 0.1896 
        D563  4 0.0467 0.3556 0.0399 0.1106 0.0158 0.0662 0.0505 0.1355 0.0673 0.1120 
        D572  4 0.0155 0.2960 0.3394 0.0354 0.0347 0.0163 0.0424 0.0501 0.0224 0.1478 
        D629  4 0.1885 0.1845 0.0704 0.0198 0.0156 0.0234 0.2737 0.0341 0.0825 0.1075 
        D630  4 0.0294 0.0877 0.2416 0.0526 0.0559 0.1247 0.0953 0.0330 0.0869 0.1930 
        D631  4 0.0161 0.1752 0.5234 0.0325 0.0176 0.0320 0.0302 0.0956 0.0305 0.0470 
        D632  4 0.2944 0.2920 0.0728 0.1217 0.0133 0.0209 0.0601 0.0471 0.0137 0.0641 
        D646  4 0.0294 0.0177 0.0868 0.0699 0.0335 0.4069 0.0635 0.1804 0.0235 0.0885 
        D647  4 0.0198 0.0396 0.1488 0.0880 0.0177 0.1207 0.2668 0.0957 0.0314 0.1714 
        D648  4 0.0203 0.4449 0.0916 0.1320 0.0979 0.0543 0.0235 0.0163 0.0113 0.1079 
        D649  4 0.1463 0.2969 0.0911 0.0149 0.0159 0.0593 0.1789 0.0285 0.0226 0.1455 
        D650  4 0.0699 0.0599 0.1135 0.0131 0.0648 0.1535 0.3125 0.1209 0.0356 0.0562 
        D708  4 0.0717 0.1186 0.1307 0.1043 0.1604 0.0461 0.1390 0.0217 0.0339 0.1736 
        D709  4 0.0424 0.0286 0.0383 0.0971 0.0367 0.2434 0.1092 0.0191 0.0507 0.3344 
        D738  4 0.0196 0.0184 0.1009 0.0145 0.5540 0.1726 0.0363 0.0373 0.0274 0.0191 
        D739  4 0.0247 0.0387 0.5202 0.1013 0.0370 0.0682 0.0445 0.0155 0.0600 0.0898 
        D740  4 0.1614 0.0550 0.1213 0.0393 0.1922 0.0303 0.0411 0.0331 0.1325 0.1938 
        D741  4 0.0121 0.0163 0.0344 0.0161 0.0127 0.4997 0.0278 0.3405 0.0151 0.0252 
        D742  4 0.0322 0.0430 0.0948 0.0307 0.0658 0.1111 0.0270 0.4811 0.0400 0.0743 
        D743  4 0.0181 0.1613 0.0513 0.0266 0.0269 0.0286 0.3283 0.1826 0.0304 0.1458 
        D744  4 0.0157 0.8126 0.0118 0.0125 0.0144 0.0195 0.0258 0.0365 0.0169 0.0343 
        D745  4 0.0118 0.0207 0.0225 0.0111 0.0151 0.8424 0.0187 0.0185 0.0206 0.0185 
        D814  4 0.0306 0.0430 0.0865 0.5235 0.0184 0.0282 0.0453 0.0521 0.0468 0.1255 
        D815  4 0.0331 0.3729 0.0467 0.0526 0.0274 0.0263 0.1316 0.0420 0.0329 0.2345 
        D828  4 0.0169 0.1261 0.0336 0.5022 0.1112 0.0489 0.0304 0.0141 0.0319 0.0847 
        D845  4 0.0158 0.0188 0.0120 0.0107 0.0333 0.0099 0.0180 0.1124 0.7488 0.0204 
        D846  4 0.0245 0.0477 0.4117 0.0615 0.0095 0.0144 0.2170 0.0548 0.0384 0.1205 
        D847  4 0.0350 0.0240 0.3975 0.0185 0.0346 0.0357 0.0706 0.0455 0.2193 0.1193 
        D848  4 0.0996 0.0227 0.5597 0.0356 0.0194 0.0093 0.0158 0.0201 0.1878 0.0300 
        D849  4 0.0386 0.0209 0.6212 0.0304 0.0167 0.0711 0.0383 0.0707 0.0207 0.0713 
        D850  4 0.0780 0.0479 0.0631 0.0229 0.0582 0.0644 0.0927 0.2330 0.1902 0.1497 
        D856  4 0.0290 0.0253 0.0321 0.0229 0.0211 0.1437 0.1067 0.0211 0.0207 0.5774 
        D857  4 0.2664 0.0249 0.0455 0.2147 0.0503 0.2898 0.0136 0.0172 0.0126 0.0650 
        D859  4 0.0338 0.1152 0.1718 0.1118 0.0305 0.0308 0.0988 0.0352 0.0518 0.3202 
        D860  4 0.0165 0.0392 0.0206 0.0624 0.4108 0.0101 0.0624 0.0897 0.2192 0.0691 
        D883  4 0.0941 0.0631 0.4289 0.0317 0.0568 0.1036 0.0581 0.0239 0.0652 0.0746 
        D884  4 0.0277 0.0417 0.1264 0.0179 0.0349 0.6383 0.0234 0.0273 0.0149 0.0475 
        D885  4 0.0953 0.0291 0.1027 0.0078 0.0255 0.0634 0.0741 0.4281 0.0455 0.1285 
        D886  4 0.0529 0.0525 0.2353 0.0696 0.0253 0.0854 0.2145 0.0511 0.0577 0.1557 
        D887  4 0.2274 0.2100 0.0453 0.0721 0.0253 0.0455 0.0630 0.0419 0.1751 0.0943 
        D889  4 0.0125 0.0376 0.0438 0.0188 0.0146 0.0159 0.0292 0.0146 0.7401 0.0730 
        D890  4 0.2306 0.1819 0.0542 0.1024 0.0702 0.0465 0.1076 0.0239 0.0398 0.1429 
        D891  4 0.0069 0.0078 0.0068 0.0077 0.0108 0.0079 0.0128 0.0151 0.9149 0.0094 
        D899  4 0.0270 0.0796 0.0703 0.1459 0.0672 0.0377 0.0260 0.3226 0.1467 0.0770 
        D900  4 0.0384 0.0553 0.2302 0.0415 0.0499 0.0486 0.1412 0.0739 0.1195 0.2015 
        D970  4 0.0283 0.0740 0.3604 0.0469 0.0362 0.0140 0.1086 0.0305 0.1665 0.1345 
        D971  4 0.0259 0.1096 0.0463 0.1256 0.0587 0.0325 0.1905 0.3377 0.0182 0.0548 
        D979  4 0.0154 0.0346 0.0769 0.0125 0.0221 0.0130 0.6290 0.1015 0.0147 0.0802 
        D093  5 0.0345 0.0142 0.0828 0.0273 0.6628 0.0502 0.0258 0.0199 0.0487 0.0338 
        D154  5 0.0576 0.0312 0.0791 0.0410 0.0414 0.1639 0.0599 0.3438 0.0718 0.1102 
        D168  5 0.1032 0.0467 0.0526 0.1484 0.0186 0.1447 0.1043 0.2261 0.0698 0.0857 
        D189  5 0.0206 0.0333 0.1051 0.0408 0.3244 0.0641 0.0486 0.0553 0.2362 0.0714 
        D190  5 0.0339 0.0455 0.0291 0.0350 0.6533 0.0250 0.1033 0.0222 0.0264 0.0262 
     D237220  5 0.0283 0.0289 0.4142 0.0147 0.0788 0.0355 0.0514 0.0276 0.2603 0.0603 
     D237221  5 0.0733 0.0231 0.0640 0.0468 0.2783 0.0352 0.1543 0.1143 0.1446 0.0660 
     D237274  5 0.0470 0.0497 0.0131 0.0362 0.0120 0.0342 0.3489 0.0657 0.0172 0.3760 
     D237275  5 0.0142 0.0143 0.0461 0.2347 0.0285 0.0616 0.0232 0.4222 0.0528 0.1022 
     D237276  5 0.0789 0.0653 0.2145 0.0473 0.2624 0.1061 0.0551 0.0460 0.0313 0.0931 
     D237277  5 0.0794 0.0562 0.0192 0.0340 0.5802 0.0186 0.0409 0.0312 0.1088 0.0314 
     D237278  5 0.0955 0.1154 0.1281 0.1490 0.1370 0.0524 0.0322 0.1523 0.0272 0.1109 
     D237279  5 0.3641 0.0583 0.0272 0.0148 0.0138 0.2353 0.0317 0.0405 0.0506 0.1637 
     D237280  5 0.6717 0.0225 0.0425 0.0273 0.0391 0.0085 0.0914 0.0111 0.0125 0.0731 
     D237281  5 0.0280 0.0233 0.0205 0.1600 0.0355 0.0321 0.0587 0.3278 0.2290 0.0852 
     D237351  5 0.8209 0.0147 0.0289 0.0083 0.0377 0.0353 0.0144 0.0131 0.0112 0.0155 
     D237352  5 0.1228 0.0855 0.3628 0.0339 0.0375 0.0166 0.1396 0.1307 0.0241 0.0466 
     D237353  5 0.0492 0.0259 0.0113 0.0262 0.7135 0.0171 0.0776 0.0174 0.0339 0.0279 
     D237359  5 0.0396 0.0355 0.3325 0.0209 0.0700 0.0195 0.0740 0.0231 0.3301 0.0549 
     D237361  5 0.0693 0.0201 0.0168 0.0223 0.6992 0.0179 0.0316 0.0179 0.0651 0.0398 
     D237362  5 0.2357 0.0409 0.0525 0.0186 0.0751 0.0803 0.3679 0.0691 0.0244 0.0356 
     D237363  5 0.0391 0.0213 0.0285 0.1109 0.0531 0.0970 0.2257 0.0682 0.0481 0.3082 
     D237364  5 0.0447 0.0779 0.2847 0.0426 0.0112 0.1314 0.0858 0.1349 0.0456 0.1411 
     D237376  5 0.0117 0.4744 0.0254 0.1279 0.0667 0.1880 0.0121 0.0149 0.0257 0.0533 
     D237377  5 0.5018 0.0314 0.0354 0.0209 0.0683 0.0350 0.1984 0.0211 0.0270 0.0607 
     D237378  5 0.0132 0.0271 0.2088 0.2189 0.3646 0.0428 0.0238 0.0144 0.0399 0.0465 
     D237379  5 0.0164 0.2485 0.0816 0.0567 0.1661 0.1918 0.0702 0.0308 0.0396 0.0983 
     D237380  5 0.2632 0.2026 0.0811 0.1227 0.0667 0.0449 0.0504 0.0089 0.0153 0.1442 
     D237381  5 0.1318 0.0338 0.1486 0.3188 0.0691 0.0426 0.0968 0.0213 0.0476 0.0896 
     D237391  5 0.0294 0.0188 0.0157 0.0127 0.7554 0.0263 0.0255 0.0207 0.0794 0.0161 
     D237392  5 0.0471 0.1045 0.0122 0.0713 0.0170 0.0825 0.1355 0.2186 0.0203 0.2912 
     D237393  5 0.3427 0.0479 0.0519 0.1194 0.1621 0.0150 0.0941 0.0408 0.0387 0.0874 
     D237394  5 0.0236 0.0330 0.0112 0.0084 0.8415 0.0150 0.0302 0.0113 0.0142 0.0116 
     D237395  5 0.1793 0.0308 0.0458 0.0691 0.3522 0.0634 0.0449 0.0353 0.1042 0.0751 
     D237396  5 0.4026 0.0388 0.0398 0.0183 0.1098 0.0273 0.0917 0.1683 0.0574 0.0460 
     D244016  5 0.0278 0.3008 0.0221 0.0186 0.2085 0.0403 0.1073 0.0899 0.0550 0.1299 
     D244018  5 0.0321 0.0121 0.2101 0.0240 0.1511 0.0292 0.0345 0.3645 0.1065 0.0358 
     D244019  5 0.0313 0.0341 0.0164 0.0588 0.0366 0.0276 0.5877 0.0576 0.0385 0.1114 
        D279  5 0.0909 0.0486 0.1605 0.0159 0.0857 0.0352 0.0575 0.2563 0.1716 0.0776 
        D280  5 0.1270 0.0461 0.0606 0.0464 0.0579 0.0164 0.0397 0.0218 0.4660 0.1181 
        D281  5 0.0150 0.0250 0.0219 0.0336 0.0483 0.0302 0.0202 0.1762 0.5691 0.0605 
        D283  5 0.0666 0.0262 0.0419 0.0265 0.2384 0.0244 0.1439 0.0251 0.3500 0.0568 
        D284  5 0.0385 0.0700 0.1328 0.0146 0.0363 0.3673 0.0673 0.0934 0.0760 0.1040 
        D285  5 0.0348 0.0342 0.0679 0.0185 0.1702 0.0210 0.0354 0.0241 0.5293 0.0648 
        D286  5 0.0397 0.1309 0.1550 0.0560 0.2404 0.0487 0.1073 0.0236 0.0832 0.1152 
        D287  5 0.0182 0.3870 0.0292 0.1402 0.0738 0.2046 0.0197 0.0088 0.0318 0.0868 
        D288  5 0.0262 0.0184 0.0198 0.0239 0.0368 0.0149 0.2808 0.0166 0.4971 0.0656 
        D308  5 0.7400 0.0213 0.0095 0.0176 0.0192 0.0419 0.0509 0.0259 0.0183 0.0553 
        D309  5 0.0118 0.8885 0.0156 0.0109 0.0134 0.0105 0.0124 0.0103 0.0096 0.0171 
        D310  5 0.0226 0.0145 0.0314 0.0194 0.7447 0.0111 0.0166 0.0139 0.0609 0.0649 
        D311  5 0.0372 0.0293 0.0933 0.0348 0.0695 0.0302 0.5173 0.0416 0.0239 0.1229 
        D312  5 0.2637 0.2066 0.0655 0.0876 0.0642 0.0282 0.0352 0.0316 0.0561 0.1614 
        D313  5 0.7090 0.0078 0.0944 0.0144 0.0491 0.0667 0.0138 0.0100 0.0119 0.0228 
        D314  5 0.1174 0.1482 0.2188 0.0477 0.0905 0.1050 0.0435 0.0805 0.0450 0.1035 
        D315  5 0.0598 0.0779 0.0338 0.3369 0.1245 0.0304 0.1153 0.0129 0.0277 0.1809 
        D317  5 0.0290 0.0110 0.0554 0.0296 0.7515 0.0163 0.0350 0.0165 0.0297 0.0260 
        D318  5 0.0765 0.1583 0.0397 0.0639 0.0559 0.0704 0.1028 0.1205 0.0577 0.2544 
        D319  5 0.0112 0.0139 0.0230 0.0136 0.8130 0.0391 0.0145 0.0311 0.0166 0.0239 
        D320  5 0.0179 0.0618 0.0214 0.0248 0.6905 0.0260 0.0233 0.0155 0.0714 0.0473 
        D321  5 0.7729 0.0099 0.0153 0.0105 0.0170 0.0137 0.0384 0.0120 0.0948 0.0156 
        D336  5 0.0131 0.0319 0.0581 0.0455 0.6330 0.0337 0.0308 0.0137 0.0282 0.1120 
        D337  5 0.0179 0.0262 0.0133 0.0204 0.7769 0.0182 0.0289 0.0239 0.0534 0.0208 
        D338  5 0.0798 0.0397 0.3352 0.0172 0.0676 0.0496 0.0978 0.1169 0.1320 0.0641 
        D339  5 0.0291 0.0105 0.0288 0.0525 0.6902 0.0340 0.0361 0.0306 0.0443 0.0438 
        D347  5 0.0116 0.0175 0.0601 0.5951 0.0281 0.0138 0.1114 0.0153 0.0477 0.0994 
        D348  5 0.0152 0.0274 0.0192 0.1690 0.6175 0.0113 0.0424 0.0158 0.0285 0.0537 
        D349  5 0.8831 0.0140 0.0107 0.0123 0.0199 0.0139 0.0121 0.0107 0.0146 0.0087 
        D350  5 0.0114 0.8773 0.0128 0.0164 0.0145 0.0172 0.0103 0.0120 0.0110 0.0172 
        D355  5 0.0159 0.0299 0.0264 0.0166 0.0116 0.0529 0.0188 0.7283 0.0478 0.0517 
        D356  5 0.0754 0.0522 0.0701 0.0520 0.2498 0.0685 0.1356 0.0175 0.1304 0.1484 
        D357  5 0.0291 0.0509 0.0251 0.4630 0.0254 0.0552 0.0887 0.0195 0.0833 0.1597 
        D358  5 0.0797 0.2649 0.0244 0.0745 0.2654 0.1246 0.0226 0.0252 0.0458 0.0729 
        D359  5 0.0507 0.0239 0.0187 0.0359 0.3433 0.0415 0.3545 0.0198 0.0353 0.0764 
        D360  5 0.0490 0.0392 0.0344 0.0274 0.3819 0.0495 0.1038 0.0194 0.1905 0.1048 
        D361  5 0.7997 0.0119 0.0128 0.0319 0.0192 0.0672 0.0190 0.0101 0.0103 0.0181 
        D366  5 0.0202 0.0196 0.0233 0.0201 0.0294 0.0319 0.1004 0.6893 0.0181 0.0476 
        D367  5 0.0538 0.0570 0.1588 0.0364 0.4279 0.0472 0.0229 0.0155 0.0697 0.1110 
        D368  5 0.5847 0.0200 0.0184 0.0208 0.0465 0.0864 0.0901 0.0248 0.0269 0.0814 
        D380  5 0.0363 0.8085 0.0175 0.0121 0.0172 0.0216 0.0172 0.0220 0.0193 0.0282 
        D381  5 0.0311 0.0186 0.0422 0.0350 0.5325 0.0171 0.1127 0.0498 0.0798 0.0811 
        D400  5 0.0315 0.0226 0.2885 0.1030 0.1802 0.0216 0.1152 0.0396 0.1092 0.0885 
        D411  5 0.1080 0.0168 0.1478 0.0666 0.0101 0.5773 0.0151 0.0140 0.0106 0.0337 
        D412  5 0.0675 0.0138 0.0354 0.6182 0.0821 0.0112 0.0297 0.0137 0.0319 0.0966 
        D413  5 0.0297 0.0766 0.0240 0.0422 0.0195 0.0379 0.0574 0.5979 0.0305 0.0843 
        D414  5 0.0115 0.7901 0.0162 0.0185 0.0172 0.0330 0.0173 0.0419 0.0198 0.0345 
        D420  5 0.0335 0.0292 0.0673 0.0222 0.0303 0.0977 0.0370 0.0117 0.5800 0.0911 
        D431  5 0.0345 0.4932 0.0189 0.1598 0.0213 0.1411 0.0183 0.0079 0.0608 0.0442 
        D432  5 0.1143 0.0706 0.0651 0.2445 0.2676 0.0221 0.0403 0.0133 0.1265 0.0356 
        D433  5 0.1154 0.0194 0.0384 0.0439 0.4650 0.0236 0.0638 0.0400 0.0884 0.1021 
        D434  5 0.0299 0.0395 0.0959 0.0385 0.3370 0.0703 0.1166 0.0276 0.1935 0.0512 
        D440  5 0.0178 0.7877 0.0665 0.0114 0.0211 0.0199 0.0165 0.0176 0.0123 0.0290 
        D447  5 0.0383 0.0798 0.0125 0.3067 0.0166 0.1283 0.0972 0.0320 0.0315 0.2572 
        D448  5 0.0214 0.0153 0.0744 0.4556 0.2562 0.0269 0.0426 0.0170 0.0217 0.0689 
        D459  5 0.0067 0.0161 0.0150 0.0140 0.0172 0.0177 0.0120 0.8338 0.0513 0.0163 
        D460  5 0.8743 0.0163 0.0076 0.0092 0.0168 0.0185 0.0167 0.0131 0.0110 0.0163 
        D461  5 0.0261 0.8331 0.0220 0.0101 0.0132 0.0086 0.0346 0.0136 0.0175 0.0213 
        D468  5 0.1108 0.0554 0.0152 0.0255 0.0562 0.5481 0.1015 0.0346 0.0141 0.0386 
        D469  5 0.2137 0.0987 0.1485 0.0161 0.0490 0.0808 0.2100 0.0439 0.0619 0.0775 
        D470  5 0.0280 0.0317 0.4432 0.1958 0.0493 0.0374 0.0784 0.0211 0.0206 0.0944 
        D471  5 0.0216 0.0686 0.0547 0.0818 0.4204 0.0554 0.1041 0.0709 0.0371 0.0853 
        D472  5 0.0196 0.0178 0.0177 0.0216 0.0255 0.0094 0.4930 0.2688 0.0886 0.0379 
        D479  5 0.0130 0.0302 0.0175 0.7955 0.0185 0.0095 0.0335 0.0490 0.0094 0.0241 
        D485  5 0.0142 0.5196 0.0490 0.1121 0.0285 0.1341 0.0335 0.0233 0.0266 0.0591 
        D486  5 0.0549 0.0563 0.0769 0.0187 0.0361 0.5861 0.0506 0.0432 0.0192 0.0581 
        D487  5 0.0414 0.0484 0.0864 0.1859 0.2964 0.0177 0.0238 0.0244 0.1776 0.0980 
        D555  5 0.0095 0.0135 0.0139 0.0222 0.8426 0.0112 0.0162 0.0267 0.0236 0.0208 
        D556  5 0.1438 0.3886 0.0303 0.0295 0.0394 0.0287 0.0313 0.0194 0.2319 0.0569 
        D557  5 0.0312 0.0240 0.0322 0.0323 0.7562 0.0127 0.0187 0.0426 0.0156 0.0343 
        D564  5 0.0761 0.2266 0.0369 0.1296 0.1568 0.0547 0.0756 0.0120 0.0183 0.2133 
        D594  5 0.0624 0.0351 0.0593 0.2436 0.0626 0.0206 0.1253 0.0564 0.0379 0.2969 
        D595  5 0.0894 0.0688 0.0302 0.0999 0.2809 0.1571 0.0802 0.0508 0.0466 0.0961 
        D596  5 0.0161 0.0130 0.0139 0.0601 0.8043 0.0097 0.0245 0.0129 0.0198 0.0257 
        D597  5 0.0297 0.0449 0.0206 0.0329 0.1659 0.0095 0.0370 0.4132 0.2196 0.0268 
        D598  5 0.0451 0.2320 0.1370 0.1020 0.2204 0.0524 0.0525 0.0268 0.0833 0.0485 
        D617  5 0.0563 0.0121 0.0547 0.6698 0.0126 0.0868 0.0311 0.0285 0.0145 0.0337 
        D618  5 0.0231 0.0352 0.0416 0.0355 0.5445 0.0270 0.1350 0.0272 0.0968 0.0339 
        D619  5 0.2255 0.0453 0.0153 0.3190 0.0753 0.0432 0.1068 0.0186 0.0301 0.1209 
        D620  5 0.0289 0.0149 0.0395 0.0394 0.0244 0.0108 0.0311 0.7444 0.0488 0.0178 
        D628  5 0.0152 0.7549 0.0259 0.0552 0.0200 0.0212 0.0168 0.0158 0.0205 0.0546 
        D714  5 0.0227 0.3941 0.0366 0.0440 0.1028 0.0917 0.0173 0.0308 0.1899 0.0701 
        D715  5 0.0304 0.0351 0.0177 0.0154 0.5601 0.0302 0.1851 0.0439 0.0584 0.0236 
        D716  5 0.0137 0.0314 0.1389 0.3131 0.0284 0.0292 0.1456 0.0406 0.0965 0.1625 
        D717  5 0.0187 0.1671 0.0604 0.0126 0.2086 0.0381 0.1749 0.0758 0.1785 0.0653 
        D718  5 0.0189 0.0593 0.0608 0.0879 0.0555 0.5028 0.0098 0.0229 0.0392 0.1430 
        D769  5 0.0216 0.0171 0.1777 0.6074 0.0139 0.0368 0.0145 0.0160 0.0157 0.0793 
        D770  5 0.0306 0.5795 0.0186 0.0536 0.0270 0.1066 0.0326 0.0883 0.0294 0.0338 
        D771  5 0.0581 0.1607 0.0852 0.2666 0.0421 0.0362 0.0740 0.0571 0.0977 0.1222 
        D772  5 0.0918 0.6207 0.0428 0.0156 0.0909 0.0182 0.0239 0.0197 0.0417 0.0345 
        D782  5 0.2863 0.0319 0.0198 0.0283 0.0213 0.1075 0.0323 0.0805 0.3067 0.0854 
        D783  5 0.0141 0.4005 0.0248 0.0592 0.1407 0.0501 0.0535 0.1299 0.0559 0.0712 
        D784  5 0.0278 0.2428 0.0442 0.0124 0.0510 0.0178 0.3333 0.0513 0.1356 0.0837 
        D785  5 0.1576 0.1020 0.0281 0.0196 0.5301 0.0226 0.0653 0.0176 0.0280 0.0293 
        D786  5 0.0516 0.1009 0.3187 0.0533 0.0185 0.0312 0.1169 0.2143 0.0146 0.0799 
        D821  5 0.0127 0.0194 0.0095 0.0091 0.8621 0.0144 0.0215 0.0100 0.0275 0.0138 
        D822  5 0.0284 0.0436 0.0316 0.0725 0.0719 0.0826 0.3671 0.0928 0.0742 0.1353 
        D826  5 0.0843 0.0481 0.0683 0.0240 0.2625 0.0468 0.0465 0.2266 0.0839 0.1091 
        D827  5 0.0217 0.0393 0.0317 0.0401 0.0184 0.1076 0.3820 0.1711 0.0263 0.1618 
        D851  5 0.3438 0.0885 0.0395 0.0907 0.0845 0.0484 0.1246 0.0203 0.0323 0.1274 
        D852  5 0.0237 0.2961 0.0959 0.1306 0.1665 0.0312 0.0232 0.0256 0.1357 0.0716 
        D853  5 0.0795 0.0354 0.0510 0.0384 0.2503 0.0566 0.0698 0.0340 0.2857 0.0994 
        D854  5 0.0262 0.0402 0.0249 0.0777 0.0134 0.4531 0.1590 0.0458 0.0420 0.1178 
        D861  5 0.0598 0.0326 0.0363 0.1017 0.1353 0.3471 0.0993 0.0525 0.0518 0.0835 
        D862  5 0.0970 0.0680 0.0526 0.0269 0.1814 0.0454 0.2199 0.0774 0.0725 0.1588 
        D865  5 0.0975 0.0680 0.0323 0.1566 0.4049 0.0484 0.0272 0.0223 0.0660 0.0768 
        D868  5 0.0436 0.0361 0.1718 0.0271 0.1544 0.0387 0.1990 0.1148 0.1245 0.0899 
        D869  5 0.4294 0.0190 0.1717 0.0389 0.0167 0.2278 0.0285 0.0330 0.0154 0.0195 
        D870  5 0.0380 0.0320 0.0158 0.0288 0.0095 0.0630 0.0429 0.0432 0.0197 0.7071 
        D907  5 0.1057 0.0220 0.0356 0.1415 0.5275 0.0195 0.0156 0.0116 0.0340 0.0870 
        D908  5 0.0516 0.1331 0.0331 0.3531 0.1457 0.0228 0.0290 0.0165 0.1750 0.0400 
        D910  5 0.0263 0.0244 0.0578 0.1117 0.2289 0.0613 0.1398 0.2100 0.0649 0.0750 
        D911  5 0.0086 0.0141 0.0415 0.0090 0.0206 0.0238 0.0181 0.6560 0.1651 0.0432 
        D934  5 0.0251 0.3580 0.0322 0.1144 0.0258 0.1183 0.1116 0.0239 0.0750 0.1156 
        D946  5 0.0274 0.4155 0.0448 0.1476 0.0247 0.1351 0.0229 0.0125 0.0454 0.1241 
        D947  5 0.1600 0.1633 0.1456 0.0237 0.0150 0.0215 0.0784 0.0302 0.1959 0.1663 
        D948  5 0.8190 0.0150 0.0131 0.0128 0.0649 0.0139 0.0164 0.0117 0.0188 0.0143 
        D949  5 0.8821 0.0114 0.0168 0.0094 0.0184 0.0114 0.0176 0.0092 0.0112 0.0126 
        D950  5 0.0201 0.0378 0.0186 0.0172 0.0225 0.0175 0.0286 0.5983 0.1803 0.0590 
        D951  5 0.1754 0.0662 0.0367 0.0891 0.0164 0.0437 0.1236 0.0577 0.0171 0.3741 
        D952  5 0.0426 0.0135 0.0651 0.0242 0.0576 0.0103 0.6058 0.0296 0.0988 0.0525 
        D953  5 0.0650 0.0396 0.0183 0.0487 0.5637 0.0367 0.0744 0.0145 0.0804 0.0586 
        D954  5 0.0759 0.0202 0.0105 0.0212 0.1082 0.0203 0.6508 0.0185 0.0248 0.0496 
        D961  5 0.0131 0.5979 0.0160 0.1042 0.0316 0.1066 0.0133 0.0100 0.0128 0.0944 
        D962  5 0.0229 0.5166 0.0568 0.0440 0.2149 0.0220 0.0285 0.0108 0.0169 0.0665 
        D963  5 0.0186 0.2547 0.0385 0.0212 0.2728 0.0293 0.1698 0.0637 0.0809 0.0503 
        D964  5 0.0362 0.1906 0.0519 0.0489 0.0290 0.2609 0.0435 0.0217 0.1188 0.1986 
        D965  5 0.0390 0.3354 0.0752 0.1278 0.0382 0.0301 0.0763 0.0383 0.0396 0.2002 
        D966  5 0.0551 0.1012 0.1289 0.0895 0.0869 0.0126 0.1988 0.0266 0.0911 0.2093 
        D967  5 0.0618 0.0327 0.0194 0.1418 0.1678 0.0371 0.0604 0.0806 0.2709 0.1275 
        D991  5 0.0238 0.1934 0.5303 0.0403 0.0552 0.0322 0.0227 0.0136 0.0365 0.0518 
        D132  8 0.0630 0.0220 0.6705 0.0097 0.0272 0.1334 0.0223 0.0234 0.0151 0.0134 
        D133  8 0.0223 0.0196 0.0465 0.3859 0.0140 0.0153 0.0194 0.4024 0.0451 0.0296 
        D200  8 0.0094 0.0408 0.0622 0.1972 0.0157 0.2406 0.0164 0.0156 0.2080 0.1940 
        D500  8 0.0894 0.0188 0.6863 0.0142 0.0175 0.0822 0.0252 0.0096 0.0251 0.0316 
        D614  8 0.0484 0.0961 0.1481 0.0353 0.2396 0.1237 0.0429 0.0352 0.1311 0.0995 
        D723  8 0.0354 0.0183 0.0619 0.0235 0.0194 0.5532 0.0630 0.1799 0.0184 0.0271 
        D888  8 0.0146 0.0176 0.0292 0.0193 0.0139 0.0243 0.0294 0.0252 0.7750 0.0516 
        D901  8 0.0149 0.0214 0.0183 0.0191 0.0162 0.8398 0.0142 0.0182 0.0210 0.0170 
        D902  8 0.0397 0.1183 0.0331 0.0184 0.4719 0.1602 0.0258 0.0370 0.0457 0.0498 
        D903  8 0.0281 0.0564 0.0437 0.0100 0.0546 0.0258 0.5347 0.1551 0.0165 0.0751 
        D904  8 0.1164 0.2126 0.1767 0.0498 0.0290 0.0190 0.2817 0.0248 0.0440 0.0460 
        D905  8 0.0096 0.0166 0.0324 0.0223 0.0521 0.0204 0.0116 0.0131 0.8070 0.0150 
        D906  8 0.0366 0.0562 0.0466 0.2416 0.0238 0.0159 0.1063 0.1128 0.0903 0.2699 
        D937  8 0.0154 0.0194 0.0162 0.0195 0.7676 0.0751 0.0106 0.0241 0.0286 0.0234 
        D943  8 0.0445 0.0677 0.2151 0.0217 0.0260 0.0494 0.0639 0.0442 0.3108 0.1566 
        D972  8 0.0091 0.0113 0.0228 0.0208 0.0106 0.8508 0.0143 0.0254 0.0128 0.0220 
        D973  8 0.0321 0.0251 0.1117 0.0239 0.0274 0.4130 0.1035 0.1735 0.0195 0.0703 
        D974  8 0.0552 0.0266 0.1278 0.0843 0.0518 0.2096 0.1131 0.1615 0.0674 0.1027 
        D975  8 0.0155 0.0672 0.0623 0.1025 0.0478 0.1676 0.0250 0.0371 0.2341 0.2408 
        D976  8 0.0351 0.0735 0.1452 0.0833 0.0979 0.1612 0.0576 0.0381 0.1491 0.1589 
        D142 10 0.0290 0.1387 0.0310 0.1965 0.0413 0.0565 0.1090 0.0491 0.0437 0.3053 
        D143 10 0.0281 0.0335 0.0458 0.1876 0.0588 0.0302 0.0274 0.5291 0.0153 0.0441 
        D144 10 0.1654 0.3331 0.0358 0.0329 0.0640 0.0336 0.0602 0.0295 0.0574 0.1880 
        D145 10 0.0260 0.0348 0.2268 0.0165 0.0211 0.0174 0.0190 0.0233 0.5703 0.0449 
        D146 10 0.1229 0.0648 0.1072 0.0472 0.0308 0.2529 0.0435 0.0210 0.0136 0.2961 
        D147 10 0.0110 0.0690 0.0190 0.0185 0.0170 0.3934 0.0341 0.0528 0.0134 0.3717 
        D148 10 0.0171 0.1286 0.0168 0.0181 0.0224 0.1376 0.0464 0.0204 0.0168 0.5759 
        D149 10 0.2011 0.0291 0.0242 0.2008 0.0431 0.0194 0.0391 0.1741 0.2036 0.0657 
        D151 10 0.0140 0.0222 0.0223 0.0262 0.0610 0.1904 0.0289 0.0422 0.1098 0.4830 
        D152 10 0.0148 0.0284 0.0146 0.6733 0.0093 0.0335 0.0257 0.0596 0.1068 0.0341 
        D153 10 0.1279 0.0951 0.2107 0.0203 0.0514 0.0815 0.0579 0.0277 0.0310 0.2965 
        D156 10 0.0213 0.7720 0.0229 0.0307 0.0116 0.0149 0.0340 0.0192 0.0150 0.0584 
        D157 10 0.1854 0.0431 0.0659 0.2780 0.1247 0.0520 0.0342 0.0114 0.0315 0.1738 
        D158 10 0.0132 0.0404 0.0537 0.0562 0.0276 0.6110 0.0265 0.0191 0.0863 0.0659 
        D159 10 0.0283 0.0161 0.0361 0.0138 0.0236 0.0110 0.0277 0.8101 0.0182 0.0152 
        D160 10 0.0121 0.0118 0.0098 0.0113 0.1677 0.0209 0.0095 0.0096 0.7364 0.0109 
        D161 10 0.2718 0.0759 0.0254 0.0251 0.0410 0.0268 0.3425 0.0588 0.0463 0.0865 
        D162 10 0.0175 0.8492 0.0131 0.0159 0.0152 0.0112 0.0179 0.0211 0.0175 0.0215 
        D169 10 0.1514 0.0172 0.2926 0.0190 0.0299 0.0594 0.0499 0.0282 0.2626 0.0900 
