        D023  2 0.0481 0.0136 0.0267 0.0181 0.0108 0.8560 0.0142 0.0125 
        D130  2 0.0410 0.0345 0.1057 0.0164 0.2861 0.4855 0.0194 0.0114 
        D131  2 0.1317 0.0177 0.3424 0.0518 0.2473 0.0622 0.1060 0.0408 
        D163  2 0.0736 0.0269 0.0250 0.0214 0.1004 0.6268 0.0614 0.0645 
        D164  2 0.2036 0.0825 0.4466 0.0193 0.1274 0.0925 0.0162 0.0118 
        D165  2 0.0242 0.0184 0.0153 0.0258 0.0214 0.8589 0.0235 0.0126 
        D166  2 0.0632 0.3139 0.0272 0.1842 0.2259 0.0859 0.0779 0.0220 
        D167  2 0.0094 0.9324 0.0164 0.0085 0.0082 0.0068 0.0093 0.0090 
        D192  2 0.0091 0.9313 0.0156 0.0086 0.0070 0.0099 0.0101 0.0084 
        D193  2 0.0344 0.7624 0.0214 0.0330 0.0420 0.0276 0.0261 0.0533 
        D206  2 0.4062 0.1306 0.1920 0.0556 0.0964 0.0773 0.0199 0.0220 
        D207  2 0.0452 0.1984 0.3966 0.0204 0.0760 0.0267 0.2193 0.0175 
        D208  2 0.0304 0.0960 0.0281 0.0698 0.0267 0.1768 0.2736 0.2986 
        D209  2 0.0460 0.8155 0.0202 0.0459 0.0140 0.0307 0.0123 0.0155 
        D210  2 0.0300 0.0495 0.0929 0.0382 0.0241 0.0369 0.1619 0.5664 
     D229599  2 0.3440 0.0477 0.0181 0.0672 0.0171 0.3774 0.1016 0.0268 
     D229600  2 0.0229 0.6279 0.0654 0.0249 0.1196 0.0818 0.0358 0.0218 
     D237227  2 0.0708 0.0428 0.0262 0.0226 0.1502 0.1368 0.1131 0.4376 
     D237228  2 0.0228 0.0558 0.0371 0.0188 0.6676 0.0183 0.0368 0.1429 
     D237258  2 0.1080 0.2394 0.0550 0.1750 0.0811 0.1173 0.1857 0.0385 
     D237310  2 0.0103 0.0200 0.0166 0.0149 0.8941 0.0120 0.0131 0.0190 
     D237311  2 0.0134 0.0749 0.0470 0.0254 0.7775 0.0218 0.0167 0.0233 
     D237312  2 0.0184 0.0243 0.0231 0.1122 0.7356 0.0441 0.0165 0.0259 
     D237313  2 0.7169 0.0247 0.0276 0.0243 0.0355 0.0590 0.0327 0.0792 
     D237322  2 0.0307 0.0536 0.0961 0.0904 0.1300 0.1568 0.3026 0.1397 
     D237323  2 0.0145 0.0196 0.0095 0.0186 0.7764 0.0173 0.0699 0.0744 
     D237324  2 0.0386 0.1691 0.1698 0.0290 0.1336 0.2219 0.2213 0.0167 
     D237325  2 0.0185 0.0553 0.0401 0.0271 0.7658 0.0309 0.0217 0.0407 
     D237326  2 0.0689 0.0281 0.1331 0.0279 0.5548 0.0616 0.0364 0.0892 
     D237327  2 0.0184 0.0290 0.0359 0.0502 0.0157 0.0883 0.7273 0.0351 
     D237337  2 0.0365 0.0107 0.0126 0.0163 0.8473 0.0188 0.0170 0.0409 
     D237338  2 0.0273 0.0279 0.0487 0.0637 0.2981 0.3172 0.0590 0.1581 
     D237339  2 0.0558 0.0744 0.5371 0.1394 0.0211 0.1040 0.0468 0.0213 
     D237340  2 0.0167 0.1389 0.0926 0.0570 0.4163 0.0517 0.0431 0.1838 
     D237389  2 0.0216 0.1242 0.0202 0.0229 0.7639 0.0230 0.0115 0.0127 
     D237390  2 0.0197 0.0259 0.0305 0.0738 0.7042 0.0526 0.0386 0.0547 
     D244017  2 0.0307 0.8092 0.0208 0.0180 0.0170 0.0190 0.0279 0.0573 
     D244112  2 0.0113 0.8209 0.0685 0.0136 0.0173 0.0400 0.0139 0.0145 
     D244118  2 0.0089 0.9110 0.0096 0.0091 0.0108 0.0256 0.0122 0.0128 
     D244119  2 0.0189 0.1663 0.1160 0.0100 0.0291 0.0154 0.0247 0.6195 
     D244120  2 0.0097 0.8453 0.0116 0.0534 0.0386 0.0097 0.0163 0.0153 
     D244122  2 0.0246 0.8195 0.0255 0.0271 0.0177 0.0416 0.0170 0.0270 
        D291  2 0.0666 0.0492 0.0218 0.0111 0.0314 0.0322 0.7728 0.0149 
        D292  2 0.2752 0.2517 0.0390 0.0462 0.0237 0.0549 0.1740 0.1353 
        D293  2 0.0101 0.0080 0.9282 0.0118 0.0091 0.0122 0.0108 0.0099 
        D322  2 0.0297 0.0295 0.7507 0.0632 0.0231 0.0467 0.0424 0.0147 
        D323  2 0.1826 0.2541 0.1946 0.0917 0.0887 0.0561 0.0659 0.0664 
        D324  2 0.1094 0.0188 0.1244 0.0257 0.1055 0.0454 0.5305 0.0402 
        D325  2 0.0141 0.0136 0.8937 0.0147 0.0137 0.0124 0.0290 0.0089 
        D326  2 0.8467 0.0136 0.0381 0.0183 0.0141 0.0153 0.0309 0.0230 
        D340  2 0.0109 0.0180 0.8966 0.0162 0.0167 0.0088 0.0151 0.0176 
        D341  2 0.0290 0.0225 0.7757 0.0189 0.0371 0.0605 0.0195 0.0367 
        D342  2 0.0418 0.6549 0.0824 0.0322 0.0288 0.0675 0.0748 0.0176 
        D343  2 0.0080 0.0080 0.9397 0.0103 0.0090 0.0079 0.0093 0.0078 
        D344  2 0.5850 0.1956 0.0246 0.1054 0.0345 0.0237 0.0174 0.0137 
        D345  2 0.8261 0.0202 0.0220 0.0380 0.0116 0.0215 0.0383 0.0223 
        D346  2 0.1195 0.0482 0.0767 0.2003 0.0912 0.0276 0.0611 0.3755 
        D351  2 0.2012 0.0135 0.1887 0.0360 0.0789 0.0708 0.3954 0.0154 
        D352  2 0.0512 0.0605 0.0866 0.5281 0.0714 0.0729 0.0459 0.0833 
        D353  2 0.4003 0.0218 0.0670 0.3453 0.0254 0.0274 0.0989 0.0139 
        D354  2 0.5111 0.0245 0.0138 0.3543 0.0214 0.0257 0.0172 0.0320 
        D362  2 0.7411 0.0219 0.0309 0.0158 0.0211 0.1246 0.0254 0.0192 
        D363  2 0.7586 0.0308 0.0235 0.0205 0.0150 0.1041 0.0218 0.0256 
        D364  2 0.8294 0.0273 0.0090 0.0730 0.0089 0.0266 0.0112 0.0147 
        D365  2 0.0083 0.0077 0.9265 0.0129 0.0142 0.0074 0.0095 0.0135 
        D369  2 0.1099 0.0814 0.1245 0.0275 0.3846 0.0376 0.0571 0.1773 
        D374  2 0.0509 0.7192 0.0147 0.0237 0.0132 0.0151 0.0167 0.1465 
        D375  2 0.1997 0.0516 0.0142 0.6419 0.0217 0.0433 0.0139 0.0136 
        D376  2 0.0407 0.6178 0.0214 0.0619 0.0228 0.0306 0.0186 0.1863 
        D377  2 0.1282 0.0415 0.1142 0.2549 0.2446 0.1164 0.0392 0.0611 
        D378  2 0.1145 0.0274 0.3395 0.1289 0.0138 0.2586 0.1033 0.0140 
        D379  2 0.8464 0.0212 0.0195 0.0189 0.0246 0.0266 0.0201 0.0226 
        D384  2 0.8522 0.0121 0.0277 0.0147 0.0246 0.0232 0.0226 0.0230 
        D385  2 0.0253 0.0219 0.7604 0.1134 0.0180 0.0271 0.0156 0.0183 
        D386  2 0.2546 0.0207 0.1023 0.4790 0.0109 0.0850 0.0327 0.0147 
        D391  2 0.0177 0.0154 0.8823 0.0294 0.0132 0.0131 0.0156 0.0133 
        D392  2 0.0815 0.0980 0.5836 0.0240 0.1102 0.0414 0.0328 0.0286 
        D393  2 0.2148 0.0178 0.1932 0.2384 0.0290 0.0485 0.2278 0.0304 
        D394  2 0.0778 0.3627 0.0326 0.1645 0.1351 0.1289 0.0578 0.0405 
        D395  2 0.0190 0.0254 0.3844 0.3212 0.0474 0.1558 0.0266 0.0202 
        D401  2 0.0161 0.0232 0.0105 0.0090 0.8909 0.0193 0.0119 0.0193 
        D402  2 0.0168 0.0269 0.8515 0.0375 0.0172 0.0128 0.0211 0.0161 
        D403  2 0.5987 0.0316 0.0332 0.1396 0.0219 0.1153 0.0412 0.0186 
        D415  2 0.3244 0.0173 0.1561 0.0434 0.2340 0.1851 0.0269 0.0129 
        D435  2 0.2937 0.0183 0.4647 0.0659 0.0288 0.0394 0.0720 0.0173 
        D436  2 0.0827 0.0726 0.1411 0.3070 0.0964 0.1973 0.0261 0.0768 
        D438  2 0.0127 0.0136 0.9044 0.0161 0.0126 0.0131 0.0136 0.0139 
        D439  2 0.3076 0.0522 0.0998 0.1629 0.0143 0.3009 0.0460 0.0163 
        D449  2 0.1734 0.6179 0.1039 0.0175 0.0255 0.0268 0.0152 0.0199 
        D450  2 0.2384 0.0521 0.0204 0.2180 0.0782 0.2507 0.0782 0.0641 
        D456  2 0.6832 0.0110 0.1038 0.0201 0.0255 0.0245 0.1170 0.0149 
        D462  2 0.0154 0.0219 0.8558 0.0446 0.0138 0.0257 0.0107 0.0121 
        D463  2 0.8932 0.0102 0.0167 0.0169 0.0149 0.0125 0.0161 0.0196 
        D464  2 0.1257 0.0578 0.1417 0.5445 0.0415 0.0272 0.0312 0.0305 
        D465  2 0.0353 0.0156 0.6149 0.0210 0.2659 0.0159 0.0166 0.0148 
        D473  2 0.0310 0.0179 0.0612 0.2637 0.1204 0.0780 0.0687 0.3591 
        D474  2 0.5416 0.0210 0.0361 0.0389 0.0225 0.1152 0.1712 0.0534 
        D476  2 0.0380 0.0159 0.1111 0.0935 0.0198 0.6832 0.0241 0.0144 
        D477  2 0.4472 0.0193 0.0219 0.3601 0.0318 0.0287 0.0543 0.0366 
        D478  2 0.1569 0.3111 0.0363 0.0525 0.0472 0.2026 0.1342 0.0592 
        D480  2 0.0776 0.0156 0.4042 0.2267 0.0256 0.0701 0.0736 0.1068 
        D481  2 0.4085 0.1154 0.0277 0.2181 0.0192 0.0606 0.0794 0.0711 
        D482  2 0.0594 0.0578 0.0173 0.3777 0.0392 0.0302 0.2909 0.1276 
        D483  2 0.0118 0.8445 0.0531 0.0103 0.0123 0.0160 0.0218 0.0302 
        D484  2 0.0132 0.0223 0.0259 0.8653 0.0138 0.0149 0.0192 0.0255 
        D510  2 0.0373 0.3911 0.0291 0.0312 0.0315 0.0374 0.0904 0.3520 
        D511  2 0.1058 0.0234 0.1770 0.5373 0.0257 0.0593 0.0388 0.0328 
        D512  2 0.0157 0.0149 0.0252 0.0198 0.8777 0.0170 0.0219 0.0077 
        D513  2 0.0391 0.0120 0.8233 0.0226 0.0199 0.0160 0.0338 0.0332 
        D635  2 0.4781 0.0171 0.0350 0.0259 0.0176 0.3623 0.0438 0.0202 
        D636  2 0.1379 0.0298 0.0189 0.0269 0.0154 0.7368 0.0186 0.0156 
        D637  2 0.0842 0.0735 0.1408 0.3552 0.1615 0.0711 0.0459 0.0677 
        D658  2 0.0172 0.0747 0.3325 0.1849 0.1612 0.0938 0.0227 0.1129 
        D659  2 0.6017 0.0780 0.0451 0.0338 0.0244 0.1140 0.0542 0.0486 
        D677  2 0.2928 0.0826 0.0977 0.0369 0.2895 0.1155 0.0582 0.0268 
        D678  2 0.0120 0.8983 0.0171 0.0170 0.0230 0.0112 0.0131 0.0084 
        D679  2 0.4042 0.0139 0.1732 0.1843 0.0321 0.0326 0.0749 0.0848 
        D719  2 0.1450 0.0264 0.4111 0.0315 0.0395 0.0385 0.0477 0.2604 
        D720  2 0.2670 0.0140 0.5187 0.0139 0.0212 0.0288 0.0704 0.0661 
        D721  2 0.0144 0.0170 0.0390 0.0191 0.0104 0.8660 0.0155 0.0187 
        D722  2 0.0415 0.7326 0.0410 0.0263 0.0253 0.0217 0.0280 0.0837 
        D734  2 0.0317 0.0284 0.1561 0.5763 0.0177 0.0262 0.0334 0.1303 
        D735  2 0.2270 0.0211 0.1806 0.0735 0.0364 0.3138 0.0905 0.0572 
        D736  2 0.1054 0.0893 0.0572 0.0563 0.0662 0.0429 0.3304 0.2523 
        D737  2 0.0111 0.8262 0.0171 0.0301 0.0193 0.0367 0.0325 0.0270 
        D807  2 0.0982 0.0701 0.0673 0.1998 0.0957 0.1075 0.1395 0.2219 
        D808  2 0.0527 0.0388 0.0912 0.0220 0.6034 0.0743 0.0986 0.0190 
        D817  2 0.6635 0.0421 0.0400 0.0479 0.0743 0.0491 0.0430 0.0401 
        D818  2 0.0668 0.0198 0.4486 0.0504 0.0818 0.1039 0.2071 0.0217 
        D819  2 0.2491 0.0413 0.0295 0.0617 0.5184 0.0336 0.0371 0.0293 
        D820  2 0.0546 0.0119 0.7225 0.0526 0.0351 0.0720 0.0289 0.0225 
        D895  2 0.6427 0.1375 0.0255 0.0292 0.0264 0.0934 0.0201 0.0251 
        D896  2 0.0131 0.0087 0.0120 0.0100 0.9057 0.0148 0.0129 0.0229 
        D897  2 0.0399 0.3479 0.2705 0.0645 0.0710 0.0574 0.1118 0.0370 
        D898  2 0.2402 0.1130 0.0134 0.0399 0.1243 0.0774 0.3659 0.0259 
        D918  2 0.0217 0.0129 0.1151 0.1670 0.5330 0.0457 0.0301 0.0745 
        D919  2 0.2050 0.1300 0.1944 0.1126 0.0166 0.2284 0.0965 0.0165 
        D920  2 0.0338 0.1123 0.0239 0.0227 0.0635 0.6871 0.0179 0.0389 
        D923  2 0.5981 0.0430 0.0762 0.1037 0.0191 0.1177 0.0227 0.0196 
        D930  2 0.3779 0.0214 0.1893 0.1464 0.0696 0.0366 0.0423 0.1166 
        D931  2 0.1095 0.0673 0.1003 0.5187 0.0664 0.0586 0.0491 0.0301 
        D968  2 0.0206 0.0274 0.8727 0.0153 0.0154 0.0127 0.0230 0.0129 
        D969  2 0.3002 0.1690 0.0598 0.0435 0.0314 0.0480 0.2912 0.0569 
        D977  2 0.0444 0.0732 0.6801 0.0403 0.0543 0.0360 0.0500 0.0218 
        D978  2 0.1225 0.1081 0.0522 0.0273 0.0256 0.0682 0.5603 0.0357 
        D009  4 0.0748 0.0733 0.0209 0.0231 0.2455 0.4687 0.0633 0.0305 
        D057  4 0.0136 0.0239 0.1340 0.0573 0.0152 0.7106 0.0244 0.0210 
        D109  4 0.0673 0.0284 0.0180 0.0495 0.6451 0.1103 0.0312 0.0501 
     D237222  4 0.0207 0.1903 0.0511 0.0225 0.0183 0.5551 0.0274 0.1146 
     D237223  4 0.0176 0.0415 0.3652 0.0396 0.3130 0.0445 0.0492 0.1294 
     D237224  4 0.3733 0.0888 0.0360 0.1972 0.0177 0.0693 0.1881 0.0297 
     D237225  4 0.1374 0.0630 0.0892 0.0220 0.0580 0.4628 0.0976 0.0698 
     D237299  4 0.0230 0.0158 0.0486 0.0365 0.7361 0.0280 0.0682 0.0438 
     D237300  4 0.0289 0.0779 0.0190 0.0499 0.0317 0.0306 0.7203 0.0418 
     D237306  4 0.0360 0.0906 0.0507 0.0550 0.2316 0.0504 0.0156 0.4701 
     D237307  4 0.2993 0.0597 0.1033 0.0181 0.0592 0.0982 0.0631 0.2991 
     D237308  4 0.0630 0.2609 0.2668 0.1224 0.0316 0.0731 0.0343 0.1480 
     D237309  4 0.1307 0.0661 0.0223 0.0438 0.0314 0.6006 0.0884 0.0167 
     D237317  4 0.4394 0.0416 0.0311 0.0235 0.0142 0.2427 0.0664 0.1411 
     D237318  4 0.0133 0.0353 0.0426 0.0147 0.0249 0.0137 0.8360 0.0195 
     D237319  4 0.1994 0.1304 0.0373 0.0297 0.4846 0.0374 0.0421 0.0391 
     D237320  4 0.0265 0.0549 0.1226 0.0212 0.6151 0.0446 0.0824 0.0328 
     D237321  4 0.1335 0.1424 0.0212 0.0255 0.0711 0.0377 0.5295 0.0391 
     D237397  4 0.0210 0.1470 0.1515 0.0200 0.1525 0.0784 0.0853 0.3445 
     D237398  4 0.0622 0.0177 0.0372 0.0491 0.0276 0.0174 0.7788 0.0102 
     D237399  4 0.0452 0.0354 0.0637 0.0263 0.0812 0.1292 0.3770 0.2421 
     D244001  4 0.0281 0.4686 0.0446 0.0218 0.0240 0.3611 0.0249 0.0268 
        D289  4 0.0381 0.1272 0.1053 0.1587 0.0506 0.0616 0.1128 0.3457 
        D290  4 0.0279 0.1909 0.0391 0.0330 0.0640 0.0630 0.5415 0.0405 
        D294  4 0.0548 0.1594 0.0634 0.2656 0.0293 0.1652 0.2169 0.0453 
        D295  4 0.1766 0.0467 0.0583 0.0676 0.2339 0.2888 0.0469 0.0810 
        D301  4 0.0378 0.3402 0.0151 0.0236 0.0977 0.3616 0.0481 0.0760 
        D302  4 0.0387 0.0142 0.0269 0.7535 0.0180 0.1187 0.0149 0.0150 
        D303  4 0.0294 0.0791 0.0179 0.1295 0.0731 0.0238 0.0228 0.6244 
        D304  4 0.0530 0.1039 0.0195 0.0299 0.0323 0.0557 0.6646 0.0410 
        D305  4 0.0932 0.5319 0.0343 0.1888 0.0155 0.0966 0.0263 0.0134 
        D306  4 0.0672 0.3962 0.0272 0.0363 0.1019 0.0468 0.2673 0.0570 
        D307  4 0.0123 0.0286 0.0121 0.0201 0.0296 0.7934 0.0401 0.0638 
        D327  4 0.6502 0.0335 0.1070 0.0220 0.0572 0.0479 0.0414 0.0408 
        D328  4 0.0369 0.0949 0.0170 0.5702 0.0803 0.0484 0.0177 0.1347 
        D329  4 0.0764 0.3199 0.0285 0.1940 0.0194 0.1601 0.1157 0.0860 
        D330  4 0.1597 0.1195 0.1159 0.0739 0.2076 0.2719 0.0264 0.0250 
        D331  4 0.1729 0.0679 0.0373 0.0345 0.0546 0.0836 0.4571 0.0922 
        D333  4 0.0712 0.2197 0.0720 0.0871 0.0923 0.2254 0.1269 0.1054 
        D334  4 0.0148 0.0178 0.0380 0.0490 0.0304 0.1185 0.0786 0.6529 
        D335  4 0.1063 0.0360 0.3059 0.1717 0.0157 0.2977 0.0312 0.0355 
        D370  4 0.1166 0.5241 0.0259 0.1187 0.0487 0.0720 0.0323 0.0617 
        D371  4 0.2011 0.1754 0.0389 0.0695 0.0517 0.0161 0.0184 0.4288 
        D372  4 0.0152 0.1739 0.0168 0.0140 0.0181 0.0287 0.6962 0.0371 
        D373  4 0.0328 0.0474 0.0186 0.0254 0.0124 0.8152 0.0315 0.0166 
        D455  4 0.0150 0.0172 0.0172 0.0176 0.0121 0.8673 0.0352 0.0183 
        D490  4 0.0097 0.0168 0.0095 0.0173 0.3286 0.5869 0.0136 0.0176 
        D497  4 0.0106 0.0191 0.0099 0.0304 0.2858 0.5692 0.0595 0.0155 
        D498  4 0.0636 0.1487 0.0423 0.0305 0.1397 0.0498 0.3244 0.2011 
        D499  4 0.0711 0.0938 0.0935 0.2402 0.3776 0.0321 0.0363 0.0553 
        D514  4 0.3424 0.0696 0.0298 0.1345 0.1798 0.1271 0.1061 0.0106 
        D515  4 0.0208 0.0252 0.0902 0.0726 0.7148 0.0342 0.0155 0.0267 
        D516  4 0.0954 0.1082 0.2270 0.0293 0.1937 0.1436 0.0505 0.1523 
        D517  4 0.0472 0.0296 0.0133 0.0109 0.0224 0.8070 0.0542 0.0154 
        D518  4 0.0317 0.0876 0.1092 0.1051 0.0225 0.5681 0.0177 0.0580 
        D519  4 0.0197 0.0172 0.0930 0.0170 0.7623 0.0271 0.0390 0.0247 
        D560  4 0.0959 0.0513 0.0792 0.0450 0.6249 0.0371 0.0487 0.0179 
        D561  4 0.0720 0.0368 0.2627 0.0289 0.3009 0.2277 0.0557 0.0152 
        D562  4 0.0684 0.3618 0.0584 0.0541 0.0384 0.1859 0.1807 0.0521 
        D563  4 0.0463 0.1244 0.1762 0.2820 0.0779 0.1838 0.0903 0.0190 
        D572  4 0.0425 0.0777 0.0773 0.5525 0.0296 0.1497 0.0306 0.0401 
        D629  4 0.4241 0.0257 0.0367 0.2224 0.0283 0.1366 0.1096 0.0166 
        D630  4 0.0666 0.1065 0.0523 0.0969 0.1320 0.3525 0.0946 0.0986 
        D631  4 0.0173 0.0607 0.1989 0.2779 0.0488 0.3247 0.0407 0.0310 
        D632  4 0.1710 0.1214 0.0660 0.3839 0.0637 0.1668 0.0145 0.0128 
        D646  4 0.0608 0.1178 0.2474 0.0149 0.4113 0.0742 0.0338 0.0397 
        D647  4 0.1768 0.1225 0.1475 0.0518 0.1862 0.2243 0.0733 0.0176 
        D648  4 0.0176 0.1607 0.0200 0.6574 0.0474 0.0337 0.0095 0.0537 
        D649  4 0.4809 0.0141 0.0299 0.2823 0.1033 0.0498 0.0204 0.0193 
        D650  4 0.1427 0.0164 0.1484 0.0876 0.3166 0.1502 0.0437 0.0943 
        D708  4 0.1986 0.1450 0.0337 0.2528 0.0823 0.0717 0.0568 0.1590 
        D709  4 0.1220 0.1990 0.0650 0.0571 0.2990 0.0494 0.1612 0.0473 
        D738  4 0.0285 0.0187 0.0467 0.0159 0.1075 0.0885 0.0235 0.6706 
        D739  4 0.0374 0.2685 0.0306 0.0414 0.1892 0.2561 0.1371 0.0397 
        D740  4 0.0684 0.0346 0.0525 0.0664 0.0979 0.1433 0.2354 0.3014 
        D741  4 0.0175 0.0168 0.3212 0.0215 0.5471 0.0451 0.0181 0.0126 
        D742  4 0.0230 0.0439 0.4736 0.0678 0.1314 0.1064 0.0803 0.0736 
        D743  4 0.1952 0.0274 0.1756 0.4369 0.0550 0.0374 0.0410 0.0315 
        D744  4 0.0229 0.0095 0.0440 0.8494 0.0143 0.0230 0.0222 0.0147 
        D745  4 0.0187 0.0146 0.0388 0.0347 0.8295 0.0232 0.0232 0.0175 
        D814  4 0.0484 0.7143 0.0395 0.0385 0.0301 0.0545 0.0537 0.0211 
        D815  4 0.2451 0.0634 0.0532 0.4358 0.0366 0.0633 0.0662 0.0363 
        D828  4 0.0200 0.5526 0.0165 0.1652 0.0581 0.0356 0.0381 0.1139 
        D845  4 0.0175 0.0116 0.0911 0.0184 0.0125 0.0172 0.7800 0.0517 
        D846  4 0.1929 0.1171 0.1157 0.0767 0.0168 0.4045 0.0646 0.0116 
        D847  4 0.0646 0.0161 0.0457 0.0362 0.0616 0.1303 0.5952 0.0504 
        D848  4 0.0117 0.0371 0.0238 0.0165 0.0104 0.7881 0.0957 0.0167 
        D849  4 0.0323 0.0608 0.1526 0.0263 0.1811 0.4938 0.0333 0.0199 
        D850  4 0.0649 0.0242 0.3220 0.0626 0.0652 0.1737 0.2165 0.0709 
        D856  4 0.2403 0.0479 0.0543 0.0483 0.4137 0.0557 0.1032 0.0367 
        D857  4 0.0463 0.2692 0.0168 0.0254 0.4783 0.1032 0.0242 0.0366 
        D859  4 0.1611 0.1327 0.0565 0.3297 0.0515 0.1623 0.0830 0.0232 
        D860  4 0.0336 0.0685 0.0666 0.0348 0.0102 0.0500 0.2162 0.5200 
        D883  4 0.1134 0.0957 0.0274 0.0808 0.2337 0.2508 0.1050 0.0931 
        D884  4 0.0244 0.0367 0.0634 0.0704 0.5873 0.0891 0.0212 0.1075 
        D885  4 0.0582 0.0083 0.5396 0.0455 0.1341 0.1445 0.0442 0.0255 
        D886  4 0.1485 0.1443 0.0874 0.0449 0.1960 0.1830 0.1656 0.0302 
        D887  4 0.1931 0.0802 0.0484 0.2910 0.0749 0.0597 0.2166 0.0361 
        D889  4 0.0291 0.0373 0.0156 0.0449 0.0194 0.0297 0.8096 0.0143 
        D890  4 0.1580 0.1568 0.0299 0.3484 0.0529 0.1425 0.0565 0.0548 
        D891  4 0.0151 0.0079 0.0097 0.0098 0.0084 0.0091 0.9291 0.0108 
        D899  4 0.0254 0.1805 0.3817 0.0808 0.0346 0.0860 0.1205 0.0906 
        D900  4 0.1625 0.0795 0.0712 0.0888 0.0873 0.1115 0.3408 0.0585 
        D970  4 0.1225 0.0699 0.0330 0.0848 0.0193 0.3337 0.2878 0.0489 
        D971  4 0.0704 0.0818 0.5756 0.0529 0.0412 0.0686 0.0430 0.0664 
        D979  4 0.2718 0.0345 0.2575 0.1065 0.0178 0.2454 0.0276 0.0387 
        D093  5 0.0226 0.0275 0.0197 0.0183 0.0333 0.0435 0.0330 0.8022 
        D154  5 0.0604 0.0679 0.3125 0.0450 0.2822 0.0579 0.1150 0.0592 
        D168  5 0.0848 0.1909 0.2373 0.0509 0.2602 0.0832 0.0693 0.0234 
        D189  5 0.0269 0.0678 0.0598 0.0398 0.0421 0.0605 0.2716 0.4314 
        D190  5 0.0736 0.0373 0.0333 0.0590 0.0371 0.0262 0.0225 0.7110 
     D237220  5 0.0186 0.0212 0.0184 0.0218 0.0528 0.0502 0.6984 0.1186 
     D237221  5 0.1027 0.0529 0.1451 0.0355 0.0471 0.0439 0.2237 0.3491 
     D237274  5 0.6896 0.0550 0.1172 0.0437 0.0397 0.0236 0.0166 0.0146 
     D237275  5 0.0200 0.2737 0.4375 0.0142 0.0686 0.0249 0.1189 0.0421 
     D237276  5 0.0749 0.0575 0.0810 0.0783 0.1098 0.1931 0.0310 0.3744 
     D237277  5 0.0673 0.0261 0.0340 0.0947 0.0304 0.0230 0.0668 0.6577 
     D237278  5 0.0591 0.1594 0.1796 0.1800 0.1329 0.1342 0.0300 0.1249 
     D237279  5 0.1653 0.0129 0.1374 0.1000 0.4779 0.0486 0.0398 0.0181 
     D237280  5 0.6644 0.0304 0.0180 0.0266 0.0376 0.1641 0.0230 0.0359 
     D237281  5 0.0482 0.1551 0.3385 0.0215 0.0462 0.0340 0.3122 0.0444 
     D237351  5 0.2634 0.0121 0.0311 0.0221 0.3566 0.1693 0.0223 0.1230 
     D237352  5 0.0517 0.0622 0.1706 0.1076 0.0478 0.4788 0.0330 0.0482 
     D237353  5 0.0817 0.0219 0.0188 0.0419 0.0149 0.0123 0.0327 0.7758 
     D237359  5 0.0511 0.0250 0.0221 0.0270 0.0409 0.0486 0.7208 0.0647 
     D237361  5 0.0358 0.0192 0.0168 0.0221 0.0201 0.0189 0.0425 0.8245 
     D237362  5 0.4447 0.0360 0.0989 0.0415 0.1785 0.0911 0.0302 0.0790 
     D237363  5 0.2748 0.1709 0.1391 0.0184 0.1950 0.0444 0.0947 0.0627 
     D237364  5 0.0530 0.0307 0.1802 0.0950 0.3224 0.2533 0.0535 0.0120 
     D237376  5 0.0094 0.1629 0.0182 0.6290 0.0625 0.0158 0.0285 0.0738 
     D237377  5 0.4891 0.0325 0.0296 0.0403 0.0918 0.2164 0.0250 0.0754 
     D237378  5 0.0169 0.3190 0.0202 0.0832 0.0399 0.0490 0.0393 0.4325 
     D237379  5 0.0341 0.0770 0.0422 0.4628 0.1072 0.0527 0.0504 0.1735 
     D237380  5 0.3302 0.2552 0.0110 0.1546 0.0615 0.0755 0.0291 0.0829 
     D237381  5 0.1280 0.3770 0.0184 0.0268 0.0703 0.2353 0.0644 0.0798 
     D237391  5 0.0316 0.0105 0.0187 0.0252 0.0213 0.0281 0.0610 0.8035 
     D237392  5 0.3052 0.0589 0.3856 0.1064 0.0722 0.0262 0.0268 0.0187 
     D237393  5 0.4425 0.1356 0.0443 0.0334 0.0196 0.1421 0.0426 0.1399 
     D237394  5 0.0341 0.0102 0.0151 0.0348 0.0121 0.0180 0.0150 0.8607 
     D237395  5 0.0826 0.0956 0.0512 0.0356 0.1014 0.0898 0.1296 0.4143 
     D237396  5 0.2027 0.0160 0.2001 0.0348 0.0341 0.2597 0.0835 0.1692 
     D244016  5 0.1061 0.0301 0.1737 0.3332 0.0638 0.0301 0.0705 0.1926 
     D244018  5 0.0181 0.0346 0.4572 0.0157 0.0376 0.1306 0.1069 0.1992 
     D244019  5 0.3822 0.1108 0.1859 0.0480 0.0369 0.0505 0.1168 0.0688 
        D279  5 0.1111 0.0220 0.2534 0.0512 0.1024 0.0989 0.2297 0.1313 
        D280  5 0.0485 0.0270 0.0191 0.0379 0.0151 0.0941 0.7240 0.0343 
        D281  5 0.0127 0.0341 0.1771 0.0168 0.0284 0.0197 0.6537 0.0576 
        D283  5 0.1122 0.0216 0.0367 0.0230 0.0201 0.0583 0.5247 0.2033 
        D284  5 0.0362 0.0185 0.0651 0.0547 0.6346 0.0718 0.0961 0.0231 
        D285  5 0.0595 0.0234 0.0299 0.0396 0.0307 0.0363 0.5650 0.2157 
        D286  5 0.0648 0.0687 0.0274 0.1407 0.0513 0.2084 0.0741 0.3647 
        D287  5 0.0153 0.1094 0.0114 0.6394 0.0972 0.0194 0.0357 0.0724 
        D288  5 0.1761 0.0236 0.0264 0.0152 0.0165 0.0471 0.6708 0.0244 
        D308  5 0.6253 0.0139 0.0250 0.0238 0.1927 0.0780 0.0130 0.0283 
        D309  5 0.0157 0.0102 0.0158 0.8872 0.0120 0.0296 0.0117 0.0179 
        D310  5 0.0271 0.0455 0.0138 0.0146 0.0233 0.0282 0.0743 0.7733 
        D311  5 0.3350 0.0936 0.1114 0.0676 0.1034 0.0789 0.0392 0.1710 
        D312  5 0.0855 0.1276 0.0617 0.3152 0.0636 0.1874 0.0724 0.0868 
        D313  5 0.1102 0.0151 0.0107 0.0080 0.4868 0.3073 0.0112 0.0506 
        D314  5 0.0583 0.0591 0.0973 0.1570 0.1494 0.2928 0.0397 0.1463 
        D315  5 0.2526 0.3495 0.0185 0.1089 0.0461 0.0743 0.0520 0.0981 
        D317  5 0.0353 0.0549 0.0218 0.0084 0.0181 0.0445 0.0171 0.7998 
        D318  5 0.2123 0.0770 0.1367 0.2484 0.0759 0.0653 0.1422 0.0423 
        D319  5 0.0124 0.0120 0.0235 0.0128 0.0168 0.0250 0.0157 0.8818 
        D320  5 0.0275 0.0267 0.0157 0.0878 0.0292 0.0249 0.1259 0.6622 
        D321  5 0.5768 0.0099 0.0181 0.0103 0.1389 0.1138 0.1086 0.0237 
        D336  5 0.0157 0.1087 0.0120 0.0392 0.0249 0.0232 0.0226 0.7536 
        D337  5 0.0208 0.0244 0.0272 0.0203 0.0153 0.0148 0.0271 0.8502 
        D338  5 0.1216 0.0178 0.1345 0.0317 0.2027 0.2550 0.1113 0.1253 
        D339  5 0.0326 0.0760 0.0289 0.0115 0.0499 0.0166 0.0308 0.7537 
        D347  5 0.0489 0.7934 0.0199 0.0133 0.0091 0.0313 0.0646 0.0195 
        D348  5 0.0244 0.2917 0.0196 0.0231 0.0111 0.0312 0.0349 0.5639 
        D349  5 0.5653 0.0129 0.0131 0.0193 0.1830 0.1433 0.0190 0.0441 
        D350  5 0.0131 0.0142 0.0137 0.9047 0.0184 0.0118 0.0139 0.0101 
        D355  5 0.0435 0.0215 0.6224 0.0252 0.0322 0.0182 0.2169 0.0200 
        D356  5 0.1184 0.0607 0.0326 0.0915 0.0776 0.1137 0.1971 0.3084 
        D357  5 0.1090 0.5547 0.0214 0.0492 0.0568 0.0377 0.1429 0.0282 
        D358  5 0.0367 0.0607 0.0274 0.4109 0.0664 0.0642 0.0439 0.2898 
        D359  5 0.3528 0.0514 0.0290 0.0202 0.0321 0.0406 0.0429 0.4309 
        D360  5 0.0739 0.0340 0.0224 0.0629 0.0486 0.0839 0.2173 0.4570 
        D361  5 0.2910 0.0271 0.0156 0.0122 0.4873 0.1279 0.0126 0.0262 
        D366  5 0.0656 0.0186 0.7845 0.0207 0.0365 0.0228 0.0169 0.0345 
        D367  5 0.0267 0.0601 0.0251 0.0678 0.1227 0.1634 0.0752 0.4589 
        D368  5 0.4064 0.0234 0.0325 0.0270 0.3244 0.0536 0.0392 0.0934 
        D380  5 0.0657 0.0176 0.0511 0.7261 0.0340 0.0495 0.0252 0.0308 
        D381  5 0.0822 0.0663 0.0560 0.0158 0.0271 0.0527 0.1154 0.5845 
        D400  5 0.0458 0.1944 0.0896 0.0320 0.0310 0.1385 0.1394 0.3293 
        D411  5 0.0135 0.0550 0.0135 0.0209 0.7169 0.1618 0.0104 0.0081 
        D412  5 0.0631 0.7165 0.0185 0.0118 0.0151 0.0658 0.0440 0.0652 
        D413  5 0.0457 0.0354 0.6787 0.0797 0.0623 0.0331 0.0384 0.0265 
        D414  5 0.0204 0.0361 0.0546 0.7837 0.0322 0.0233 0.0243 0.0254 
        D420  5 0.0256 0.0224 0.0146 0.0159 0.0531 0.0495 0.7938 0.0251 
        D431  5 0.0226 0.0504 0.0089 0.7528 0.0741 0.0164 0.0533 0.0215 
        D432  5 0.0354 0.1877 0.0229 0.0632 0.0225 0.1739 0.1082 0.3861 
        D433  5 0.1499 0.0818 0.0373 0.0291 0.0340 0.0501 0.0524 0.5654 
        D434  5 0.0465 0.0518 0.0291 0.0253 0.0569 0.0558 0.3585 0.3760 
        D440  5 0.0138 0.0180 0.0269 0.8266 0.0362 0.0333 0.0221 0.0232 
        D447  5 0.2044 0.4182 0.1039 0.0565 0.0995 0.0429 0.0577 0.0169 
        D448  5 0.0242 0.7360 0.0137 0.0265 0.0230 0.0314 0.0229 0.1222 
        D459  5 0.0119 0.0165 0.7933 0.0182 0.0236 0.0276 0.0906 0.0184 
        D460  5 0.6034 0.0108 0.0251 0.0198 0.1997 0.1016 0.0178 0.0218 
        D461  5 0.0375 0.0094 0.0155 0.8725 0.0161 0.0233 0.0134 0.0124 
        D468  5 0.0778 0.0425 0.0390 0.0674 0.6858 0.0262 0.0172 0.0442 
        D469  5 0.3105 0.0284 0.0551 0.1149 0.1978 0.1486 0.0633 0.0814 
        D470  5 0.0852 0.4037 0.0455 0.0710 0.0604 0.2545 0.0233 0.0565 
        D471  5 0.0823 0.1071 0.0610 0.0909 0.0332 0.0450 0.0584 0.5222 
        D472  5 0.4984 0.0192 0.2708 0.0146 0.0120 0.0273 0.1309 0.0268 
        D479  5 0.0206 0.8262 0.0652 0.0377 0.0113 0.0158 0.0089 0.0142 
        D485  5 0.0220 0.1157 0.0249 0.6675 0.0739 0.0334 0.0356 0.0269 
        D486  5 0.0362 0.0505 0.0577 0.0637 0.6566 0.0694 0.0238 0.0420 
        D487  5 0.0275 0.1304 0.0235 0.0571 0.0238 0.1387 0.1532 0.4458 
        D555  5 0.0129 0.0358 0.0251 0.0144 0.0093 0.0119 0.0305 0.8602 
        D556  5 0.0581 0.0139 0.0215 0.5810 0.0356 0.0485 0.2060 0.0353 
        D557  5 0.0290 0.0384 0.0577 0.0278 0.0130 0.0414 0.0119 0.7809 
        D564  5 0.1681 0.0954 0.0251 0.4618 0.0832 0.0518 0.0174 0.0972 
        D594  5 0.1268 0.4677 0.0786 0.0256 0.0366 0.1523 0.0648 0.0475 
        D595  5 0.2031 0.1076 0.0570 0.1180 0.1604 0.0605 0.0478 0.2456 
        D596  5 0.0261 0.0841 0.0129 0.0236 0.0124 0.0129 0.0284 0.7995 
        D597  5 0.0456 0.0297 0.3602 0.0222 0.0128 0.0253 0.2510 0.2531 
        D598  5 0.0667 0.1447 0.0425 0.1632 0.0490 0.0827 0.0887 0.3625 
        D617  5 0.0230 0.6392 0.0224 0.0149 0.1753 0.0915 0.0219 0.0120 
        D618  5 0.1056 0.0323 0.0283 0.0354 0.0284 0.0281 0.0878 0.6542 
        D619  5 0.4731 0.3424 0.0259 0.0245 0.0449 0.0279 0.0291 0.0322 
        D620  5 0.0466 0.0537 0.7572 0.0121 0.0156 0.0276 0.0449 0.0423 
        D628  5 0.0187 0.0339 0.0227 0.8447 0.0133 0.0186 0.0148 0.0333 
        D714  5 0.0177 0.0465 0.0379 0.5824 0.0440 0.0458 0.1283 0.0975 
        D715  5 0.0845 0.0213 0.0446 0.0484 0.0306 0.0153 0.0564 0.6990 
        D716  5 0.0452 0.6790 0.0486 0.0406 0.0283 0.0588 0.0696 0.0298 
        D717  5 0.0684 0.0164 0.0888 0.1432 0.0459 0.0778 0.3376 0.2219 
        D718  5 0.0107 0.2251 0.0315 0.1017 0.4309 0.0698 0.0599 0.0705 
        D769  5 0.0187 0.7352 0.0156 0.0177 0.0365 0.1442 0.0186 0.0135 
        D770  5 0.0217 0.0324 0.0745 0.7230 0.0735 0.0280 0.0259 0.0211 
        D771  5 0.0782 0.2752 0.0543 0.1684 0.0405 0.0749 0.2500 0.0586 
        D772  5 0.0285 0.0157 0.0238 0.7892 0.0202 0.0398 0.0402 0.0425 
        D782  5 0.1513 0.0380 0.1668 0.0346 0.2530 0.0641 0.2572 0.0350 
        D783  5 0.0317 0.0821 0.2296 0.2877 0.0682 0.0590 0.0655 0.1762 
        D784  5 0.2315 0.0190 0.0855 0.1984 0.0267 0.0896 0.2770 0.0722 
        D785  5 0.1862 0.0205 0.0225 0.2022 0.0516 0.0267 0.0252 0.4651 
        D786  5 0.1446 0.0820 0.2188 0.0906 0.0852 0.3110 0.0430 0.0247 
        D821  5 0.0277 0.0114 0.0140 0.0478 0.0165 0.0106 0.0229 0.8490 
        D822  5 0.2204 0.1251 0.1525 0.0533 0.1124 0.0531 0.1922 0.0910 
        D826  5 0.0521 0.0320 0.2159 0.0713 0.0568 0.1261 0.0916 0.3542 
        D827  5 0.2604 0.0475 0.3916 0.0739 0.1033 0.0367 0.0560 0.0307 
        D851  5 0.2616 0.0699 0.0441 0.0964 0.0629 0.3165 0.0461 0.1025 
        D852  5 0.0426 0.1577 0.0319 0.2432 0.0367 0.0726 0.1926 0.2227 
        D853  5 0.0507 0.0363 0.0402 0.0302 0.0627 0.0752 0.3341 0.3706 
        D854  5 0.2146 0.0929 0.0784 0.0514 0.4360 0.0286 0.0813 0.0167 
        D861  5 0.0920 0.1207 0.0647 0.0347 0.4900 0.0265 0.0583 0.1131 
        D862  5 0.2257 0.0447 0.1407 0.0826 0.0634 0.1173 0.1087 0.2171 
        D865  5 0.0489 0.2163 0.0269 0.0910 0.0496 0.0641 0.0741 0.4290 
        D868  5 0.2324 0.0394 0.1326 0.0305 0.0524 0.1456 0.1417 0.2255 
        D869  5 0.0314 0.0329 0.0254 0.0140 0.5131 0.3407 0.0195 0.0229 
        D870  5 0.0824 0.0431 0.2851 0.0480 0.2119 0.2226 0.0960 0.0110 
        D907  5 0.0355 0.2097 0.0117 0.0236 0.0322 0.1007 0.0370 0.5496 
        D908  5 0.0471 0.2349 0.0211 0.1664 0.0281 0.0564 0.1627 0.2834 
        D910  5 0.0572 0.1978 0.2656 0.0340 0.0763 0.0370 0.0760 0.2560 
        D911  5 0.0141 0.0140 0.5740 0.0135 0.0215 0.0220 0.3127 0.0283 
        D934  5 0.1313 0.0768 0.0291 0.5705 0.0689 0.0394 0.0492 0.0347 
        D946  5 0.0350 0.0840 0.0127 0.6350 0.1097 0.0452 0.0524 0.0260 
        D947  5 0.1814 0.0237 0.0372 0.1977 0.0616 0.1797 0.2993 0.0193 
        D948  5 0.5660 0.0193 0.0140 0.0194 0.1292 0.1416 0.0224 0.0881 
        D949  5 0.5268 0.0143 0.0121 0.0200 0.1893 0.1762 0.0149 0.0463 
        D950  5 0.0578 0.0246 0.4805 0.0265 0.0187 0.0229 0.3405 0.0284 
        D951  5 0.3376 0.1113 0.1427 0.1043 0.0732 0.1793 0.0306 0.0211 
        D952  5 0.5502 0.0339 0.0424 0.0146 0.0160 0.1166 0.1537 0.0725 
        D953  5 0.0875 0.0420 0.0186 0.0520 0.0242 0.0237 0.0905 0.6614 
        D954  5 0.7510 0.0166 0.0301 0.0345 0.0289 0.0175 0.0210 0.1006 
        D961  5 0.0181 0.1343 0.0149 0.7124 0.0386 0.0145 0.0221 0.0450 
        D962  5 0.0369 0.0290 0.0125 0.7780 0.0158 0.0260 0.0135 0.0883 
        D963  5 0.0706 0.0214 0.0736 0.2736 0.0234 0.0317 0.0923 0.4133 
        D964  5 0.0529 0.0422 0.0246 0.3727 0.2782 0.0549 0.1399 0.0345 
        D965  5 0.0576 0.1918 0.0530 0.4172 0.0313 0.1557 0.0469 0.0466 
        D966  5 0.3046 0.1472 0.0342 0.1474 0.0136 0.1496 0.0897 0.1138 
        D967  5 0.0876 0.1359 0.0664 0.0313 0.0503 0.0352 0.4296 0.1637 
        D991  5 0.0283 0.1132 0.0272 0.4378 0.0934 0.1299 0.0584 0.1118 
        D132  8 0.0167 0.0117 0.0171 0.0379 0.4372 0.4333 0.0183 0.0278 
        D133  8 0.0169 0.3606 0.4707 0.0165 0.0157 0.0487 0.0554 0.0155 
        D200  8 0.0114 0.2974 0.0206 0.0364 0.1937 0.0246 0.3992 0.0167 
        D500  8 0.0209 0.0259 0.0106 0.0181 0.3732 0.5123 0.0211 0.0180 
        D614  8 0.0583 0.0501 0.0302 0.1113 0.1151 0.1069 0.1938 0.3343 
        D723  8 0.0295 0.0337 0.2209 0.0148 0.6061 0.0424 0.0293 0.0233 
        D888  8 0.0219 0.0194 0.0220 0.0238 0.0181 0.0424 0.8347 0.0178 
        D901  8 0.0129 0.0149 0.0137 0.0202 0.8799 0.0157 0.0262 0.0165 
        D902  8 0.0155 0.0212 0.0381 0.0739 0.1254 0.0364 0.0397 0.6499 
        D903  8 0.1256 0.0111 0.3586 0.0659 0.0390 0.2879 0.0217 0.0901 
        D904  8 0.2442 0.0860 0.0465 0.2119 0.0295 0.2855 0.0641 0.0323 
        D905  8 0.0131 0.0483 0.0151 0.0314 0.0219 0.0221 0.7906 0.0576 
        D906  8 0.1524 0.2284 0.1650 0.0488 0.0221 0.2362 0.1214 0.0258 
        D937  8 0.0101 0.0156 0.0207 0.0152 0.0607 0.0115 0.0231 0.8432 
        D943  8 0.0382 0.0216 0.0495 0.0441 0.0535 0.0550 0.7056 0.0325 
        D972  8 0.0157 0.0387 0.0816 0.0230 0.7870 0.0242 0.0148 0.0149 
        D973  8 0.0704 0.0271 0.2384 0.0290 0.4496 0.1182 0.0344 0.0328 
        D974  8 0.0453 0.1591 0.2548 0.0287 0.2350 0.0690 0.1501 0.0579 
        D975  8 0.0137 0.1773 0.0385 0.0520 0.1424 0.0353 0.4642 0.0766 
        D976  8 0.0347 0.1307 0.0376 0.0699 0.2541 0.0383 0.3493 0.0854 
        D142 10 0.1417 0.2750 0.0746 0.2179 0.0632 0.0705 0.1043 0.0529 
        D143 10 0.0189 0.1775 0.6530 0.0278 0.0226 0.0358 0.0158 0.0486 
        D144 10 0.1058 0.0386 0.0614 0.4464 0.0521 0.0998 0.1452 0.0507 
        D145 10 0.0230 0.0257 0.0286 0.0737 0.0297 0.0649 0.7201 0.0343 
        D146 10 0.0541 0.0543 0.0396 0.2045 0.3535 0.2414 0.0182 0.0345 
        D147 10 0.0449 0.0360 0.0838 0.2128 0.5560 0.0260 0.0205 0.0200 
        D148 10 0.0763 0.0297 0.1424 0.3873 0.2501 0.0370 0.0478 0.0293 
        D149 10 0.1226 0.2271 0.1786 0.0450 0.0371 0.0345 0.2939 0.0612 
        D151 10 0.0270 0.0644 0.1766 0.0430 0.3313 0.0481 0.2068 0.1028 
        D152 10 0.0275 0.5139 0.1636 0.0338 0.0367 0.0173 0.1979 0.0095 
        D153 10 0.0994 0.0289 0.0512 0.1564 0.1571 0.3851 0.0789 0.0431 
        D156 10 0.0435 0.0243 0.0156 0.8435 0.0191 0.0274 0.0142 0.0124 
        D157 10 0.0653 0.3866 0.0193 0.0591 0.0442 0.2135 0.0275 0.1843 
        D158 10 0.0153 0.0574 0.0143 0.0468 0.6905 0.0283 0.1201 0.0272 
        D159 10 0.0203 0.0152 0.8598 0.0138 0.0174 0.0290 0.0187 0.0257 
        D160 10 0.0094 0.0103 0.0107 0.0105 0.0127 0.0106 0.6595 0.2763 
        D161 10 0.2983 0.0340 0.1969 0.1787 0.0495 0.1009 0.0748 0.0669 
        D162 10 0.0328 0.0227 0.0292 0.8423 0.0113 0.0254 0.0191 0.0172 
        D169 10 0.0362 0.0175 0.0385 0.0178 0.1565 0.4714 0.2250 0.0370 
        D170 10 0.0603 0.0519 0.0168 0.1100 0.0500 0.6586 0.0194 0.0329 
        D171 10 0.0174 0.0147 0.0149 0.8788 0.0179 0.0277 0.0087 0.0199 
        D172 10 0.0236 0.0292 0.0345 0.6699 0.1689 0.0377 0.0157 0.0205 
        D173 10 0.0208 0.0164 0.8154 0.0275 0.0327 0.0270 0.0504 0.0097 
        D181 10 0.0645 0.0304 0.0383 0.6633 0.0671 0.0148 0.0214 0.1001 
        D182 10 0.2108 0.1888 0.1086 0.0820 0.0798 0.0288 0.2526 0.0486 
        D183 10 0.0239 0.0127 0.0155 0.0183 0.0170 0.0846 0.0494 0.7786 
        D184 10 0.0497 0.0156 0.0115 0.0198 0.0320 0.8514 0.0111 0.0089 
        D185 10 0.2789 0.0177 0.0577 0.4219 0.0919 0.0631 0.0447 0.0239 
        D186 10 0.0246 0.0267 0.0317 0.0193 0.4127 0.4015 0.0634 0.0201 
        D194 10 0.1295 0.3916 0.1235 0.0586 0.1271 0.0790 0.0540 0.0367 
        D195 10 0.1099 0.1109 0.0733 0.1967 0.0301 0.1739 0.1930 0.1122 
        D196 10 0.0790 0.0590 0.4011 0.0897 0.0203 0.1166 0.1474 0.0870 
        D197 10 0.0249 0.0330 0.0695 0.0258 0.2020 0.5359 0.0440 0.0648 
        D198 10 0.5198 0.0161 0.0460 0.0277 0.0704 0.1568 0.1044 0.0588 
     D237226 10 0.0907 0.0113 0.0790 0.0324 0.1008 0.0323 0.6321 0.0215 
     D237232 10 0.0228 0.0616 0.0606 0.0302 0.1355 0.0407 0.5213 0.1273 
     D237233 10 0.0277 0.4096 0.0349 0.2356 0.0764 0.0364 0.1241 0.0554 
     D237234 10 0.0497 0.0315 0.0199 0.6933 0.0420 0.0325 0.0536 0.0775 
     D237354 10 0.0177 0.0265 0.0215 0.0131 0.0121 0.0127 0.8829 0.0136 
     D237355 10 0.0205 0.0071 0.0199 0.0179 0.0175 0.0140 0.8609 0.0421 
     D237356 10 0.2903 0.0087 0.0593 0.0183 0.0153 0.4364 0.0235 0.1481 
     D237357 10 0.0301 0.0924 0.3194 0.0447 0.2555 0.1905 0.0358 0.0316 
     D237358 10 0.0292 0.0653 0.0589 0.0232 0.0122 0.7570 0.0196 0.0348 
     D237369 10 0.0188 0.0203 0.0704 0.0250 0.8246 0.0213 0.0105 0.0091 
     D237370 10 0.0462 0.0733 0.2884 0.0933 0.0465 0.1047 0.0693 0.2783 
     D237371 10 0.7696 0.0344 0.0227 0.0140 0.0263 0.0978 0.0224 0.0129 
     D237372 10 0.0634 0.0986 0.2726 0.0207 0.0153 0.4133 0.0763 0.0396 
     D237373 10 0.0576 0.0853 0.0375 0.2015 0.2670 0.0440 0.2495 0.0576 
     D237374 10 0.0271 0.0311 0.0214 0.0834 0.0236 0.0167 0.6904 0.1061 
     D237375 10 0.0991 0.0911 0.3610 0.0524 0.1235 0.1306 0.0908 0.0514 
     D237400 10 0.0168 0.6171 0.1044 0.1029 0.0294 0.0360 0.0658 0.0276 
     D244002 10 0.0985 0.2174 0.1622 0.0731 0.1980 0.1635 0.0672 0.0200 
     D244003 10 0.0111 0.0836 0.0127 0.0375 0.0325 0.0459 0.2565 0.5203 
     D244004 10 0.0069 0.0071 0.0088 0.0144 0.0171 0.0114 0.0099 0.9245 
     D244005 10 0.0125 0.0231 0.0160 0.0123 0.0241 0.0916 0.7958 0.0246 
     D244020 10 0.1969 0.0253 0.0572 0.3659 0.1465 0.0694 0.0729 0.0659 
     D244021 10 0.0240 0.0210 0.1648 0.0274 0.6334 0.0659 0.0214 0.0421 
     D244116 10 0.0293 0.0624 0.0327 0.5757 0.0499 0.1998 0.0278 0.0224 
     D244117 10 0.0331 0.0302 0.0340 0.0310 0.0212 0.0406 0.0711 0.7388 
     D244121 10 0.0280 0.1869 0.0241 0.0468 0.0441 0.0500 0.0407 0.5795 
     D244123 10 0.0361 0.3937 0.0214 0.0993 0.0471 0.0313 0.3018 0.0693 
     D244124 10 0.0343 0.3629 0.0694 0.0417 0.0493 0.3271 0.0333 0.0820 
        D332 10 0.2052 0.0530 0.2235 0.1173 0.1807 0.1256 0.0318 0.0630 
        D570 10 0.0624 0.1001 0.0201 0.4215 0.0276 0.0290 0.0211 0.3184 
        D602 10 0.0519 0.0600 0.0975 0.6179 0.0381 0.0507 0.0318 0.0522 
        D603 10 0.0591 0.1781 0.0995 0.0225 0.4498 0.0336 0.0587 0.0988 
        D604 10 0.0395 0.0868 0.0914 0.3972 0.0258 0.2365 0.0939 0.0290 
        D605 10 0.2278 0.0570 0.0732 0.0334 0.1675 0.0933 0.3227 0.0252 
        D606 10 0.0235 0.0146 0.0168 0.0194 0.0229 0.6325 0.0332 0.2372 
        D607 10 0.6718 0.0151 0.1452 0.0293 0.0345 0.0581 0.0277 0.0184 
        D608 10 0.0402 0.1193 0.7626 0.0219 0.0120 0.0188 0.0118 0.0134 
        D609 10 0.1683 0.0149 0.0274 0.1072 0.0384 0.1830 0.0542 0.4065 
        D610 10 0.0263 0.0158 0.0203 0.0345 0.0225 0.1780 0.6145 0.0881 
        D611 10 0.0147 0.0116 0.0100 0.0334 0.0153 0.0205 0.0220 0.8725 
        D613 10 0.0480 0.0151 0.0260 0.8175 0.0157 0.0231 0.0333 0.0213 
        D633 10 0.2057 0.1079 0.0499 0.4447 0.0274 0.1206 0.0281 0.0157 
        D634 10 0.0742 0.0248 0.0389 0.7068 0.0401 0.0613 0.0285 0.0255 
        D638 10 0.0215 0.3889 0.1231 0.0966 0.0243 0.1539 0.1077 0.0841 
        D681 10 0.0322 0.0809 0.0225 0.6801 0.0359 0.0996 0.0149 0.0339 
        D754 10 0.0103 0.2075 0.0128 0.0235 0.6608 0.0213 0.0258 0.0380 
        D755 10 0.0159 0.1068 0.0478 0.0289 0.0478 0.0201 0.0408 0.6919 
        D756 10 0.0377 0.1583 0.0260 0.1523 0.3020 0.0590 0.0556 0.2092 
        D757 10 0.1817 0.1111 0.0745 0.0172 0.0284 0.0660 0.4503 0.0708 
        D758 10 0.2331 0.2231 0.0282 0.2032 0.0867 0.0941 0.0600 0.0717 
        D759 10 0.0248 0.0236 0.0449 0.0824 0.0182 0.0377 0.1013 0.6670 
        D760 10 0.0394 0.0284 0.2169 0.1523 0.0479 0.1301 0.2919 0.0931 
        D761 10 0.0111 0.0450 0.0218 0.0227 0.0169 0.0336 0.8056 0.0433 
        D762 10 0.3219 0.0199 0.1011 0.3682 0.0232 0.1077 0.0396 0.0183 
        D775 10 0.0125 0.0125 0.0180 0.0156 0.0287 0.0268 0.0335 0.8523 
        D776 10 0.0131 0.1126 0.0725 0.0212 0.0496 0.0357 0.6626 0.0326 
        D777 10 0.0694 0.0227 0.0211 0.0330 0.0336 0.0296 0.3310 0.4596 
        D778 10 0.0485 0.0643 0.0374 0.0180 0.3123 0.0268 0.4545 0.0382 
        D779 10 0.0137 0.0539 0.0209 0.5712 0.1825 0.0660 0.0224 0.0693 
        D780 10 0.0242 0.0494 0.0301 0.7158 0.0242 0.0770 0.0513 0.0280 
        D781 10 0.0368 0.1603 0.1243 0.4648 0.0541 0.0952 0.0375 0.0269 
        D858 10 0.1268 0.0208 0.0291 0.0136 0.3297 0.1995 0.2504 0.0301 
        D933 10 0.2409 0.0183 0.1285 0.0242 0.0156 0.1046 0.4270 0.0409 
        D038 11 0.0893 0.0775 0.0441 0.1024 0.0958 0.1460 0.3939 0.0510 
        D063 11 0.0215 0.4534 0.0300 0.0923 0.0172 0.2634 0.0610 0.0612 
        D155 11 0.1175 0.0438 0.0810 0.0369 0.0684 0.0747 0.3131 0.2644 
        D175 11 0.0125 0.0683 0.0232 0.0455 0.6338 0.0847 0.0621 0.0699 
        D176 11 0.0175 0.6515 0.0446 0.0464 0.0991 0.0286 0.0398 0.0725 
        D205 11 0.0179 0.0378 0.0273 0.0263 0.0646 0.0782 0.0516 0.6963 
     D237229 11 0.0530 0.1957 0.0555 0.1234 0.0441 0.1157 0.3888 0.0239 
     D237230 11 0.0344 0.0114 0.7929 0.0176 0.0846 0.0234 0.0093 0.0265 
     D237231 11 0.0955 0.0385 0.4962 0.1041 0.0423 0.1277 0.0637 0.0320 
     D237269 11 0.1135 0.0469 0.2672 0.0757 0.0441 0.2260 0.1638 0.0627 
