        D023  2 0.1443 0.7851 0.0706 
        D130  2 0.7521 0.2050 0.0429 
        D131  2 0.3176 0.4426 0.2399 
        D163  2 0.5668 0.1938 0.2395 
        D164  2 0.3294 0.6334 0.0371 
        D165  2 0.2496 0.6817 0.0686 
        D166  2 0.6744 0.1904 0.1352 
        D167  2 0.0772 0.7737 0.1491 
        D192  2 0.0466 0.8543 0.0991 
        D193  2 0.5641 0.1251 0.3108 
        D206  2 0.3971 0.5245 0.0784 
        D207  2 0.1848 0.6171 0.1981 
        D208  2 0.1224 0.1142 0.7634 
        D209  2 0.1059 0.8038 0.0903 
        D210  2 0.1165 0.1964 0.6871 
     D229599  2 0.1736 0.3697 0.4566 
     D229600  2 0.3231 0.5911 0.0858 
     D237227  2 0.1674 0.1019 0.7307 
     D237228  2 0.6026 0.0935 0.3039 
     D237258  2 0.3638 0.3883 0.2479 
     D237310  2 0.8376 0.0683 0.0941 
     D237311  2 0.7666 0.1518 0.0816 
     D237312  2 0.8422 0.0707 0.0871 
     D237313  2 0.3381 0.2350 0.4270 
     D237322  2 0.2935 0.1281 0.5785 
     D237323  2 0.5934 0.0482 0.3584 
     D237324  2 0.2284 0.6529 0.1187 
     D237325  2 0.7392 0.1130 0.1478 
     D237326  2 0.5250 0.2784 0.1966 
     D237327  2 0.0797 0.2529 0.6674 
     D237337  2 0.8401 0.0537 0.1062 
     D237338  2 0.5112 0.2219 0.2670 
     D237339  2 0.0633 0.8487 0.0880 
     D237340  2 0.5489 0.1816 0.2696 
     D237389  2 0.8807 0.0739 0.0454 
     D237390  2 0.7627 0.0797 0.1576 
     D244017  2 0.0959 0.2044 0.6997 
     D244112  2 0.3272 0.5467 0.1261 
     D244118  2 0.1428 0.7199 0.1373 
     D244119  2 0.0868 0.3166 0.5966 
     D244120  2 0.4150 0.2341 0.3509 
     D244122  2 0.1610 0.7301 0.1089 
        D291  2 0.1016 0.1851 0.7132 
        D292  2 0.1002 0.2472 0.6526 
        D293  2 0.0417 0.9127 0.0456 
        D322  2 0.0510 0.8912 0.0578 
        D323  2 0.2397 0.5658 0.1945 
        D324  2 0.2098 0.3403 0.4498 
        D325  2 0.0677 0.8740 0.0583 
        D326  2 0.1248 0.4881 0.3871 
        D340  2 0.0468 0.9030 0.0502 
        D341  2 0.2011 0.6990 0.1000 
        D342  2 0.2139 0.6725 0.1137 
        D343  2 0.0347 0.9300 0.0352 
        D344  2 0.2361 0.6941 0.0698 
        D345  2 0.0807 0.6711 0.2482 
        D346  2 0.2092 0.4351 0.3557 
        D351  2 0.2506 0.4825 0.2669 
        D352  2 0.1345 0.6552 0.2102 
        D353  2 0.1940 0.6689 0.1371 
        D354  2 0.1684 0.6466 0.1850 
        D362  2 0.1784 0.5926 0.2289 
        D363  2 0.1388 0.5548 0.3064 
        D364  2 0.1180 0.7595 0.1225 
        D365  2 0.0449 0.9120 0.0431 
        D369  2 0.3444 0.2957 0.3599 
        D374  2 0.4047 0.1575 0.4378 
        D375  2 0.1884 0.7390 0.0725 
        D376  2 0.3840 0.2014 0.4146 
        D377  2 0.5976 0.2494 0.1531 
        D378  2 0.0511 0.8726 0.0763 
        D379  2 0.2057 0.5130 0.2814 
        D384  2 0.2113 0.4075 0.3811 
        D385  2 0.0561 0.8987 0.0452 
        D386  2 0.0859 0.8467 0.0675 
        D391  2 0.0582 0.8932 0.0485 
        D392  2 0.0878 0.8174 0.0947 
        D393  2 0.0914 0.7268 0.1818 
        D394  2 0.3060 0.3823 0.3117 
        D395  2 0.0631 0.8705 0.0664 
        D401  2 0.8928 0.0467 0.0606 
        D402  2 0.0508 0.8708 0.0784 
        D403  2 0.3209 0.5837 0.0954 
        D415  2 0.3726 0.5659 0.0615 
        D435  2 0.1422 0.7704 0.0874 
        D436  2 0.5682 0.3063 0.1255 
        D438  2 0.0666 0.8899 0.0435 
        D439  2 0.0478 0.8755 0.0767 
        D449  2 0.1902 0.7484 0.0614 
        D450  2 0.5156 0.2005 0.2839 
        D456  2 0.1370 0.5891 0.2739 
        D462  2 0.0354 0.9316 0.0330 
        D463  2 0.1094 0.4784 0.4123 
        D464  2 0.1861 0.7127 0.1012 
        D465  2 0.3013 0.6365 0.0621 
        D473  2 0.3520 0.1744 0.4737 
        D474  2 0.1047 0.4104 0.4850 
        D476  2 0.2418 0.6901 0.0682 
        D477  2 0.1439 0.5637 0.2924 
        D478  2 0.1006 0.4193 0.4800 
        D480  2 0.0927 0.7048 0.2024 
        D481  2 0.0674 0.3893 0.5433 
        D482  2 0.2032 0.1207 0.6761 
        D483  2 0.0461 0.7778 0.1760 
        D484  2 0.1613 0.6310 0.2077 
        D510  2 0.1944 0.0984 0.7071 
        D511  2 0.0757 0.8197 0.1047 
        D512  2 0.7778 0.1778 0.0444 
        D513  2 0.2312 0.6110 0.1578 
        D635  2 0.1000 0.7669 0.1331 
        D636  2 0.3792 0.5238 0.0969 
        D637  2 0.4067 0.4405 0.1528 
        D658  2 0.2906 0.5465 0.1629 
        D659  2 0.3386 0.3465 0.3149 
        D677  2 0.6929 0.1796 0.1276 
        D678  2 0.1721 0.7385 0.0894 
        D679  2 0.1472 0.4454 0.4074 
        D719  2 0.1620 0.3646 0.4734 
        D720  2 0.1829 0.4316 0.3856 
        D721  2 0.1124 0.8074 0.0801 
        D722  2 0.3844 0.2506 0.3649 
        D734  2 0.1368 0.5075 0.3557 
        D735  2 0.1287 0.6742 0.1970 
        D736  2 0.1643 0.2470 0.5887 
        D737  2 0.1253 0.5133 0.3614 
        D807  2 0.2230 0.2699 0.5072 
        D808  2 0.4569 0.3863 0.1568 
        D817  2 0.3578 0.3473 0.2949 
        D818  2 0.2208 0.5917 0.1875 
        D819  2 0.5830 0.2615 0.1555 
        D820  2 0.2132 0.6620 0.1248 
        D895  2 0.5273 0.3262 0.1465 
        D896  2 0.8887 0.0384 0.0729 
        D897  2 0.2212 0.5988 0.1801 
        D898  2 0.2638 0.1276 0.6086 
        D918  2 0.6830 0.1480 0.1690 
        D919  2 0.0748 0.7852 0.1400 
        D920  2 0.7855 0.1254 0.0891 
        D923  2 0.1210 0.7905 0.0885 
        D930  2 0.3096 0.4961 0.1943 
        D931  2 0.1852 0.6767 0.1381 
        D968  2 0.0437 0.8931 0.0632 
        D969  2 0.1092 0.3544 0.5364 
        D977  2 0.1822 0.7485 0.0693 
        D978  2 0.1118 0.3953 0.4929 
        D009  4 0.7394 0.1096 0.1509 
        D057  4 0.2744 0.5434 0.1823 
        D109  4 0.8665 0.0637 0.0699 
     D237222  4 0.4813 0.2513 0.2674 
     D237223  4 0.6942 0.1516 0.1542 
     D237224  4 0.1148 0.5632 0.3219 
     D237225  4 0.5314 0.2162 0.2524 
     D237299  4 0.6538 0.1422 0.2040 
     D237300  4 0.1216 0.0711 0.8073 
     D237306  4 0.6585 0.1480 0.1934 
     D237307  4 0.3591 0.1315 0.5094 
     D237308  4 0.1729 0.6178 0.2093 
     D237309  4 0.3259 0.4310 0.2431 
     D237317  4 0.1240 0.2420 0.6340 
     D237318  4 0.0645 0.1086 0.8269 
     D237319  4 0.6250 0.1943 0.1807 
     D237320  4 0.6385 0.1722 0.1893 
     D237321  4 0.1369 0.0997 0.7634 
     D237397  4 0.5468 0.1176 0.3356 
     D237398  4 0.1265 0.3229 0.5506 
     D237399  4 0.1530 0.1325 0.7146 
     D244001  4 0.5334 0.3587 0.1079 
        D289  4 0.1068 0.4262 0.4670 
        D290  4 0.1792 0.1716 0.6492 
        D294  4 0.1499 0.4649 0.3852 
        D295  4 0.7403 0.0918 0.1679 
        D301  4 0.7053 0.0959 0.1988 
        D302  4 0.1393 0.7649 0.0958 
        D303  4 0.3818 0.1193 0.4989 
        D304  4 0.1013 0.0626 0.8361 
        D305  4 0.1646 0.7259 0.1095 
        D306  4 0.1956 0.1963 0.6081 
        D307  4 0.6136 0.1433 0.2431 
        D327  4 0.4256 0.3373 0.2371 
        D328  4 0.6251 0.1324 0.2424 
        D329  4 0.1604 0.5573 0.2823 
        D330  4 0.4011 0.5325 0.0664 
        D331  4 0.1574 0.1406 0.7019 
        D333  4 0.5355 0.1743 0.2902 
        D334  4 0.1899 0.1445 0.6656 
        D335  4 0.1136 0.7771 0.1093 
        D370  4 0.5229 0.2439 0.2332 
        D371  4 0.3982 0.1854 0.4164 
        D372  4 0.0778 0.0613 0.8609 
        D373  4 0.3680 0.4950 0.1370 
        D455  4 0.4288 0.3009 0.2702 
        D490  4 0.9226 0.0339 0.0435 
        D497  4 0.8481 0.0622 0.0897 
        D498  4 0.2394 0.0846 0.6760 
        D499  4 0.3400 0.4653 0.1948 
        D514  4 0.5135 0.3152 0.1713 
        D515  4 0.8378 0.1058 0.0565 
        D516  4 0.6207 0.1626 0.2167 
        D517  4 0.4588 0.2657 0.2754 
        D518  4 0.3823 0.5157 0.1020 
        D519  4 0.8229 0.0839 0.0932 
        D560  4 0.7707 0.1509 0.0784 
        D561  4 0.1748 0.7684 0.0567 
        D562  4 0.1778 0.3900 0.4323 
        D563  4 0.1003 0.8279 0.0718 
        D572  4 0.1913 0.6623 0.1464 
        D629  4 0.2997 0.4817 0.2186 
        D630  4 0.4080 0.2730 0.3190 
        D631  4 0.2495 0.5899 0.1606 
        D632  4 0.2618 0.6942 0.0440 
        D646  4 0.6577 0.2267 0.1156 
        D647  4 0.4220 0.4822 0.0958 
        D648  4 0.6088 0.2870 0.1042 
        D649  4 0.5180 0.3661 0.1159 
        D650  4 0.5281 0.1828 0.2891 
        D708  4 0.4530 0.1631 0.3839 
        D709  4 0.3842 0.1904 0.4254 
        D738  4 0.5051 0.1010 0.3939 
        D739  4 0.6623 0.1502 0.1875 
        D740  4 0.2398 0.1114 0.6487 
        D741  4 0.7639 0.1826 0.0535 
        D742  4 0.2524 0.4807 0.2668 
        D743  4 0.1787 0.6471 0.1742 
        D744  4 0.0940 0.8140 0.0920 
        D745  4 0.8701 0.0672 0.0627 
        D814  4 0.3779 0.4926 0.1295 
        D815  4 0.2698 0.4958 0.2345 
        D828  4 0.2945 0.1540 0.5515 
        D845  4 0.0447 0.0829 0.8724 
        D846  4 0.1243 0.7780 0.0976 
        D847  4 0.2406 0.1663 0.5931 
        D848  4 0.1912 0.4884 0.3205 
        D849  4 0.8162 0.1220 0.0618 
        D850  4 0.2187 0.3809 0.4004 
        D856  4 0.5734 0.2586 0.1681 
        D857  4 0.8532 0.0736 0.0732 
        D859  4 0.4104 0.3078 0.2817 
        D860  4 0.0379 0.1703 0.7918 
        D883  4 0.6653 0.1016 0.2330 
        D884  4 0.8833 0.0571 0.0596 
        D885  4 0.4852 0.3622 0.1526 
        D886  4 0.3992 0.3520 0.2489 
        D887  4 0.3573 0.3148 0.3279 
        D889  4 0.0833 0.0593 0.8574 
        D890  4 0.3885 0.3760 0.2355 
        D891  4 0.0328 0.0466 0.9206 
        D899  4 0.1417 0.4501 0.4082 
        D900  4 0.2834 0.2983 0.4183 
        D970  4 0.0895 0.4844 0.4261 
        D971  4 0.0827 0.8240 0.0933 
        D979  4 0.1452 0.6999 0.1549 
        D093  5 0.3507 0.0917 0.5576 
        D154  5 0.5073 0.2568 0.2359 
        D168  5 0.5286 0.3140 0.1574 
        D189  5 0.1595 0.0910 0.7495 
        D190  5 0.2905 0.1647 0.5448 
     D237220  5 0.3004 0.0709 0.6286 
     D237221  5 0.1472 0.1903 0.6625 
     D237274  5 0.1279 0.8006 0.0715 
     D237275  5 0.1867 0.4332 0.3801 
     D237276  5 0.6764 0.1112 0.2124 
     D237277  5 0.1624 0.1700 0.6677 
     D237278  5 0.2902 0.4692 0.2407 
     D237279  5 0.5226 0.3987 0.0787 
     D237280  5 0.4928 0.2028 0.3045 
     D237281  5 0.1247 0.4398 0.4356 
     D237351  5 0.8414 0.0644 0.0942 
     D237352  5 0.3603 0.5159 0.1239 
     D237353  5 0.1212 0.0998 0.7789 
     D237359  5 0.3148 0.0933 0.5919 
     D237361  5 0.1032 0.0723 0.8245 
     D237362  5 0.5682 0.2227 0.2091 
     D237363  5 0.3533 0.3526 0.2941 
     D237364  5 0.4615 0.4158 0.1227 
     D237376  5 0.5678 0.1462 0.2860 
     D237377  5 0.5159 0.2629 0.2213 
     D237378  5 0.3608 0.1229 0.5163 
     D237379  5 0.3492 0.2068 0.4440 
     D237380  5 0.6984 0.1841 0.1175 
     D237381  5 0.4022 0.3485 0.2492 
     D237391  5 0.1217 0.1131 0.7651 
     D237392  5 0.1832 0.7589 0.0579 
     D237393  5 0.2080 0.3256 0.4664 
     D237394  5 0.1450 0.1176 0.7373 
     D237395  5 0.3600 0.1802 0.4598 
     D237396  5 0.0893 0.6652 0.2454 
     D244016  5 0.1192 0.5826 0.2982 
     D244018  5 0.2368 0.3871 0.3761 
     D244019  5 0.1656 0.5438 0.2906 
        D279  5 0.3937 0.1491 0.4572 
        D280  5 0.0744 0.1252 0.8004 
        D281  5 0.1002 0.1894 0.7104 
        D283  5 0.0936 0.1303 0.7761 
        D284  5 0.6981 0.1399 0.1620 
        D285  5 0.0864 0.0710 0.8426 
        D286  5 0.3422 0.2660 0.3918 
        D287  5 0.6492 0.0778 0.2729 
        D288  5 0.0760 0.1300 0.7939 
        D308  5 0.7392 0.1756 0.0853 
        D309  5 0.1107 0.8272 0.0621 
        D310  5 0.0847 0.0526 0.8627 
        D311  5 0.5024 0.1965 0.3011 
        D312  5 0.3359 0.3506 0.3134 
        D313  5 0.8612 0.0418 0.0970 
        D314  5 0.6141 0.2187 0.1672 
        D315  5 0.2134 0.2698 0.5168 
        D317  5 0.2564 0.0644 0.6792 
        D318  5 0.2576 0.4240 0.3184 
        D319  5 0.1377 0.0646 0.7977 
        D320  5 0.1066 0.0617 0.8317 
        D321  5 0.5562 0.0743 0.3695 
        D336  5 0.2716 0.0739 0.6544 
        D337  5 0.0592 0.0652 0.8757 
        D338  5 0.3673 0.2099 0.4228 
        D339  5 0.1808 0.0561 0.7631 
        D347  5 0.1091 0.2774 0.6135 
        D348  5 0.0662 0.1309 0.8029 
        D349  5 0.7971 0.0821 0.1208 
        D350  5 0.2277 0.6883 0.0839 
        D355  5 0.1825 0.3758 0.4417 
        D356  5 0.1860 0.1347 0.6793 
        D357  5 0.2449 0.2063 0.5488 
        D358  5 0.2416 0.3658 0.3926 
        D359  5 0.1346 0.2459 0.6195 
        D360  5 0.1099 0.0896 0.8006 
        D361  5 0.8943 0.0543 0.0513 
        D366  5 0.2033 0.7111 0.0856 
        D367  5 0.4189 0.0794 0.5018 
        D368  5 0.6486 0.1118 0.2397 
        D380  5 0.1169 0.7932 0.0898 
        D381  5 0.0804 0.1496 0.7700 
        D400  5 0.2384 0.1098 0.6518 
        D411  5 0.9174 0.0483 0.0342 
        D412  5 0.0955 0.2116 0.6929 
        D413  5 0.0601 0.8839 0.0560 
        D414  5 0.1825 0.6667 0.1508 
        D420  5 0.1621 0.1162 0.7217 
        D431  5 0.5628 0.1185 0.3187 
        D432  5 0.1513 0.2809 0.5678 
        D433  5 0.2128 0.0798 0.7073 
        D434  5 0.1314 0.1015 0.7672 
        D440  5 0.2780 0.6467 0.0753 
        D447  5 0.1640 0.7135 0.1225 
        D448  5 0.3717 0.0883 0.5400 
        D459  5 0.1125 0.5405 0.3470 
        D460  5 0.6880 0.1734 0.1386 
        D461  5 0.1520 0.7556 0.0925 
        D468  5 0.7550 0.1610 0.0840 
        D469  5 0.5314 0.1947 0.2739 
        D470  5 0.7824 0.1117 0.1060 
        D471  5 0.2418 0.1967 0.5615 
        D472  5 0.0493 0.6490 0.3017 
        D479  5 0.0916 0.8311 0.0773 
        D485  5 0.5450 0.2517 0.2033 
        D486  5 0.8015 0.1144 0.0841 
        D487  5 0.1488 0.2039 0.6473 
        D555  5 0.0536 0.0785 0.8679 
        D556  5 0.2839 0.1746 0.5415 
        D557  5 0.1598 0.1843 0.6559 
        D564  5 0.2516 0.4104 0.3380 
        D594  5 0.1501 0.4418 0.4080 
        D595  5 0.4194 0.1685 0.4121 
        D596  5 0.0628 0.0759 0.8613 
        D597  5 0.0682 0.3495 0.5823 
        D598  5 0.3675 0.1843 0.4482 
        D617  5 0.7944 0.1158 0.0898 
        D618  5 0.1737 0.1644 0.6619 
        D619  5 0.2960 0.3757 0.3283 
        D620  5 0.0853 0.7717 0.1430 
        D628  5 0.2606 0.5608 0.1787 
        D714  5 0.2231 0.1790 0.5979 
        D715  5 0.1131 0.1769 0.7100 
        D716  5 0.3151 0.2683 0.4166 
        D717  5 0.1321 0.2433 0.6246 
        D718  5 0.8206 0.0547 0.1248 
        D769  5 0.6631 0.2316 0.1052 
        D770  5 0.4592 0.4318 0.1090 
        D771  5 0.3366 0.2522 0.4112 
        D772  5 0.3329 0.3244 0.3426 
        D782  5 0.3719 0.3512 0.2769 
        D783  5 0.1430 0.6553 0.2016 
        D784  5 0.1162 0.5481 0.3357 
        D785  5 0.4008 0.1627 0.4364 
        D786  5 0.3940 0.5204 0.0856 
        D821  5 0.1140 0.0778 0.8082 
        D822  5 0.1562 0.5668 0.2770 
        D826  5 0.2269 0.1602 0.6129 
        D827  5 0.2566 0.6058 0.1376 
        D851  5 0.2136 0.4984 0.2880 
        D852  5 0.1712 0.2448 0.5840 
        D853  5 0.1838 0.1538 0.6624 
        D854  5 0.6218 0.2562 0.1219 
        D861  5 0.4955 0.1740 0.3305 
        D862  5 0.2406 0.3586 0.4009 
        D865  5 0.1893 0.1228 0.6879 
        D868  5 0.2597 0.1889 0.5514 
        D869  5 0.8814 0.0742 0.0444 
        D870  5 0.0619 0.8840 0.0541 
        D907  5 0.1808 0.0625 0.7567 
        D908  5 0.1443 0.2305 0.6252 
        D910  5 0.3030 0.1518 0.5452 
        D911  5 0.1131 0.1369 0.7500 
        D934  5 0.2839 0.5128 0.2033 
        D946  5 0.4576 0.2121 0.3303 
        D947  5 0.3927 0.2513 0.3559 
        D948  5 0.6351 0.0719 0.2930 
        D949  5 0.8623 0.0424 0.0953 
        D950  5 0.1144 0.2564 0.6292 
        D951  5 0.1227 0.7958 0.0816 
        D952  5 0.1338 0.2163 0.6500 
        D953  5 0.1000 0.0702 0.8297 
        D954  5 0.1575 0.3609 0.4816 
        D961  5 0.6393 0.2094 0.1513 
        D962  5 0.3115 0.2207 0.4678 
        D963  5 0.1344 0.3514 0.5141 
        D964  5 0.4858 0.1821 0.3321 
        D965  5 0.2225 0.5919 0.1856 
        D966  5 0.1387 0.4402 0.4212 
        D967  5 0.0654 0.2067 0.7279 
        D991  5 0.5800 0.1701 0.2499 
        D132  8 0.8885 0.0503 0.0612 
        D133  8 0.1453 0.7629 0.0918 
        D200  8 0.2807 0.1321 0.5872 
        D500  8 0.9054 0.0396 0.0550 
        D614  8 0.3897 0.0793 0.5311 
        D723  8 0.8077 0.1179 0.0745 
        D888  8 0.0722 0.1141 0.8137 
        D901  8 0.8744 0.0530 0.0726 
        D902  8 0.3800 0.1617 0.4582 
        D903  8 0.1532 0.6603 0.1865 
        D904  8 0.1825 0.5933 0.2242 
        D905  8 0.0551 0.0409 0.9040 
        D906  8 0.0818 0.7110 0.2073 
        D937  8 0.2875 0.0729 0.6396 
        D943  8 0.4216 0.2061 0.3723 
        D972  8 0.8722 0.0735 0.0543 
        D973  8 0.7391 0.1735 0.0874 
        D974  8 0.5228 0.2169 0.2603 
        D975  8 0.1800 0.1447 0.6753 
        D976  8 0.5270 0.1514 0.3215 
        D142 10 0.2241 0.5807 0.1953 
        D143 10 0.1140 0.8086 0.0775 
        D144 10 0.2539 0.4696 0.2764 
        D145 10 0.2199 0.0854 0.6947 
        D146 10 0.8185 0.1260 0.0555 
        D147 10 0.6796 0.2433 0.0771 
        D148 10 0.1414 0.7315 0.1271 
        D149 10 0.2043 0.4017 0.3940 
        D151 10 0.1381 0.3665 0.4954 
        D152 10 0.1227 0.7333 0.1440 
        D153 10 0.5931 0.2674 0.1395 
        D156 10 0.1527 0.7378 0.1096 
        D157 10 0.3948 0.1964 0.4088 
        D158 10 0.5657 0.0708 0.3635 
        D159 10 0.0579 0.8448 0.0973 
        D160 10 0.0376 0.0271 0.9353 
        D161 10 0.2553 0.5901 0.1546 
        D162 10 0.0764 0.7364 0.1873 
        D169 10 0.3856 0.2661 0.3483 
        D170 10 0.7335 0.1692 0.0973 
        D171 10 0.5556 0.3782 0.0662 
        D172 10 0.5818 0.3238 0.0944 
        D173 10 0.0936 0.8199 0.0865 
        D181 10 0.2799 0.4239 0.2962 
        D182 10 0.4451 0.2770 0.2779 
        D183 10 0.1912 0.0550 0.7538 
        D184 10 0.7788 0.1730 0.0482 
        D185 10 0.2897 0.5650 0.1453 
        D186 10 0.8431 0.0630 0.0938 
        D194 10 0.5565 0.2996 0.1439 
        D195 10 0.1480 0.4685 0.3836 
        D196 10 0.0802 0.5788 0.3410 
        D197 10 0.6341 0.2309 0.1351 
        D198 10 0.3096 0.4450 0.2454 
     D237226 10 0.1503 0.2437 0.6060 
     D237232 10 0.1806 0.0987 0.7207 
     D237233 10 0.4475 0.2570 0.2955 
     D237234 10 0.4221 0.1800 0.3980 
     D237354 10 0.0534 0.0557 0.8909 
     D237355 10 0.0474 0.0519 0.9007 
     D237356 10 0.3465 0.3504 0.3031 
     D237357 10 0.3827 0.4858 0.1315 
     D237358 10 0.0717 0.8418 0.0864 
     D237369 10 0.8844 0.0775 0.0380 
     D237370 10 0.2378 0.3820 0.3802 
     D237371 10 0.3607 0.4124 0.2268 
     D237372 10 0.2456 0.5968 0.1576 
     D237373 10 0.3169 0.1780 0.5051 
     D237374 10 0.0793 0.0500 0.8707 
     D237375 10 0.1290 0.7365 0.1345 
     D237400 10 0.1498 0.6837 0.1665 
     D244002 10 0.4164 0.4816 0.1020 
     D244003 10 0.0675 0.0550 0.8776 
     D244004 10 0.1248 0.0396 0.8355 
     D244005 10 0.1153 0.1028 0.7819 
     D244020 10 0.3930 0.3321 0.2748 
     D244021 10 0.8593 0.0747 0.0660 
     D244116 10 0.6101 0.3075 0.0824 
     D244117 10 0.0888 0.1368 0.7743 
     D244121 10 0.3417 0.1580 0.5003 
     D244123 10 0.1977 0.1392 0.6631 
     D244124 10 0.4249 0.3903 0.1848 
        D332 10 0.4413 0.4464 0.1123 
        D570 10 0.2392 0.2949 0.4658 
        D602 10 0.2083 0.6846 0.1071 
        D603 10 0.3856 0.2786 0.3358 
        D604 10 0.0602 0.7984 0.1414 
        D605 10 0.1783 0.4522 0.3695 
        D606 10 0.4403 0.1805 0.3792 
        D607 10 0.1034 0.7876 0.1090 
        D608 10 0.0376 0.9163 0.0461 
        D609 10 0.4657 0.1037 0.4306 
        D610 10 0.0712 0.1064 0.8225 
        D611 10 0.1425 0.0464 0.8111 
        D613 10 0.2385 0.5101 0.2514 
        D633 10 0.0586 0.8625 0.0790 
        D634 10 0.4795 0.3902 0.1303 
        D638 10 0.1406 0.5517 0.3077 
        D681 10 0.7400 0.1780 0.0820 
        D754 10 0.7952 0.0472 0.1576 
        D755 10 0.1742 0.1740 0.6519 
        D756 10 0.5223 0.0947 0.3830 
        D757 10 0.1058 0.2324 0.6618 
        D758 10 0.5480 0.2140 0.2379 
        D759 10 0.0542 0.1911 0.7548 
        D760 10 0.2286 0.2061 0.5653 
        D761 10 0.0511 0.0729 0.8760 
        D762 10 0.1058 0.8059 0.0883 
        D775 10 0.1772 0.0774 0.7454 
        D776 10 0.1111 0.1143 0.7746 
        D777 10 0.1044 0.0582 0.8375 
        D778 10 0.3254 0.1129 0.5617 
        D779 10 0.7559 0.0907 0.1535 
        D780 10 0.1678 0.4281 0.4041 
        D781 10 0.1800 0.7391 0.0809 
        D858 10 0.7390 0.0979 0.1630 
        D933 10 0.0854 0.3737 0.5408 
        D038 11 0.2376 0.1722 0.5902 
        D063 11 0.3120 0.1977 0.4903 
        D155 11 0.1500 0.1360 0.7140 
        D175 11 0.7350 0.0717 0.1933 
        D176 11 0.4727 0.2480 0.2793 
        D205 11 0.3292 0.0842 0.5866 
     D237229 11 0.1549 0.5809 0.2642 
     D237230 11 0.4189 0.5309 0.0501 
     D237231 11 0.1888 0.6942 0.1170 
     D237269 11 0.1303 0.6456 0.2242 
     D237270 11 0.4685 0.3763 0.1552 
     D237271 11 0.3442 0.3006 0.3551 
     D237272 11 0.7710 0.1298 0.0992 
     D237273 11 0.2367 0.1133 0.6500 
     D237301 11 0.4056 0.4011 0.1933 
     D237302 11 0.6323 0.2424 0.1252 
     D237303 11 0.5110 0.4319 0.0570 
     D237304 11 0.4787 0.2978 0.2236 
     D237305 11 0.3569 0.0826 0.5605 
     D237314 11 0.2898 0.1304 0.5798 
     D237315 11 0.6594 0.2019 0.1387 
     D237316 11 0.1361 0.7012 0.1627 
     D237328 11 0.7198 0.1617 0.1185 
     D237329 11 0.2401 0.2533 0.5066 
     D237330 11 0.2458 0.1407 0.6135 
     D237331 11 0.1482 0.1644 0.6873 
     D237332 11 0.4996 0.1432 0.3571 
     D237333 11 0.0912 0.3311 0.5777 
     D237334 11 0.3605 0.4058 0.2337 
     D237335 11 0.3436 0.1670 0.4894 
     D237336 11 0.1151 0.0907 0.7942 
     D237350 11 0.1810 0.4791 0.3399 
     D237383 11 0.3307 0.1450 0.5243 
     D237384 11 0.1947 0.4310 0.3743 
     D237385 11 0.4293 0.2425 0.3282 
     D237386 11 0.2739 0.5312 0.1948 
     D237387 11 0.6628 0.1777 0.1595 
     D237388 11 0.2747 0.3415 0.3838 
        D239 11 0.1589 0.1549 0.6863 
        D240 11 0.0703 0.1404 0.7893 
        D241 11 0.1311 0.2787 0.5902 
        D242 11 0.1532 0.5235 0.3233 
        D243 11 0.1137 0.0664 0.8199 
        D244 11 0.0774 0.0798 0.8427 
        D245 11 0.7606 0.1438 0.0956 
        D246 11 0.6302 0.1449 0.2249 
        D247 11 0.2844 0.3554 0.3603 
        D248 11 0.2297 0.6220 0.1483 
        D249 11 0.7848 0.0978 0.1174 
        D250 11 0.1503 0.6266 0.2231 
        D251 11 0.5701 0.1635 0.2665 
        D252 11 0.7460 0.1805 0.0736 
        D253 11 0.3464 0.1126 0.5411 
        D254 11 0.5854 0.3372 0.0775 
        D255 11 0.4634 0.4009 0.1357 
        D256 11 0.1642 0.1425 0.6933 
        D257 11 0.6529 0.1433 0.2038 
        D258 11 0.7387 0.1443 0.1170 
        D259 11 0.5917 0.2880 0.1203 
        D260 11 0.4808 0.3095 0.2098 
        D261 11 0.4730 0.2953 0.2317 
        D262 11 0.7279 0.1421 0.1300 
        D263 11 0.3494 0.3403 0.3103 
        D264 11 0.8225 0.1065 0.0711 
        D265 11 0.4509 0.3019 0.2473 
        D266 11 0.1001 0.4694 0.4305 
        D267 11 0.1870 0.1686 0.6444 
        D268 11 0.1378 0.1380 0.7242 
        D269 11 0.2146 0.4275 0.3579 
        D270 11 0.6806 0.1533 0.1661 
        D271 11 0.2703 0.2272 0.5024 
        D272 11 0.0742 0.3399 0.5859 
        D273 11 0.8915 0.0559 0.0526 
        D274 11 0.2224 0.2915 0.4862 
        D275 11 0.1787 0.3950 0.4263 
        D276 11 0.0966 0.2536 0.6498 
        D277 11 0.2068 0.5262 0.2669 
        D278 11 0.5510 0.1849 0.2641 
        D282 11 0.6807 0.1099 0.2094 
        D296 11 0.1346 0.1771 0.6884 
        D297 11 0.1478 0.1930 0.6592 
        D298 11 0.1457 0.3881 0.4663 
        D299 11 0.4920 0.1943 0.3138 
        D300 11 0.2154 0.3176 0.4669 
        D382 11 0.1498 0.1469 0.7033 
        D383 11 0.2249 0.0711 0.7040 
        D387 11 0.4186 0.2793 0.3021 
        D388 11 0.1332 0.5251 0.3416 
        D389 11 0.4146 0.2789 0.3065 
        D390 11 0.1980 0.4033 0.3988 
        D396 11 0.2696 0.4173 0.3131 
        D397 11 0.7583 0.0773 0.1644 
        D398 11 0.1084 0.1623 0.7294 
        D399 11 0.2274 0.7171 0.0555 
        D437 11 0.6124 0.2558 0.1318 
        D441 11 0.2117 0.1140 0.6744 
        D442 11 0.2751 0.2758 0.4491 
        D443 11 0.0586 0.0539 0.8876 
        D444 11 0.1980 0.5926 0.2094 
        D445 11 0.7991 0.1028 0.0981 
        D446 11 0.1598 0.6551 0.1851 
        D451 11 0.5776 0.1776 0.2447 
        D452 11 0.1324 0.6414 0.2262 
        D453 11 0.1550 0.5927 0.2523 
        D454 11 0.4681 0.3479 0.1840 
        D457 11 0.7998 0.0545 0.1456 
        D458 11 0.1093 0.1275 0.7632 
        D466 11 0.1751 0.7203 0.1046 
        D467 11 0.5855 0.2492 0.1653 
        D475 11 0.7778 0.1455 0.0767 
        D488 11 0.1985 0.5295 0.2720 
        D489 11 0.6285 0.2009 0.1706 
        D493 11 0.1132 0.6954 0.1914 
        D494 11 0.3018 0.4712 0.2270 
        D495 11 0.5457 0.2642 0.1901 
        D496 11 0.0505 0.0990 0.8506 
        D674 11 0.1090 0.2178 0.6732 
        D675 11 0.0444 0.1040 0.8516 
        D676 11 0.7499 0.0969 0.1532 
        D680 11 0.0801 0.0664 0.8535 
        D701 11 0.5369 0.1053 0.3578 
        D702 11 0.3238 0.5612 0.1150 
        D703 11 0.1310 0.3016 0.5674 
        D704 11 0.6196 0.1680 0.2125 
        D705 11 0.7266 0.2314 0.0419 
        D706 11 0.2841 0.3209 0.3950 
        D707 11 0.6863 0.1319 0.1818 
        D751 11 0.3918 0.2095 0.3987 
        D752 11 0.2774 0.2213 0.5013 
        D753 11 0.5740 0.3075 0.1185 
        D773 11 0.8938 0.0612 0.0450 
        D774 11 0.1466 0.4093 0.4441 
        D801 11 0.2597 0.2989 0.4414 
        D802 11 0.5232 0.3608 0.1161 
        D803 11 0.1134 0.0769 0.8096 
        D804 11 0.6974 0.1440 0.1586 
        D805 11 0.3499 0.2512 0.3989 
        D806 11 0.8976 0.0541 0.0483 
        D809 11 0.3341 0.4052 0.2607 
        D810 11 0.1063 0.1521 0.7416 
        D812 11 0.5683 0.2431 0.1885 
        D813 11 0.0813 0.3172 0.6015 
        D823 11 0.5090 0.2814 0.2096 
        D824 11 0.4786 0.2772 0.2443 
        D829 11 0.0820 0.7183 0.1997 
        D830 11 0.5767 0.3078 0.1155 
        D831 11 0.6699 0.1222 0.2079 
        D832 11 0.2905 0.3965 0.3131 
        D833 11 0.0814 0.1439 0.7747 
        D834 11 0.1202 0.3410 0.5388 
        D835 11 0.8107 0.0717 0.1177 
        D855 11 0.5268 0.2017 0.2715 
        D863 11 0.0521 0.1076 0.8403 
        D864 11 0.4097 0.2365 0.3538 
        D878 11 0.4343 0.1260 0.4397 
        D879 11 0.6533 0.2075 0.1392 
        D880 11 0.0550 0.4109 0.5340 
        D881 11 0.0571 0.0743 0.8687 
        D882 11 0.4036 0.3343 0.2621 
        D909 11 0.3220 0.3218 0.3561 
        D921 11 0.3330 0.3437 0.3233 
        D924 11 0.1054 0.4327 0.4620 
        D935 11 0.3845 0.4082 0.2072 
        D940 11 0.0432 0.0665 0.8903 
        D941 11 0.0761 0.1217 0.8022 
        D942 11 0.8254 0.1057 0.0689 
        D980 11 0.1723 0.5162 0.3115 
        D981 11 0.4414 0.4066 0.1520 
        D982 11 0.0709 0.8393 0.0898 
        D983 11 0.1607 0.1347 0.7045 
        D984 11 0.2492 0.3704 0.3803 
        D992 11 0.7333 0.1934 0.0733 
        D993 11 0.3505 0.3769 0.2726 
        D994 11 0.3776 0.1099 0.5125 
        D995 11 0.7150 0.1972 0.0879 
        H354 11 0.5400 0.3656 0.0945 
