        D023  2 0.7494 0.0753 0.1752 
        D130  2 0.2205 0.0371 0.7425 
        D131  2 0.4647 0.1789 0.3564 
        D163  2 0.1658 0.2151 0.6191 
        D164  2 0.6028 0.0321 0.3651 
        D165  2 0.6204 0.0713 0.3084 
        D166  2 0.1761 0.1446 0.6793 
        D167  2 0.7792 0.1517 0.0691 
        D192  2 0.8258 0.1265 0.0477 
        D193  2 0.1266 0.3931 0.4803 
        D206  2 0.5145 0.0660 0.4196 
        D207  2 0.6288 0.2002 0.1709 
        D208  2 0.1180 0.7834 0.0986 
        D209  2 0.7683 0.1259 0.1058 
        D210  2 0.1580 0.7422 0.0998 
     D229599  2 0.3440 0.4776 0.1784 
     D229600  2 0.5460 0.0840 0.3700 
     D237227  2 0.1010 0.7209 0.1781 
     D237228  2 0.0937 0.3087 0.5976 
     D237258  2 0.3590 0.3552 0.2858 
     D237310  2 0.0586 0.0998 0.8416 
     D237311  2 0.1433 0.0980 0.7588 
     D237312  2 0.0618 0.0840 0.8542 
     D237313  2 0.2801 0.3394 0.3805 
     D237322  2 0.1219 0.6247 0.2534 
     D237323  2 0.0475 0.3875 0.5651 
     D237324  2 0.6058 0.1093 0.2849 
     D237325  2 0.1088 0.1454 0.7458 
     D237326  2 0.2766 0.1664 0.5569 
     D237327  2 0.2072 0.7109 0.0820 
     D237337  2 0.0564 0.1035 0.8401 
     D237338  2 0.1692 0.3005 0.5302 
     D237339  2 0.8633 0.0696 0.0670 
     D237340  2 0.1663 0.3388 0.4949 
     D237389  2 0.0664 0.0495 0.8842 
     D237390  2 0.0881 0.1646 0.7473 
     D244017  2 0.2195 0.7023 0.0782 
     D244112  2 0.4813 0.1618 0.3570 
     D244118  2 0.6696 0.1684 0.1620 
     D244119  2 0.3488 0.5703 0.0809 
     D244120  2 0.1799 0.4735 0.3466 
     D244122  2 0.6874 0.1421 0.1705 
        D291  2 0.2597 0.6266 0.1137 
        D292  2 0.2377 0.6787 0.0836 
        D293  2 0.9353 0.0331 0.0316 
        D322  2 0.9118 0.0498 0.0384 
        D323  2 0.6292 0.1667 0.2041 
        D324  2 0.3690 0.4137 0.2173 
        D325  2 0.8849 0.0441 0.0710 
        D326  2 0.6626 0.2217 0.1158 
        D340  2 0.9094 0.0498 0.0408 
        D341  2 0.6842 0.0955 0.2203 
        D342  2 0.5817 0.1473 0.2710 
        D343  2 0.9377 0.0304 0.0319 
        D344  2 0.6726 0.0742 0.2533 
        D345  2 0.7135 0.1868 0.0997 
        D346  2 0.4405 0.3673 0.1922 
        D351  2 0.5552 0.1828 0.2620 
        D352  2 0.5938 0.2509 0.1553 
        D353  2 0.6799 0.1166 0.2035 
        D354  2 0.5973 0.1947 0.2080 
        D362  2 0.6110 0.1897 0.1992 
        D363  2 0.6310 0.2443 0.1247 
        D364  2 0.7224 0.1072 0.1704 
        D365  2 0.9235 0.0388 0.0377 
        D369  2 0.3386 0.3326 0.3288 
        D374  2 0.1506 0.5443 0.3051 
        D375  2 0.6706 0.1034 0.2260 
        D376  2 0.2004 0.4987 0.3008 
        D377  2 0.2450 0.1371 0.6179 
        D378  2 0.8969 0.0553 0.0478 
        D379  2 0.6425 0.1597 0.1977 
        D384  2 0.5735 0.2161 0.2104 
        D385  2 0.8964 0.0477 0.0559 
        D386  2 0.8804 0.0536 0.0660 
        D391  2 0.9114 0.0417 0.0469 
        D392  2 0.8372 0.0832 0.0796 
        D393  2 0.7686 0.1529 0.0785 
        D394  2 0.3459 0.3244 0.3297 
        D395  2 0.8354 0.0770 0.0876 
        D401  2 0.0487 0.0655 0.8858 
        D402  2 0.8851 0.0672 0.0477 
        D403  2 0.5601 0.0873 0.3526 
        D415  2 0.5340 0.0422 0.4238 
        D435  2 0.7952 0.0760 0.1288 
        D436  2 0.2860 0.1222 0.5918 
        D438  2 0.8991 0.0456 0.0553 
        D439  2 0.8706 0.0758 0.0536 
        D449  2 0.7068 0.0509 0.2423 
        D450  2 0.1985 0.2758 0.5257 
        D456  2 0.7206 0.1343 0.1451 
        D462  2 0.9303 0.0386 0.0311 
        D463  2 0.6989 0.1909 0.1102 
        D464  2 0.7215 0.1136 0.1648 
        D465  2 0.6996 0.0482 0.2521 
        D473  2 0.1410 0.4876 0.3714 
        D474  2 0.4231 0.4655 0.1114 
        D476  2 0.6420 0.0563 0.3017 
        D477  2 0.5770 0.2806 0.1424 
        D478  2 0.4579 0.4033 0.1388 
        D480  2 0.7512 0.1464 0.1025 
        D481  2 0.4230 0.5128 0.0641 
        D482  2 0.1276 0.6739 0.1985 
        D483  2 0.7853 0.1722 0.0425 
        D484  2 0.5496 0.3236 0.1267 
        D510  2 0.0881 0.7616 0.1503 
        D511  2 0.8527 0.0835 0.0638 
        D512  2 0.1705 0.0512 0.7783 
        D513  2 0.6770 0.1043 0.2187 
        D635  2 0.7812 0.1051 0.1136 
        D636  2 0.4271 0.0824 0.4905 
        D637  2 0.4773 0.1642 0.3585 
        D658  2 0.5024 0.1917 0.3059 
        D659  2 0.3710 0.2836 0.3454 
        D677  2 0.2232 0.1154 0.6614 
        D678  2 0.6677 0.1535 0.1788 
        D679  2 0.5841 0.2801 0.1358 
        D719  2 0.5193 0.3391 0.1416 
        D720  2 0.5669 0.2162 0.2169 
        D721  2 0.7603 0.0849 0.1548 
        D722  2 0.2491 0.4387 0.3122 
        D734  2 0.5685 0.2879 0.1436 
        D735  2 0.7243 0.1531 0.1225 
        D736  2 0.2098 0.6192 0.1710 
        D737  2 0.4370 0.4478 0.1152 
        D807  2 0.2648 0.4990 0.2362 
        D808  2 0.4215 0.1449 0.4335 
        D817  2 0.4547 0.2152 0.3301 
        D818  2 0.6097 0.1525 0.2377 
        D819  2 0.3371 0.1497 0.5133 
        D820  2 0.7449 0.0803 0.1747 
        D895  2 0.3422 0.1530 0.5048 
        D896  2 0.0394 0.0696 0.8910 
        D897  2 0.5431 0.1876 0.2693 
        D898  2 0.1530 0.5632 0.2838 
        D918  2 0.1668 0.1592 0.6740 
        D919  2 0.8118 0.1261 0.0621 
        D920  2 0.1340 0.0786 0.7874 
        D923  2 0.8252 0.0672 0.1076 
        D930  2 0.5538 0.1605 0.2857 
        D931  2 0.6385 0.1728 0.1888 
        D968  2 0.9028 0.0526 0.0446 
        D969  2 0.3906 0.4892 0.1202 
        D977  2 0.7467 0.0826 0.1707 
        D978  2 0.3980 0.4900 0.1120 
        D009  4 0.0978 0.1205 0.7817 
        D057  4 0.5169 0.2040 0.2791 
        D109  4 0.0600 0.0928 0.8471 
     D237222  4 0.2378 0.2649 0.4973 
     D237223  4 0.1495 0.1632 0.6874 
     D237224  4 0.5611 0.3381 0.1008 
     D237225  4 0.1946 0.1842 0.6213 
     D237299  4 0.1036 0.1975 0.6989 
     D237300  4 0.0677 0.8224 0.1099 
     D237306  4 0.1491 0.2417 0.6092 
     D237307  4 0.1855 0.4745 0.3400 
     D237308  4 0.5951 0.2326 0.1723 
     D237309  4 0.3504 0.2186 0.4309 
     D237317  4 0.3021 0.5659 0.1319 
     D237318  4 0.1140 0.8250 0.0610 
     D237319  4 0.2096 0.1930 0.5973 
     D237320  4 0.1901 0.1750 0.6350 
     D237321  4 0.0974 0.7652 0.1375 
     D237397  4 0.1074 0.3922 0.5004 
     D237398  4 0.3384 0.5572 0.1044 
     D237399  4 0.1493 0.6693 0.1814 
     D244001  4 0.2851 0.1474 0.5675 
        D289  4 0.4158 0.4734 0.1109 
        D290  4 0.1592 0.6547 0.1861 
        D294  4 0.3760 0.4515 0.1725 
        D295  4 0.1045 0.1569 0.7387 
        D301  4 0.0827 0.2304 0.6870 
        D302  4 0.7756 0.0939 0.1305 
        D303  4 0.1218 0.5702 0.3081 
        D304  4 0.0920 0.8129 0.0951 
        D305  4 0.6055 0.1686 0.2258 
        D306  4 0.2253 0.5984 0.1763 
        D307  4 0.1126 0.2994 0.5880 
        D327  4 0.4791 0.1701 0.3508 
        D328  4 0.1655 0.3124 0.5221 
        D329  4 0.4407 0.3916 0.1677 
        D330  4 0.5232 0.0528 0.4240 
        D331  4 0.1557 0.6804 0.1639 
        D333  4 0.1660 0.3238 0.5102 
        D334  4 0.1553 0.6506 0.1941 
        D335  4 0.8008 0.0859 0.1133 
        D370  4 0.2212 0.3406 0.4382 
        D371  4 0.1858 0.5025 0.3117 
        D372  4 0.0568 0.8708 0.0724 
        D373  4 0.4419 0.1581 0.4000 
        D455  4 0.2663 0.2544 0.4793 
        D490  4 0.0309 0.0457 0.9234 
        D497  4 0.0551 0.0734 0.8716 
        D498  4 0.1271 0.6396 0.2333 
        D499  4 0.5188 0.1687 0.3125 
        D514  4 0.3223 0.1482 0.5294 
        D515  4 0.1077 0.0531 0.8393 
        D516  4 0.1748 0.2077 0.6175 
        D517  4 0.2253 0.2636 0.5111 
        D518  4 0.5084 0.0866 0.4050 
        D519  4 0.0957 0.1025 0.8018 
        D560  4 0.1415 0.0770 0.7815 
        D561  4 0.6879 0.0611 0.2509 
        D562  4 0.4024 0.4292 0.1684 
        D563  4 0.8117 0.0751 0.1132 
        D572  4 0.6199 0.1823 0.1978 
        D629  4 0.5249 0.1639 0.3111 
        D630  4 0.2683 0.3043 0.4273 
        D631  4 0.5762 0.1633 0.2605 
        D632  4 0.6319 0.0478 0.3203 
        D646  4 0.2023 0.1145 0.6833 
        D647  4 0.5264 0.0919 0.3817 
        D648  4 0.3162 0.1781 0.5057 
        D649  4 0.3715 0.0928 0.5357 
        D650  4 0.2073 0.2484 0.5443 
        D708  4 0.1724 0.3635 0.4641 
        D709  4 0.1946 0.4068 0.3986 
        D738  4 0.1011 0.4226 0.4763 
        D739  4 0.1427 0.2116 0.6457 
        D740  4 0.0980 0.6307 0.2713 
        D741  4 0.2226 0.0450 0.7324 
        D742  4 0.5346 0.2181 0.2473 
        D743  4 0.7013 0.1580 0.1407 
        D744  4 0.8069 0.0908 0.1022 
        D745  4 0.0684 0.0709 0.8608 
        D814  4 0.4633 0.1315 0.4052 
        D815  4 0.4895 0.2362 0.2743 
        D828  4 0.1143 0.6240 0.2617 
        D845  4 0.0931 0.8532 0.0537 
        D846  4 0.7646 0.1034 0.1319 
        D847  4 0.1882 0.5523 0.2596 
        D848  4 0.4192 0.3401 0.2408 
        D849  4 0.0995 0.0562 0.8444 
        D850  4 0.3941 0.3511 0.2549 
        D856  4 0.2453 0.1540 0.6007 
        D857  4 0.0606 0.0873 0.8520 
        D859  4 0.2722 0.3269 0.4009 
        D860  4 0.1861 0.7777 0.0362 
        D883  4 0.1046 0.2722 0.6232 
        D884  4 0.0564 0.0622 0.8814 
        D885  4 0.3343 0.1189 0.5468 
        D886  4 0.3894 0.2148 0.3959 
        D887  4 0.2796 0.3607 0.3597 
        D889  4 0.0679 0.8550 0.0771 
        D890  4 0.3628 0.2498 0.3874 
        D891  4 0.0514 0.9154 0.0332 
        D899  4 0.4616 0.3779 0.1605 
        D900  4 0.3336 0.4104 0.2561 
        D970  4 0.4803 0.4294 0.0903 
        D971  4 0.8374 0.0825 0.0801 
        D979  4 0.7267 0.1320 0.1413 
        D093  5 0.0656 0.5934 0.3410 
        D154  5 0.2369 0.2305 0.5326 
        D168  5 0.3430 0.1495 0.5075 
        D189  5 0.0831 0.7385 0.1784 
        D190  5 0.2144 0.5267 0.2589 
     D237220  5 0.0701 0.5958 0.3341 
     D237221  5 0.2193 0.6204 0.1603 
     D237274  5 0.8159 0.0602 0.1239 
     D237275  5 0.4213 0.3639 0.2147 
     D237276  5 0.1006 0.2285 0.6709 
     D237277  5 0.1778 0.6861 0.1362 
     D237278  5 0.4342 0.2431 0.3227 
     D237279  5 0.3325 0.0747 0.5928 
     D237280  5 0.1831 0.2627 0.5542 
     D237281  5 0.4384 0.4353 0.1263 
     D237351  5 0.0520 0.0932 0.8548 
     D237352  5 0.5153 0.1034 0.3814 
     D237353  5 0.0991 0.8018 0.0991 
     D237359  5 0.0867 0.5853 0.3279 
     D237361  5 0.0708 0.8017 0.1275 
     D237362  5 0.2534 0.1849 0.5617 
     D237363  5 0.3681 0.2516 0.3803 
     D237364  5 0.3524 0.1226 0.5250 
     D237376  5 0.1121 0.4275 0.4604 
     D237377  5 0.3230 0.2005 0.4765 
     D237378  5 0.1091 0.6506 0.2403 
     D237379  5 0.2158 0.4659 0.3183 
     D237380  5 0.1620 0.1908 0.6472 
     D237381  5 0.3405 0.2481 0.4114 
     D237391  5 0.1146 0.7522 0.1332 
     D237392  5 0.7653 0.0517 0.1830 
     D237393  5 0.3301 0.4366 0.2333 
     D237394  5 0.1581 0.6856 0.1563 
     D237395  5 0.1442 0.4656 0.3902 
     D237396  5 0.7157 0.1949 0.0894 
     D244016  5 0.5853 0.2799 0.1348 
     D244018  5 0.4149 0.3603 0.2249 
     D244019  5 0.6352 0.2392 0.1257 
        D279  5 0.1633 0.4083 0.4284 
        D280  5 0.1139 0.8084 0.0777 
        D281  5 0.2011 0.7158 0.0831 
        D283  5 0.1796 0.7209 0.0995 
        D284  5 0.1227 0.1484 0.7289 
        D285  5 0.0672 0.8321 0.1007 
        D286  5 0.2673 0.4245 0.3082 
        D287  5 0.0639 0.4605 0.4756 
        D288  5 0.1838 0.7417 0.0745 
        D308  5 0.1545 0.0834 0.7621 
        D309  5 0.8398 0.0562 0.1041 
        D310  5 0.0421 0.8750 0.0828 
        D311  5 0.2497 0.2712 0.4791 
        D312  5 0.3461 0.3302 0.3237 
        D313  5 0.0360 0.0828 0.8812 
        D314  5 0.2053 0.1928 0.6018 
        D315  5 0.2671 0.5473 0.1855 
        D317  5 0.0741 0.6949 0.2310 
        D318  5 0.4619 0.2710 0.2671 
        D319  5 0.0752 0.7688 0.1560 
        D320  5 0.0638 0.8310 0.1052 
        D321  5 0.0807 0.2919 0.6274 
        D336  5 0.0879 0.7015 0.2107 
        D337  5 0.0566 0.8732 0.0701 
        D338  5 0.1960 0.3978 0.4062 
        D339  5 0.0478 0.7730 0.1791 
        D347  5 0.2903 0.6000 0.1096 
        D348  5 0.1170 0.8312 0.0518 
        D349  5 0.0782 0.1158 0.8059 
        D350  5 0.6757 0.0988 0.2255 
        D355  5 0.4164 0.3682 0.2154 
        D356  5 0.1411 0.6508 0.2081 
        D357  5 0.1747 0.6125 0.2128 
        D358  5 0.3475 0.4564 0.1961 
        D359  5 0.3004 0.5765 0.1230 
        D360  5 0.1014 0.7282 0.1705 
        D361  5 0.0496 0.0545 0.8959 
        D366  5 0.7554 0.0795 0.1650 
        D367  5 0.0736 0.5986 0.3278 
        D368  5 0.1205 0.2054 0.6741 
        D380  5 0.8191 0.0777 0.1032 
        D381  5 0.1287 0.7776 0.0937 
        D400  5 0.1165 0.6425 0.2410 
        D411  5 0.0532 0.0367 0.9101 
        D412  5 0.2013 0.6900 0.1088 
        D413  5 0.8864 0.0503 0.0632 
        D414  5 0.6301 0.1951 0.1748 
        D420  5 0.1067 0.7011 0.1922 
        D431  5 0.0817 0.4888 0.4295 
        D432  5 0.1725 0.6979 0.1296 
        D433  5 0.0966 0.7235 0.1799 
        D434  5 0.1344 0.7127 0.1529 
        D440  5 0.6036 0.0831 0.3133 
        D447  5 0.7394 0.1026 0.1580 
        D448  5 0.0788 0.6405 0.2807 
        D459  5 0.5946 0.2988 0.1067 
        D460  5 0.1728 0.1154 0.7117 
        D461  5 0.7679 0.0795 0.1525 
        D468  5 0.2002 0.0836 0.7162 
        D469  5 0.2077 0.2511 0.5412 
        D470  5 0.1199 0.1507 0.7294 
        D471  5 0.2080 0.5830 0.2090 
        D472  5 0.7672 0.1781 0.0547 
        D479  5 0.8388 0.0708 0.0903 
        D485  5 0.2003 0.3284 0.4713 
        D486  5 0.1275 0.0876 0.7849 
        D487  5 0.1495 0.7147 0.1358 
        D555  5 0.0627 0.8939 0.0435 
        D556  5 0.1366 0.6077 0.2556 
        D557  5 0.2587 0.6066 0.1347 
        D564  5 0.3765 0.3746 0.2489 
        D594  5 0.4737 0.3164 0.2099 
        D595  5 0.1444 0.4729 0.3828 
        D596  5 0.0670 0.8815 0.0515 
        D597  5 0.3583 0.5765 0.0652 
        D598  5 0.1396 0.5942 0.2662 
        D617  5 0.1121 0.0869 0.8010 
        D618  5 0.1838 0.6679 0.1484 
        D619  5 0.3818 0.3182 0.3000 
        D620  5 0.7782 0.1477 0.0741 
        D628  5 0.4250 0.3302 0.2448 
        D714  5 0.1450 0.6419 0.2131 
        D715  5 0.2275 0.6599 0.1126 
        D716  5 0.2896 0.4164 0.2941 
        D717  5 0.2780 0.5885 0.1335 
        D718  5 0.0466 0.1643 0.7891 
        D769  5 0.1653 0.1131 0.7215 
        D770  5 0.4041 0.1966 0.3993 
        D771  5 0.2187 0.5382 0.2431 
        D772  5 0.3226 0.3950 0.2824 
        D782  5 0.2882 0.2772 0.4346 
        D783  5 0.6203 0.2415 0.1382 
        D784  5 0.6530 0.2591 0.0879 
        D785  5 0.1816 0.4354 0.3830 
        D786  5 0.5253 0.0753 0.3994 
        D821  5 0.0803 0.8081 0.1116 
        D822  5 0.6536 0.2053 0.1412 
        D826  5 0.1571 0.5983 0.2446 
        D827  5 0.6449 0.0934 0.2618 
        D851  5 0.5262 0.2637 0.2101 
        D852  5 0.1900 0.6655 0.1445 
        D853  5 0.1690 0.6179 0.2131 
        D854  5 0.2608 0.1075 0.6317 
        D861  5 0.1685 0.3274 0.5041 
        D862  5 0.4030 0.3488 0.2483 
        D865  5 0.0833 0.7519 0.1648 
        D868  5 0.1974 0.5061 0.2964 
        D869  5 0.0923 0.0369 0.8708 
        D870  5 0.7860 0.0757 0.1383 
        D907  5 0.0484 0.7863 0.1653 
        D908  5 0.1469 0.7423 0.1108 
        D910  5 0.1695 0.5713 0.2591 
        D911  5 0.1864 0.6931 0.1205 
        D934  5 0.5261 0.2426 0.2313 
        D946  5 0.1596 0.4126 0.4278 
        D947  5 0.2160 0.3448 0.4392 
        D948  5 0.0745 0.2225 0.7030 
        D949  5 0.0523 0.0907 0.8570 
        D950  5 0.3025 0.5884 0.1092 
        D951  5 0.7820 0.0783 0.1397 
        D952  5 0.3002 0.5504 0.1494 
        D953  5 0.0757 0.8203 0.1040 
        D954  5 0.4690 0.4027 0.1284 
        D961  5 0.1763 0.2933 0.5303 
        D962  5 0.2109 0.5396 0.2496 
        D963  5 0.3396 0.5391 0.1213 
        D964  5 0.1578 0.3531 0.4890 
        D965  5 0.5953 0.1985 0.2061 
        D966  5 0.4426 0.4368 0.1206 
        D967  5 0.2588 0.6604 0.0808 
        D991  5 0.1463 0.3718 0.4820 
        D132  8 0.0417 0.0642 0.8941 
        D133  8 0.7556 0.0872 0.1572 
        D200  8 0.1245 0.6127 0.2628 
        D500  8 0.0359 0.0575 0.9066 
        D614  8 0.0742 0.5752 0.3506 
        D723  8 0.1359 0.0897 0.7744 
        D888  8 0.1114 0.8217 0.0669 
        D901  8 0.0474 0.0860 0.8665 
        D902  8 0.1432 0.5420 0.3149 
        D903  8 0.7381 0.1180 0.1438 
        D904  8 0.6221 0.2192 0.1588 
        D905  8 0.0349 0.9182 0.0469 
        D906  8 0.7276 0.1909 0.0815 
        D937  8 0.0610 0.7070 0.2320 
        D943  8 0.1977 0.3353 0.4670 
        D972  8 0.0867 0.0596 0.8537 
        D973  8 0.2212 0.0848 0.6940 
        D974  8 0.2257 0.2417 0.5326 
        D975  8 0.1498 0.6804 0.1697 
        D976  8 0.1599 0.3487 0.4914 
        D142 10 0.5532 0.2393 0.2075 
        D143 10 0.8092 0.0985 0.0923 
        D144 10 0.4153 0.3060 0.2786 
        D145 10 0.0661 0.6891 0.2447 
        D146 10 0.1177 0.0612 0.8211 
        D147 10 0.2631 0.0807 0.6562 
        D148 10 0.6080 0.1537 0.2383 
        D149 10 0.3519 0.4225 0.2256 
        D151 10 0.2787 0.5014 0.2199 
        D152 10 0.7394 0.1619 0.0986 
        D153 10 0.2579 0.1434 0.5987 
        D156 10 0.7336 0.1129 0.1535 
        D157 10 0.1593 0.4781 0.3626 
        D158 10 0.0620 0.4034 0.5346 
        D159 10 0.8452 0.0792 0.0756 
        D160 10 0.0267 0.9396 0.0337 
        D161 10 0.6346 0.1371 0.2283 
        D162 10 0.7061 0.2139 0.0800 
        D169 10 0.2456 0.2848 0.4697 
        D170 10 0.1668 0.0939 0.7393 
        D171 10 0.3407 0.0779 0.5814 
        D172 10 0.2783 0.1242 0.5975 
        D173 10 0.8299 0.0727 0.0974 
        D181 10 0.4438 0.3250 0.2312 
        D182 10 0.2627 0.2748 0.4625 
        D183 10 0.0704 0.6911 0.2384 
        D184 10 0.1485 0.0379 0.8136 
        D185 10 0.5688 0.1153 0.3159 
        D186 10 0.0472 0.0924 0.8605 
        D194 10 0.3250 0.1328 0.5422 
        D195 10 0.4234 0.4196 0.1570 
        D196 10 0.6134 0.2997 0.0868 
        D197 10 0.2015 0.1257 0.6728 
        D198 10 0.4481 0.2166 0.3353 
     D237226 10 0.2761 0.5395 0.1843 
     D237232 10 0.1024 0.7041 0.1934 
     D237233 10 0.1819 0.4615 0.3566 
     D237234 10 0.1523 0.4873 0.3604 
     D237354 10 0.0569 0.8956 0.0475 
     D237355 10 0.0478 0.8997 0.0526 
     D237356 10 0.3820 0.2338 0.3842 
     D237357 10 0.4653 0.1206 0.4141 
     D237358 10 0.8231 0.0735 0.1034 
     D237369 10 0.0692 0.0339 0.8969 
     D237370 10 0.3478 0.3745 0.2777 
     D237371 10 0.4600 0.1853 0.3546 
     D237372 10 0.5390 0.1758 0.2852 
     D237373 10 0.1522 0.5505 0.2973 
     D237374 10 0.0419 0.9010 0.0571 
     D237375 10 0.7336 0.1244 0.1420 
     D237400 10 0.5847 0.2286 0.1867 
     D244002 10 0.3679 0.0984 0.5337 
     D244003 10 0.0470 0.8892 0.0638 
     D244004 10 0.0322 0.8584 0.1094 
     D244005 10 0.0885 0.7757 0.1358 
     D244020 10 0.3811 0.2470 0.3719 
     D244021 10 0.0869 0.0575 0.8556 
     D244116 10 0.2385 0.1609 0.6006 
     D244117 10 0.1097 0.8124 0.0780 
     D244121 10 0.1593 0.5828 0.2579 
     D244123 10 0.1331 0.6905 0.1764 
     D244124 10 0.3882 0.2059 0.4059 
        D332 10 0.5566 0.0834 0.3600 
        D570 10 0.2959 0.5272 0.1769 
        D602 10 0.6515 0.1211 0.2274 
        D603 10 0.3467 0.3001 0.3531 
        D604 10 0.7760 0.1537 0.0703 
        D605 10 0.5625 0.2647 0.1727 
        D606 10 0.1750 0.3428 0.4822 
        D607 10 0.8503 0.0604 0.0892 
        D608 10 0.9295 0.0370 0.0335 
        D609 10 0.1293 0.3898 0.4809 
        D610 10 0.1169 0.8061 0.0770 
        D611 10 0.0526 0.8164 0.1309 
        D613 10 0.4763 0.3226 0.2011 
        D633 10 0.8523 0.0831 0.0646 
        D634 10 0.3952 0.1272 0.4776 
        D638 10 0.4682 0.3742 0.1576 
        D681 10 0.1424 0.0988 0.7587 
        D754 10 0.0424 0.1671 0.7905 
        D755 10 0.1389 0.7136 0.1475 
        D756 10 0.0883 0.4316 0.4801 
        D757 10 0.2616 0.6466 0.0918 
        D758 10 0.1867 0.2702 0.5431 
        D759 10 0.1846 0.7602 0.0552 
        D760 10 0.2037 0.5582 0.2381 
        D761 10 0.0583 0.8940 0.0477 
        D762 10 0.8059 0.0821 0.1120 
        D775 10 0.0657 0.7945 0.1399 
        D776 10 0.1283 0.7689 0.1028 
        D777 10 0.0633 0.8410 0.0958 
        D778 10 0.0954 0.5575 0.3470 
        D779 10 0.0778 0.1873 0.7349 
        D780 10 0.3548 0.4596 0.1857 
        D781 10 0.7404 0.0779 0.1817 
        D858 10 0.0950 0.1501 0.7549 
        D933 10 0.4112 0.4823 0.1065 
        D038 11 0.1695 0.5813 0.2492 
        D063 11 0.1617 0.5712 0.2671 
        D155 11 0.1751 0.6813 0.1436 
        D175 11 0.0888 0.1949 0.7163 
        D176 11 0.1778 0.3319 0.4904 
        D205 11 0.0786 0.5971 0.3243 
     D237229 11 0.4992 0.3444 0.1565 
     D237230 11 0.5543 0.0435 0.4022 
     D237231 11 0.7673 0.0940 0.1387 
     D237269 11 0.7098 0.1554 0.1349 
     D237270 11 0.4373 0.1202 0.4425 
     D237271 11 0.3055 0.3884 0.3060 
     D237272 11 0.1485 0.0992 0.7523 
     D237273 11 0.0881 0.6739 0.2380 
     D237301 11 0.4385 0.1852 0.3763 
     D237302 11 0.2309 0.1418 0.6273 
     D237303 11 0.4269 0.0542 0.5188 
     D237304 11 0.3126 0.2022 0.4851 
     D237305 11 0.0659 0.6490 0.2851 
     D237314 11 0.1044 0.6450 0.2506 
     D237315 11 0.1599 0.1244 0.7157 
     D237316 11 0.7128 0.1421 0.1452 
     D237328 11 0.1836 0.1097 0.7067 
     D237329 11 0.3000 0.4285 0.2715 
     D237330 11 0.1183 0.6835 0.1982 
     D237331 11 0.1516 0.7141 0.1343 
     D237332 11 0.1426 0.3595 0.4979 
     D237333 11 0.2891 0.6322 0.0787 
     D237334 11 0.4150 0.1822 0.4028 
     D237335 11 0.1433 0.4714 0.3852 
     D237336 11 0.0853 0.7990 0.1157 
     D237350 11 0.3876 0.4564 0.1561 
     D237383 11 0.1234 0.5413 0.3353 
     D237384 11 0.4770 0.3425 0.1805 
     D237385 11 0.2494 0.3504 0.4002 
     D237386 11 0.6049 0.1545 0.2406 
     D237387 11 0.2094 0.1472 0.6434 
     D237388 11 0.3154 0.4496 0.2350 
        D239 11 0.1545 0.6935 0.1521 
        D240 11 0.1012 0.8389 0.0600 
        D241 11 0.3489 0.5247 0.1263 
        D242 11 0.5692 0.2682 0.1626 
        D243 11 0.0666 0.7740 0.1594 
        D244 11 0.0625 0.8698 0.0677 
        D245 11 0.1048 0.0875 0.8078 
        D246 11 0.1675 0.2321 0.6005 
        D247 11 0.2324 0.5657 0.2019 
        D248 11 0.6858 0.1103 0.2039 
        D249 11 0.0882 0.1495 0.7623 
        D250 11 0.6733 0.1918 0.1349 
        D251 11 0.1326 0.3456 0.5218 
        D252 11 0.1826 0.0714 0.7459 
        D253 11 0.1178 0.6403 0.2419 
        D254 11 0.3264 0.0657 0.6079 
        D255 11 0.4076 0.1500 0.4424 
        D256 11 0.1606 0.6443 0.1951 
        D257 11 0.1305 0.1813 0.6882 
        D258 11 0.1361 0.1263 0.7376 
        D259 11 0.2892 0.1139 0.5969 
        D260 11 0.2565 0.3770 0.3666 
        D261 11 0.2873 0.2544 0.4582 
        D262 11 0.1275 0.1160 0.7565 
        D263 11 0.2941 0.3604 0.3455 
        D264 11 0.1051 0.0716 0.8233 
        D265 11 0.3059 0.2141 0.4800 
        D266 11 0.4509 0.4617 0.0874 
        D267 11 0.1478 0.6603 0.1919 
        D268 11 0.1553 0.7047 0.1400 
        D269 11 0.4149 0.3060 0.2791 
        D270 11 0.1396 0.1489 0.7115 
        D271 11 0.2340 0.5359 0.2300 
        D272 11 0.3339 0.5908 0.0753 
        D273 11 0.0427 0.0494 0.9079 
        D274 11 0.3184 0.4853 0.1963 
        D275 11 0.4119 0.4036 0.1845 
        D276 11 0.2728 0.6022 0.1250 
        D277 11 0.4827 0.2811 0.2362 
        D278 11 0.1108 0.4242 0.4650 
        D282 11 0.1007 0.1671 0.7323 
        D296 11 0.1919 0.6754 0.1327 
        D297 11 0.2001 0.6169 0.1830 
        D298 11 0.3814 0.4875 0.1311 
        D299 11 0.1733 0.3973 0.4294 
        D300 11 0.3190 0.4652 0.2158 
        D382 11 0.1741 0.6348 0.1911 
        D383 11 0.0712 0.7266 0.2022 
        D387 11 0.2588 0.3484 0.3927 
        D388 11 0.6490 0.2136 0.1374 
        D389 11 0.2707 0.3799 0.3495 
        D390 11 0.4548 0.3419 0.2033 
        D396 11 0.4512 0.2866 0.2622 
        D397 11 0.0707 0.1727 0.7567 
        D398 11 0.1499 0.7401 0.1100 
        D399 11 0.7171 0.0700 0.2129 
        D437 11 0.1761 0.1816 0.6423 
        D441 11 0.1305 0.6747 0.1948 
        D442 11 0.2235 0.5566 0.2199 
        D443 11 0.0623 0.8829 0.0548 
        D444 11 0.5946 0.2190 0.1864 
        D445 11 0.1082 0.0805 0.8113 
        D446 11 0.5490 0.2333 0.2177 
        D451 11 0.1821 0.2244 0.5935 
        D452 11 0.5682 0.2915 0.1403 
        D453 11 0.6602 0.1720 0.1678 
        D454 11 0.3676 0.1720 0.4604 
        D457 11 0.0561 0.1699 0.7740 
        D458 11 0.1955 0.6717 0.1328 
        D466 11 0.6984 0.0953 0.2063 
        D467 11 0.2267 0.3525 0.4208 
        D475 11 0.1372 0.0548 0.8079 
        D488 11 0.5872 0.2266 0.1862 
        D489 11 0.1896 0.1376 0.6728 
        D493 11 0.5430 0.2428 0.2141 
        D494 11 0.4924 0.1845 0.3231 
        D495 11 0.2059 0.1646 0.6295 
        D496 11 0.1070 0.8314 0.0617 
        D674 11 0.1769 0.7282 0.0948 
        D675 11 0.0831 0.8767 0.0402 
        D676 11 0.1001 0.1795 0.7204 
        D680 11 0.0620 0.8662 0.0718 
        D701 11 0.0929 0.3457 0.5614 
        D702 11 0.5103 0.1214 0.3683 
        D703 11 0.3396 0.5353 0.1251 
        D704 11 0.2148 0.2468 0.5383 
        D705 11 0.2346 0.0415 0.7238 
        D706 11 0.2230 0.4551 0.3219 
        D707 11 0.1328 0.1639 0.7033 
        D751 11 0.2256 0.3594 0.4149 
        D752 11 0.1881 0.5463 0.2656 
        D753 11 0.3039 0.1115 0.5846 
        D773 11 0.0502 0.0365 0.9133 
        D774 11 0.3978 0.4698 0.1324 
        D801 11 0.3016 0.4242 0.2743 
        D802 11 0.3573 0.0910 0.5517 
        D803 11 0.0882 0.8039 0.1079 
        D804 11 0.1625 0.1706 0.6670 
        D805 11 0.2864 0.3524 0.3612 
        D806 11 0.0630 0.0467 0.8903 
        D809 11 0.3455 0.3339 0.3205 
        D810 11 0.1594 0.7530 0.0876 
        D812 11 0.2719 0.1935 0.5346 
        D813 11 0.2720 0.6368 0.0912 
        D823 11 0.2877 0.2565 0.4558 
        D824 11 0.1956 0.3883 0.4162 
        D829 11 0.6664 0.2508 0.0828 
        D830 11 0.2694 0.1310 0.5996 
        D831 11 0.0998 0.2322 0.6680 
        D832 11 0.2623 0.4279 0.3099 
        D833 11 0.1808 0.7293 0.0900 
        D834 11 0.4827 0.3924 0.1249 
        D835 11 0.0708 0.1027 0.8264 
        D855 11 0.1599 0.2824 0.5577 
        D863 11 0.0913 0.8634 0.0454 
        D864 11 0.2134 0.4271 0.3595 
        D878 11 0.1126 0.4869 0.4005 
        D879 11 0.1605 0.1342 0.7053 
        D880 11 0.5043 0.4307 0.0650 
        D881 11 0.0562 0.8902 0.0536 
        D882 11 0.2741 0.2695 0.4564 
        D909 11 0.3124 0.3688 0.3188 
        D921 11 0.3318 0.3443 0.3239 
        D924 11 0.3857 0.5007 0.1136 
        D935 11 0.4862 0.1988 0.3150 
        D940 11 0.0620 0.8898 0.0482 
        D941 11 0.2089 0.6999 0.0912 
        D942 11 0.1051 0.0894 0.8055 
        D980 11 0.5523 0.2971 0.1506 
        D981 11 0.3828 0.1643 0.4529 
        D982 11 0.8369 0.0933 0.0698 
        D983 11 0.1658 0.6269 0.2073 
        D984 11 0.3937 0.3688 0.2375 
        D992 11 0.1650 0.0736 0.7614 
        D993 11 0.3995 0.2510 0.3495 
        D994 11 0.0742 0.5812 0.3446 
        D995 11 0.2231 0.0778 0.6991 
        H354 11 0.3614 0.0747 0.5639 
