        D023  2 0.0276 0.0483 0.0336 0.0129 0.8093 0.0096 0.0117 0.0144 0.0187 0.0140 
        D130  2 0.0139 0.0360 0.0789 0.0251 0.5537 0.0128 0.0892 0.0315 0.0672 0.0916 
        D131  2 0.0328 0.1664 0.3528 0.0722 0.0317 0.0357 0.0412 0.0123 0.0984 0.1565 
        D163  2 0.0212 0.0397 0.0863 0.0598 0.4884 0.0587 0.1957 0.0212 0.0164 0.0125 
        D164  2 0.0232 0.0251 0.0488 0.0109 0.0264 0.0127 0.0164 0.0917 0.3742 0.3705 
        D165  2 0.0363 0.0261 0.0203 0.0209 0.8164 0.0111 0.0136 0.0226 0.0179 0.0150 
        D166  2 0.1241 0.0466 0.1673 0.0412 0.0292 0.0164 0.2015 0.2500 0.1036 0.0201 
        D167  2 0.0073 0.0088 0.0082 0.0074 0.0060 0.0095 0.0074 0.9196 0.0086 0.0174 
        D192  2 0.0098 0.0081 0.0105 0.0103 0.0099 0.0086 0.0065 0.9056 0.0082 0.0225 
        D193  2 0.0336 0.0742 0.0818 0.0467 0.0214 0.0737 0.0988 0.5335 0.0206 0.0155 
        D206  2 0.0227 0.4545 0.1282 0.0221 0.0521 0.0163 0.0663 0.0857 0.0550 0.0970 
        D207  2 0.0206 0.0445 0.1077 0.1286 0.0168 0.0156 0.1502 0.2477 0.0307 0.2374 
        D208  2 0.0664 0.0289 0.0948 0.2795 0.1313 0.2209 0.0425 0.0742 0.0230 0.0385 
        D209  2 0.0513 0.0352 0.0905 0.0124 0.0273 0.0143 0.0173 0.7097 0.0228 0.0192 
        D210  2 0.0581 0.0257 0.0480 0.1273 0.0248 0.5189 0.0649 0.0383 0.0229 0.0711 
     D229599  2 0.1000 0.3460 0.0982 0.1505 0.1299 0.0310 0.0577 0.0386 0.0272 0.0208 
     D229600  2 0.0307 0.0245 0.0562 0.0271 0.1020 0.0167 0.0385 0.6315 0.0279 0.0451 
     D237227  2 0.0260 0.0325 0.1009 0.0812 0.1888 0.2317 0.0135 0.0383 0.2662 0.0209 
     D237228  2 0.0207 0.0135 0.1084 0.0248 0.0181 0.1022 0.0202 0.0396 0.6269 0.0255 
     D237258  2 0.1377 0.1109 0.1134 0.0998 0.1359 0.0276 0.0260 0.2543 0.0594 0.0350 
     D237310  2 0.0154 0.0088 0.0164 0.0151 0.0144 0.0344 0.0204 0.0322 0.8230 0.0199 
     D237311  2 0.0144 0.0136 0.0332 0.0233 0.0152 0.0166 0.0430 0.1217 0.6555 0.0635 
     D237312  2 0.1419 0.0195 0.0692 0.0169 0.0515 0.0355 0.2155 0.0259 0.3999 0.0242 
     D237313  2 0.0206 0.5525 0.1172 0.0314 0.0437 0.0721 0.0409 0.0198 0.0743 0.0274 
     D237322  2 0.0565 0.0329 0.2505 0.2146 0.0881 0.0855 0.0602 0.0351 0.1225 0.0540 
     D237323  2 0.0237 0.0115 0.0256 0.0630 0.0355 0.1043 0.0177 0.0271 0.6776 0.0140 
     D237324  2 0.0173 0.0266 0.3896 0.0863 0.1721 0.0142 0.0426 0.0815 0.0400 0.1297 
     D237325  2 0.0332 0.0159 0.0920 0.0214 0.0384 0.0726 0.2399 0.1094 0.3387 0.0386 
     D237326  2 0.0257 0.0593 0.0649 0.0277 0.0306 0.0646 0.0667 0.0291 0.5403 0.0912 
     D237327  2 0.0615 0.0197 0.1520 0.4582 0.1483 0.0232 0.0294 0.0432 0.0212 0.0433 
     D237337  2 0.0124 0.0248 0.0190 0.0120 0.0159 0.0237 0.0313 0.0117 0.8343 0.0150 
     D237338  2 0.0580 0.0245 0.1527 0.0702 0.2187 0.1017 0.1650 0.0326 0.1391 0.0376 
     D237339  2 0.1294 0.0593 0.1249 0.0359 0.0453 0.0173 0.0795 0.0490 0.0161 0.4433 
     D237340  2 0.0485 0.0176 0.0685 0.0458 0.0323 0.1291 0.1136 0.2400 0.2430 0.0615 
     D237389  2 0.0252 0.0112 0.0225 0.0150 0.0145 0.0163 0.0849 0.1480 0.6456 0.0169 
     D237390  2 0.0501 0.0331 0.0545 0.0358 0.0275 0.0760 0.4595 0.0301 0.2106 0.0227 
     D244017  2 0.0111 0.0277 0.0433 0.0255 0.0156 0.0545 0.0106 0.7764 0.0163 0.0190 
     D244112  2 0.0134 0.0110 0.0300 0.0167 0.0366 0.0109 0.0319 0.7742 0.0181 0.0572 
     D244118  2 0.0100 0.0082 0.0087 0.0095 0.0351 0.0089 0.0079 0.8928 0.0092 0.0098 
     D244119  2 0.0089 0.0178 0.0472 0.0180 0.0161 0.5513 0.0156 0.1666 0.0333 0.1252 
     D244120  2 0.0235 0.0090 0.0153 0.0169 0.0089 0.0100 0.0202 0.8650 0.0178 0.0134 
     D244122  2 0.0292 0.0246 0.0387 0.0149 0.0361 0.0261 0.0238 0.7557 0.0141 0.0368 
        D291  2 0.0133 0.0535 0.0652 0.6837 0.0469 0.0112 0.0229 0.0549 0.0276 0.0209 
        D292  2 0.0387 0.2371 0.0772 0.0966 0.0280 0.1072 0.0275 0.3258 0.0337 0.0283 
        D293  2 0.0115 0.0153 0.0127 0.0089 0.0080 0.0082 0.0133 0.0066 0.0082 0.9072 
        D322  2 0.0556 0.0386 0.0427 0.0203 0.0223 0.0108 0.0182 0.0283 0.0218 0.7414 
        D323  2 0.0605 0.2561 0.1234 0.0301 0.0347 0.0454 0.0579 0.1965 0.0574 0.1380 
        D324  2 0.0323 0.0998 0.1592 0.3620 0.0291 0.0397 0.0863 0.0168 0.1099 0.0649 
        D325  2 0.0125 0.0224 0.0248 0.0254 0.0100 0.0097 0.0400 0.0112 0.0118 0.8322 
        D326  2 0.0115 0.8495 0.0236 0.0223 0.0105 0.0164 0.0180 0.0093 0.0116 0.0273 
        D340  2 0.0158 0.0118 0.0190 0.0165 0.0089 0.0170 0.0112 0.0213 0.0150 0.8635 
        D341  2 0.0156 0.0204 0.0377 0.0178 0.0215 0.0370 0.1856 0.0248 0.0500 0.5895 
        D342  2 0.0208 0.0413 0.1219 0.0361 0.0670 0.0151 0.0322 0.5178 0.0649 0.0829 
        D343  2 0.0082 0.0096 0.0111 0.0109 0.0078 0.0070 0.0081 0.0081 0.0074 0.9217 
        D344  2 0.1955 0.4408 0.1012 0.0138 0.0159 0.0111 0.0487 0.1108 0.0456 0.0165 
        D345  2 0.1007 0.4810 0.1622 0.0636 0.0495 0.0289 0.0150 0.0222 0.0478 0.0291 
        D346  2 0.1558 0.0996 0.0770 0.0331 0.0215 0.3567 0.0355 0.0533 0.0995 0.0679 
        D351  2 0.0291 0.1655 0.1397 0.2159 0.0255 0.0167 0.1130 0.0152 0.0663 0.2132 
        D352  2 0.4327 0.0650 0.1468 0.0267 0.0271 0.0566 0.0202 0.0321 0.0567 0.1363 
        D353  2 0.0708 0.2662 0.5501 0.0236 0.0152 0.0106 0.0155 0.0144 0.0134 0.0203 
        D354  2 0.4224 0.3768 0.0620 0.0154 0.0236 0.0253 0.0196 0.0183 0.0241 0.0126 
        D362  2 0.0185 0.6765 0.0385 0.0203 0.1257 0.0135 0.0194 0.0258 0.0428 0.0190 
        D363  2 0.0187 0.6921 0.0577 0.0180 0.0841 0.0185 0.0167 0.0399 0.0354 0.0189 
        D364  2 0.1806 0.6339 0.0703 0.0116 0.0283 0.0115 0.0183 0.0204 0.0134 0.0118 
        D365  2 0.0108 0.0101 0.0108 0.0084 0.0082 0.0121 0.0094 0.0082 0.0126 0.9094 
        D369  2 0.0202 0.0911 0.1197 0.0470 0.0346 0.1239 0.0646 0.0799 0.3158 0.1031 
        D374  2 0.0367 0.0542 0.0421 0.0121 0.0181 0.2095 0.0182 0.5668 0.0305 0.0119 
        D375  2 0.5859 0.2158 0.0504 0.0120 0.0282 0.0106 0.0281 0.0376 0.0182 0.0132 
        D376  2 0.0711 0.0452 0.0706 0.0157 0.0282 0.2248 0.0312 0.4761 0.0234 0.0136 
        D377  2 0.1332 0.0782 0.1362 0.0390 0.0382 0.0585 0.0701 0.0318 0.3545 0.0604 
        D378  2 0.0991 0.1428 0.1008 0.0530 0.1047 0.0140 0.0257 0.0189 0.0233 0.4178 
        D379  2 0.0205 0.7843 0.0310 0.0205 0.0221 0.0173 0.0428 0.0206 0.0194 0.0215 
        D384  2 0.0103 0.8563 0.0148 0.0146 0.0134 0.0299 0.0156 0.0088 0.0197 0.0167 
        D385  2 0.1112 0.0161 0.0198 0.0137 0.0192 0.0202 0.0150 0.0189 0.0195 0.7464 
        D386  2 0.3533 0.2822 0.1114 0.0286 0.0395 0.0118 0.0171 0.0158 0.0237 0.1167 
        D391  2 0.0187 0.0186 0.0224 0.0129 0.0140 0.0129 0.0170 0.0135 0.0172 0.8530 
        D392  2 0.0173 0.0688 0.0499 0.0195 0.0255 0.0300 0.0126 0.0743 0.1917 0.5104 
        D393  2 0.2242 0.2402 0.0428 0.1173 0.0348 0.0179 0.0380 0.0135 0.0218 0.2495 
        D394  2 0.1301 0.0571 0.1431 0.0529 0.0865 0.0429 0.0880 0.2743 0.0890 0.0362 
        D395  2 0.2558 0.0148 0.1250 0.0307 0.0399 0.0160 0.0162 0.0234 0.0183 0.4599 
        D401  2 0.0101 0.0097 0.0151 0.0177 0.0129 0.0147 0.0135 0.0262 0.8705 0.0096 
        D402  2 0.0455 0.0155 0.0157 0.0230 0.0121 0.0141 0.0119 0.0174 0.0172 0.8277 
        D403  2 0.0928 0.4327 0.2600 0.0334 0.0641 0.0155 0.0379 0.0218 0.0168 0.0251 
        D415  2 0.0315 0.2764 0.3877 0.0116 0.0380 0.0136 0.0580 0.0152 0.1152 0.0528 
        D435  2 0.0550 0.1499 0.0933 0.0718 0.0400 0.0159 0.0858 0.0166 0.0531 0.4187 
        D436  2 0.1019 0.0568 0.0726 0.0169 0.0408 0.0369 0.5527 0.0339 0.0249 0.0625 
        D438  2 0.0112 0.0125 0.0209 0.0195 0.0143 0.0206 0.0190 0.0208 0.0174 0.8439 
        D439  2 0.2230 0.2591 0.1266 0.0220 0.0878 0.0162 0.0226 0.0234 0.0117 0.2076 
        D449  2 0.0237 0.0806 0.1536 0.0152 0.0145 0.0224 0.2010 0.3886 0.0274 0.0731 
        D450  2 0.1799 0.1595 0.1721 0.0563 0.0947 0.0531 0.1028 0.0355 0.1269 0.0192 
        D456  2 0.0114 0.8220 0.0441 0.0254 0.0124 0.0143 0.0239 0.0077 0.0120 0.0267 
        D462  2 0.0272 0.0143 0.0190 0.0111 0.0199 0.0111 0.0105 0.0170 0.0108 0.8590 
        D463  2 0.0141 0.8680 0.0198 0.0147 0.0147 0.0194 0.0127 0.0078 0.0132 0.0154 
        D464  2 0.2733 0.1040 0.3322 0.0186 0.0243 0.0282 0.0314 0.0582 0.0438 0.0858 
        D465  2 0.0191 0.0282 0.0316 0.0143 0.0215 0.0125 0.0177 0.0127 0.1898 0.6527 
        D473  2 0.1617 0.0228 0.0694 0.0486 0.0641 0.2811 0.0243 0.0149 0.2741 0.0390 
        D474  2 0.0460 0.4772 0.0742 0.1161 0.1018 0.0478 0.0301 0.0206 0.0451 0.0410 
        D476  2 0.1123 0.0515 0.0477 0.0227 0.5030 0.0118 0.0142 0.0147 0.0117 0.2104 
        D477  2 0.3734 0.3632 0.0733 0.0313 0.0214 0.0299 0.0213 0.0170 0.0459 0.0233 
        D478  2 0.0363 0.1780 0.1803 0.0571 0.1023 0.0542 0.0386 0.3171 0.0214 0.0148 
        D480  2 0.1621 0.1797 0.0777 0.0514 0.0278 0.0786 0.0565 0.0134 0.0284 0.3245 
        D481  2 0.1811 0.3897 0.0956 0.0440 0.0479 0.0705 0.0137 0.0843 0.0402 0.0330 
        D482  2 0.2725 0.0483 0.1344 0.2381 0.0334 0.1080 0.0420 0.0464 0.0552 0.0217 
        D483  2 0.0082 0.0117 0.0151 0.0145 0.0130 0.0268 0.0068 0.8572 0.0110 0.0357 
        D484  2 0.8119 0.0126 0.0224 0.0185 0.0130 0.0187 0.0183 0.0181 0.0099 0.0565 
        D510  2 0.0245 0.0426 0.0679 0.0770 0.0223 0.2835 0.1034 0.3392 0.0230 0.0166 
        D511  2 0.3467 0.1263 0.0659 0.0276 0.0401 0.0184 0.0218 0.0241 0.0260 0.3031 
        D512  2 0.0145 0.0158 0.0281 0.0173 0.0160 0.0077 0.0128 0.0206 0.8242 0.0430 
        D513  2 0.0192 0.0462 0.0580 0.0316 0.0172 0.0524 0.0535 0.0122 0.0469 0.6628 
        D635  2 0.0337 0.3673 0.1206 0.0328 0.3165 0.0153 0.0209 0.0188 0.0486 0.0255 
        D636  2 0.0147 0.0670 0.0657 0.0144 0.6901 0.0188 0.0174 0.0333 0.0586 0.0199 
        D637  2 0.2674 0.0539 0.1076 0.0414 0.0390 0.0462 0.2190 0.0650 0.0684 0.0921 
        D658  2 0.1607 0.0182 0.0610 0.0199 0.0431 0.0670 0.0579 0.0635 0.0995 0.4092 
        D659  2 0.0437 0.2280 0.1107 0.0734 0.0545 0.0452 0.3763 0.0291 0.0114 0.0277 
        D677  2 0.0218 0.2031 0.0530 0.0427 0.0488 0.0204 0.3981 0.0707 0.0808 0.0607 
        D678  2 0.0122 0.0126 0.0242 0.0096 0.0126 0.0076 0.0109 0.8813 0.0189 0.0102 
        D679  2 0.0973 0.4746 0.0792 0.0514 0.0352 0.0724 0.0422 0.0121 0.0261 0.1095 
        D719  2 0.0227 0.1080 0.0853 0.0436 0.0238 0.2974 0.0359 0.0191 0.0548 0.3095 
        D720  2 0.0150 0.4131 0.0458 0.0354 0.0240 0.0684 0.0233 0.0119 0.0277 0.3353 
        D721  2 0.0286 0.0273 0.0333 0.0156 0.7828 0.0223 0.0179 0.0232 0.0130 0.0360 
        D722  2 0.0408 0.0861 0.0569 0.0260 0.0205 0.1220 0.0301 0.5534 0.0377 0.0265 
        D734  2 0.4539 0.0235 0.0840 0.0313 0.0197 0.0852 0.0380 0.0328 0.0213 0.2104 
        D735  2 0.0720 0.2734 0.1387 0.0569 0.1113 0.0680 0.0233 0.0163 0.0609 0.1792 
        D736  2 0.0864 0.0837 0.1061 0.2048 0.0423 0.1960 0.1121 0.0735 0.0616 0.0336 
        D737  2 0.0189 0.0132 0.0277 0.0256 0.0352 0.0273 0.0132 0.8102 0.0128 0.0158 
        D807  2 0.1800 0.0780 0.0828 0.0778 0.0554 0.1551 0.1607 0.0695 0.0795 0.0612 
        D808  2 0.0253 0.0368 0.1541 0.0350 0.0360 0.0189 0.0313 0.0315 0.5120 0.1192 
        D817  2 0.0375 0.6730 0.0630 0.0238 0.0349 0.0248 0.0430 0.0298 0.0441 0.0262 
        D818  2 0.0373 0.0790 0.2209 0.1267 0.1061 0.0191 0.0810 0.0168 0.0206 0.2925 
        D819  2 0.0336 0.1075 0.0657 0.0306 0.0312 0.0196 0.0190 0.0329 0.6372 0.0226 
        D820  2 0.0265 0.0931 0.0449 0.0205 0.0241 0.0195 0.3515 0.0106 0.0104 0.3989 
        D895  2 0.0442 0.2643 0.1605 0.0598 0.0668 0.0311 0.1660 0.1210 0.0617 0.0245 
        D896  2 0.0131 0.0099 0.0137 0.0109 0.0103 0.0235 0.0175 0.0111 0.8761 0.0139 
        D897  2 0.0375 0.0322 0.2126 0.0692 0.0301 0.0381 0.1302 0.2418 0.0565 0.1517 
        D898  2 0.0445 0.1579 0.1424 0.2049 0.0415 0.0248 0.0346 0.0687 0.2661 0.0146 
        D918  2 0.1568 0.0376 0.1439 0.0485 0.0458 0.0984 0.1188 0.0195 0.2355 0.0951 
        D919  2 0.1172 0.2180 0.1656 0.0514 0.0479 0.0170 0.0389 0.0945 0.0131 0.2364 
        D920  2 0.0197 0.0272 0.0815 0.0147 0.5134 0.0328 0.0889 0.1674 0.0399 0.0147 
        D923  2 0.0811 0.6248 0.0953 0.0180 0.0309 0.0140 0.0417 0.0252 0.0254 0.0435 
        D930  2 0.1464 0.2944 0.1300 0.0237 0.0181 0.0972 0.0569 0.0201 0.1194 0.0939 
        D931  2 0.3664 0.0787 0.0965 0.0353 0.0635 0.0289 0.0375 0.0647 0.0766 0.1519 
        D968  2 0.0151 0.0231 0.0259 0.0260 0.0090 0.0104 0.0156 0.0195 0.0124 0.8430 
        D969  2 0.0482 0.2814 0.1490 0.1387 0.0461 0.0447 0.0305 0.1486 0.0495 0.0634 
        D977  2 0.0250 0.0364 0.0793 0.0531 0.0442 0.0153 0.0782 0.0701 0.0375 0.5610 
        D978  2 0.0379 0.1735 0.1237 0.3313 0.0530 0.0393 0.0238 0.1364 0.0219 0.0590 
        D009  4 0.0129 0.0318 0.0586 0.0252 0.6835 0.0208 0.0983 0.0289 0.0284 0.0116 
        D057  4 0.0231 0.0159 0.0298 0.0297 0.6978 0.0214 0.0248 0.0216 0.0096 0.1262 
        D109  4 0.0283 0.0194 0.0703 0.0206 0.0318 0.0276 0.0201 0.0184 0.7479 0.0156 
     D237222  4 0.0205 0.0206 0.0706 0.0233 0.4705 0.1001 0.0800 0.1764 0.0124 0.0256 
     D237223  4 0.0314 0.0131 0.0418 0.0260 0.0145 0.0461 0.7388 0.0195 0.0220 0.0468 
     D237224  4 0.1472 0.3485 0.0885 0.1314 0.0491 0.0304 0.0326 0.0869 0.0269 0.0584 
     D237225  4 0.0195 0.0654 0.1616 0.0663 0.3435 0.0356 0.2182 0.0241 0.0309 0.0349 
     D237299  4 0.0384 0.0223 0.2182 0.0684 0.0153 0.0324 0.1679 0.0204 0.3938 0.0229 
     D237300  4 0.0274 0.0239 0.0708 0.6640 0.0222 0.0412 0.0429 0.0550 0.0325 0.0201 
     D237306  4 0.0397 0.0191 0.0346 0.0128 0.0154 0.1895 0.5988 0.0451 0.0293 0.0157 
     D237307  4 0.0164 0.3068 0.0841 0.0830 0.0863 0.2185 0.0443 0.0370 0.0572 0.0663 
     D237308  4 0.1083 0.0496 0.0993 0.0286 0.0660 0.0980 0.0627 0.2611 0.0351 0.1912 
     D237309  4 0.0406 0.0540 0.1447 0.0436 0.5966 0.0156 0.0389 0.0225 0.0242 0.0194 
     D237317  4 0.0168 0.3236 0.2315 0.0554 0.1503 0.1127 0.0377 0.0254 0.0207 0.0258 
     D237318  4 0.0144 0.0296 0.0510 0.7295 0.0115 0.0209 0.0223 0.0481 0.0227 0.0500 
     D237319  4 0.0211 0.2414 0.1264 0.0584 0.0335 0.0344 0.1346 0.1264 0.1954 0.0283 
     D237320  4 0.0148 0.0170 0.0324 0.0396 0.0229 0.0129 0.7900 0.0296 0.0194 0.0214 
     D237321  4 0.0215 0.0919 0.0933 0.4633 0.0383 0.0359 0.0209 0.1515 0.0642 0.0192 
     D237397  4 0.0142 0.0223 0.0541 0.0659 0.0504 0.1076 0.5535 0.0690 0.0237 0.0393 
     D237398  4 0.0538 0.0956 0.0487 0.6613 0.0168 0.0101 0.0285 0.0157 0.0213 0.0482 
     D237399  4 0.0201 0.0664 0.0868 0.3053 0.0448 0.1969 0.1631 0.0343 0.0373 0.0451 
     D244001  4 0.0287 0.0226 0.0540 0.0247 0.5630 0.0305 0.0446 0.1889 0.0103 0.0328 
        D289  4 0.1328 0.0586 0.0898 0.1062 0.0317 0.2982 0.1047 0.0733 0.0196 0.0850 
        D290  4 0.0303 0.0348 0.1672 0.3976 0.0651 0.0224 0.0882 0.1371 0.0266 0.0307 
        D294  4 0.1954 0.0619 0.2374 0.1431 0.1751 0.0325 0.0251 0.0635 0.0265 0.0396 
        D295  4 0.0343 0.0682 0.0677 0.0382 0.0546 0.0501 0.5250 0.0347 0.0991 0.0282 
        D301  4 0.0156 0.0404 0.0606 0.0580 0.3666 0.0553 0.0510 0.2955 0.0444 0.0126 
        D302  4 0.7257 0.0624 0.0530 0.0176 0.0547 0.0127 0.0280 0.0142 0.0133 0.0183 
        D303  4 0.1217 0.0203 0.0449 0.0277 0.0298 0.5329 0.0369 0.0837 0.0791 0.0231 
        D304  4 0.0244 0.0898 0.0620 0.5707 0.0696 0.0513 0.0353 0.0646 0.0145 0.0178 
        D305  4 0.1025 0.0418 0.4220 0.0359 0.1098 0.0119 0.0369 0.1898 0.0138 0.0356 
        D306  4 0.0170 0.0482 0.4085 0.0984 0.0285 0.0296 0.0822 0.2388 0.0327 0.0162 
        D307  4 0.0223 0.0121 0.0189 0.0274 0.8301 0.0348 0.0110 0.0135 0.0192 0.0105 
        D327  4 0.0212 0.5584 0.0660 0.0521 0.0367 0.0319 0.1072 0.0319 0.0398 0.0548 
        D328  4 0.4342 0.0307 0.0511 0.0250 0.0312 0.1404 0.1361 0.0888 0.0465 0.0159 
        D329  4 0.1826 0.0451 0.1871 0.0915 0.2169 0.0461 0.0210 0.1585 0.0298 0.0214 
        D330  4 0.0492 0.1057 0.1951 0.0166 0.0620 0.0145 0.4092 0.0560 0.0462 0.0455 
        D331  4 0.0267 0.1883 0.0999 0.3753 0.0424 0.0840 0.0245 0.0638 0.0599 0.0351 
        D333  4 0.0614 0.0367 0.0824 0.0779 0.3129 0.0678 0.1801 0.0939 0.0374 0.0495 
        D334  4 0.0460 0.0234 0.0594 0.0543 0.1364 0.5834 0.0371 0.0123 0.0195 0.0281 
        D335  4 0.1550 0.3308 0.0661 0.0192 0.0939 0.0239 0.0460 0.0316 0.0246 0.2089 
        D370  4 0.0935 0.0899 0.1077 0.0296 0.0696 0.0596 0.0287 0.3998 0.1045 0.0171 
        D371  4 0.1002 0.1694 0.0751 0.0183 0.0165 0.3215 0.0305 0.1817 0.0547 0.0320 
        D372  4 0.0119 0.0137 0.0625 0.6550 0.0124 0.0266 0.0158 0.1759 0.0161 0.0101 
        D373  4 0.0251 0.0367 0.0338 0.0293 0.7943 0.0103 0.0118 0.0263 0.0148 0.0175 
        D455  4 0.0207 0.0133 0.0136 0.0367 0.8464 0.0155 0.0119 0.0153 0.0110 0.0155 
        D490  4 0.0116 0.0111 0.0169 0.0099 0.8634 0.0153 0.0347 0.0108 0.0183 0.0080 
        D497  4 0.0261 0.0131 0.0283 0.0247 0.8098 0.0157 0.0271 0.0147 0.0282 0.0122 
        D498  4 0.0238 0.0844 0.1041 0.2192 0.0489 0.1421 0.0492 0.1291 0.1611 0.0381 
        D499  4 0.1674 0.0439 0.1589 0.0281 0.0151 0.0388 0.0409 0.0764 0.3491 0.0815 
        D514  4 0.1645 0.1798 0.1670 0.0758 0.0969 0.0100 0.0798 0.0594 0.1404 0.0264 
        D515  4 0.0339 0.0138 0.0276 0.0119 0.0226 0.0144 0.8237 0.0140 0.0206 0.0175 
        D516  4 0.0160 0.0817 0.1099 0.0403 0.0558 0.0782 0.3643 0.0542 0.0997 0.0999 
        D517  4 0.0144 0.0261 0.0940 0.0650 0.6867 0.0141 0.0432 0.0251 0.0170 0.0144 
        D518  4 0.0446 0.0355 0.0447 0.0135 0.5638 0.0570 0.0500 0.0898 0.0176 0.0835 
        D519  4 0.0132 0.0152 0.0163 0.0190 0.0143 0.0137 0.8505 0.0164 0.0266 0.0147 
        D560  4 0.0286 0.0724 0.0559 0.0257 0.0205 0.0124 0.6965 0.0364 0.0250 0.0266 
        D561  4 0.0216 0.0565 0.5252 0.0181 0.1332 0.0109 0.0438 0.0166 0.0851 0.0889 
        D562  4 0.0736 0.1015 0.1408 0.1101 0.1673 0.0486 0.0362 0.2171 0.0422 0.0626 
        D563  4 0.2179 0.0364 0.1454 0.0478 0.0912 0.0148 0.0270 0.0746 0.0605 0.2844 
        D572  4 0.3807 0.0560 0.0810 0.0236 0.2089 0.0424 0.0455 0.0522 0.0207 0.0889 
        D629  4 0.1745 0.3864 0.0878 0.0989 0.1121 0.0194 0.0378 0.0151 0.0322 0.0356 
        D630  4 0.0632 0.0575 0.0973 0.0631 0.1561 0.0472 0.3909 0.0633 0.0249 0.0366 
        D631  4 0.1940 0.0229 0.0954 0.0491 0.3313 0.0180 0.0589 0.0415 0.0338 0.1552 
        D632  4 0.3399 0.0997 0.0646 0.0127 0.1965 0.0137 0.0148 0.1076 0.0734 0.0770 
        D646  4 0.0105 0.0225 0.0416 0.0184 0.0180 0.0160 0.7976 0.0273 0.0133 0.0348 
        D647  4 0.0401 0.1799 0.0779 0.0413 0.0695 0.0104 0.3636 0.0931 0.0360 0.0881 
        D648  4 0.5474 0.0197 0.0585 0.0117 0.0330 0.0551 0.0610 0.1741 0.0211 0.0184 
        D649  4 0.2568 0.2209 0.0868 0.0219 0.0979 0.0172 0.0247 0.0157 0.2358 0.0223 
        D650  4 0.0526 0.2320 0.0792 0.0386 0.1422 0.0967 0.0976 0.0100 0.1460 0.1052 
        D708  4 0.1894 0.1308 0.1569 0.0506 0.0528 0.1346 0.0934 0.0935 0.0816 0.0162 
        D709  4 0.0493 0.0959 0.2711 0.0573 0.0309 0.0368 0.1473 0.1230 0.1565 0.0319 
        D738  4 0.0134 0.0231 0.0305 0.0242 0.0372 0.4321 0.3812 0.0164 0.0252 0.0166 
        D739  4 0.0366 0.0291 0.1171 0.0852 0.4116 0.0351 0.0923 0.1267 0.0460 0.0203 
        D740  4 0.0580 0.0344 0.2270 0.1537 0.0852 0.1767 0.0460 0.0285 0.1578 0.0327 
        D741  4 0.0148 0.0149 0.0276 0.0134 0.0100 0.0102 0.7453 0.0111 0.0278 0.1248 
        D742  4 0.0435 0.0250 0.1178 0.0535 0.0752 0.0578 0.1233 0.0301 0.0645 0.4094 
        D743  4 0.2552 0.2843 0.0664 0.0398 0.0421 0.0274 0.0699 0.0265 0.0215 0.1669 
        D744  4 0.7631 0.0310 0.0268 0.0223 0.0178 0.0149 0.0251 0.0168 0.0170 0.0652 
        D745  4 0.0366 0.0130 0.0162 0.0196 0.0172 0.0189 0.8321 0.0131 0.0203 0.0130 
        D814  4 0.0384 0.0290 0.1284 0.0489 0.0421 0.0176 0.2667 0.3862 0.0118 0.0309 
        D815  4 0.3582 0.1244 0.1112 0.0703 0.0363 0.0366 0.1069 0.0546 0.0416 0.0598 
        D828  4 0.0996 0.0166 0.0855 0.0403 0.0287 0.0912 0.0366 0.5441 0.0379 0.0195 
        D845  4 0.0135 0.0210 0.0229 0.7709 0.0119 0.0370 0.0237 0.0078 0.0121 0.0795 
        D846  4 0.0427 0.2498 0.1203 0.0675 0.3309 0.0102 0.0335 0.0682 0.0152 0.0617 
        D847  4 0.0271 0.0609 0.0959 0.3635 0.2308 0.0520 0.0368 0.0175 0.0733 0.0421 
        D848  4 0.0142 0.0098 0.0219 0.0771 0.8023 0.0112 0.0065 0.0162 0.0088 0.0320 
        D849  4 0.0212 0.0285 0.1078 0.0304 0.1894 0.0183 0.4635 0.0354 0.0562 0.0492 
        D850  4 0.0373 0.0816 0.2640 0.1670 0.0685 0.0604 0.1455 0.0202 0.0311 0.1245 
        D856  4 0.0354 0.0906 0.2216 0.0483 0.0296 0.0313 0.0344 0.0280 0.4493 0.0315 
        D857  4 0.0216 0.0116 0.0489 0.0163 0.0279 0.0256 0.0236 0.2766 0.5319 0.0161 
        D859  4 0.2044 0.0945 0.1225 0.0506 0.0497 0.0211 0.2828 0.1097 0.0268 0.0379 
        D860  4 0.0414 0.0742 0.0689 0.1385 0.0319 0.4909 0.0129 0.0507 0.0129 0.0776 
        D883  4 0.0662 0.0618 0.0810 0.0578 0.3689 0.0463 0.1546 0.0490 0.0941 0.0203 
        D884  4 0.0272 0.0121 0.0130 0.0101 0.0148 0.0196 0.8539 0.0150 0.0210 0.0131 
        D885  4 0.0350 0.0607 0.1744 0.0684 0.1047 0.0202 0.1359 0.0090 0.0658 0.3259 
        D886  4 0.0258 0.1610 0.1071 0.0678 0.2870 0.0254 0.1037 0.0984 0.0690 0.0548 
        D887  4 0.2380 0.0924 0.1207 0.1750 0.0676 0.0333 0.0535 0.0500 0.1306 0.0389 
        D889  4 0.0342 0.0262 0.0366 0.7441 0.0183 0.0120 0.0797 0.0290 0.0108 0.0092 
        D890  4 0.2290 0.0997 0.1233 0.0521 0.1121 0.0595 0.0231 0.0825 0.1819 0.0368 
        D891  4 0.0091 0.0155 0.0105 0.9149 0.0057 0.0101 0.0084 0.0075 0.0072 0.0113 
        D899  4 0.0792 0.0199 0.1247 0.1147 0.0752 0.0872 0.0428 0.1523 0.0329 0.2710 
        D900  4 0.0681 0.1363 0.1800 0.1750 0.1660 0.0452 0.0656 0.0406 0.0610 0.0622 
        D970  4 0.0483 0.1496 0.0708 0.1570 0.4190 0.0366 0.0171 0.0430 0.0186 0.0400 
        D971  4 0.0595 0.1212 0.0867 0.0221 0.0233 0.0578 0.0138 0.0700 0.0500 0.4955 
        D979  4 0.0529 0.5626 0.0571 0.0218 0.0562 0.0237 0.0372 0.0199 0.0142 0.1545 
        D093  5 0.0296 0.0260 0.0379 0.0427 0.0448 0.6154 0.1183 0.0226 0.0430 0.0196 
        D154  5 0.0309 0.0398 0.2181 0.0570 0.0406 0.0261 0.3082 0.0424 0.0535 0.1833 
        D168  5 0.0345 0.0738 0.1824 0.0616 0.0647 0.0208 0.1853 0.1034 0.0913 0.1822 
        D189  5 0.0346 0.0311 0.0789 0.1945 0.0384 0.3471 0.1567 0.0517 0.0254 0.0415 
        D190  5 0.0485 0.0588 0.0309 0.0221 0.0205 0.6762 0.0411 0.0308 0.0391 0.0319 
     D237220  5 0.0233 0.0256 0.0722 0.5313 0.0871 0.0952 0.0539 0.0245 0.0639 0.0229 
     D237221  5 0.0340 0.1090 0.0693 0.1651 0.0484 0.3040 0.0482 0.0368 0.0603 0.1249 
     D237274  5 0.0794 0.5547 0.0806 0.0199 0.0162 0.0148 0.1181 0.0414 0.0201 0.0547 
     D237275  5 0.0155 0.0187 0.0962 0.0830 0.0283 0.0310 0.0249 0.2977 0.0780 0.3266 
     D237276  5 0.0413 0.0293 0.0655 0.0315 0.0420 0.2198 0.4357 0.0292 0.0678 0.0379 
     D237277  5 0.0835 0.0432 0.0384 0.1145 0.0195 0.5627 0.0241 0.0250 0.0526 0.0367 
     D237278  5 0.0948 0.0393 0.1384 0.0350 0.0850 0.0751 0.0187 0.0839 0.2174 0.2123 
     D237279  5 0.0956 0.0424 0.1609 0.0317 0.0476 0.0146 0.0248 0.0127 0.5478 0.0219 
     D237280  5 0.0534 0.2935 0.1285 0.0336 0.1425 0.0910 0.0221 0.0301 0.1940 0.0114 
     D237281  5 0.0198 0.0656 0.2222 0.1616 0.0171 0.0330 0.1115 0.1037 0.0297 0.2358 
     D237351  5 0.0192 0.0211 0.0209 0.0185 0.0319 0.0573 0.0570 0.0114 0.7463 0.0164 
     D237352  5 0.0812 0.0928 0.0462 0.0196 0.4526 0.0386 0.0411 0.0375 0.0239 0.1665 
     D237353  5 0.0369 0.0685 0.0235 0.0311 0.0101 0.7496 0.0130 0.0206 0.0303 0.0164 
     D237359  5 0.0210 0.0497 0.0730 0.6050 0.0598 0.0549 0.0506 0.0236 0.0410 0.0213 
     D237361  5 0.0186 0.0237 0.0325 0.0441 0.0119 0.7533 0.0271 0.0178 0.0527 0.0183 
     D237362  5 0.0422 0.3164 0.0967 0.0248 0.0684 0.0841 0.1190 0.0219 0.1563 0.0703 
     D237363  5 0.0128 0.2825 0.3643 0.0517 0.0158 0.0344 0.0412 0.0673 0.0745 0.0553 
     D237364  5 0.0636 0.0680 0.1049 0.0408 0.3750 0.0117 0.0880 0.0267 0.1002 0.1211 
     D237376  5 0.5302 0.0103 0.0413 0.0275 0.0174 0.0764 0.0534 0.1928 0.0323 0.0183 
     D237377  5 0.0555 0.1638 0.1123 0.0298 0.0808 0.0863 0.0245 0.0240 0.3885 0.0344 
     D237378  5 0.1105 0.0155 0.0541 0.0409 0.0848 0.2583 0.0461 0.3438 0.0264 0.0196 
     D237379  5 0.3101 0.0522 0.1636 0.0460 0.0544 0.1361 0.0577 0.0711 0.0627 0.0461 
     D237380  5 0.1582 0.0923 0.1261 0.0141 0.0367 0.0588 0.0243 0.2044 0.2764 0.0087 
     D237381  5 0.0363 0.1037 0.1065 0.0397 0.2627 0.0694 0.0365 0.2674 0.0523 0.0255 
     D237391  5 0.0243 0.0252 0.0270 0.0383 0.0192 0.7763 0.0300 0.0099 0.0364 0.0135 
     D237392  5 0.1278 0.2528 0.1058 0.0191 0.0138 0.0174 0.1219 0.0611 0.0654 0.2149 
     D237393  5 0.0416 0.1885 0.1409 0.0540 0.0930 0.1679 0.0630 0.1487 0.0596 0.0428 
     D237394  5 0.0322 0.0265 0.0164 0.0211 0.0137 0.8408 0.0117 0.0087 0.0162 0.0126 
     D237395  5 0.0368 0.0352 0.0971 0.1035 0.0745 0.3464 0.1004 0.0612 0.1202 0.0246 
     D237396  5 0.0444 0.2026 0.1334 0.0508 0.1654 0.1398 0.0242 0.0140 0.0708 0.1545 
     D244016  5 0.3048 0.0645 0.1717 0.0596 0.0158 0.1552 0.0194 0.0195 0.0742 0.1153 
     D244018  5 0.0150 0.0193 0.0896 0.0945 0.2357 0.1212 0.0485 0.0274 0.0310 0.3178 
     D244019  5 0.0266 0.5362 0.0930 0.0471 0.0189 0.0460 0.0385 0.0557 0.0272 0.1107 
        D279  5 0.0373 0.0388 0.1251 0.2761 0.0925 0.0838 0.1371 0.0152 0.0660 0.1281 
        D280  5 0.0471 0.0656 0.1848 0.3927 0.1161 0.0737 0.0216 0.0340 0.0473 0.0172 
        D281  5 0.0204 0.0163 0.1299 0.5353 0.0164 0.0459 0.0799 0.0236 0.0230 0.1093 
        D283  5 0.0247 0.1350 0.1161 0.2410 0.1111 0.2387 0.0447 0.0208 0.0404 0.0275 
        D284  5 0.0563 0.0439 0.1647 0.1098 0.0946 0.0321 0.1047 0.0217 0.3111 0.0611 
        D285  5 0.0423 0.0474 0.0801 0.4773 0.0262 0.1966 0.0427 0.0195 0.0475 0.0203 
        D286  5 0.1331 0.0793 0.1011 0.0583 0.1113 0.2273 0.1694 0.0497 0.0394 0.0310 
        D287  5 0.5388 0.0212 0.0682 0.0263 0.0230 0.0704 0.0352 0.1351 0.0706 0.0112 
        D288  5 0.0175 0.2794 0.1324 0.4096 0.0323 0.0383 0.0251 0.0254 0.0204 0.0194 
        D308  5 0.0244 0.1026 0.0396 0.0176 0.0110 0.0276 0.0207 0.0153 0.7218 0.0194 
        D309  5 0.8769 0.0166 0.0154 0.0111 0.0206 0.0141 0.0117 0.0097 0.0099 0.0140 
        D310  5 0.0099 0.0190 0.1097 0.0424 0.0143 0.7246 0.0235 0.0274 0.0194 0.0098 
        D311  5 0.0378 0.3203 0.1223 0.0301 0.0484 0.0941 0.1913 0.0507 0.0465 0.0585 
        D312  5 0.2400 0.0750 0.1305 0.0477 0.1251 0.0809 0.0943 0.0942 0.0803 0.0320 
        D313  5 0.0082 0.0125 0.0167 0.0087 0.3461 0.0383 0.0138 0.0112 0.5359 0.0086 
        D314  5 0.1456 0.0301 0.2041 0.0475 0.1075 0.0705 0.1879 0.0439 0.0993 0.0636 
        D315  5 0.0746 0.1663 0.1166 0.0329 0.0542 0.0978 0.0316 0.3284 0.0749 0.0226 
        D317  5 0.0089 0.0270 0.0312 0.0170 0.0368 0.7387 0.0670 0.0422 0.0164 0.0147 
        D318  5 0.1716 0.1435 0.1987 0.0906 0.0421 0.0449 0.0942 0.0548 0.0741 0.0855 
        D319  5 0.0139 0.0107 0.0144 0.0148 0.0106 0.8490 0.0379 0.0105 0.0208 0.0173 
        D320  5 0.0763 0.0243 0.0506 0.0861 0.0193 0.6551 0.0249 0.0234 0.0272 0.0128 
        D321  5 0.0105 0.1082 0.0330 0.1401 0.0135 0.0266 0.0215 0.0094 0.6265 0.0108 
        D336  5 0.0457 0.0214 0.0945 0.0210 0.0323 0.6445 0.0427 0.0639 0.0228 0.0112 
        D337  5 0.0214 0.0245 0.0276 0.0480 0.0132 0.7702 0.0211 0.0329 0.0148 0.0263 
        D338  5 0.0246 0.0868 0.1286 0.1270 0.1472 0.1045 0.0618 0.0128 0.2303 0.0765 
        D339  5 0.0108 0.0303 0.0457 0.0222 0.0179 0.7109 0.0376 0.0727 0.0322 0.0197 
        D347  5 0.0172 0.0950 0.0533 0.0450 0.0226 0.0287 0.0522 0.6645 0.0090 0.0124 
        D348  5 0.0296 0.0449 0.0648 0.0223 0.0268 0.5359 0.0276 0.2170 0.0102 0.0209 
        D349  5 0.0213 0.0252 0.0170 0.0195 0.0153 0.0276 0.0111 0.0124 0.8372 0.0135 
        D350  5 0.8856 0.0094 0.0126 0.0117 0.0150 0.0143 0.0168 0.0118 0.0128 0.0101 
        D355  5 0.0297 0.0296 0.0967 0.1505 0.0144 0.0185 0.2051 0.0217 0.0247 0.4091 
        D356  5 0.0777 0.1485 0.1498 0.1011 0.1071 0.2197 0.0445 0.0525 0.0782 0.0208 
        D357  5 0.0616 0.0988 0.1858 0.1078 0.0354 0.0191 0.0628 0.3666 0.0436 0.0185 
        D358  5 0.3422 0.0325 0.1165 0.0350 0.0462 0.2273 0.0355 0.0686 0.0695 0.0266 
        D359  5 0.0327 0.3923 0.0998 0.0363 0.0239 0.2617 0.0883 0.0194 0.0310 0.0146 
        D360  5 0.0481 0.0822 0.0908 0.1611 0.0838 0.4004 0.0357 0.0333 0.0433 0.0213 
        D361  5 0.0084 0.0138 0.0144 0.0104 0.0167 0.0199 0.0166 0.0300 0.8594 0.0104 
        D366  5 0.0254 0.0958 0.0434 0.0146 0.0255 0.0241 0.0245 0.0204 0.0381 0.6882 
        D367  5 0.0409 0.0231 0.1733 0.0622 0.0761 0.3187 0.1214 0.0296 0.1348 0.0200 
        D368  5 0.0175 0.0941 0.0844 0.0237 0.0204 0.0430 0.0515 0.0161 0.6359 0.0133 
        D380  5 0.7438 0.0422 0.0506 0.0253 0.0303 0.0223 0.0180 0.0121 0.0216 0.0338 
        D381  5 0.0154 0.0906 0.2102 0.0778 0.0488 0.4100 0.0482 0.0330 0.0237 0.0423 
        D400  5 0.0233 0.0538 0.1063 0.0973 0.1020 0.1949 0.2003 0.1506 0.0241 0.0473 
        D411  5 0.0270 0.0188 0.0771 0.0127 0.2993 0.0082 0.1037 0.1204 0.3153 0.0177 
        D412  5 0.0114 0.0565 0.1304 0.0334 0.0711 0.0706 0.0248 0.5668 0.0139 0.0211 
        D413  5 0.0646 0.0513 0.0997 0.0306 0.0282 0.0222 0.0172 0.0290 0.0676 0.5897 
        D414  5 0.7070 0.0202 0.0586 0.0235 0.0121 0.0161 0.0632 0.0236 0.0174 0.0583 
        D420  5 0.0226 0.0364 0.0908 0.5719 0.1375 0.0245 0.0200 0.0307 0.0479 0.0179 
        D431  5 0.6505 0.0158 0.0380 0.0614 0.0139 0.0150 0.0212 0.0767 0.0976 0.0098 
        D432  5 0.0707 0.0405 0.1170 0.0712 0.1912 0.1901 0.0398 0.2261 0.0331 0.0203 
        D433  5 0.0236 0.0800 0.0928 0.0730 0.0247 0.4911 0.0501 0.0532 0.0768 0.0346 
        D434  5 0.0233 0.0692 0.1626 0.1455 0.0962 0.3215 0.0722 0.0455 0.0404 0.0236 
        D440  5 0.8058 0.0162 0.0266 0.0169 0.0353 0.0198 0.0258 0.0107 0.0233 0.0196 
        D447  5 0.0913 0.1026 0.1585 0.0410 0.0331 0.0179 0.3242 0.1579 0.0239 0.0497 
        D448  5 0.0225 0.0241 0.0582 0.0234 0.0249 0.1204 0.1218 0.5773 0.0156 0.0119 
        D459  5 0.0213 0.0153 0.0425 0.1185 0.0140 0.0189 0.1210 0.0192 0.0113 0.6181 
        D460  5 0.0183 0.0533 0.0197 0.0137 0.0135 0.0289 0.0162 0.0114 0.8064 0.0187 
        D461  5 0.8568 0.0271 0.0147 0.0164 0.0199 0.0136 0.0175 0.0091 0.0118 0.0131 
        D468  5 0.0797 0.0648 0.0852 0.0153 0.0361 0.0438 0.1014 0.0357 0.5095 0.0284 
        D469  5 0.0997 0.1916 0.0892 0.0485 0.1652 0.0713 0.0781 0.0200 0.1888 0.0476 
        D470  5 0.0369 0.0392 0.0621 0.0145 0.0491 0.0330 0.5571 0.1816 0.0154 0.0111 
        D471  5 0.0493 0.0694 0.0488 0.0429 0.0159 0.4829 0.1549 0.0786 0.0254 0.0319 
        D472  5 0.0117 0.5771 0.0320 0.0690 0.0140 0.0218 0.0218 0.0150 0.0102 0.2273 
        D479  5 0.0294 0.0285 0.0171 0.0095 0.0154 0.0125 0.0135 0.8079 0.0125 0.0538 
        D485  5 0.6139 0.0242 0.0688 0.0337 0.0269 0.0217 0.0517 0.0999 0.0324 0.0266 
        D486  5 0.0647 0.0319 0.1007 0.0239 0.0845 0.0468 0.1251 0.0432 0.4152 0.0641 
        D487  5 0.0810 0.0391 0.1709 0.1593 0.0824 0.1993 0.0583 0.1598 0.0241 0.0258 
        D555  5 0.0160 0.0146 0.0227 0.0310 0.0115 0.8197 0.0112 0.0264 0.0155 0.0314 
        D556  5 0.5269 0.0384 0.0568 0.1833 0.0382 0.0329 0.0255 0.0162 0.0635 0.0184 
        D557  5 0.0370 0.0258 0.0369 0.0123 0.0275 0.7225 0.0185 0.0347 0.0294 0.0555 
        D564  5 0.3773 0.1318 0.1024 0.0150 0.0297 0.0895 0.0209 0.0790 0.1286 0.0258 
        D594  5 0.0251 0.1405 0.2427 0.0375 0.1126 0.0475 0.0737 0.2520 0.0194 0.0489 
        D595  5 0.0870 0.1128 0.1312 0.0392 0.0353 0.2176 0.0855 0.0985 0.1419 0.0510 
        D596  5 0.0123 0.0269 0.0242 0.0193 0.0218 0.7865 0.0096 0.0679 0.0174 0.0141 
        D597  5 0.0266 0.0387 0.0589 0.2152 0.0200 0.2112 0.0471 0.0352 0.0110 0.3361 
        D598  5 0.1713 0.0693 0.1049 0.0597 0.1589 0.1920 0.0669 0.1046 0.0392 0.0331 
        D617  5 0.0140 0.0228 0.0578 0.0167 0.1050 0.0113 0.0953 0.6225 0.0345 0.0199 
        D618  5 0.0438 0.1029 0.0427 0.1160 0.0196 0.5469 0.0347 0.0279 0.0378 0.0277 
        D619  5 0.0490 0.2197 0.1426 0.0268 0.0136 0.0552 0.0285 0.2928 0.1480 0.0238 
        D620  5 0.0157 0.0478 0.0415 0.0484 0.0332 0.0282 0.0350 0.0405 0.0172 0.6923 
        D628  5 0.8309 0.0161 0.0203 0.0155 0.0181 0.0275 0.0168 0.0253 0.0161 0.0135 
        D714  5 0.5003 0.0176 0.0823 0.1527 0.0434 0.0614 0.0321 0.0460 0.0327 0.0315 
        D715  5 0.0396 0.1001 0.0384 0.0595 0.0159 0.6383 0.0203 0.0155 0.0300 0.0422 
        D716  5 0.0338 0.0866 0.0974 0.0774 0.0491 0.0229 0.1177 0.4608 0.0141 0.0401 
        D717  5 0.1396 0.1298 0.0912 0.1951 0.0506 0.2168 0.0245 0.0117 0.0391 0.1015 
        D718  5 0.0750 0.0102 0.1938 0.0460 0.0319 0.0521 0.2211 0.1851 0.1660 0.0189 
        D769  5 0.0147 0.0172 0.0571 0.0150 0.1414 0.0155 0.2298 0.4858 0.0115 0.0120 
        D770  5 0.6015 0.0247 0.0567 0.0271 0.0192 0.0232 0.0429 0.0387 0.0475 0.1186 
        D771  5 0.1812 0.0544 0.1482 0.1309 0.0960 0.0404 0.0502 0.2133 0.0482 0.0373 
        D772  5 0.7174 0.0272 0.0436 0.0336 0.0450 0.0508 0.0279 0.0123 0.0200 0.0222 
        D782  5 0.0391 0.0226 0.2233 0.2662 0.0451 0.0281 0.0256 0.0241 0.2824 0.0435 
        D783  5 0.2889 0.0367 0.1484 0.0433 0.0253 0.1062 0.0512 0.0377 0.0199 0.2424 
        D784  5 0.1869 0.3319 0.0753 0.1553 0.0393 0.0562 0.0235 0.0150 0.0287 0.0879 
        D785  5 0.1434 0.0600 0.0343 0.0205 0.0237 0.5481 0.0216 0.0187 0.1129 0.0168 
        D786  5 0.0690 0.1301 0.0759 0.0186 0.3618 0.0188 0.0468 0.0665 0.0398 0.1729 
        D821  5 0.0249 0.0155 0.0104 0.0315 0.0069 0.8566 0.0112 0.0098 0.0206 0.0126 
        D822  5 0.0519 0.3188 0.1344 0.1052 0.0259 0.0592 0.0725 0.0609 0.0512 0.1201 
        D826  5 0.0735 0.0301 0.1218 0.0922 0.0584 0.2603 0.0882 0.0204 0.0854 0.1698 
        D827  5 0.0438 0.2192 0.1311 0.0308 0.0235 0.0173 0.3687 0.0266 0.0187 0.1204 
        D851  5 0.1140 0.1523 0.3280 0.0323 0.0878 0.0630 0.0335 0.0572 0.1056 0.0263 
        D852  5 0.2590 0.0295 0.1203 0.1683 0.0446 0.1075 0.0548 0.1636 0.0251 0.0274 
        D853  5 0.0272 0.0580 0.0919 0.2395 0.0418 0.3015 0.1065 0.0388 0.0538 0.0411 
        D854  5 0.0438 0.1939 0.0972 0.0516 0.0244 0.0107 0.2618 0.0997 0.1695 0.0475 
        D861  5 0.0311 0.0725 0.1729 0.0429 0.0309 0.0924 0.2383 0.1092 0.1626 0.0473 
        D862  5 0.0514 0.2204 0.1245 0.0500 0.0556 0.1734 0.1770 0.0219 0.0432 0.0827 
        D865  5 0.0699 0.0265 0.0830 0.0429 0.0306 0.4171 0.0267 0.1765 0.1050 0.0219 
        D868  5 0.0308 0.1631 0.1136 0.1424 0.0541 0.1596 0.1968 0.0259 0.0411 0.0726 
        D869  5 0.0213 0.0270 0.0478 0.0161 0.4787 0.0182 0.0922 0.0484 0.2140 0.0362 
        D870  5 0.0168 0.0723 0.6951 0.0123 0.0350 0.0105 0.0164 0.0204 0.0549 0.0663 
        D907  5 0.0165 0.0227 0.0883 0.0392 0.0630 0.5035 0.0639 0.1615 0.0301 0.0111 
        D908  5 0.1514 0.0437 0.0798 0.1515 0.0396 0.1325 0.0189 0.2963 0.0654 0.0210 
        D910  5 0.0245 0.0861 0.0942 0.0579 0.0189 0.1844 0.1783 0.1601 0.0402 0.1555 
        D911  5 0.0103 0.0158 0.0590 0.2879 0.0121 0.0224 0.1788 0.0143 0.0114 0.3880 
        D934  5 0.4509 0.1213 0.1052 0.0524 0.0266 0.0240 0.0267 0.1083 0.0588 0.0257 
        D946  5 0.5715 0.0472 0.0672 0.0383 0.0213 0.0211 0.0319 0.0955 0.0936 0.0124 
        D947  5 0.1650 0.0817 0.1239 0.2694 0.1093 0.0184 0.0819 0.0256 0.0975 0.0273 
        D948  5 0.0151 0.0444 0.0274 0.0278 0.0218 0.1168 0.0108 0.0159 0.7040 0.0161 
        D949  5 0.0196 0.0275 0.0210 0.0166 0.0257 0.0390 0.0240 0.0116 0.8001 0.0149 
        D950  5 0.0359 0.0363 0.0982 0.2842 0.0211 0.0230 0.1144 0.0222 0.0194 0.3452 
        D951  5 0.0777 0.2562 0.3095 0.0213 0.0802 0.0196 0.0399 0.0635 0.0673 0.0649 
        D952  5 0.0151 0.5752 0.0584 0.0819 0.0689 0.0460 0.0728 0.0254 0.0163 0.0400 
        D953  5 0.0528 0.0840 0.0846 0.0710 0.0204 0.5586 0.0234 0.0390 0.0488 0.0175 
        D954  5 0.0208 0.7516 0.0286 0.0175 0.0119 0.0562 0.0124 0.0151 0.0630 0.0229 
        D961  5 0.6952 0.0204 0.0477 0.0180 0.0130 0.0308 0.0353 0.0946 0.0320 0.0130 
        D962  5 0.6134 0.0372 0.0419 0.0223 0.0257 0.1460 0.0191 0.0339 0.0489 0.0115 
        D963  5 0.1955 0.1197 0.0710 0.1197 0.0272 0.2956 0.0477 0.0245 0.0223 0.0768 
        D964  5 0.3191 0.0509 0.1273 0.0974 0.0499 0.0353 0.0398 0.0412 0.2150 0.0242 
        D965  5 0.3562 0.0743 0.1350 0.0297 0.0845 0.0449 0.0423 0.1372 0.0266 0.0692 
        D966  5 0.1038 0.2350 0.2068 0.1168 0.1024 0.0642 0.0253 0.0909 0.0195 0.0354 
        D967  5 0.0253 0.0502 0.1094 0.3372 0.0363 0.1612 0.0184 0.1023 0.0676 0.0920 
        D991  5 0.2680 0.0296 0.0914 0.0513 0.2714 0.0747 0.1034 0.0577 0.0332 0.0193 
        D132  8 0.0307 0.0157 0.0282 0.0197 0.7483 0.0307 0.0485 0.0123 0.0449 0.0210 
        D133  8 0.0169 0.0194 0.0478 0.0519 0.0454 0.0129 0.0934 0.3384 0.0149 0.3590 
        D200  8 0.0507 0.0167 0.1048 0.3475 0.0235 0.0173 0.1194 0.2570 0.0429 0.0204 
        D500  8 0.0137 0.0159 0.0323 0.0178 0.8038 0.0137 0.0303 0.0144 0.0484 0.0096 
        D614  8 0.0801 0.0366 0.0882 0.1599 0.0728 0.2682 0.1577 0.0391 0.0738 0.0236 
        D723  8 0.0145 0.0293 0.0402 0.0256 0.0436 0.0165 0.5950 0.0305 0.1362 0.0684 
        D888  8 0.0232 0.0225 0.0345 0.7987 0.0253 0.0165 0.0202 0.0182 0.0199 0.0209 
        D901  8 0.0312 0.0151 0.0659 0.0389 0.0166 0.0215 0.3274 0.0241 0.4453 0.0141 
        D902  8 0.0951 0.0150 0.0978 0.0300 0.0253 0.5125 0.0575 0.0193 0.1049 0.0427 
        D903  8 0.0526 0.3873 0.0774 0.0260 0.0817 0.0539 0.0243 0.0118 0.0288 0.2562 
        D904  8 0.1401 0.2757 0.0790 0.0521 0.2915 0.0222 0.0258 0.0512 0.0259 0.0367 
        D905  8 0.0259 0.0112 0.0251 0.7896 0.0184 0.0485 0.0175 0.0354 0.0149 0.0137 
        D906  8 0.0560 0.1176 0.2513 0.0999 0.0710 0.0283 0.0330 0.1225 0.0180 0.2025 
        D937  8 0.0170 0.0092 0.0396 0.0175 0.0103 0.7582 0.0261 0.0191 0.0852 0.0178 
        D943  8 0.0416 0.0345 0.1266 0.4603 0.1248 0.0262 0.0549 0.0346 0.0482 0.0484 
        D972  8 0.0152 0.0158 0.0446 0.0115 0.0234 0.0116 0.7542 0.0404 0.0509 0.0324 
        D973  8 0.0235 0.0816 0.0985 0.0264 0.0421 0.0289 0.2046 0.0225 0.3454 0.1265 
        D974  8 0.0281 0.0615 0.1116 0.0905 0.0503 0.0603 0.1365 0.1198 0.2218 0.1197 
        D975  8 0.0405 0.0177 0.1619 0.3222 0.0381 0.0409 0.1642 0.1401 0.0330 0.0415 
        D976  8 0.0870 0.0295 0.2520 0.1819 0.0437 0.0792 0.0661 0.0928 0.1400 0.0278 
        D142 10 0.1291 0.1159 0.1728 0.0488 0.0336 0.0404 0.0674 0.2598 0.0417 0.0905 
        D143 10 0.0254 0.0150 0.0473 0.0172 0.0427 0.0545 0.0203 0.1519 0.0345 0.5912 
        D144 10 0.3567 0.0660 0.1625 0.0904 0.0829 0.0533 0.0437 0.0325 0.0641 0.0481 
        D145 10 0.0527 0.0207 0.0613 0.6625 0.0654 0.0209 0.0540 0.0185 0.0235 0.0204 
        D146 10 0.0873 0.0375 0.1856 0.0139 0.0851 0.0234 0.2335 0.0521 0.2565 0.0251 
        D147 10 0.1189 0.0233 0.4551 0.0153 0.0120 0.0159 0.1658 0.0377 0.1104 0.0455 
        D148 10 0.2857 0.1211 0.2909 0.0202 0.0185 0.0277 0.0213 0.0200 0.1592 0.0354 
        D149 10 0.0405 0.0448 0.1577 0.2528 0.0223 0.0464 0.1422 0.1554 0.0311 0.1069 
        D151 10 0.0315 0.0270 0.5682 0.1059 0.0130 0.0537 0.0156 0.0271 0.1346 0.0234 
        D152 10 0.0365 0.0310 0.0748 0.1168 0.0133 0.0077 0.0141 0.5837 0.0262 0.0959 
        D153 10 0.0818 0.0581 0.1164 0.0371 0.2389 0.0324 0.2644 0.0200 0.1107 0.0402 
        D156 10 0.7851 0.0311 0.0249 0.0200 0.0115 0.0141 0.0485 0.0259 0.0164 0.0225 
        D157 10 0.0503 0.0489 0.0956 0.0286 0.1497 0.1353 0.0297 0.3004 0.1468 0.0147 
        D158 10 0.0405 0.0168 0.1137 0.1285 0.0288 0.0345 0.1793 0.0528 0.3919 0.0133 
        D159 10 0.0152 0.0296 0.0311 0.0209 0.0279 0.0276 0.0178 0.0203 0.0159 0.7936 
        D160 10 0.0106 0.0088 0.0117 0.6406 0.0083 0.2700 0.0138 0.0099 0.0176 0.0088 
        D161 10 0.0806 0.4004 0.1065 0.0475 0.0610 0.0551 0.0557 0.0332 0.0500 0.1100 
        D162 10 0.8137 0.0271 0.0297 0.0175 0.0156 0.0219 0.0205 0.0227 0.0112 0.0202 
        D169 10 0.0155 0.0462 0.1117 0.1628 0.5084 0.0292 0.0171 0.0177 0.0608 0.0306 
