        D023  2 0.0564 0.9119 0.0317 
        D130  2 0.6357 0.3364 0.0279 
        D131  2 0.4810 0.3333 0.1858 
        D163  2 0.6996 0.1617 0.1387 
        D164  2 0.2898 0.6922 0.0181 
        D165  2 0.1548 0.8178 0.0274 
        D166  2 0.7171 0.1646 0.1184 
        D167  2 0.0408 0.8738 0.0854 
        D192  2 0.0186 0.9425 0.0389 
        D193  2 0.5141 0.1150 0.3708 
        D206  2 0.5309 0.4209 0.0482 
        D207  2 0.1395 0.6560 0.2045 
        D208  2 0.1090 0.1563 0.7347 
        D209  2 0.0415 0.8939 0.0646 
        D210  2 0.0876 0.1551 0.7572 
     D229599  2 0.1930 0.3691 0.4380 
     D229600  2 0.1945 0.7552 0.0503 
     D237227  2 0.1852 0.1016 0.7132 
     D237228  2 0.6384 0.0469 0.3147 
     D237258  2 0.2832 0.4685 0.2483 
     D237310  2 0.8623 0.0483 0.0894 
     D237311  2 0.8167 0.1244 0.0590 
     D237312  2 0.8740 0.0505 0.0755 
     D237313  2 0.4970 0.2039 0.2991 
     D237322  2 0.2129 0.0922 0.6948 
     D237323  2 0.6251 0.0390 0.3359 
     D237324  2 0.1999 0.7461 0.0540 
     D237325  2 0.7838 0.1046 0.1116 
     D237326  2 0.5904 0.1945 0.2151 
     D237327  2 0.0579 0.2001 0.7420 
     D237337  2 0.9119 0.0270 0.0611 
     D237338  2 0.5555 0.2028 0.2417 
     D237339  2 0.0438 0.8862 0.0700 
     D237340  2 0.5060 0.1992 0.2947 
     D237389  2 0.9189 0.0511 0.0300 
     D237390  2 0.8278 0.0406 0.1316 
     D244017  2 0.0584 0.1956 0.7460 
     D244112  2 0.2185 0.7081 0.0734 
     D244118  2 0.0442 0.8991 0.0566 
     D244119  2 0.0542 0.4077 0.5381 
     D244120  2 0.3089 0.2360 0.4551 
     D244122  2 0.0946 0.8265 0.0788 
        D291  2 0.0592 0.1986 0.7422 
        D292  2 0.0779 0.2424 0.6797 
        D293  2 0.0224 0.9530 0.0247 
        D322  2 0.0231 0.9388 0.0381 
        D323  2 0.2292 0.5836 0.1872 
        D324  2 0.1655 0.3074 0.5271 
        D325  2 0.0824 0.8868 0.0308 
        D326  2 0.1933 0.4335 0.3732 
        D340  2 0.0233 0.9501 0.0267 
        D341  2 0.1414 0.7935 0.0651 
        D342  2 0.1393 0.7724 0.0882 
        D343  2 0.0171 0.9674 0.0155 
        D344  2 0.3952 0.5658 0.0390 
        D345  2 0.1333 0.7020 0.1647 
        D346  2 0.2458 0.3797 0.3745 
        D351  2 0.3451 0.3854 0.2694 
        D352  2 0.1266 0.6802 0.1932 
        D353  2 0.3448 0.5567 0.0985 
        D354  2 0.2557 0.6027 0.1415 
        D362  2 0.1938 0.5749 0.2313 
        D363  2 0.1375 0.6167 0.2459 
        D364  2 0.2350 0.6852 0.0798 
        D365  2 0.0225 0.9579 0.0196 
        D369  2 0.4082 0.2304 0.3614 
        D374  2 0.3428 0.1611 0.4960 
        D375  2 0.2539 0.6957 0.0504 
        D376  2 0.3500 0.2133 0.4368 
        D377  2 0.6455 0.2067 0.1478 
        D378  2 0.0209 0.9470 0.0321 
        D379  2 0.3606 0.4324 0.2069 
        D384  2 0.3378 0.3187 0.3434 
        D385  2 0.0292 0.9483 0.0225 
        D386  2 0.0773 0.8792 0.0435 
        D391  2 0.0242 0.9532 0.0226 
        D392  2 0.0455 0.8973 0.0572 
        D393  2 0.0795 0.7771 0.1434 
        D394  2 0.2411 0.3972 0.3617 
        D395  2 0.0476 0.9118 0.0406 
        D401  2 0.9380 0.0304 0.0316 
        D402  2 0.0249 0.9406 0.0345 
        D403  2 0.3137 0.6098 0.0765 
        D415  2 0.6279 0.3364 0.0358 
        D435  2 0.1373 0.8182 0.0444 
        D436  2 0.7031 0.2042 0.0927 
        D438  2 0.0337 0.9474 0.0188 
        D439  2 0.0393 0.8997 0.0611 
        D449  2 0.2328 0.7365 0.0307 
        D450  2 0.5536 0.1860 0.2604 
        D456  2 0.2577 0.4714 0.2708 
        D462  2 0.0184 0.9630 0.0187 
        D463  2 0.2522 0.4155 0.3323 
        D464  2 0.2272 0.7018 0.0710 
        D465  2 0.3786 0.5906 0.0308 
        D473  2 0.3566 0.1797 0.4637 
        D474  2 0.1020 0.3797 0.5183 
        D476  2 0.1328 0.8416 0.0256 
        D477  2 0.1927 0.4792 0.3281 
        D478  2 0.0795 0.4448 0.4757 
        D480  2 0.0685 0.7715 0.1600 
        D481  2 0.0405 0.4030 0.5565 
        D482  2 0.1815 0.1047 0.7138 
        D483  2 0.0193 0.9120 0.0686 
        D484  2 0.1028 0.6432 0.2540 
        D510  2 0.1535 0.0570 0.7894 
        D511  2 0.0459 0.8955 0.0586 
        D512  2 0.8222 0.1492 0.0287 
        D513  2 0.2712 0.6356 0.0932 
        D635  2 0.0771 0.8249 0.0981 
        D636  2 0.2954 0.6588 0.0458 
        D637  2 0.4361 0.4630 0.1009 
        D658  2 0.2004 0.7025 0.0971 
        D659  2 0.4668 0.2601 0.2731 
        D677  2 0.7152 0.1780 0.1068 
        D678  2 0.0653 0.8688 0.0658 
        D679  2 0.2212 0.4114 0.3674 
        D719  2 0.1431 0.4019 0.4550 
        D720  2 0.2323 0.3659 0.4018 
        D721  2 0.0432 0.9143 0.0425 
        D722  2 0.3620 0.2639 0.3742 
        D734  2 0.1205 0.5340 0.3455 
        D735  2 0.1118 0.7250 0.1633 
        D736  2 0.1634 0.2073 0.6293 
        D737  2 0.0603 0.6581 0.2816 
        D807  2 0.2708 0.2237 0.5055 
        D808  2 0.4834 0.3925 0.1242 
        D817  2 0.5012 0.2990 0.1998 
        D818  2 0.2445 0.6446 0.1110 
        D819  2 0.6184 0.2441 0.1375 
        D820  2 0.2227 0.6187 0.1586 
        D895  2 0.6369 0.2532 0.1098 
        D896  2 0.9423 0.0184 0.0392 
        D897  2 0.1780 0.6835 0.1386 
        D898  2 0.3067 0.0928 0.6005 
        D918  2 0.8009 0.0920 0.1071 
        D919  2 0.0505 0.8263 0.1231 
        D920  2 0.7413 0.2125 0.0462 
        D923  2 0.1341 0.7985 0.0674 
        D930  2 0.3674 0.4341 0.1985 
        D931  2 0.1578 0.7023 0.1400 
        D968  2 0.0226 0.9434 0.0340 
        D969  2 0.1011 0.3681 0.5308 
        D977  2 0.2208 0.7412 0.0380 
        D978  2 0.0998 0.3738 0.5264 
        D009  4 0.7941 0.0931 0.1128 
        D057  4 0.1599 0.7464 0.0936 
        D109  4 0.9200 0.0334 0.0466 
     D237222  4 0.3870 0.4357 0.1773 
     D237223  4 0.7029 0.1405 0.1566 
     D237224  4 0.0891 0.5910 0.3199 
     D237225  4 0.6687 0.1584 0.1729 
     D237299  4 0.7325 0.0954 0.1722 
     D237300  4 0.0814 0.0431 0.8754 
     D237306  4 0.7115 0.0952 0.1934 
     D237307  4 0.3708 0.1264 0.5028 
     D237308  4 0.1217 0.7502 0.1281 
     D237309  4 0.2861 0.5616 0.1524 
     D237317  4 0.1382 0.2447 0.6171 
     D237318  4 0.0336 0.0514 0.9150 
     D237319  4 0.7334 0.1297 0.1369 
     D237320  4 0.6806 0.1271 0.1923 
     D237321  4 0.1145 0.0665 0.8191 
     D237397  4 0.4374 0.1151 0.4476 
     D237398  4 0.1130 0.2018 0.6852 
     D237399  4 0.1282 0.1107 0.7611 
     D244001  4 0.3431 0.5750 0.0819 
        D289  4 0.0980 0.3537 0.5483 
        D290  4 0.1161 0.1285 0.7554 
        D294  4 0.0955 0.5191 0.3855 
        D295  4 0.7742 0.0726 0.1532 
        D301  4 0.6779 0.1339 0.1882 
        D302  4 0.0917 0.8326 0.0757 
        D303  4 0.3538 0.0947 0.5514 
        D304  4 0.0516 0.0471 0.9013 
        D305  4 0.1388 0.7296 0.1316 
        D306  4 0.1263 0.1473 0.7263 
        D307  4 0.4485 0.3277 0.2239 
        D327  4 0.5108 0.2969 0.1923 
        D328  4 0.6427 0.1285 0.2288 
        D329  4 0.0815 0.6627 0.2559 
        D330  4 0.5600 0.3860 0.0540 
        D331  4 0.1221 0.1199 0.7580 
        D333  4 0.4705 0.2301 0.2994 
        D334  4 0.1616 0.1583 0.6801 
        D335  4 0.0677 0.8634 0.0689 
        D370  4 0.5229 0.2488 0.2283 
        D371  4 0.4178 0.1276 0.4546 
        D372  4 0.0356 0.0308 0.9336 
        D373  4 0.2579 0.6539 0.0882 
        D455  4 0.2832 0.5389 0.1779 
        D490  4 0.9471 0.0248 0.0281 
        D497  4 0.8813 0.0600 0.0587 
        D498  4 0.1807 0.0908 0.7285 
        D499  4 0.3179 0.4858 0.1963 
        D514  4 0.6150 0.2630 0.1220 
        D515  4 0.9075 0.0644 0.0281 
        D516  4 0.6355 0.1566 0.2079 
        D517  4 0.3432 0.4293 0.2275 
        D518  4 0.2852 0.6261 0.0888 
        D519  4 0.8955 0.0480 0.0564 
        D560  4 0.8650 0.0869 0.0481 
        D561  4 0.1851 0.7700 0.0449 
        D562  4 0.0913 0.3303 0.5784 
        D563  4 0.0648 0.8845 0.0507 
        D572  4 0.1712 0.6598 0.1690 
        D629  4 0.3271 0.4863 0.1865 
        D630  4 0.4039 0.2527 0.3434 
        D631  4 0.1472 0.7188 0.1339 
        D632  4 0.1645 0.8148 0.0207 
        D646  4 0.7955 0.1172 0.0874 
        D647  4 0.4272 0.4713 0.1016 
        D648  4 0.5942 0.2991 0.1067 
        D649  4 0.6518 0.2888 0.0594 
        D650  4 0.6156 0.1295 0.2549 
        D708  4 0.5224 0.1122 0.3654 
        D709  4 0.3909 0.1500 0.4591 
        D738  4 0.4686 0.0808 0.4506 
        D739  4 0.6492 0.1211 0.2297 
        D740  4 0.2694 0.0944 0.6362 
        D741  4 0.8847 0.0884 0.0269 
        D742  4 0.2370 0.4953 0.2678 
        D743  4 0.2189 0.6290 0.1521 
        D744  4 0.0829 0.8114 0.1056 
        D745  4 0.9209 0.0357 0.0434 
        D814  4 0.3687 0.5082 0.1230 
        D815  4 0.2526 0.4895 0.2579 
        D828  4 0.2242 0.1381 0.6377 
        D845  4 0.0313 0.0395 0.9292 
        D846  4 0.1046 0.8335 0.0619 
        D847  4 0.2760 0.1649 0.5592 
        D848  4 0.0879 0.7221 0.1900 
        D849  4 0.8928 0.0799 0.0272 
        D850  4 0.1990 0.3896 0.4114 
        D856  4 0.6710 0.2063 0.1227 
        D857  4 0.9076 0.0352 0.0572 
        D859  4 0.4682 0.2558 0.2759 
        D860  4 0.0188 0.1562 0.8250 
        D883  4 0.6959 0.0742 0.2299 
        D884  4 0.9271 0.0310 0.0419 
        D885  4 0.6513 0.2510 0.0976 
        D886  4 0.2736 0.5285 0.1979 
        D887  4 0.3408 0.3024 0.3567 
        D889  4 0.0494 0.0242 0.9264 
        D890  4 0.3711 0.4397 0.1892 
        D891  4 0.0167 0.0214 0.9619 
        D899  4 0.0858 0.5114 0.4028 
        D900  4 0.3230 0.3021 0.3749 
        D970  4 0.0659 0.5251 0.4090 
        D971  4 0.0372 0.9235 0.0392 
        D979  4 0.1143 0.7510 0.1347 
        D093  5 0.3252 0.0650 0.6097 
        D154  5 0.6809 0.1650 0.1541 
        D168  5 0.5714 0.2908 0.1378 
        D189  5 0.1217 0.0746 0.8038 
        D190  5 0.2744 0.1510 0.5745 
     D237220  5 0.2810 0.0429 0.6761 
     D237221  5 0.1932 0.1844 0.6224 
     D237274  5 0.2521 0.7025 0.0454 
     D237275  5 0.1413 0.5151 0.3436 
     D237276  5 0.6771 0.0879 0.2351 
     D237277  5 0.1720 0.1090 0.7190 
     D237278  5 0.2750 0.5431 0.1819 
     D237279  5 0.6130 0.3394 0.0476 
     D237280  5 0.6038 0.1867 0.2096 
     D237281  5 0.1093 0.3966 0.4941 
     D237351  5 0.9206 0.0276 0.0518 
     D237352  5 0.2813 0.6374 0.0813 
     D237353  5 0.1308 0.0795 0.7897 
     D237359  5 0.3155 0.0500 0.6345 
     D237361  5 0.0824 0.0485 0.8691 
     D237362  5 0.6930 0.1495 0.1575 
     D237363  5 0.4894 0.2634 0.2472 
     D237364  5 0.5482 0.3593 0.0926 
     D237376  5 0.4743 0.1468 0.3789 
     D237377  5 0.5483 0.2619 0.1898 
     D237378  5 0.2561 0.1113 0.6326 
     D237379  5 0.3601 0.1654 0.4745 
     D237380  5 0.7101 0.1819 0.1080 
     D237381  5 0.3254 0.4699 0.2047 
     D237391  5 0.1322 0.0737 0.7941 
     D237392  5 0.2675 0.6913 0.0412 
     D237393  5 0.1966 0.2941 0.5093 
     D237394  5 0.1877 0.1095 0.7029 
     D237395  5 0.3577 0.1800 0.4623 
     D237396  5 0.0733 0.7368 0.1899 
     D244016  5 0.1382 0.6133 0.2485 
     D244018  5 0.2313 0.5370 0.2317 
     D244019  5 0.1608 0.5344 0.3048 
        D279  5 0.4816 0.1240 0.3943 
        D280  5 0.0504 0.0720 0.8777 
        D281  5 0.0651 0.1720 0.7629 
        D283  5 0.0832 0.0941 0.8227 
        D284  5 0.8109 0.0821 0.1069 
        D285  5 0.0618 0.0252 0.9130 
        D286  5 0.2727 0.2560 0.4713 
        D287  5 0.5827 0.0715 0.3458 
        D288  5 0.0883 0.0916 0.8201 
        D308  5 0.8759 0.0820 0.0422 
        D309  5 0.0750 0.8960 0.0290 
        D310  5 0.0607 0.0228 0.9165 
        D311  5 0.6227 0.1543 0.2230 
        D312  5 0.3318 0.3261 0.3422 
        D313  5 0.9243 0.0296 0.0462 
        D314  5 0.6524 0.2065 0.1411 
        D315  5 0.1912 0.2549 0.5539 
        D317  5 0.2025 0.0518 0.7457 
        D318  5 0.2833 0.3699 0.3469 
        D319  5 0.1142 0.0335 0.8522 
        D320  5 0.1022 0.0329 0.8649 
        D321  5 0.6790 0.0331 0.2879 
        D336  5 0.1226 0.0605 0.8169 
        D337  5 0.0334 0.0364 0.9302 
        D338  5 0.3997 0.2026 0.3977 
        D339  5 0.1540 0.0324 0.8136 
        D347  5 0.0843 0.2063 0.7094 
        D348  5 0.0380 0.0854 0.8766 
        D349  5 0.8664 0.0550 0.0787 
        D350  5 0.2050 0.7492 0.0459 
        D355  5 0.2007 0.2301 0.5692 
        D356  5 0.1537 0.1020 0.7443 
        D357  5 0.2237 0.1701 0.6062 
        D358  5 0.2050 0.3861 0.4088 
        D359  5 0.1894 0.2021 0.6085 
        D360  5 0.1495 0.0736 0.7769 
        D361  5 0.9512 0.0283 0.0205 
        D366  5 0.2601 0.6826 0.0573 
        D367  5 0.3586 0.0553 0.5861 
        D368  5 0.7785 0.0779 0.1436 
        D380  5 0.0804 0.8484 0.0712 
        D381  5 0.0691 0.0988 0.8321 
        D400  5 0.1829 0.1082 0.7088 
        D411  5 0.9548 0.0310 0.0143 
        D412  5 0.0434 0.1626 0.7941 
        D413  5 0.0426 0.9306 0.0268 
        D414  5 0.1460 0.6888 0.1651 
        D420  5 0.1423 0.0885 0.7692 
        D431  5 0.5197 0.0833 0.3970 
        D432  5 0.0813 0.3235 0.5951 
        D433  5 0.1717 0.0549 0.7733 
        D434  5 0.0956 0.0638 0.8406 
        D440  5 0.2865 0.6720 0.0415 
        D447  5 0.2502 0.6249 0.1249 
        D448  5 0.2927 0.0644 0.6429 
        D459  5 0.0746 0.5445 0.3810 
        D460  5 0.8272 0.0975 0.0753 
        D461  5 0.1486 0.7824 0.0690 
        D468  5 0.8661 0.0845 0.0494 
        D469  5 0.6349 0.1459 0.2192 
        D470  5 0.7958 0.1110 0.0931 
        D471  5 0.2412 0.1306 0.6282 
        D472  5 0.0553 0.5771 0.3677 
        D479  5 0.0466 0.9153 0.0381 
        D485  5 0.5306 0.2147 0.2547 
        D486  5 0.8693 0.0736 0.0571 
        D487  5 0.1191 0.1971 0.6838 
        D555  5 0.0278 0.0542 0.9180 
        D556  5 0.2516 0.1370 0.6114 
        D557  5 0.1248 0.2154 0.6599 
        D564  5 0.2672 0.4188 0.3140 
        D594  5 0.2504 0.3383 0.4113 
        D595  5 0.4256 0.1460 0.4284 
        D596  5 0.0487 0.0658 0.8854 
        D597  5 0.0288 0.3358 0.6354 
        D598  5 0.2655 0.1847 0.5497 
        D617  5 0.8111 0.1377 0.0512 
        D618  5 0.1369 0.1092 0.7539 
        D619  5 0.3555 0.2929 0.3516 
        D620  5 0.0383 0.8654 0.0963 
        D628  5 0.2351 0.5709 0.1940 
        D714  5 0.1756 0.1856 0.6388 
        D715  5 0.1769 0.1544 0.6687 
        D716  5 0.2819 0.2217 0.4964 
        D717  5 0.1221 0.2527 0.6253 
        D718  5 0.8435 0.0369 0.1196 
        D769  5 0.7318 0.2022 0.0659 
        D770  5 0.4824 0.3887 0.1288 
        D771  5 0.2620 0.2538 0.4842 
        D772  5 0.3042 0.3685 0.3274 
        D782  5 0.4025 0.3590 0.2385 
        D783  5 0.1170 0.7042 0.1789 
        D784  5 0.0806 0.6289 0.2905 
        D785  5 0.4709 0.1218 0.4073 
        D786  5 0.3213 0.6276 0.0510 
        D821  5 0.1242 0.0510 0.8247 
        D822  5 0.1760 0.5697 0.2543 
        D826  5 0.2481 0.1412 0.6107 
        D827  5 0.3882 0.4881 0.1238 
        D851  5 0.2054 0.5169 0.2776 
        D852  5 0.1077 0.2578 0.6345 
        D853  5 0.1482 0.1284 0.7234 
        D854  5 0.6944 0.1839 0.1216 
        D861  5 0.6062 0.1137 0.2801 
        D862  5 0.3108 0.2691 0.4202 
        D865  5 0.1285 0.1195 0.7520 
        D868  5 0.2245 0.0979 0.6776 
        D869  5 0.8961 0.0848 0.0190 
        D870  5 0.0930 0.8636 0.0434 
        D907  5 0.1627 0.0359 0.8015 
        D908  5 0.0918 0.1954 0.7127 
        D910  5 0.2761 0.1231 0.6009 
        D911  5 0.0584 0.0654 0.8762 
        D934  5 0.2760 0.5232 0.2009 
        D946  5 0.4807 0.1734 0.3460 
        D947  5 0.4394 0.2138 0.3468 
        D948  5 0.7947 0.0397 0.1656 
        D949  5 0.9191 0.0205 0.0604 
        D950  5 0.0790 0.1458 0.7752 
        D951  5 0.1420 0.7770 0.0810 
        D952  5 0.1867 0.1936 0.6197 
        D953  5 0.0810 0.0492 0.8698 
        D954  5 0.1944 0.3747 0.4310 
        D961  5 0.6300 0.1829 0.1871 
        D962  5 0.2898 0.1800 0.5302 
        D963  5 0.1060 0.2976 0.5964 
        D964  5 0.5417 0.1298 0.3284 
        D965  5 0.1389 0.6566 0.2045 
        D966  5 0.1293 0.4660 0.4047 
        D967  5 0.0623 0.1993 0.7383 
        D991  5 0.4940 0.1778 0.3282 
        D132  8 0.9227 0.0392 0.0381 
        D133  8 0.0657 0.8802 0.0542 
        D200  8 0.1876 0.1058 0.7066 
        D500  8 0.9277 0.0357 0.0366 
        D614  8 0.3275 0.0586 0.6139 
        D723  8 0.8563 0.0701 0.0737 
        D888  8 0.0502 0.0749 0.8749 
        D901  8 0.9117 0.0257 0.0626 
        D902  8 0.3312 0.1616 0.5072 
        D903  8 0.0944 0.7495 0.1561 
        D904  8 0.1148 0.6882 0.1970 
        D905  8 0.0241 0.0199 0.9560 
        D906  8 0.0601 0.7367 0.2032 
        D937  8 0.2762 0.0555 0.6683 
        D943  8 0.4226 0.1872 0.3902 
        D972  8 0.9299 0.0394 0.0307 
        D973  8 0.8089 0.1287 0.0624 
        D974  8 0.5036 0.2405 0.2558 
        D975  8 0.1062 0.1172 0.7765 
        D976  8 0.5536 0.1045 0.3419 
        D142 10 0.2055 0.5830 0.2115 
        D143 10 0.0530 0.9070 0.0400 
        D144 10 0.2807 0.4526 0.2667 
        D145 10 0.1779 0.0534 0.7687 
        D146 10 0.8687 0.0921 0.0391 
        D147 10 0.7950 0.1511 0.0540 
        D148 10 0.2192 0.6521 0.1287 
        D149 10 0.2030 0.4187 0.3783 
        D151 10 0.1780 0.3461 0.4760 
        D152 10 0.0854 0.8259 0.0887 
        D153 10 0.5723 0.2922 0.1356 
        D156 10 0.1375 0.7386 0.1240 
        D157 10 0.3029 0.2275 0.4697 
        D158 10 0.5432 0.0392 0.4176 
        D159 10 0.0358 0.9185 0.0457 
        D160 10 0.0191 0.0144 0.9665 
        D161 10 0.2459 0.5957 0.1584 
        D162 10 0.0618 0.7764 0.1618 
        D169 10 0.4334 0.2874 0.2792 
        D170 10 0.7034 0.2344 0.0623 
        D171 10 0.6472 0.3047 0.0481 
        D172 10 0.6323 0.2928 0.0749 
        D173 10 0.0615 0.8977 0.0408 
        D181 10 0.3336 0.3229 0.3434 
        D182 10 0.5750 0.1919 0.2331 
        D183 10 0.1747 0.0593 0.7660 
        D184 10 0.7517 0.2222 0.0261 
        D185 10 0.3876 0.5036 0.1088 
        D186 10 0.8986 0.0522 0.0491 
        D194 10 0.6099 0.3021 0.0880 
        D195 10 0.1233 0.5127 0.3639 
        D196 10 0.0577 0.5956 0.3467 
        D197 10 0.6083 0.3204 0.0713 
        D198 10 0.3586 0.4181 0.2233 
     D237226 10 0.1537 0.1860 0.6603 
     D237232 10 0.1404 0.0732 0.7864 
     D237233 10 0.3724 0.2813 0.3463 
     D237234 10 0.3540 0.1863 0.4597 
     D237354 10 0.0249 0.0272 0.9479 
     D237355 10 0.0281 0.0215 0.9504 
     D237356 10 0.3459 0.3784 0.2757 
     D237357 10 0.4204 0.4847 0.0949 
     D237358 10 0.0348 0.9155 0.0497 
     D237369 10 0.9495 0.0343 0.0162 
     D237370 10 0.1957 0.4296 0.3747 
     D237371 10 0.4861 0.3064 0.2076 
     D237372 10 0.1803 0.7220 0.0976 
     D237373 10 0.3086 0.1240 0.5674 
     D237374 10 0.0362 0.0304 0.9334 
     D237375 10 0.1128 0.7604 0.1268 
     D237400 10 0.0922 0.8160 0.0917 
     D244002 10 0.5148 0.3991 0.0861 
     D244003 10 0.0406 0.0350 0.9244 
     D244004 10 0.1036 0.0195 0.8769 
     D244005 10 0.0726 0.0913 0.8361 
     D244020 10 0.4396 0.3220 0.2383 
     D244021 10 0.9342 0.0350 0.0307 
     D244116 10 0.5671 0.3423 0.0906 
     D244117 10 0.0888 0.0899 0.8213 
     D244121 10 0.2395 0.1834 0.5771 
     D244123 10 0.1259 0.1181 0.7560 
     D244124 10 0.2758 0.5983 0.1259 
        D332 10 0.5108 0.4069 0.0823 
        D570 10 0.2230 0.2487 0.5283 
        D602 10 0.1737 0.7357 0.0905 
        D603 10 0.3392 0.2816 0.3792 
        D604 10 0.0330 0.8776 0.0894 
        D605 10 0.1460 0.4569 0.3971 
        D606 10 0.4578 0.3111 0.2312 
        D607 10 0.1235 0.7650 0.1115 
        D608 10 0.0198 0.9592 0.0211 
        D609 10 0.4830 0.0972 0.4199 
        D610 10 0.0464 0.0688 0.8849 
        D611 10 0.1206 0.0237 0.8558 
        D613 10 0.2424 0.4816 0.2760 
        D633 10 0.0345 0.9216 0.0439 
        D634 10 0.5024 0.3724 0.1252 
        D638 10 0.0870 0.6928 0.2203 
        D681 10 0.7622 0.1584 0.0795 
        D754 10 0.7645 0.0247 0.2108 
        D755 10 0.1705 0.1649 0.6646 
        D756 10 0.4587 0.0572 0.4841 
        D757 10 0.0843 0.2219 0.6938 
        D758 10 0.5479 0.2124 0.2397 
        D759 10 0.0325 0.1730 0.7945 
        D760 10 0.2393 0.1938 0.5668 
        D761 10 0.0192 0.0401 0.9406 
        D762 10 0.0648 0.8760 0.0593 
        D775 10 0.1368 0.0439 0.8193 
        D776 10 0.0605 0.0899 0.8496 
        D777 10 0.0897 0.0369 0.8733 
        D778 10 0.2947 0.0817 0.6236 
        D779 10 0.7516 0.0916 0.1568 
        D780 10 0.1471 0.4656 0.3872 
        D781 10 0.1121 0.8265 0.0614 
        D858 10 0.8511 0.0529 0.0961 
        D933 10 0.0863 0.3099 0.6038 
        D038 11 0.1994 0.1076 0.6930 
        D063 11 0.2136 0.2401 0.5463 
        D155 11 0.1467 0.1036 0.7497 
        D175 11 0.7358 0.0546 0.2096 
        D176 11 0.4249 0.2746 0.3006 
        D205 11 0.2795 0.0495 0.6709 
     D237229 11 0.0705 0.5207 0.4089 
     D237230 11 0.5520 0.4184 0.0296 
     D237231 11 0.1965 0.6720 0.1315 
     D237269 11 0.1012 0.6772 0.2216 
     D237270 11 0.4574 0.3998 0.1428 
     D237271 11 0.3091 0.3179 0.3731 
     D237272 11 0.8478 0.0849 0.0673 
     D237273 11 0.1309 0.0901 0.7790 
     D237301 11 0.4481 0.3409 0.2110 
     D237302 11 0.5487 0.3673 0.0840 
     D237303 11 0.6086 0.3535 0.0379 
     D237304 11 0.4815 0.2846 0.2340 
     D237305 11 0.2822 0.0651 0.6527 
     D237314 11 0.2439 0.0952 0.6609 
     D237315 11 0.7211 0.1550 0.1239 
     D237316 11 0.1668 0.6806 0.1525 
     D237328 11 0.7550 0.1415 0.1035 
     D237329 11 0.2523 0.2994 0.4483 
     D237330 11 0.1771 0.1454 0.6775 
     D237331 11 0.1173 0.1303 0.7524 
     D237332 11 0.5289 0.1169 0.3542 
     D237333 11 0.0524 0.3122 0.6354 
     D237334 11 0.4951 0.2680 0.2369 
     D237335 11 0.3653 0.1198 0.5149 
     D237336 11 0.0670 0.0602 0.8729 
     D237350 11 0.1100 0.4982 0.3918 
     D237383 11 0.2651 0.1425 0.5923 
     D237384 11 0.2687 0.3814 0.3499 
     D237385 11 0.3975 0.2349 0.3675 
     D237386 11 0.2304 0.5564 0.2131 
     D237387 11 0.7260 0.1561 0.1179 
     D237388 11 0.2845 0.3319 0.3837 
        D239 11 0.1258 0.1483 0.7259 
        D240 11 0.0348 0.1269 0.8383 
        D241 11 0.1015 0.2134 0.6851 
        D242 11 0.1529 0.5051 0.3419 
        D243 11 0.0892 0.0550 0.8558 
        D244 11 0.0456 0.0478 0.9066 
        D245 11 0.8869 0.0670 0.0461 
        D246 11 0.6584 0.1184 0.2232 
        D247 11 0.1723 0.3083 0.5194 
        D248 11 0.1882 0.6683 0.1436 
        D249 11 0.8418 0.0547 0.1035 
        D250 11 0.1321 0.6251 0.2428 
        D251 11 0.5251 0.1728 0.3021 
        D252 11 0.7819 0.1691 0.0489 
        D253 11 0.1748 0.1217 0.7035 
        D254 11 0.6933 0.2663 0.0404 
        D255 11 0.3824 0.4519 0.1657 
        D256 11 0.1510 0.1312 0.7178 
        D257 11 0.8175 0.0694 0.1130 
        D258 11 0.8291 0.0755 0.0954 
        D259 11 0.6252 0.2902 0.0845 
        D260 11 0.3386 0.3893 0.2721 
        D261 11 0.4387 0.2773 0.2841 
        D262 11 0.8591 0.0706 0.0703 
        D263 11 0.4284 0.3273 0.2443 
        D264 11 0.8310 0.1300 0.0390 
        D265 11 0.5052 0.2926 0.2022 
        D266 11 0.0697 0.3648 0.5655 
        D267 11 0.1843 0.1230 0.6927 
        D268 11 0.1019 0.1272 0.7709 
        D269 11 0.3477 0.3458 0.3065 
        D270 11 0.7765 0.0771 0.1464 
        D271 11 0.2036 0.1750 0.6213 
        D272 11 0.0564 0.2764 0.6672 
        D273 11 0.9498 0.0266 0.0236 
        D274 11 0.1747 0.2524 0.5729 
        D275 11 0.1824 0.3461 0.4715 
        D276 11 0.0873 0.2393 0.6734 
        D277 11 0.1389 0.6339 0.2272 
        D278 11 0.4778 0.1793 0.3429 
        D282 11 0.7345 0.1519 0.1136 
        D296 11 0.1625 0.1216 0.7159 
        D297 11 0.1218 0.2047 0.6735 
        D298 11 0.0992 0.3603 0.5406 
        D299 11 0.3906 0.1987 0.4107 
        D300 11 0.2452 0.3516 0.4032 
        D382 11 0.1387 0.1048 0.7566 
        D383 11 0.1505 0.0411 0.8084 
        D387 11 0.3720 0.3057 0.3224 
        D388 11 0.2181 0.4485 0.3334 
        D389 11 0.3452 0.2998 0.3550 
        D390 11 0.2242 0.3600 0.4157 
        D396 11 0.3018 0.3921 0.3061 
        D397 11 0.7891 0.0965 0.1144 
        D398 11 0.0957 0.1133 0.7910 
        D399 11 0.1852 0.7697 0.0452 
        D437 11 0.5527 0.3074 0.1399 
        D441 11 0.1691 0.1032 0.7277 
        D442 11 0.1771 0.2967 0.5261 
        D443 11 0.0432 0.0318 0.9249 
        D444 11 0.1731 0.6049 0.2220 
        D445 11 0.8392 0.0791 0.0818 
        D446 11 0.1989 0.4928 0.3084 
        D451 11 0.6319 0.1508 0.2173 
        D452 11 0.0975 0.6471 0.2555 
        D453 11 0.2001 0.5330 0.2669 
        D454 11 0.5288 0.2770 0.1943 
        D457 11 0.8476 0.0331 0.1193 
        D458 11 0.1125 0.0964 0.7911 
        D466 11 0.0990 0.8418 0.0593 
        D467 11 0.4919 0.2674 0.2408 
        D475 11 0.8267 0.1316 0.0417 
        D488 11 0.2152 0.4876 0.2973 
        D489 11 0.7344 0.1738 0.0918 
        D493 11 0.1589 0.6189 0.2223 
        D494 11 0.3658 0.4011 0.2332 
        D495 11 0.5749 0.2605 0.1646 
        D496 11 0.0332 0.0796 0.8872 
        D674 11 0.0919 0.1414 0.7667 
        D675 11 0.0312 0.0431 0.9257 
        D676 11 0.7358 0.1015 0.1627 
        D680 11 0.0512 0.0469 0.9019 
        D701 11 0.5916 0.0867 0.3217 
        D702 11 0.2894 0.6493 0.0612 
        D703 11 0.1112 0.3167 0.5721 
        D704 11 0.5891 0.1686 0.2423 
        D705 11 0.8138 0.1630 0.0232 
        D706 11 0.2160 0.4187 0.3653 
        D707 11 0.7571 0.0863 0.1566 
        D751 11 0.4534 0.1561 0.3905 
        D752 11 0.2382 0.2284 0.5334 
        D753 11 0.6754 0.2438 0.0808 
        D773 11 0.9585 0.0225 0.0190 
        D774 11 0.1068 0.4074 0.4857 
        D801 11 0.3504 0.1938 0.4558 
        D802 11 0.6834 0.2033 0.1133 
        D803 11 0.0731 0.0429 0.8840 
        D804 11 0.7224 0.1389 0.1387 
        D805 11 0.4760 0.2174 0.3067 
        D806 11 0.9450 0.0298 0.0252 
        D809 11 0.3298 0.4054 0.2648 
        D810 11 0.0697 0.1163 0.8139 
        D812 11 0.5732 0.2215 0.2053 
        D813 11 0.0555 0.2649 0.6796 
        D823 11 0.4187 0.3332 0.2481 
        D824 11 0.3627 0.3151 0.3222 
        D829 11 0.0550 0.6511 0.2938 
        D830 11 0.7326 0.1744 0.0930 
        D831 11 0.7056 0.1008 0.1936 
        D832 11 0.2355 0.3883 0.3762 
        D833 11 0.0662 0.0866 0.8473 
        D834 11 0.1435 0.2943 0.5621 
        D835 11 0.8418 0.0398 0.1184 
        D855 11 0.5699 0.1676 0.2625 
        D863 11 0.0321 0.0635 0.9043 
        D864 11 0.3147 0.2198 0.4655 
        D878 11 0.4208 0.0964 0.4828 
        D879 11 0.7782 0.1034 0.1183 
        D880 11 0.0437 0.4562 0.5000 
        D881 11 0.0422 0.0421 0.9157 
        D882 11 0.4264 0.3004 0.2732 
        D909 11 0.2645 0.3120 0.4235 
        D921 11 0.2437 0.4208 0.3355 
        D924 11 0.0683 0.4919 0.4397 
        D935 11 0.3982 0.3961 0.2057 
        D940 11 0.0237 0.0327 0.9436 
        D941 11 0.0840 0.1212 0.7947 
        D942 11 0.8721 0.0867 0.0411 
        D980 11 0.1485 0.4936 0.3579 
        D981 11 0.3654 0.4814 0.1532 
        D982 11 0.0412 0.9141 0.0448 
        D983 11 0.1514 0.1340 0.7146 
        D984 11 0.2625 0.3214 0.4161 
        D992 11 0.8217 0.1243 0.0540 
        D993 11 0.4063 0.3190 0.2747 
        D994 11 0.3104 0.0730 0.6167 
        D995 11 0.7930 0.1596 0.0474 
        H354 11 0.6657 0.2713 0.0630 
