        D023  2 0.2136 0.0304 0.0223 0.7337 
        D130  2 0.0452 0.5549 0.0229 0.3770 
        D131  2 0.5809 0.1957 0.1052 0.1182 
        D163  2 0.1574 0.6064 0.1223 0.1139 
        D164  2 0.1172 0.1720 0.0138 0.6970 
        D165  2 0.0995 0.0634 0.0263 0.8109 
        D166  2 0.2200 0.5444 0.0953 0.1403 
        D167  2 0.0456 0.0268 0.0455 0.8821 
        D192  2 0.0167 0.0156 0.0306 0.9371 
        D193  2 0.3899 0.2851 0.2366 0.0885 
        D206  2 0.5247 0.2426 0.0220 0.2107 
        D207  2 0.1749 0.1698 0.1486 0.5066 
        D208  2 0.0731 0.0691 0.7329 0.1250 
        D209  2 0.0697 0.0320 0.0362 0.8622 
        D210  2 0.0765 0.0509 0.7498 0.1228 
     D229599  2 0.5362 0.0513 0.2558 0.1568 
     D229600  2 0.0448 0.1450 0.0234 0.7868 
     D237227  2 0.1087 0.1129 0.6808 0.0975 
     D237228  2 0.0825 0.6045 0.2367 0.0763 
     D237258  2 0.2071 0.2413 0.1470 0.4046 
     D237310  2 0.0320 0.8891 0.0507 0.0283 
     D237311  2 0.0567 0.7428 0.0439 0.1567 
     D237312  2 0.0451 0.8849 0.0355 0.0346 
     D237313  2 0.7317 0.1228 0.0954 0.0501 
     D237322  2 0.0748 0.1892 0.6500 0.0860 
     D237323  2 0.0442 0.6253 0.3055 0.0250 
     D237324  2 0.0590 0.1218 0.0358 0.7833 
     D237325  2 0.0376 0.8096 0.0785 0.0743 
     D237326  2 0.2310 0.4981 0.1217 0.1492 
     D237327  2 0.0389 0.0335 0.7541 0.1734 
     D237337  2 0.1081 0.8326 0.0427 0.0166 
     D237338  2 0.0988 0.4636 0.2327 0.2050 
     D237339  2 0.1510 0.0303 0.0552 0.7635 
     D237340  2 0.0598 0.4892 0.2044 0.2467 
     D237389  2 0.0395 0.9034 0.0243 0.0328 
     D237390  2 0.0498 0.8384 0.0790 0.0328 
     D244017  2 0.1965 0.0377 0.5570 0.2088 
     D244112  2 0.0213 0.0814 0.0418 0.8556 
     D244118  2 0.0163 0.0220 0.0301 0.9316 
     D244119  2 0.0466 0.0360 0.5048 0.4126 
     D244120  2 0.0853 0.3150 0.3381 0.2616 
     D244122  2 0.0554 0.0453 0.0388 0.8605 
        D291  2 0.1668 0.0553 0.6055 0.1724 
        D292  2 0.2934 0.0473 0.4692 0.1901 
        D293  2 0.0712 0.0220 0.0186 0.8883 
        D322  2 0.0451 0.0171 0.0267 0.9111 
        D323  2 0.4365 0.1306 0.0799 0.3530 
        D324  2 0.3632 0.0961 0.3999 0.1409 
        D325  2 0.0550 0.1096 0.0314 0.8040 
        D326  2 0.9132 0.0209 0.0407 0.0253 
        D340  2 0.0169 0.0178 0.0186 0.9467 
        D341  2 0.0430 0.1172 0.0553 0.7845 
        D342  2 0.0891 0.0856 0.0487 0.7766 
        D343  2 0.0148 0.0192 0.0106 0.9554 
        D344  2 0.7658 0.0794 0.0202 0.1345 
        D345  2 0.8612 0.0193 0.0459 0.0736 
        D346  2 0.4530 0.1379 0.2431 0.1660 
        D351  2 0.6752 0.1182 0.1119 0.0947 
        D352  2 0.3008 0.0829 0.1956 0.4208 
        D353  2 0.8487 0.0476 0.0424 0.0612 
        D354  2 0.8131 0.0415 0.0404 0.1049 
        D362  2 0.7482 0.0416 0.0658 0.1443 
        D363  2 0.7911 0.0321 0.0667 0.1101 
        D364  2 0.8965 0.0186 0.0186 0.0662 
        D365  2 0.0173 0.0188 0.0153 0.9486 
        D369  2 0.3641 0.2935 0.2038 0.1386 
        D374  2 0.4541 0.1070 0.3353 0.1035 
        D375  2 0.7078 0.0476 0.0286 0.2161 
        D376  2 0.4032 0.1063 0.3178 0.1727 
        D377  2 0.4074 0.4186 0.0784 0.0955 
        D378  2 0.1916 0.0183 0.0319 0.7582 
        D379  2 0.8885 0.0462 0.0272 0.0381 
        D384  2 0.9133 0.0274 0.0370 0.0224 
        D385  2 0.0236 0.0247 0.0214 0.9303 
        D386  2 0.6741 0.0246 0.0212 0.2800 
        D391  2 0.0286 0.0246 0.0180 0.9287 
        D392  2 0.1069 0.0450 0.0326 0.8155 
        D393  2 0.4890 0.0378 0.1070 0.3662 
        D394  2 0.2227 0.1447 0.2058 0.4268 
        D395  2 0.0523 0.0293 0.0275 0.8909 
        D401  2 0.0761 0.8718 0.0257 0.0263 
        D402  2 0.0326 0.0191 0.0330 0.9153 
        D403  2 0.7348 0.0689 0.0284 0.1678 
        D415  2 0.6363 0.2222 0.0197 0.1217 
        D435  2 0.2538 0.0827 0.0357 0.6277 
        D436  2 0.3603 0.4211 0.0662 0.1524 
        D438  2 0.0196 0.0195 0.0169 0.9440 
        D439  2 0.4371 0.0176 0.0356 0.5097 
        D449  2 0.2903 0.1478 0.0229 0.5390 
        D450  2 0.4714 0.2579 0.1879 0.0828 
        D456  2 0.9135 0.0206 0.0324 0.0335 
        D462  2 0.0255 0.0181 0.0177 0.9387 
        D463  2 0.9416 0.0201 0.0227 0.0155 
        D464  2 0.6441 0.0669 0.0403 0.2487 
        D465  2 0.1028 0.4579 0.0225 0.4168 
        D473  2 0.1670 0.2218 0.4951 0.1161 
        D474  2 0.4804 0.0479 0.2795 0.1922 
        D476  2 0.0633 0.0440 0.0228 0.8699 
        D477  2 0.7642 0.0395 0.0991 0.0971 
        D478  2 0.5022 0.0493 0.2948 0.1537 
        D480  2 0.2727 0.0532 0.1022 0.5719 
        D481  2 0.5120 0.0233 0.2522 0.2125 
        D482  2 0.2340 0.1372 0.5618 0.0670 
        D483  2 0.0196 0.0175 0.0564 0.9066 
        D484  2 0.1501 0.0579 0.2090 0.5829 
        D510  2 0.1440 0.0829 0.7264 0.0467 
        D511  2 0.2363 0.0291 0.0507 0.6839 
        D512  2 0.0613 0.8156 0.0197 0.1034 
        D513  2 0.2650 0.2321 0.0557 0.4473 
        D635  2 0.5823 0.0259 0.0478 0.3440 
        D636  2 0.2801 0.1242 0.0268 0.5689 
        D637  2 0.1929 0.3512 0.0741 0.3818 
        D658  2 0.0343 0.1569 0.0646 0.7443 
        D659  2 0.6502 0.1706 0.0900 0.0891 
        D677  2 0.2167 0.6364 0.0425 0.1044 
        D678  2 0.0378 0.0434 0.0357 0.8831 
        D679  2 0.6811 0.0803 0.1511 0.0874 
        D719  2 0.4209 0.0679 0.2817 0.2295 
        D720  2 0.6910 0.0795 0.1115 0.1181 
        D721  2 0.0837 0.0289 0.0385 0.8489 
        D722  2 0.4338 0.1476 0.2384 0.1803 
        D734  2 0.2982 0.0521 0.2436 0.4062 
        D735  2 0.4399 0.0393 0.0939 0.4268 
        D736  2 0.2168 0.1315 0.5523 0.0994 
        D737  2 0.0321 0.0310 0.1507 0.7863 
        D807  2 0.3298 0.1700 0.3768 0.1233 
        D808  2 0.3273 0.2823 0.0933 0.2971 
        D817  2 0.7876 0.1240 0.0487 0.0397 
        D818  2 0.2467 0.2099 0.1462 0.3972 
        D819  2 0.5680 0.3013 0.0599 0.0709 
        D820  2 0.4899 0.1247 0.0686 0.3167 
        D895  2 0.6619 0.2126 0.0422 0.0833 
        D896  2 0.0849 0.8701 0.0286 0.0164 
        D897  2 0.0710 0.1417 0.0919 0.6954 
        D898  2 0.4975 0.1626 0.3025 0.0373 
        D918  2 0.0890 0.8002 0.0656 0.0451 
        D919  2 0.3138 0.0255 0.0883 0.5724 
        D920  2 0.0368 0.5663 0.0354 0.3614 
        D923  2 0.8360 0.0274 0.0225 0.1140 
        D930  2 0.6804 0.1207 0.0766 0.1223 
        D931  2 0.3239 0.1082 0.0729 0.4950 
        D968  2 0.0409 0.0200 0.0327 0.9065 
        D969  2 0.5169 0.0609 0.3002 0.1220 
        D977  2 0.0840 0.2271 0.0319 0.6570 
        D978  2 0.3289 0.0550 0.4009 0.2152 
        D009  4 0.1431 0.7207 0.0747 0.0615 
        D057  4 0.0234 0.0438 0.0566 0.8762 
        D109  4 0.1112 0.8055 0.0580 0.0252 
     D237222  4 0.0564 0.1875 0.1162 0.6400 
     D237223  4 0.0286 0.7500 0.0898 0.1315 
     D237224  4 0.6000 0.0435 0.1062 0.2502 
     D237225  4 0.2302 0.5256 0.1217 0.1225 
     D237299  4 0.0905 0.7503 0.1181 0.0411 
     D237300  4 0.0559 0.0691 0.8309 0.0441 
     D237306  4 0.1227 0.6622 0.1351 0.0800 
     D237307  4 0.3703 0.2740 0.2829 0.0728 
     D237308  4 0.0731 0.0608 0.0674 0.7987 
     D237309  4 0.3338 0.1572 0.1245 0.3844 
     D237317  4 0.5026 0.0633 0.3224 0.1116 
     D237318  4 0.0494 0.0305 0.8780 0.0422 
     D237319  4 0.3414 0.5064 0.0754 0.0768 
     D237320  4 0.0524 0.7918 0.0819 0.0739 
     D237321  4 0.1259 0.0886 0.7261 0.0595 
     D237397  4 0.0571 0.5663 0.2767 0.0999 
     D237398  4 0.2655 0.0736 0.5345 0.1264 
     D237399  4 0.1558 0.1101 0.6543 0.0797 
     D244001  4 0.0519 0.1867 0.0384 0.7230 
        D289  4 0.2354 0.0820 0.4517 0.2309 
        D290  4 0.0789 0.0712 0.6784 0.1714 
        D294  4 0.2000 0.0802 0.3214 0.3984 
        D295  4 0.1402 0.7154 0.0936 0.0507 
        D301  4 0.0516 0.6317 0.1186 0.1981 
        D302  4 0.4048 0.0487 0.0444 0.5021 
        D303  4 0.1267 0.3473 0.4487 0.0773 
        D304  4 0.1491 0.0379 0.7573 0.0557 
        D305  4 0.3120 0.0503 0.0613 0.5764 
        D306  4 0.2651 0.0877 0.5357 0.1115 
        D307  4 0.0292 0.3376 0.1683 0.4649 
        D327  4 0.6068 0.2200 0.0737 0.0995 
        D328  4 0.2192 0.5511 0.1550 0.0747 
        D329  4 0.1059 0.0505 0.1468 0.6968 
        D330  4 0.3548 0.4249 0.0286 0.1917 
        D331  4 0.2064 0.0797 0.6128 0.1010 
        D333  4 0.1034 0.3848 0.2482 0.2636 
        D334  4 0.1109 0.1198 0.6697 0.0995 
        D335  4 0.2620 0.0450 0.0512 0.6417 
        D370  4 0.5578 0.1576 0.1253 0.1594 
        D371  4 0.4380 0.2940 0.2131 0.0550 
        D372  4 0.0219 0.0349 0.9060 0.0373 
        D373  4 0.0603 0.1102 0.0483 0.7812 
        D455  4 0.0345 0.1169 0.1305 0.7182 
        D490  4 0.0126 0.9487 0.0182 0.0206 
        D497  4 0.0226 0.8702 0.0361 0.0711 
        D498  4 0.1209 0.1605 0.6259 0.0927 
        D499  4 0.3747 0.2186 0.1031 0.3036 
        D514  4 0.5203 0.2905 0.0837 0.1054 
        D515  4 0.0328 0.9103 0.0211 0.0358 
        D516  4 0.1337 0.5923 0.1349 0.1391 
        D517  4 0.1051 0.1879 0.2073 0.4997 
        D518  4 0.0747 0.0988 0.0379 0.7886 
        D519  4 0.0352 0.8923 0.0384 0.0341 
        D560  4 0.0985 0.7979 0.0309 0.0728 
        D561  4 0.4566 0.1480 0.0339 0.3615 
        D562  4 0.2346 0.0715 0.4109 0.2830 
        D563  4 0.0765 0.0501 0.0333 0.8400 
        D572  4 0.2850 0.0803 0.0938 0.5409 
        D629  4 0.7504 0.0889 0.0647 0.0961 
        D630  4 0.2295 0.3761 0.2249 0.1695 
        D631  4 0.0689 0.0810 0.0742 0.7758 
        D632  4 0.2021 0.0942 0.0153 0.6884 
        D646  4 0.1149 0.7558 0.0532 0.0761 
        D647  4 0.3447 0.3044 0.0651 0.2858 
        D648  4 0.1977 0.4201 0.0777 0.3045 
        D649  4 0.6670 0.2063 0.0347 0.0920 
        D650  4 0.2959 0.4546 0.1716 0.0779 
        D708  4 0.4389 0.2214 0.2546 0.0851 
        D709  4 0.3312 0.2811 0.3006 0.0871 
        D738  4 0.0845 0.5362 0.3127 0.0667 
        D739  4 0.1091 0.6661 0.1443 0.0806 
        D740  4 0.0902 0.2126 0.6362 0.0610 
        D741  4 0.0460 0.8983 0.0140 0.0417 
        D742  4 0.1688 0.2684 0.1548 0.4079 
        D743  4 0.5940 0.0796 0.0643 0.2621 
        D744  4 0.3317 0.0424 0.0542 0.5717 
        D745  4 0.0201 0.9328 0.0273 0.0198 
        D814  4 0.1896 0.3230 0.0712 0.4162 
        D815  4 0.5573 0.0879 0.1078 0.2471 
        D828  4 0.0787 0.1967 0.5840 0.1406 
        D845  4 0.0335 0.0249 0.9090 0.0326 
        D846  4 0.2609 0.0432 0.0448 0.6511 
        D847  4 0.2363 0.2033 0.4354 0.1250 
        D848  4 0.0263 0.0314 0.1076 0.8348 
        D849  4 0.0451 0.8438 0.0213 0.0898 
        D850  4 0.3202 0.1317 0.3617 0.1863 
        D856  4 0.6083 0.2443 0.0707 0.0768 
        D857  4 0.0862 0.7944 0.0478 0.0715 
        D859  4 0.4004 0.2505 0.1845 0.1645 
        D860  4 0.0712 0.0132 0.8189 0.0967 
        D883  4 0.1996 0.5774 0.1624 0.0606 
        D884  4 0.0265 0.9298 0.0238 0.0199 
        D885  4 0.2155 0.5844 0.0757 0.1244 
        D886  4 0.2144 0.2465 0.1130 0.4262 
        D887  4 0.3274 0.2352 0.2688 0.1687 
        D889  4 0.0669 0.0294 0.8795 0.0242 
        D890  4 0.5166 0.1465 0.1091 0.2277 
        D891  4 0.0259 0.0143 0.9372 0.0227 
        D899  4 0.0738 0.0608 0.3142 0.5512 
        D900  4 0.3822 0.2246 0.2317 0.1615 
        D970  4 0.2889 0.0297 0.2919 0.3895 
        D971  4 0.0522 0.0387 0.0418 0.8673 
        D979  4 0.5932 0.0441 0.0555 0.3073 
        D093  5 0.0727 0.2939 0.5833 0.0501 
        D154  5 0.1767 0.5182 0.1655 0.1395 
        D168  5 0.1067 0.6025 0.0794 0.2114 
        D189  5 0.0480 0.0981 0.7902 0.0637 
        D190  5 0.3779 0.1552 0.3695 0.0974 
     D237220  5 0.1054 0.2973 0.5580 0.0393 
     D237221  5 0.3018 0.1028 0.4817 0.1137 
     D237274  5 0.8588 0.0431 0.0217 0.0764 
     D237275  5 0.0600 0.0970 0.2828 0.5602 
     D237276  5 0.0912 0.6565 0.1548 0.0975 
     D237277  5 0.3438 0.0828 0.5071 0.0664 
     D237278  5 0.0879 0.1392 0.1270 0.6459 
     D237279  5 0.4692 0.3654 0.0323 0.1331 
     D237280  5 0.6599 0.1775 0.1050 0.0575 
     D237281  5 0.1765 0.0652 0.3663 0.3919 
     D237351  5 0.1179 0.8048 0.0500 0.0272 
     D237352  5 0.1552 0.1601 0.0395 0.6452 
     D237353  5 0.3147 0.0584 0.5890 0.0380 
     D237359  5 0.2003 0.2687 0.4917 0.0393 
     D237361  5 0.1438 0.0674 0.7564 0.0324 
     D237362  5 0.3748 0.4867 0.0687 0.0697 
     D237363  5 0.5052 0.2608 0.1104 0.1236 
     D237364  5 0.1623 0.4970 0.0554 0.2854 
     D237376  5 0.0827 0.4894 0.3194 0.1085 
     D237377  5 0.4751 0.2863 0.1102 0.1284 
     D237378  5 0.0678 0.2194 0.6164 0.0964 
     D237379  5 0.1999 0.3116 0.3499 0.1386 
     D237380  5 0.6147 0.2286 0.0523 0.1044 
     D237381  5 0.1957 0.3019 0.1220 0.3804 
     D237391  5 0.2113 0.0768 0.6620 0.0499 
     D237392  5 0.6247 0.0963 0.0256 0.2533 
     D237393  5 0.4426 0.0817 0.3029 0.1728 
     D237394  5 0.4373 0.0727 0.4488 0.0412 
     D237395  5 0.1558 0.2516 0.4643 0.1283 
     D237396  5 0.3229 0.0301 0.1217 0.5252 
     D244016  5 0.6002 0.0635 0.1572 0.1791 
     D244018  5 0.0526 0.1708 0.2231 0.5535 
     D244019  5 0.6877 0.0686 0.1326 0.1111 
        D279  5 0.1038 0.4389 0.3661 0.0913 
        D280  5 0.1296 0.0304 0.7979 0.0421 
        D281  5 0.0475 0.0487 0.7309 0.1729 
        D283  5 0.2433 0.0501 0.6555 0.0512 
        D284  5 0.1051 0.7330 0.0867 0.0752 
        D285  5 0.1025 0.0423 0.8302 0.0251 
        D286  5 0.2345 0.2305 0.3426 0.1924 
        D287  5 0.1044 0.6096 0.2366 0.0494 
        D288  5 0.3085 0.0393 0.6202 0.0321 
        D308  5 0.4898 0.4513 0.0258 0.0331 
        D309  5 0.2155 0.0290 0.0257 0.7298 
        D310  5 0.0459 0.0264 0.9128 0.0149 
        D311  5 0.4310 0.3586 0.1306 0.0798 
        D312  5 0.3922 0.1639 0.2286 0.2153 
        D313  5 0.0564 0.8737 0.0433 0.0266 
        D314  5 0.0952 0.6114 0.1171 0.1763 
        D315  5 0.4967 0.0765 0.2983 0.1286 
        D317  5 0.1569 0.1543 0.6559 0.0329 
        D318  5 0.5053 0.1632 0.1562 0.1754 
        D319  5 0.0363 0.0867 0.8419 0.0351 
        D320  5 0.0984 0.0547 0.8206 0.0263 
        D321  5 0.3971 0.3896 0.1946 0.0186 
        D336  5 0.1036 0.1836 0.6498 0.0631 
        D337  5 0.0519 0.0326 0.8849 0.0306 
        D338  5 0.1443 0.2934 0.3838 0.1786 
        D339  5 0.0453 0.1539 0.7716 0.0292 
        D347  5 0.3409 0.0631 0.4544 0.1417 
        D348  5 0.1147 0.0266 0.7951 0.0636 
        D349  5 0.3236 0.5815 0.0548 0.0401 
        D350  5 0.2510 0.1083 0.0383 0.6024 
        D355  5 0.1985 0.1790 0.4562 0.1663 
        D356  5 0.3247 0.1082 0.5039 0.0632 
        D357  5 0.3348 0.1963 0.3954 0.0734 
        D358  5 0.2449 0.1408 0.3485 0.2658 
        D359  5 0.6451 0.0605 0.2678 0.0266 
        D360  5 0.2226 0.0762 0.6629 0.0383 
        D361  5 0.1581 0.8012 0.0227 0.0180 
        D366  5 0.2389 0.2709 0.0380 0.4522 
        D367  5 0.0890 0.3297 0.5291 0.0522 
        D368  5 0.3232 0.5090 0.1265 0.0413 
        D380  5 0.3310 0.0713 0.0550 0.5427 
        D381  5 0.1534 0.0579 0.7357 0.0530 
        D400  5 0.0745 0.1247 0.6596 0.1412 
        D411  5 0.0145 0.9471 0.0135 0.0249 
        D412  5 0.1446 0.0390 0.6833 0.1331 
        D413  5 0.1339 0.0442 0.0269 0.7950 
        D414  5 0.1632 0.1330 0.1026 0.6011 
        D420  5 0.1321 0.1168 0.6724 0.0788 
        D431  5 0.1244 0.4936 0.3174 0.0647 
        D432  5 0.1043 0.0535 0.5124 0.3298 
        D433  5 0.1371 0.1133 0.7011 0.0486 
        D434  5 0.0885 0.1208 0.7388 0.0518 
        D440  5 0.2480 0.1414 0.0335 0.5771 
        D447  5 0.4968 0.1540 0.0846 0.2646 
        D448  5 0.1639 0.2528 0.5370 0.0464 
        D459  5 0.0799 0.0759 0.2937 0.5505 
        D460  5 0.4501 0.4649 0.0435 0.0414 
        D461  5 0.4211 0.0409 0.0325 0.5055 
        D468  5 0.1954 0.7216 0.0356 0.0474 
        D469  5 0.3294 0.4595 0.1499 0.0612 
        D470  5 0.1985 0.6827 0.0521 0.0667 
        D471  5 0.2616 0.1814 0.4604 0.0966 
        D472  5 0.6966 0.0177 0.1022 0.1836 
        D479  5 0.0479 0.0410 0.0262 0.8850 
        D485  5 0.1250 0.5278 0.1596 0.1876 
        D486  5 0.0808 0.8377 0.0410 0.0405 
        D487  5 0.0566 0.0673 0.6237 0.2523 
        D555  5 0.0465 0.0290 0.8531 0.0714 
        D556  5 0.1993 0.1421 0.5627 0.0960 
        D557  5 0.2367 0.0660 0.5406 0.1567 
        D564  5 0.5446 0.1080 0.1625 0.1849 
        D594  5 0.4078 0.1284 0.2456 0.2183 
        D595  5 0.3316 0.3166 0.2601 0.0917 
        D596  5 0.1605 0.0329 0.7673 0.0393 
        D597  5 0.0909 0.0369 0.5872 0.2850 
        D598  5 0.1519 0.2611 0.3722 0.2148 
        D617  5 0.0313 0.8239 0.0303 0.1145 
        D618  5 0.3510 0.0865 0.4879 0.0746 
        D619  5 0.7109 0.0745 0.1133 0.1013 
        D620  5 0.0525 0.0307 0.0751 0.8417 
        D628  5 0.2352 0.1429 0.1294 0.4925 
        D714  5 0.1057 0.1266 0.6129 0.1547 
        D715  5 0.3712 0.0805 0.4801 0.0682 
        D716  5 0.3170 0.2384 0.2881 0.1564 
        D717  5 0.3247 0.0870 0.4530 0.1353 
        D718  5 0.0236 0.8316 0.1037 0.0410 
        D769  5 0.0751 0.5778 0.0546 0.2925 
        D770  5 0.1729 0.4979 0.0717 0.2575 
        D771  5 0.2393 0.2317 0.2994 0.2296 
        D772  5 0.3784 0.1760 0.2650 0.1807 
        D782  5 0.3074 0.2483 0.2339 0.2104 
        D783  5 0.1158 0.0782 0.1395 0.6664 
        D784  5 0.6081 0.0313 0.1451 0.2155 
        D785  5 0.4853 0.2337 0.2327 0.0483 
        D786  5 0.1791 0.1877 0.0316 0.6016 
        D821  5 0.2997 0.0665 0.6078 0.0260 
        D822  5 0.6070 0.0994 0.1296 0.1639 
        D826  5 0.1019 0.1668 0.5875 0.1438 
        D827  5 0.6403 0.2209 0.0325 0.1063 
        D851  5 0.4191 0.0880 0.1336 0.3593 
        D852  5 0.0876 0.0761 0.5676 0.2686 
        D853  5 0.1406 0.1108 0.6717 0.0769 
        D854  5 0.2982 0.5699 0.0612 0.0707 
        D861  5 0.1533 0.5899 0.2000 0.0568 
        D862  5 0.4907 0.1526 0.2468 0.1098 
        D865  5 0.1494 0.1019 0.6482 0.1005 
        D868  5 0.2726 0.1714 0.4686 0.0874 
        D869  5 0.0276 0.9061 0.0151 0.0512 
        D870  5 0.6522 0.0545 0.0270 0.2663 
        D907  5 0.0533 0.1040 0.8003 0.0424 
        D908  5 0.0688 0.0626 0.5755 0.2931 
        D910  5 0.1989 0.2573 0.4373 0.1065 
        D911  5 0.0847 0.0842 0.7802 0.0508 
        D934  5 0.4194 0.1813 0.1363 0.2630 
        D946  5 0.1935 0.3607 0.2522 0.1936 
        D947  5 0.4690 0.2154 0.2075 0.1081 
        D948  5 0.3554 0.4747 0.1307 0.0391 
        D949  5 0.2366 0.6932 0.0465 0.0237 
        D950  5 0.1343 0.0811 0.6547 0.1299 
        D951  5 0.4764 0.0600 0.0364 0.4272 
        D952  5 0.5392 0.0746 0.3242 0.0620 
        D953  5 0.2201 0.0564 0.6919 0.0317 
        D954  5 0.8394 0.0326 0.0829 0.0450 
        D961  5 0.2146 0.5173 0.1405 0.1276 
        D962  5 0.5177 0.0893 0.3169 0.0761 
        D963  5 0.3020 0.0674 0.4545 0.1760 
        D964  5 0.2333 0.4338 0.2406 0.0923 
        D965  5 0.3120 0.1184 0.1240 0.4456 
        D966  5 0.4224 0.0519 0.3000 0.2256 
        D967  5 0.1912 0.0452 0.6087 0.1548 
        D991  5 0.1473 0.3840 0.2295 0.2392 
        D132  8 0.0213 0.9270 0.0210 0.0307 
        D133  8 0.0204 0.0329 0.0378 0.9088 
        D200  8 0.0874 0.2005 0.6120 0.1001 
        D500  8 0.0256 0.9225 0.0250 0.0269 
        D614  8 0.0883 0.3171 0.5466 0.0480 
        D723  8 0.0565 0.8614 0.0321 0.0499 
        D888  8 0.0616 0.0304 0.8457 0.0623 
        D901  8 0.0229 0.9302 0.0316 0.0153 
        D902  8 0.0402 0.3298 0.4994 0.1306 
        D903  8 0.5210 0.0645 0.0934 0.3211 
        D904  8 0.3995 0.0566 0.1166 0.4273 
        D905  8 0.0195 0.0242 0.9395 0.0168 
        D906  8 0.2372 0.0324 0.1278 0.6026 
        D937  8 0.0245 0.2594 0.6558 0.0603 
        D943  8 0.2271 0.3379 0.3231 0.1119 
        D972  8 0.0218 0.9299 0.0220 0.0263 
        D973  8 0.1470 0.7076 0.0357 0.1097 
        D974  8 0.1289 0.4997 0.1627 0.2086 
        D975  8 0.0477 0.0778 0.7216 0.1529 
        D976  8 0.1550 0.5271 0.2498 0.0681 
        D142 10 0.4394 0.1199 0.1148 0.3259 
        D143 10 0.0340 0.0451 0.0327 0.8882 
        D144 10 0.5364 0.1076 0.1887 0.1673 
        D145 10 0.0621 0.1566 0.7258 0.0555 
        D146 10 0.2105 0.6900 0.0322 0.0673 
        D147 10 0.2543 0.6132 0.0455 0.0870 
        D148 10 0.7376 0.0909 0.0487 0.1227 
        D149 10 0.1536 0.2109 0.2829 0.3527 
        D151 10 0.3149 0.1389 0.4488 0.0974 
        D152 10 0.0568 0.0546 0.0802 0.8084 
        D153 10 0.3464 0.3525 0.0888 0.2123 
        D156 10 0.4249 0.0604 0.0545 0.4602 
        D157 10 0.2377 0.1907 0.3567 0.2149 
        D158 10 0.0403 0.6600 0.2749 0.0248 
        D159 10 0.0327 0.0260 0.0389 0.9024 
        D160 10 0.0129 0.0149 0.9611 0.0111 
        D161 10 0.6112 0.1014 0.0764 0.2110 
        D162 10 0.3320 0.0311 0.0833 0.5535 
        D169 10 0.1018 0.2824 0.2036 0.4122 
        D170 10 0.1333 0.5522 0.0443 0.2703 
        D171 10 0.4561 0.3684 0.0314 0.1441 
        D172 10 0.2065 0.4999 0.0580 0.2356 
        D173 10 0.0434 0.0675 0.0351 0.8540 
        D181 10 0.4801 0.1774 0.1879 0.1545 
        D182 10 0.3824 0.3898 0.1283 0.0995 
        D183 10 0.1609 0.1451 0.6556 0.0385 
        D184 10 0.1602 0.5483 0.0167 0.2748 
        D185 10 0.7259 0.1129 0.0503 0.1109 
        D186 10 0.0278 0.8815 0.0424 0.0483 
        D194 10 0.2912 0.3958 0.0628 0.2502 
        D195 10 0.1229 0.0578 0.2532 0.5660 
        D196 10 0.2094 0.0287 0.2361 0.5258 
        D197 10 0.0360 0.5176 0.0517 0.3946 
        D198 10 0.7311 0.0974 0.0881 0.0833 
     D237226 10 0.3739 0.0688 0.4748 0.0825 
     D237232 10 0.0602 0.1136 0.7415 0.0847 
     D237233 10 0.0776 0.3872 0.2473 0.2878 
     D237234 10 0.2311 0.3051 0.3407 0.1231 
     D237354 10 0.0477 0.0249 0.9008 0.0267 
     D237355 10 0.0262 0.0204 0.9337 0.0197 
     D237356 10 0.6388 0.1120 0.1326 0.1167 
     D237357 10 0.0667 0.3271 0.0623 0.5439 
     D237358 10 0.0672 0.0186 0.0346 0.8797 
     D237369 10 0.0303 0.9373 0.0117 0.0207 
     D237370 10 0.2151 0.1240 0.3158 0.3451 
     D237371 10 0.7943 0.0776 0.0663 0.0618 
     D237372 10 0.0731 0.0970 0.0648 0.7651 
     D237373 10 0.1678 0.2315 0.5375 0.0632 
     D237374 10 0.0394 0.0287 0.9058 0.0260 
     D237375 10 0.2563 0.1025 0.1055 0.5357 
     D237400 10 0.0246 0.0472 0.0544 0.8738 
     D244002 10 0.4002 0.3998 0.0503 0.1497 
     D244003 10 0.0157 0.0270 0.9132 0.0441 
     D244004 10 0.0236 0.0614 0.9013 0.0137 
     D244005 10 0.0335 0.0710 0.7933 0.1022 
     D244020 10 0.5934 0.2149 0.0987 0.0930 
     D244021 10 0.0211 0.9077 0.0238 0.0475 
     D244116 10 0.1060 0.5213 0.0480 0.3246 
     D244117 10 0.0842 0.0418 0.7948 0.0792 
     D244121 10 0.0746 0.2078 0.4723 0.2454 
     D244123 10 0.1537 0.1037 0.6666 0.0759 
     D244124 10 0.0522 0.1765 0.0898 0.6816 
        D332 10 0.5122 0.2273 0.0469 0.2136 
        D570 10 0.4302 0.1147 0.3152 0.1400 
        D602 10 0.2255 0.0691 0.0584 0.6469 
        D603 10 0.2295 0.2698 0.2296 0.2711 
        D604 10 0.0780 0.0201 0.0831 0.8189 
        D605 10 0.5928 0.0927 0.1383 0.1763 
        D606 10 0.1460 0.2831 0.2064 0.3644 
        D607 10 0.8441 0.0359 0.0210 0.0990 
        D608 10 0.0462 0.0159 0.0145 0.9234 
        D609 10 0.2873 0.2796 0.3696 0.0635 
        D610 10 0.0749 0.0432 0.8476 0.0343 
        D611 10 0.0665 0.0844 0.8286 0.0204 
        D613 10 0.5388 0.1356 0.1295 0.1961 
        D633 10 0.3753 0.0278 0.0260 0.5709 
        D634 10 0.5236 0.2306 0.0837 0.1621 
        D638 10 0.0282 0.0493 0.1141 0.8084 
        D681 10 0.2039 0.6102 0.0522 0.1336 
        D754 10 0.0279 0.8355 0.1108 0.0258 
        D755 10 0.0266 0.1149 0.6119 0.2466 
        D756 10 0.0777 0.4718 0.3930 0.0574 
        D757 10 0.3183 0.0467 0.4694 0.1657 
        D758 10 0.3097 0.4086 0.1353 0.1465 
        D759 10 0.0580 0.0366 0.7616 0.1438 
        D760 10 0.1326 0.1530 0.5152 0.1992 
        D761 10 0.0179 0.0185 0.9016 0.0620 
        D762 10 0.6571 0.0326 0.0337 0.2766 
        D775 10 0.0655 0.1353 0.7608 0.0383 
        D776 10 0.0433 0.0550 0.8309 0.0708 
        D777 10 0.0946 0.0709 0.8133 0.0211 
        D778 10 0.0871 0.2600 0.5748 0.0780 
        D779 10 0.0441 0.7707 0.1128 0.0724 
        D780 10 0.1109 0.0814 0.2644 0.5432 
        D781 10 0.1576 0.0467 0.0263 0.7694 
        D858 10 0.2110 0.6211 0.1026 0.0653 
        D933 10 0.4533 0.0259 0.4040 0.1168 
        D038 11 0.2397 0.1051 0.5737 0.0815 
        D063 11 0.0678 0.1360 0.4483 0.3479 
        D155 11 0.1700 0.0985 0.6508 0.0807 
        D175 11 0.0390 0.8213 0.1042 0.0355 
        D176 11 0.0547 0.4600 0.2295 0.2559 
        D205 11 0.0661 0.2477 0.6369 0.0493 
     D237229 11 0.1916 0.0690 0.2932 0.4462 
     D237230 11 0.1522 0.5598 0.0215 0.2665 
     D237231 11 0.3778 0.1182 0.0646 0.4394 
     D237269 11 0.2013 0.0613 0.1350 0.6023 
     D237270 11 0.3289 0.3605 0.0798 0.2308 
     D237271 11 0.2705 0.1938 0.2661 0.2696 
     D237272 11 0.0884 0.7838 0.0434 0.0845 
     D237273 11 0.0729 0.1512 0.6661 0.1099 
     D237301 11 0.4215 0.2831 0.1161 0.1793 
     D237302 11 0.0949 0.3475 0.0566 0.5011 
     D237303 11 0.1433 0.5157 0.0266 0.3144 
     D237304 11 0.3023 0.3464 0.1564 0.1949 
     D237305 11 0.0398 0.2811 0.6240 0.0550 
     D237314 11 0.1959 0.2336 0.5201 0.0503 
     D237315 11 0.1826 0.5949 0.0935 0.1290 
     D237316 11 0.8033 0.0390 0.0400 0.1178 
     D237328 11 0.1314 0.6830 0.0808 0.1048 
     D237329 11 0.2235 0.1360 0.3940 0.2464 
     D237330 11 0.0758 0.1434 0.6273 0.1534 
     D237331 11 0.3243 0.0681 0.5463 0.0613 
     D237332 11 0.2785 0.3615 0.2549 0.1051 
     D237333 11 0.1532 0.0320 0.5080 0.3068 
     D237334 11 0.7230 0.1361 0.0648 0.0762 
     D237335 11 0.2008 0.3745 0.3678 0.0569 
     D237336 11 0.1088 0.0508 0.7968 0.0435 
     D237350 11 0.1391 0.0632 0.2584 0.5393 
     D237383 11 0.1606 0.2495 0.4527 0.1371 
     D237384 11 0.8106 0.0441 0.0988 0.0464 
     D237385 11 0.2281 0.3363 0.2481 0.1875 
     D237386 11 0.3277 0.1544 0.1278 0.3900 
     D237387 11 0.2489 0.5070 0.0989 0.1453 
     D237388 11 0.5145 0.1278 0.2406 0.1171 
        D239 11 0.1500 0.0792 0.6838 0.0870 
        D240 11 0.0275 0.0269 0.8755 0.0701 
        D241 11 0.4637 0.1017 0.4031 0.0315 
        D242 11 0.3505 0.1005 0.2123 0.3366 
        D243 11 0.1179 0.0600 0.7809 0.0412 
        D244 11 0.0950 0.0297 0.8353 0.0399 
        D245 11 0.0571 0.8492 0.0376 0.0561 
        D246 11 0.2242 0.5390 0.1494 0.0875 
        D247 11 0.1920 0.1920 0.3694 0.2467 
        D248 11 0.3979 0.1154 0.0740 0.4128 
        D249 11 0.1384 0.7598 0.0678 0.0339 
        D250 11 0.2603 0.1113 0.1711 0.4572 
        D251 11 0.1664 0.4603 0.2411 0.1322 
        D252 11 0.2857 0.5908 0.0377 0.0858 
        D253 11 0.1089 0.1546 0.6179 0.1187 
        D254 11 0.0482 0.6479 0.0269 0.2770 
        D255 11 0.3207 0.3268 0.0879 0.2646 
        D256 11 0.3999 0.0634 0.4783 0.0585 
        D257 11 0.3063 0.5292 0.1081 0.0564 
        D258 11 0.4200 0.4720 0.0510 0.0569 
        D259 11 0.1532 0.4536 0.0636 0.3297 
        D260 11 0.1310 0.3403 0.1500 0.3787 
        D261 11 0.4414 0.2511 0.1474 0.1601 
        D262 11 0.1209 0.7663 0.0483 0.0644 
        D263 11 0.5008 0.1358 0.1893 0.1741 
        D264 11 0.0514 0.7892 0.0342 0.1252 
        D265 11 0.1187 0.5093 0.1555 0.2166 
        D266 11 0.5181 0.0371 0.2659 0.1789 
        D267 11 0.2592 0.1231 0.5505 0.0671 
        D268 11 0.1573 0.0799 0.6819 0.0808 
        D269 11 0.7321 0.0965 0.1155 0.0559 
        D270 11 0.2927 0.5364 0.1081 0.0627 
        D271 11 0.3376 0.1394 0.4257 0.0973 
        D272 11 0.2598 0.0330 0.5189 0.1882 
        D273 11 0.1361 0.8178 0.0214 0.0246 
        D274 11 0.3845 0.0636 0.3617 0.1902 
        D275 11 0.6326 0.0757 0.1831 0.1086 
        D276 11 0.4061 0.0499 0.4567 0.0873 
        D277 11 0.2523 0.1107 0.2606 0.3765 
        D278 11 0.0544 0.4920 0.2404 0.2132 
        D282 11 0.1057 0.6611 0.0831 0.1501 
        D296 11 0.4399 0.0682 0.4294 0.0626 
        D297 11 0.2415 0.0685 0.5582 0.1318 
        D298 11 0.1895 0.0920 0.4967 0.2218 
        D299 11 0.0862 0.3272 0.3126 0.2740 
        D300 11 0.3749 0.0927 0.3125 0.2199 
        D382 11 0.5618 0.0776 0.3249 0.0357 
        D383 11 0.0803 0.1161 0.7738 0.0298 
        D387 11 0.1834 0.3645 0.2777 0.1744 
        D388 11 0.8939 0.0282 0.0459 0.0320 
        D389 11 0.2654 0.2249 0.2251 0.2846 
        D390 11 0.3687 0.1376 0.2788 0.2149 
        D396 11 0.3376 0.2487 0.1832 0.2305 
        D397 11 0.0362 0.7288 0.0918 0.1432 
        D398 11 0.3259 0.0418 0.5634 0.0689 
        D399 11 0.3676 0.1398 0.0280 0.4645 
        D437 11 0.1366 0.4579 0.0649 0.3407 
        D441 11 0.0911 0.1459 0.6809 0.0821 
        D442 11 0.1498 0.1270 0.4182 0.3050 
        D443 11 0.0674 0.0263 0.8853 0.0210 
        D444 11 0.4521 0.1085 0.1083 0.3311 
        D445 11 0.2178 0.6531 0.0583 0.0708 
        D446 11 0.6206 0.0599 0.0879 0.2316 
        D451 11 0.2537 0.4739 0.2070 0.0654 
        D452 11 0.2702 0.0548 0.1380 0.5370 
        D453 11 0.6164 0.0589 0.0966 0.2281 
        D454 11 0.5137 0.2786 0.1190 0.0887 
        D457 11 0.0568 0.8358 0.0810 0.0264 
        D458 11 0.4867 0.0582 0.4199 0.0352 
        D466 11 0.0688 0.0750 0.0445 0.8117 
        D467 11 0.3857 0.3121 0.0942 0.2080 
        D475 11 0.1171 0.7356 0.0287 0.1187 
        D488 11 0.2659 0.2228 0.2093 0.3020 
        D489 11 0.1177 0.6091 0.0847 0.1886 
        D493 11 0.6198 0.0802 0.1441 0.1559 
        D494 11 0.4082 0.2309 0.1460 0.2150 
        D495 11 0.0692 0.5149 0.1260 0.2899 
        D496 11 0.0402 0.0356 0.8615 0.0627 
        D674 11 0.1535 0.0542 0.6768 0.1154 
        D675 11 0.0335 0.0156 0.9063 0.0446 
        D676 11 0.0473 0.7595 0.0943 0.0989 
        D680 11 0.0692 0.0252 0.8838 0.0218 
        D701 11 0.1392 0.5491 0.2489 0.0628 
        D702 11 0.3459 0.1336 0.0417 0.4788 
        D703 11 0.2021 0.0780 0.4256 0.2943 
        D704 11 0.1647 0.5696 0.1502 0.1155 
        D705 11 0.0340 0.7281 0.0177 0.2203 
        D706 11 0.0514 0.1383 0.2414 0.5688 
        D707 11 0.1895 0.5889 0.1413 0.0804 
        D751 11 0.7370 0.0952 0.1243 0.0435 
        D752 11 0.1315 0.1749 0.4730 0.2206 
        D753 11 0.0386 0.6625 0.0714 0.2275 
        D773 11 0.0553 0.8963 0.0223 0.0261 
        D774 11 0.4322 0.0565 0.2925 0.2188 
        D801 11 0.1956 0.2141 0.3776 0.2126 
        D802 11 0.3617 0.4953 0.0519 0.0912 
        D803 11 0.0859 0.0700 0.8137 0.0305 
        D804 11 0.1714 0.6629 0.0801 0.0856 
        D805 11 0.7636 0.1010 0.0955 0.0400 
        D806 11 0.1473 0.8030 0.0196 0.0301 
        D809 11 0.2839 0.2271 0.1815 0.3075 
        D810 11 0.2137 0.0394 0.6772 0.0697 
        D812 11 0.3039 0.4451 0.0905 0.1605 
        D813 11 0.1034 0.0282 0.5574 0.3110 
        D823 11 0.2786 0.2907 0.1589 0.2719 
        D824 11 0.1146 0.4312 0.1525 0.3017 
        D829 11 0.2529 0.0412 0.2548 0.4511 
        D830 11 0.2878 0.5553 0.0581 0.0988 
        D831 11 0.0736 0.6406 0.1766 0.1092 
        D832 11 0.0492 0.2559 0.2657 0.4292 
        D833 11 0.3237 0.0385 0.5813 0.0565 
        D834 11 0.7301 0.0433 0.1545 0.0722 
        D835 11 0.0958 0.7831 0.0848 0.0363 
        D855 11 0.1523 0.5078 0.2255 0.1144 
        D863 11 0.0388 0.0262 0.8602 0.0748 
        D864 11 0.2442 0.2730 0.3494 0.1334 
        D878 11 0.2292 0.3037 0.4075 0.0596 
        D879 11 0.1556 0.5715 0.1153 0.1576 
        D880 11 0.0959 0.0282 0.3851 0.4908 
        D881 11 0.0695 0.0255 0.8832 0.0218 
        D882 11 0.1757 0.4232 0.2042 0.1969 
        D909 11 0.1143 0.2644 0.4071 0.2142 
        D921 11 0.3230 0.1578 0.2393 0.2799 
        D924 11 0.1144 0.0570 0.4043 0.4243 
        D935 11 0.7731 0.0590 0.0637 0.1041 
        D940 11 0.0213 0.0184 0.9295 0.0308 
        D941 11 0.4443 0.0354 0.4785 0.0417 
        D942 11 0.1843 0.7185 0.0301 0.0671 
        D980 11 0.5480 0.0735 0.2035 0.1750 
        D981 11 0.4127 0.1640 0.0905 0.3328 
        D982 11 0.0408 0.0223 0.0365 0.9004 
        D983 11 0.2194 0.1353 0.5724 0.0730 
        D984 11 0.3738 0.1334 0.2405 0.2522 
        D992 11 0.0812 0.7304 0.0364 0.1520 
        D993 11 0.6167 0.1403 0.1321 0.1109 
        D994 11 0.0773 0.2878 0.5562 0.0787 
        D995 11 0.2793 0.6412 0.0344 0.0450 
        H354 11 0.5502 0.3037 0.0296 0.1165 
