        D023  2 0.8851 0.0190 0.0182 0.0174 0.0340 0.0264 
        D130  2 0.5137 0.2537 0.0228 0.1396 0.0416 0.0285 
        D131  2 0.0316 0.3057 0.0369 0.4391 0.0829 0.1038 
        D163  2 0.6777 0.1042 0.0593 0.0282 0.0371 0.0935 
        D164  2 0.1617 0.3872 0.0196 0.3684 0.0438 0.0193 
        D165  2 0.8861 0.0267 0.0130 0.0169 0.0342 0.0231 
        D166  2 0.2887 0.3431 0.0369 0.0352 0.2169 0.0791 
        D167  2 0.7701 0.0301 0.0460 0.1089 0.0224 0.0225 
        D192  2 0.8512 0.0129 0.0208 0.0757 0.0208 0.0186 
        D193  2 0.0638 0.0917 0.6512 0.0406 0.0833 0.0694 
        D206  2 0.1915 0.1344 0.0937 0.4143 0.1339 0.0322 
        D207  2 0.1355 0.0897 0.0368 0.3744 0.0614 0.3022 
        D208  2 0.1633 0.0425 0.2568 0.0537 0.0674 0.4163 
        D209  2 0.8049 0.0226 0.0254 0.0303 0.0937 0.0232 
        D210  2 0.0738 0.0388 0.2964 0.1155 0.0919 0.3837 
     D229599  2 0.3278 0.0478 0.0899 0.0301 0.2053 0.2991 
     D229600  2 0.7284 0.0820 0.0300 0.0892 0.0339 0.0365 
     D237227  2 0.2576 0.2082 0.2100 0.0275 0.0325 0.2642 
     D237228  2 0.0376 0.6817 0.1235 0.0480 0.0300 0.0792 
     D237258  2 0.2949 0.1064 0.0577 0.0729 0.2757 0.1924 
     D237310  2 0.0200 0.8931 0.0227 0.0184 0.0208 0.0249 
     D237311  2 0.0579 0.8020 0.0283 0.0569 0.0224 0.0325 
     D237312  2 0.0329 0.7588 0.0524 0.0331 0.0984 0.0243 
     D237313  2 0.0820 0.1715 0.3134 0.1445 0.1643 0.1243 
     D237322  2 0.0503 0.2202 0.0946 0.0791 0.1375 0.4183 
     D237323  2 0.0337 0.7390 0.0548 0.0152 0.0289 0.1282 
     D237324  2 0.5506 0.0848 0.0280 0.1902 0.0614 0.0849 
     D237325  2 0.0791 0.6580 0.1003 0.0826 0.0452 0.0349 
     D237326  2 0.0427 0.5541 0.0841 0.1887 0.0636 0.0667 
     D237327  2 0.1056 0.0333 0.0551 0.0519 0.1138 0.6402 
     D237337  2 0.0151 0.8698 0.0431 0.0248 0.0224 0.0247 
     D237338  2 0.2262 0.3843 0.1324 0.0622 0.0731 0.1217 
     D237339  2 0.0807 0.0303 0.0569 0.5014 0.2845 0.0462 
     D237340  2 0.0987 0.4814 0.1491 0.1064 0.0650 0.0994 
     D237389  2 0.0522 0.8342 0.0309 0.0265 0.0402 0.0160 
     D237390  2 0.0279 0.6568 0.0824 0.0745 0.0981 0.0603 
     D244017  2 0.4314 0.0410 0.2751 0.0510 0.0534 0.1481 
     D244112  2 0.8260 0.0317 0.0230 0.0844 0.0178 0.0170 
     D244118  2 0.8915 0.0137 0.0213 0.0397 0.0156 0.0183 
     D244119  2 0.1122 0.0646 0.5060 0.1848 0.0236 0.1089 
     D244120  2 0.4573 0.1346 0.1226 0.0447 0.1719 0.0689 
     D244122  2 0.7863 0.0245 0.0578 0.0603 0.0463 0.0248 
        D291  2 0.2156 0.0294 0.0308 0.0508 0.0209 0.6525 
        D292  2 0.2931 0.0331 0.2158 0.0564 0.0778 0.3238 
        D293  2 0.0138 0.0124 0.0133 0.9268 0.0205 0.0132 
        D322  2 0.0833 0.0326 0.0183 0.6564 0.1593 0.0501 
        D323  2 0.1055 0.0713 0.1878 0.3982 0.1840 0.0532 
        D324  2 0.0656 0.1271 0.0468 0.1588 0.0535 0.5482 
        D325  2 0.0220 0.0182 0.0143 0.8890 0.0252 0.0312 
        D326  2 0.0298 0.0316 0.1307 0.5802 0.1310 0.0968 
        D340  2 0.0249 0.0165 0.0189 0.8882 0.0256 0.0259 
        D341  2 0.0601 0.0624 0.0531 0.7746 0.0217 0.0280 
        D342  2 0.7241 0.0555 0.0253 0.0850 0.0557 0.0544 
        D343  2 0.0160 0.0102 0.0104 0.9344 0.0155 0.0134 
        D344  2 0.0696 0.0556 0.0731 0.0369 0.7447 0.0202 
        D345  2 0.1933 0.0295 0.1278 0.0549 0.4243 0.1702 
        D346  2 0.0852 0.1309 0.3062 0.1021 0.2452 0.1304 
        D351  2 0.0294 0.0909 0.0304 0.4187 0.1004 0.3301 
        D352  2 0.0447 0.0702 0.0467 0.0587 0.7358 0.0438 
        D353  2 0.0392 0.1034 0.0298 0.1916 0.5436 0.0925 
        D354  2 0.0266 0.0260 0.0851 0.0198 0.8190 0.0235 
        D362  2 0.4547 0.0623 0.2182 0.0722 0.0990 0.0935 
        D363  2 0.3593 0.0578 0.2198 0.0718 0.1452 0.1462 
        D364  2 0.0853 0.0259 0.1088 0.0299 0.7191 0.0311 
        D365  2 0.0109 0.0161 0.0135 0.9256 0.0174 0.0165 
        D369  2 0.1086 0.3235 0.1722 0.2359 0.0458 0.1140 
        D374  2 0.0269 0.0156 0.8698 0.0187 0.0480 0.0210 
        D375  2 0.0335 0.0247 0.0238 0.0174 0.8859 0.0147 
        D376  2 0.0468 0.0370 0.7564 0.0191 0.1039 0.0368 
        D377  2 0.0699 0.3610 0.0970 0.1609 0.2328 0.0784 
        D378  2 0.0890 0.0303 0.0228 0.3951 0.3699 0.0930 
        D379  2 0.0531 0.0384 0.2578 0.4171 0.1865 0.0470 
        D384  2 0.0269 0.0442 0.2733 0.5110 0.0949 0.0497 
        D385  2 0.0402 0.0356 0.0291 0.7627 0.1074 0.0250 
        D386  2 0.0369 0.0149 0.0269 0.1267 0.7552 0.0394 
        D391  2 0.0196 0.0247 0.0191 0.8734 0.0469 0.0164 
        D392  2 0.1898 0.1585 0.0396 0.5292 0.0347 0.0481 
        D393  2 0.0432 0.0367 0.0391 0.3523 0.3467 0.1820 
        D394  2 0.3470 0.1267 0.1543 0.0467 0.2420 0.0833 
        D395  2 0.0483 0.0464 0.0253 0.2344 0.5856 0.0600 
        D401  2 0.0224 0.8986 0.0214 0.0186 0.0123 0.0267 
        D402  2 0.0341 0.0245 0.0294 0.8135 0.0616 0.0370 
        D403  2 0.1656 0.0404 0.0807 0.0781 0.5941 0.0411 
        D415  2 0.0699 0.4427 0.0251 0.2778 0.1565 0.0279 
        D435  2 0.0615 0.0644 0.0339 0.6177 0.1394 0.0830 
        D436  2 0.0736 0.0999 0.2308 0.2053 0.3572 0.0332 
        D438  2 0.0262 0.0184 0.0185 0.8983 0.0203 0.0183 
        D439  2 0.1954 0.0179 0.0308 0.0786 0.6344 0.0430 
        D449  2 0.6338 0.0326 0.0391 0.2133 0.0576 0.0236 
        D450  2 0.1623 0.1985 0.1725 0.0343 0.2827 0.1497 
        D456  2 0.0342 0.0684 0.0630 0.4981 0.1009 0.2353 
        D462  2 0.0605 0.0187 0.0158 0.8141 0.0737 0.0171 
        D463  2 0.0242 0.0244 0.2525 0.4905 0.1708 0.0376 
        D464  2 0.0407 0.0777 0.0443 0.1599 0.6355 0.0419 
        D465  2 0.0242 0.1546 0.0207 0.7409 0.0364 0.0232 
        D473  2 0.0513 0.3374 0.1386 0.0679 0.1856 0.2192 
        D474  2 0.1622 0.0624 0.1129 0.0766 0.1071 0.4787 
        D476  2 0.4113 0.0613 0.0238 0.1098 0.3616 0.0322 
        D477  2 0.0542 0.0842 0.0728 0.0489 0.6461 0.0938 
        D478  2 0.4950 0.0427 0.0849 0.0407 0.1014 0.2353 
        D480  2 0.0251 0.0379 0.0998 0.4721 0.2975 0.0676 
        D481  2 0.1949 0.0417 0.1629 0.0597 0.3717 0.1691 
        D482  2 0.0546 0.0880 0.1113 0.0330 0.3773 0.3358 
        D483  2 0.7654 0.0144 0.0459 0.1166 0.0224 0.0354 
        D484  2 0.0302 0.0244 0.0309 0.0376 0.8439 0.0331 
        D510  2 0.0594 0.0349 0.7373 0.0349 0.0404 0.0930 
        D511  2 0.0449 0.0321 0.0274 0.1589 0.6914 0.0453 
        D512  2 0.0269 0.8608 0.0123 0.0444 0.0345 0.0211 
        D513  2 0.0201 0.0256 0.0334 0.8465 0.0242 0.0501 
        D635  2 0.6564 0.0431 0.0620 0.0409 0.0672 0.1304 
        D636  2 0.8446 0.0386 0.0268 0.0237 0.0369 0.0295 
        D637  2 0.0728 0.1649 0.1373 0.2215 0.3311 0.0724 
        D658  2 0.1325 0.2761 0.0846 0.2579 0.1999 0.0489 
        D659  2 0.3155 0.0329 0.3208 0.1074 0.1169 0.1065 
        D677  2 0.1508 0.2784 0.1240 0.2786 0.0974 0.0707 
        D678  2 0.8732 0.0262 0.0150 0.0408 0.0272 0.0176 
        D679  2 0.0399 0.0442 0.1009 0.5412 0.1694 0.1044 
        D719  2 0.0340 0.0626 0.2099 0.5319 0.0509 0.1106 
        D720  2 0.0206 0.0464 0.0989 0.7085 0.0246 0.1010 
        D721  2 0.8558 0.0216 0.0243 0.0281 0.0414 0.0288 
        D722  2 0.0611 0.0436 0.7036 0.0805 0.0742 0.0370 
        D734  2 0.0325 0.0478 0.1252 0.2505 0.4720 0.0721 
        D735  2 0.1298 0.0916 0.0998 0.3189 0.2062 0.1537 
        D736  2 0.1147 0.0606 0.2013 0.0576 0.0913 0.4744 
        D737  2 0.7606 0.0253 0.0479 0.0399 0.0552 0.0710 
        D807  2 0.1219 0.1234 0.2826 0.1138 0.1755 0.1829 
        D808  2 0.0684 0.5949 0.0271 0.1223 0.0621 0.1251 
        D817  2 0.0848 0.1599 0.2264 0.2330 0.1961 0.0997 
        D818  2 0.0888 0.0665 0.0405 0.5111 0.0739 0.2192 
        D819  2 0.0996 0.5786 0.0515 0.0608 0.1185 0.0910 
        D820  2 0.0190 0.0271 0.0838 0.7946 0.0521 0.0235 
        D895  2 0.4471 0.0520 0.2280 0.0737 0.1372 0.0619 
        D896  2 0.0122 0.9122 0.0226 0.0181 0.0154 0.0195 
        D897  2 0.3435 0.1202 0.0577 0.3036 0.0656 0.1095 
        D898  2 0.1411 0.1850 0.0910 0.0253 0.0942 0.4634 
        D918  2 0.0286 0.4625 0.1014 0.2059 0.1211 0.0805 
        D919  2 0.1964 0.0221 0.0399 0.2345 0.4148 0.0922 
        D920  2 0.7147 0.1358 0.0675 0.0308 0.0253 0.0260 
        D923  2 0.1343 0.0641 0.0477 0.1641 0.5315 0.0582 
        D930  2 0.0333 0.1781 0.1296 0.2659 0.3383 0.0548 
        D931  2 0.0880 0.1091 0.0504 0.1180 0.5740 0.0604 
        D968  2 0.0307 0.0162 0.0187 0.8746 0.0260 0.0338 
        D969  2 0.1479 0.0533 0.1178 0.1570 0.1261 0.3980 
        D977  2 0.0742 0.0582 0.0434 0.7097 0.0552 0.0592 
        D978  2 0.1443 0.0403 0.0741 0.1412 0.0680 0.5322 
        D009  4 0.3834 0.3293 0.1192 0.0417 0.0621 0.0643 
        D057  4 0.5387 0.0497 0.1104 0.1841 0.0703 0.0469 
        D109  4 0.0352 0.8087 0.0408 0.0231 0.0570 0.0353 
     D237222  4 0.5775 0.0292 0.2894 0.0510 0.0256 0.0273 
     D237223  4 0.0334 0.3129 0.1684 0.3726 0.0553 0.0574 
     D237224  4 0.1997 0.0340 0.0699 0.1079 0.3673 0.2212 
     D237225  4 0.3507 0.1291 0.1757 0.1612 0.0689 0.1143 
     D237299  4 0.0333 0.7526 0.0258 0.0583 0.0513 0.0787 
     D237300  4 0.0613 0.0556 0.0583 0.0266 0.0504 0.7478 
     D237306  4 0.0481 0.1435 0.6515 0.0575 0.0713 0.0282 
     D237307  4 0.0687 0.0802 0.4453 0.2497 0.0323 0.1237 
     D237308  4 0.3260 0.0502 0.1443 0.2893 0.1282 0.0620 
     D237309  4 0.5971 0.0645 0.0879 0.0306 0.0908 0.1290 
     D237317  4 0.2426 0.0257 0.4186 0.0733 0.0523 0.1875 
     D237318  4 0.0449 0.0351 0.0454 0.0680 0.0273 0.7793 
     D237319  4 0.1382 0.4978 0.1027 0.0933 0.1012 0.0668 
     D237320  4 0.0723 0.4694 0.0585 0.2729 0.0355 0.0914 
     D237321  4 0.1370 0.0723 0.0420 0.0290 0.0426 0.6772 
     D237397  4 0.0521 0.0714 0.5734 0.2092 0.0217 0.0723 
     D237398  4 0.0226 0.0402 0.0203 0.1012 0.0672 0.7484 
     D237399  4 0.1159 0.0715 0.1445 0.0830 0.0482 0.5368 
     D244001  4 0.6845 0.0345 0.1773 0.0489 0.0323 0.0226 
        D289  4 0.1412 0.0411 0.2542 0.1816 0.2407 0.1412 
        D290  4 0.1456 0.0727 0.1517 0.0674 0.0710 0.4915 
        D294  4 0.2912 0.0429 0.0676 0.0600 0.2897 0.2486 
        D295  4 0.0948 0.4155 0.1985 0.1176 0.1108 0.0629 
        D301  4 0.6720 0.1122 0.0923 0.0254 0.0349 0.0633 
        D302  4 0.0826 0.0206 0.0251 0.0386 0.8077 0.0254 
        D303  4 0.1257 0.1866 0.4264 0.0400 0.1372 0.0841 
        D304  4 0.0700 0.0282 0.1784 0.0458 0.0400 0.6376 
        D305  4 0.4238 0.0311 0.0355 0.0640 0.4042 0.0414 
        D306  4 0.3321 0.0850 0.1806 0.0386 0.1063 0.2573 
        D307  4 0.6954 0.0871 0.0692 0.0188 0.0457 0.0838 
        D327  4 0.0855 0.1362 0.1487 0.4108 0.1030 0.1157 
        D328  4 0.0642 0.1525 0.2458 0.0345 0.4505 0.0526 
        D329  4 0.6378 0.0318 0.0529 0.0233 0.1480 0.1062 
        D330  4 0.2609 0.2736 0.0573 0.1597 0.2172 0.0313 
        D331  4 0.0969 0.0734 0.1115 0.0752 0.0447 0.5984 
        D333  4 0.2267 0.1046 0.3931 0.0918 0.0962 0.0875 
        D334  4 0.0805 0.0648 0.4510 0.0609 0.0803 0.2625 
        D335  4 0.0874 0.0290 0.1128 0.3800 0.3584 0.0324 
        D370  4 0.1485 0.0799 0.4747 0.0330 0.2003 0.0636 
        D371  4 0.0641 0.0808 0.5547 0.1050 0.1411 0.0542 
        D372  4 0.0557 0.0265 0.0446 0.0184 0.0214 0.8333 
        D373  4 0.8274 0.0319 0.0174 0.0287 0.0484 0.0462 
        D455  4 0.7766 0.0335 0.0379 0.0269 0.0327 0.0923 
        D490  4 0.4241 0.4776 0.0422 0.0161 0.0230 0.0170 
        D497  4 0.4115 0.4371 0.0294 0.0173 0.0507 0.0540 
        D498  4 0.1047 0.1703 0.2000 0.0764 0.0504 0.3982 
        D499  4 0.0558 0.3636 0.0609 0.1408 0.3074 0.0716 
        D514  4 0.2187 0.2613 0.0578 0.0558 0.2789 0.1274 
        D515  4 0.0356 0.6424 0.0336 0.1575 0.1057 0.0253 
        D516  4 0.0945 0.1286 0.3243 0.3715 0.0352 0.0460 
        D517  4 0.7034 0.0578 0.0603 0.0212 0.0348 0.1226 
        D518  4 0.3949 0.0372 0.2221 0.1625 0.1645 0.0188 
        D519  4 0.0314 0.5942 0.0350 0.2503 0.0325 0.0567 
        D560  4 0.0545 0.4680 0.0404 0.2710 0.1117 0.0545 
        D561  4 0.2261 0.3243 0.0246 0.2211 0.1557 0.0482 
        D562  4 0.3140 0.0716 0.1246 0.1141 0.1794 0.1962 
        D563  4 0.1851 0.1080 0.0209 0.1597 0.4335 0.0929 
        D572  4 0.1283 0.0435 0.0801 0.0894 0.6215 0.0371 
        D629  4 0.1414 0.0687 0.0615 0.1332 0.3857 0.2095 
        D630  4 0.2847 0.1155 0.1467 0.1101 0.1830 0.1599 
        D631  4 0.1758 0.0754 0.0726 0.2892 0.3236 0.0634 
        D632  4 0.4112 0.0699 0.0210 0.0659 0.4124 0.0197 
        D646  4 0.0858 0.1978 0.2460 0.4007 0.0416 0.0281 
        D647  4 0.1345 0.1103 0.1053 0.4027 0.1752 0.0720 
        D648  4 0.0857 0.0671 0.1590 0.0320 0.6414 0.0149 
        D649  4 0.0750 0.3437 0.0350 0.0483 0.4587 0.0392 
        D650  4 0.0500 0.2887 0.1655 0.2859 0.1280 0.0820 
        D708  4 0.1806 0.1164 0.3411 0.0518 0.2394 0.0707 
        D709  4 0.1087 0.3438 0.1729 0.0649 0.1313 0.1784 
        D738  4 0.0390 0.0654 0.7586 0.0734 0.0283 0.0353 
        D739  4 0.3392 0.2664 0.1101 0.0578 0.0742 0.1523 
        D740  4 0.1333 0.2622 0.1486 0.0588 0.0847 0.3124 
        D741  4 0.0211 0.2461 0.0843 0.5988 0.0326 0.0171 
        D742  4 0.0916 0.1371 0.0797 0.5328 0.0648 0.0941 
        D743  4 0.0480 0.0461 0.0792 0.3436 0.4426 0.0404 
        D744  4 0.0360 0.0305 0.0186 0.0873 0.7879 0.0397 
        D745  4 0.0293 0.7195 0.0302 0.1306 0.0523 0.0381 
        D814  4 0.6382 0.0385 0.0761 0.1033 0.1068 0.0372 
        D815  4 0.0951 0.0568 0.1040 0.1007 0.5650 0.0784 
        D828  4 0.2575 0.0996 0.3628 0.0360 0.1555 0.0886 
        D845  4 0.0171 0.0187 0.0762 0.1311 0.0175 0.7394 
        D846  4 0.4756 0.0272 0.0329 0.1494 0.2411 0.0739 
        D847  4 0.0986 0.1179 0.0685 0.0742 0.0562 0.5845 
        D848  4 0.8069 0.0179 0.0209 0.0214 0.0239 0.1089 
        D849  4 0.2231 0.3542 0.1239 0.2045 0.0617 0.0326 
        D850  4 0.0972 0.0905 0.0755 0.4027 0.0936 0.2406 
        D856  4 0.0592 0.5992 0.0624 0.0750 0.1072 0.0969 
        D857  4 0.0790 0.7500 0.0604 0.0231 0.0491 0.0384 
        D859  4 0.1346 0.0990 0.1024 0.0758 0.4688 0.1195 
        D860  4 0.0964 0.0166 0.3709 0.1307 0.0575 0.3279 
        D883  4 0.1801 0.2365 0.3370 0.0516 0.1002 0.0947 
        D884  4 0.0270 0.4516 0.2410 0.1485 0.1122 0.0197 
        D885  4 0.0550 0.1991 0.0390 0.5806 0.0609 0.0654 
        D886  4 0.2629 0.1696 0.1439 0.1520 0.1051 0.1665 
        D887  4 0.0826 0.1379 0.0428 0.0545 0.3828 0.2994 
        D889  4 0.0486 0.0207 0.0901 0.0236 0.0435 0.7735 
        D890  4 0.2346 0.1376 0.1241 0.0575 0.3494 0.0969 
        D891  4 0.0128 0.0105 0.0148 0.0188 0.0124 0.9307 
        D899  4 0.1818 0.0542 0.1459 0.3454 0.1245 0.1482 
        D900  4 0.1338 0.1076 0.1227 0.1149 0.2082 0.3128 
        D970  4 0.2505 0.0296 0.0692 0.0748 0.2195 0.3564 
        D971  4 0.0997 0.0674 0.0881 0.5933 0.1159 0.0356 
        D979  4 0.0504 0.0266 0.1375 0.4853 0.2584 0.0417 
        D093  5 0.0861 0.1222 0.5477 0.0368 0.0494 0.1579 
        D154  5 0.0451 0.2265 0.1623 0.4094 0.0601 0.0965 
        D168  5 0.1508 0.2721 0.0596 0.3481 0.0851 0.0843 
        D189  5 0.0601 0.0875 0.4872 0.0654 0.0532 0.2466 
        D190  5 0.0290 0.0431 0.7009 0.0695 0.0721 0.0854 
     D237220  5 0.0523 0.1562 0.1077 0.0496 0.0417 0.5926 
     D237221  5 0.0601 0.0773 0.2723 0.2047 0.0655 0.3201 
     D237274  5 0.0807 0.0647 0.0773 0.2921 0.4452 0.0400 
     D237275  5 0.1605 0.1209 0.1043 0.4587 0.0215 0.1340 
     D237276  5 0.0757 0.2128 0.4409 0.1118 0.1035 0.0553 
     D237277  5 0.0383 0.0505 0.3716 0.0695 0.1360 0.3341 
     D237278  5 0.3959 0.1597 0.1359 0.1284 0.1312 0.0490 
     D237279  5 0.0697 0.5985 0.0170 0.0697 0.1544 0.0907 
     D237280  5 0.3770 0.1181 0.2270 0.0299 0.1569 0.0911 
     D237281  5 0.1321 0.0520 0.1143 0.4029 0.0584 0.2402 
     D237351  5 0.0240 0.8062 0.0715 0.0340 0.0236 0.0407 
     D237352  5 0.2837 0.0847 0.1871 0.2389 0.1657 0.0398 
     D237353  5 0.0201 0.0296 0.6706 0.0328 0.0745 0.1724 
     D237359  5 0.0415 0.0962 0.1074 0.0680 0.0619 0.6251 
     D237361  5 0.0310 0.0587 0.5487 0.0281 0.0301 0.3035 
     D237362  5 0.0480 0.2309 0.2612 0.3106 0.0956 0.0538 
     D237363  5 0.1408 0.2257 0.1512 0.3251 0.0550 0.1023 
     D237364  5 0.1313 0.3274 0.0364 0.2905 0.1444 0.0700 
     D237376  5 0.0348 0.1954 0.1266 0.0286 0.5658 0.0489 
     D237377  5 0.2002 0.3746 0.1324 0.0885 0.1135 0.0907 
     D237378  5 0.2081 0.1069 0.4126 0.0326 0.1213 0.1185 
     D237379  5 0.0760 0.1530 0.2379 0.0699 0.3997 0.0634 
     D237380  5 0.0806 0.2500 0.2420 0.0233 0.3775 0.0266 
     D237381  5 0.5647 0.0653 0.2013 0.0434 0.0624 0.0629 
     D237391  5 0.0326 0.0411 0.4719 0.0409 0.0388 0.3746 
     D237392  5 0.0699 0.1230 0.0356 0.4587 0.2843 0.0286 
     D237393  5 0.3297 0.0456 0.4308 0.0527 0.0702 0.0710 
     D237394  5 0.0243 0.0329 0.6611 0.0494 0.0746 0.1578 
     D237395  5 0.1484 0.1896 0.2843 0.0743 0.0632 0.2402 
     D237396  5 0.2374 0.0671 0.1630 0.2734 0.0905 0.1686 
     D244016  5 0.0241 0.0880 0.2037 0.1794 0.3897 0.1152 
     D244018  5 0.1388 0.0495 0.1925 0.4557 0.0254 0.1380 
     D244019  5 0.0703 0.0470 0.2041 0.4299 0.1201 0.1287 
        D279  5 0.0465 0.1559 0.1227 0.3249 0.0614 0.2887 
        D280  5 0.0927 0.0390 0.0611 0.0225 0.0324 0.7523 
        D281  5 0.0360 0.0561 0.0893 0.2032 0.0420 0.5735 
        D283  5 0.0512 0.0478 0.2761 0.0559 0.0506 0.5184 
        D284  5 0.0561 0.5943 0.0547 0.1065 0.0858 0.1026 
        D285  5 0.0330 0.0366 0.1140 0.0299 0.0377 0.7487 
        D286  5 0.1132 0.1000 0.2911 0.0589 0.2744 0.1623 
        D287  5 0.0594 0.3092 0.1085 0.0206 0.4354 0.0669 
        D288  5 0.0610 0.0337 0.0959 0.0619 0.0425 0.7049 
        D308  5 0.0410 0.7303 0.0319 0.0566 0.0873 0.0528 
        D309  5 0.0631 0.0226 0.0294 0.0267 0.8400 0.0182 
        D310  5 0.0339 0.0288 0.7952 0.0227 0.0224 0.0969 
        D311  5 0.0637 0.1141 0.3759 0.2889 0.0992 0.0582 
        D312  5 0.3246 0.0809 0.1548 0.0532 0.2899 0.0967 
        D313  5 0.2075 0.6996 0.0507 0.0147 0.0119 0.0156 
        D314  5 0.1706 0.2728 0.1598 0.1394 0.1795 0.0779 
        D315  5 0.3929 0.0865 0.2197 0.0299 0.1884 0.0827 
        D317  5 0.0439 0.0275 0.8452 0.0261 0.0155 0.0418 
        D318  5 0.1240 0.1362 0.0800 0.1617 0.3318 0.1664 
        D319  5 0.0211 0.0369 0.8392 0.0397 0.0181 0.0450 
        D320  5 0.0420 0.0605 0.5051 0.0260 0.0868 0.2796 
        D321  5 0.0310 0.5938 0.1094 0.0383 0.0278 0.1997 
        D336  5 0.0801 0.0743 0.6196 0.0240 0.0947 0.1073 
        D337  5 0.0245 0.0265 0.7586 0.0476 0.0317 0.1111 
        D338  5 0.0894 0.3491 0.1558 0.1708 0.0816 0.1532 
        D339  5 0.0400 0.0680 0.7760 0.0439 0.0199 0.0521 
        D347  5 0.3111 0.0166 0.4278 0.0517 0.0610 0.1318 
        D348  5 0.0491 0.0114 0.8475 0.0214 0.0492 0.0214 
        D349  5 0.0481 0.7534 0.0485 0.0278 0.0434 0.0788 
        D350  5 0.0209 0.0308 0.0239 0.0302 0.8691 0.0250 
        D355  5 0.0346 0.0415 0.1112 0.6818 0.0416 0.0893 
        D356  5 0.1468 0.0891 0.2819 0.0457 0.0971 0.3395 
        D357  5 0.2361 0.1178 0.1693 0.0341 0.1803 0.2625 
        D358  5 0.1661 0.1372 0.2014 0.0375 0.3238 0.1339 
        D359  5 0.0535 0.0397 0.6417 0.0993 0.0863 0.0795 
        D360  5 0.1052 0.0712 0.3037 0.0380 0.0553 0.4266 
        D361  5 0.0331 0.8923 0.0246 0.0148 0.0170 0.0182 
        D366  5 0.0210 0.0344 0.0286 0.8616 0.0264 0.0280 
        D367  5 0.0619 0.2248 0.5049 0.0317 0.0916 0.0851 
        D368  5 0.0416 0.6573 0.1304 0.0541 0.0558 0.0609 
        D380  5 0.0686 0.0563 0.0331 0.0798 0.7125 0.0496 
        D381  5 0.0426 0.0298 0.7185 0.0841 0.0328 0.0923 
        D400  5 0.1525 0.0524 0.4940 0.0972 0.0544 0.1494 
        D411  5 0.3365 0.5923 0.0115 0.0172 0.0274 0.0151 
        D412  5 0.4773 0.0173 0.3850 0.0307 0.0222 0.0676 
        D413  5 0.1032 0.0825 0.0280 0.6171 0.1301 0.0391 
        D414  5 0.0381 0.0494 0.0309 0.0863 0.7643 0.0310 
        D420  5 0.0774 0.0854 0.0340 0.0249 0.0248 0.7535 
        D431  5 0.0728 0.3190 0.0243 0.0142 0.4070 0.1627 
        D432  5 0.3973 0.0387 0.2513 0.0289 0.0902 0.1937 
        D433  5 0.0497 0.0644 0.7139 0.0546 0.0352 0.0822 
        D434  5 0.0440 0.0628 0.5260 0.0612 0.0524 0.2536 
        D440  5 0.0379 0.0749 0.0426 0.0478 0.7679 0.0288 
        D447  5 0.3826 0.0769 0.0477 0.1705 0.2382 0.0841 
        D448  5 0.1382 0.0346 0.7280 0.0263 0.0303 0.0425 
        D459  5 0.0248 0.0203 0.1017 0.7840 0.0216 0.0477 
        D460  5 0.0425 0.7658 0.0429 0.0332 0.0508 0.0648 
        D461  5 0.0251 0.0191 0.0242 0.0284 0.8796 0.0236 
        D468  5 0.0375 0.6616 0.0719 0.0993 0.0991 0.0306 
        D469  5 0.0839 0.4235 0.0845 0.1153 0.1650 0.1279 
        D470  5 0.3716 0.0831 0.3391 0.0596 0.1160 0.0306 
        D471  5 0.0327 0.0379 0.7448 0.0607 0.0849 0.0390 
        D472  5 0.0352 0.0157 0.0542 0.7339 0.0349 0.1260 
        D479  5 0.5724 0.0268 0.0513 0.2500 0.0833 0.0161 
        D485  5 0.1126 0.1602 0.0664 0.0446 0.5673 0.0489 
        D486  5 0.0768 0.6827 0.0609 0.0709 0.0837 0.0251 
        D487  5 0.2829 0.0540 0.2540 0.0363 0.0956 0.2772 
        D555  5 0.0358 0.0245 0.6641 0.0573 0.0248 0.1936 
        D556  5 0.0573 0.1060 0.0443 0.0314 0.2764 0.4845 
        D557  5 0.0721 0.0466 0.6677 0.0900 0.0594 0.0642 
        D564  5 0.1277 0.1097 0.1770 0.0242 0.5228 0.0387 
        D594  5 0.3003 0.0429 0.3354 0.1278 0.1051 0.0885 
        D595  5 0.1344 0.1626 0.3825 0.0863 0.1090 0.1252 
        D596  5 0.0526 0.0205 0.7281 0.0335 0.0390 0.1263 
        D597  5 0.0387 0.0181 0.2163 0.3701 0.0577 0.2992 
        D598  5 0.1539 0.0833 0.3034 0.0592 0.2426 0.1575 
        D617  5 0.5412 0.2730 0.0657 0.0556 0.0300 0.0344 
        D618  5 0.0360 0.0472 0.5329 0.0851 0.0717 0.2272 
        D619  5 0.1184 0.1161 0.4881 0.0509 0.1520 0.0745 
        D620  5 0.0578 0.0223 0.0600 0.7850 0.0257 0.0492 
        D628  5 0.0544 0.0462 0.0340 0.0204 0.8190 0.0259 
        D714  5 0.0534 0.1018 0.0992 0.0454 0.4046 0.2955 
        D715  5 0.0293 0.0367 0.5116 0.1564 0.0627 0.2032 
        D716  5 0.2069 0.0477 0.3107 0.1692 0.1199 0.1456 
        D717  5 0.0417 0.0729 0.2682 0.2147 0.1130 0.2894 
        D718  5 0.1167 0.5187 0.1485 0.0305 0.1128 0.0727 
        D769  5 0.7983 0.0364 0.0865 0.0263 0.0321 0.0204 
        D770  5 0.0381 0.1448 0.0449 0.1183 0.6183 0.0355 
        D771  5 0.2531 0.0674 0.1067 0.0608 0.2377 0.2744 
        D772  5 0.0515 0.0522 0.1054 0.0582 0.6276 0.1050 
        D782  5 0.0932 0.3426 0.0543 0.0859 0.0652 0.3587 
        D783  5 0.0541 0.0637 0.1101 0.1925 0.4895 0.0901 
        D784  5 0.0449 0.0376 0.1043 0.2417 0.3291 0.2424 
        D785  5 0.0260 0.0829 0.5500 0.0486 0.2027 0.0898 
        D786  5 0.3254 0.0858 0.1463 0.2519 0.1608 0.0298 
        D821  5 0.0156 0.0250 0.6438 0.0254 0.0928 0.1974 
        D822  5 0.0723 0.0688 0.2188 0.3551 0.1404 0.1446 
        D826  5 0.0887 0.1121 0.3695 0.2293 0.0859 0.1145 
        D827  5 0.0402 0.0624 0.0640 0.6304 0.1616 0.0413 
        D851  5 0.3896 0.1480 0.1631 0.0682 0.1336 0.0974 
        D852  5 0.1362 0.0601 0.2562 0.0410 0.2898 0.2166 
        D853  5 0.0987 0.0892 0.2558 0.0724 0.0589 0.4248 
        D854  5 0.1049 0.4271 0.0526 0.1596 0.1622 0.0935 
        D861  5 0.1206 0.3618 0.2668 0.1041 0.0741 0.0727 
        D862  5 0.0490 0.0660 0.4113 0.2110 0.1501 0.1125 
        D865  5 0.1521 0.0894 0.5099 0.0384 0.0667 0.1435 
        D868  5 0.0507 0.0764 0.3548 0.2382 0.0816 0.1982 
        D869  5 0.4148 0.4739 0.0242 0.0409 0.0249 0.0212 
        D870  5 0.2869 0.2850 0.0192 0.1869 0.1812 0.0408 
        D907  5 0.2111 0.0410 0.6568 0.0153 0.0224 0.0534 
        D908  5 0.2013 0.0672 0.1726 0.0274 0.1942 0.3373 
        D910  5 0.0403 0.0664 0.5334 0.2631 0.0379 0.0590 
        D911  5 0.0181 0.0234 0.1814 0.6212 0.0198 0.1360 
        D934  5 0.1188 0.1029 0.0453 0.0668 0.5676 0.0986 
        D946  5 0.0729 0.2297 0.0350 0.0176 0.5238 0.1210 
        D947  5 0.0835 0.1234 0.0450 0.0563 0.2795 0.4123 
        D948  5 0.0658 0.5914 0.1723 0.0296 0.0360 0.1049 
        D949  5 0.0394 0.7977 0.0585 0.0256 0.0277 0.0511 
        D950  5 0.0444 0.0327 0.1445 0.5766 0.0470 0.1549 
        D951  5 0.3116 0.0902 0.1084 0.1621 0.2513 0.0763 
        D952  5 0.0838 0.0263 0.4282 0.2050 0.0567 0.2000 
        D953  5 0.0500 0.0603 0.5243 0.0225 0.0445 0.2983 
        D954  5 0.0439 0.1009 0.4017 0.1821 0.1502 0.1212 
        D961  5 0.0382 0.1581 0.0435 0.0199 0.7131 0.0272 
        D962  5 0.0520 0.0458 0.2624 0.0168 0.5845 0.0385 
        D963  5 0.0374 0.0329 0.2913 0.1560 0.3324 0.1500 
        D964  5 0.0766 0.4264 0.0365 0.0319 0.1926 0.2359 
        D965  5 0.1373 0.0491 0.0830 0.0967 0.5781 0.0557 
        D966  5 0.3607 0.0397 0.1428 0.0793 0.2600 0.1175 
        D967  5 0.1681 0.0684 0.1419 0.0846 0.0456 0.4914 
        D991  5 0.1929 0.1027 0.2759 0.0275 0.3352 0.0657 
        D132  8 0.3729 0.5073 0.0326 0.0251 0.0382 0.0239 
        D133  8 0.3446 0.0327 0.0477 0.5112 0.0244 0.0394 
        D200  8 0.1650 0.1629 0.0907 0.0370 0.1135 0.4309 
        D500  8 0.4440 0.4182 0.0607 0.0163 0.0272 0.0337 
        D614  8 0.0804 0.1518 0.3932 0.0471 0.1275 0.2001 
        D723  8 0.0298 0.4435 0.0832 0.3855 0.0241 0.0339 
        D888  8 0.0449 0.0201 0.0244 0.0286 0.0266 0.8555 
        D901  8 0.0143 0.8714 0.0190 0.0323 0.0303 0.0327 
        D902  8 0.0432 0.3217 0.3282 0.0556 0.1441 0.1072 
        D903  8 0.0485 0.0512 0.1479 0.5201 0.1738 0.0585 
        D904  8 0.2229 0.0570 0.1082 0.0709 0.4595 0.0815 
        D905  8 0.0272 0.0205 0.0465 0.0153 0.0296 0.8609 
        D906  8 0.4297 0.0268 0.0361 0.1814 0.1545 0.1716 
        D937  8 0.0201 0.2298 0.5776 0.0330 0.0380 0.1015 
        D943  8 0.0625 0.1315 0.0494 0.0983 0.0836 0.5748 
        D972  8 0.0563 0.6200 0.0567 0.2178 0.0262 0.0231 
        D973  8 0.0409 0.5016 0.0727 0.3165 0.0375 0.0308 
        D974  8 0.1505 0.2832 0.1239 0.2626 0.0410 0.1387 
        D975  8 0.1604 0.1057 0.1136 0.0546 0.0671 0.4985 
        D976  8 0.0935 0.3453 0.0984 0.0686 0.1349 0.2593 
        D142 10 0.1861 0.1006 0.1206 0.1151 0.3413 0.1363 
        D143 10 0.2180 0.0475 0.0554 0.5906 0.0532 0.0352 
        D144 10 0.1534 0.0908 0.0689 0.0846 0.4171 0.1852 
        D145 10 0.0504 0.0689 0.0526 0.0421 0.0585 0.7276 
        D146 10 0.1027 0.5769 0.0633 0.0627 0.1732 0.0212 
        D147 10 0.0336 0.4650 0.0487 0.1154 0.3055 0.0319 
        D148 10 0.0922 0.3012 0.0292 0.1470 0.3999 0.0306 
        D149 10 0.2546 0.0489 0.0916 0.3023 0.0517 0.2511 
        D151 10 0.1062 0.3653 0.0788 0.1429 0.1125 0.1944 
        D152 10 0.3438 0.0912 0.0157 0.2578 0.0650 0.2265 
        D153 10 0.1328 0.3600 0.1335 0.0958 0.1887 0.0891 
        D156 10 0.0412 0.0239 0.0309 0.0341 0.8495 0.0205 
        D157 10 0.4715 0.1188 0.2490 0.0210 0.0721 0.0675 
        D158 10 0.0384 0.6258 0.0408 0.0238 0.0643 0.2069 
        D159 10 0.0433 0.0192 0.0315 0.8600 0.0230 0.0230 
        D160 10 0.0129 0.0229 0.1017 0.0136 0.0135 0.8353 
        D161 10 0.0896 0.0943 0.0978 0.3793 0.2549 0.0840 
        D162 10 0.0410 0.0184 0.0294 0.0325 0.8510 0.0278 
        D169 10 0.4392 0.2027 0.0415 0.0492 0.0326 0.2349 
        D170 10 0.6739 0.1148 0.0524 0.0254 0.1072 0.0263 
        D171 10 0.0372 0.0870 0.0353 0.0350 0.7886 0.0168 
        D172 10 0.0310 0.1802 0.0386 0.0395 0.6930 0.0177 
        D173 10 0.0373 0.0398 0.0248 0.8320 0.0292 0.0371 
        D181 10 0.0359 0.0781 0.1111 0.0770 0.6355 0.0624 
        D182 10 0.1735 0.1190 0.1171 0.2175 0.1359 0.2370 
        D183 10 0.0406 0.0609 0.5551 0.0352 0.0324 0.2758 
        D184 10 0.8079 0.0743 0.0304 0.0245 0.0429 0.0200 
        D185 10 0.0634 0.1427 0.0415 0.1651 0.5040 0.0833 
        D186 10 0.3227 0.5063 0.0307 0.0638 0.0189 0.0576 
        D194 10 0.2857 0.2353 0.1341 0.1625 0.1128 0.0696 
        D195 10 0.3722 0.0601 0.0964 0.0698 0.1768 0.2248 
        D196 10 0.1205 0.0263 0.1597 0.4916 0.1080 0.0938 
        D197 10 0.5242 0.2321 0.0460 0.0955 0.0346 0.0677 
        D198 10 0.1061 0.2224 0.0894 0.1709 0.1769 0.2342 
     D237226 10 0.0505 0.1140 0.0242 0.1139 0.0366 0.6607 
     D237232 10 0.0611 0.1804 0.1271 0.0694 0.0353 0.5268 
     D237233 10 0.1886 0.1231 0.1251 0.0503 0.3391 0.1738 
     D237234 10 0.0595 0.0982 0.1135 0.0503 0.5589 0.1196 
     D237354 10 0.0240 0.0224 0.0502 0.0413 0.0223 0.8399 
     D237355 10 0.0115 0.0201 0.0310 0.0272 0.0234 0.8868 
     D237356 10 0.1281 0.0753 0.3426 0.2189 0.0697 0.1653 
     D237357 10 0.1701 0.3477 0.0624 0.2805 0.0846 0.0548 
     D237358 10 0.8383 0.0203 0.0273 0.0355 0.0482 0.0305 
     D237369 10 0.0463 0.7287 0.0302 0.1369 0.0443 0.0136 
     D237370 10 0.0986 0.1317 0.2370 0.3007 0.0896 0.1424 
     D237371 10 0.4335 0.1610 0.0870 0.0865 0.1144 0.1176 
     D237372 10 0.5472 0.0352 0.0482 0.2303 0.0401 0.0989 
     D237373 10 0.0528 0.3566 0.0577 0.0577 0.2042 0.2710 
     D237374 10 0.0248 0.0287 0.0996 0.0235 0.0658 0.7576 
     D237375 10 0.1536 0.1540 0.0396 0.3413 0.2033 0.1082 
     D237400 10 0.6347 0.0394 0.0533 0.1410 0.0789 0.0527 
     D244002 10 0.2023 0.2464 0.0780 0.1276 0.3004 0.0454 
     D244003 10 0.1038 0.0753 0.2145 0.0175 0.0466 0.5424 
     D244004 10 0.0323 0.1357 0.5369 0.0211 0.0294 0.2446 
     D244005 10 0.1397 0.0243 0.0241 0.0207 0.0183 0.7729 
     D244020 10 0.0546 0.2069 0.1425 0.1554 0.3066 0.1340 
     D244021 10 0.0335 0.5051 0.0775 0.3114 0.0436 0.0288 
     D244116 10 0.2243 0.1326 0.0440 0.0553 0.5121 0.0318 
     D244117 10 0.0880 0.0643 0.3750 0.0518 0.0832 0.3378 
     D244121 10 0.1947 0.1362 0.4339 0.0406 0.0862 0.1084 
     D244123 10 0.1967 0.1040 0.1528 0.0388 0.1463 0.3613 
     D244124 10 0.5547 0.0853 0.1563 0.1074 0.0520 0.0443 
        D332 10 0.0569 0.1511 0.1204 0.4267 0.2107 0.0343 
        D570 10 0.0875 0.0444 0.3152 0.0361 0.4635 0.0534 
        D602 10 0.1077 0.0513 0.0672 0.1104 0.6141 0.0493 
        D603 10 0.0975 0.4925 0.1040 0.1268 0.0631 0.1161 
        D604 10 0.1464 0.0263 0.0441 0.0986 0.5720 0.1127 
        D605 10 0.0831 0.0784 0.0577 0.2064 0.0762 0.4981 
        D606 10 0.5974 0.0609 0.1832 0.0382 0.0316 0.0886 
        D607 10 0.0382 0.0320 0.0931 0.5325 0.2514 0.0529 
        D608 10 0.0805 0.0158 0.0201 0.8290 0.0342 0.0203 
        D609 10 0.0742 0.2128 0.3710 0.0469 0.1223 0.1729 
        D610 10 0.0712 0.0331 0.1037 0.0232 0.0426 0.7262 
        D611 10 0.0348 0.0662 0.7023 0.0254 0.0479 0.1234 
        D613 10 0.0329 0.0303 0.0283 0.0434 0.8170 0.0480 
        D633 10 0.2319 0.0354 0.0452 0.0664 0.5896 0.0315 
        D634 10 0.0648 0.1430 0.0456 0.0557 0.6475 0.0434 
        D638 10 0.6324 0.0405 0.0629 0.0967 0.0613 0.1063 
        D681 10 0.0763 0.1172 0.0757 0.0333 0.6774 0.0202 
        D754 10 0.1021 0.7120 0.0705 0.0219 0.0347 0.0587 
        D755 10 0.0938 0.1561 0.4242 0.0893 0.0313 0.2054 
        D756 10 0.1298 0.3367 0.2267 0.0352 0.1348 0.1368 
        D757 10 0.1668 0.0382 0.1590 0.1059 0.0386 0.4914 
        D758 10 0.1705 0.1183 0.2371 0.0615 0.3389 0.0737 
        D759 10 0.0853 0.0357 0.2840 0.0701 0.1324 0.3926 
        D760 10 0.0579 0.0817 0.1601 0.2641 0.1616 0.2746 
        D761 10 0.0454 0.0246 0.0260 0.0234 0.0204 0.8603 
        D762 10 0.0579 0.0434 0.0419 0.2143 0.5981 0.0444 
        D775 10 0.0376 0.1349 0.4000 0.0414 0.0275 0.3585 
        D776 10 0.0845 0.0481 0.0542 0.0888 0.0391 0.6854 
        D777 10 0.0213 0.0542 0.2471 0.0327 0.0537 0.5910 
        D778 10 0.0628 0.3482 0.0384 0.0455 0.0226 0.4824 
        D779 10 0.0789 0.3243 0.1237 0.0300 0.3921 0.0510 
        D780 10 0.1623 0.0703 0.0626 0.0524 0.5320 0.1203 
        D781 10 0.2171 0.0473 0.1019 0.1195 0.4852 0.0289 
        D858 10 0.0658 0.6603 0.0261 0.0316 0.0284 0.1879 
        D933 10 0.0884 0.0310 0.0523 0.1747 0.0646 0.5890 
        D038 11 0.0723 0.1351 0.0925 0.0690 0.1607 0.4704 
        D063 11 0.4431 0.0417 0.2370 0.0443 0.1113 0.1227 
        D155 11 0.0697 0.0807 0.1377 0.1506 0.0487 0.5126 
        D175 11 0.1141 0.6259 0.1011 0.0295 0.0614 0.0680 
        D176 11 0.3750 0.1893 0.1577 0.1281 0.0625 0.0875 
        D205 11 0.0955 0.1325 0.6152 0.0537 0.0268 0.0763 
     D237229 11 0.2217 0.0780 0.0502 0.0899 0.2866 0.2735 
     D237230 11 0.0209 0.0801 0.0292 0.8217 0.0327 0.0155 
     D237231 11 0.0424 0.0308 0.0912 0.5894 0.1893 0.0569 
     D237269 11 0.1296 0.1010 0.0652 0.3794 0.1593 0.1655 
     D237270 11 0.1900 0.5259 0.0464 0.0838 0.0452 0.1088 
     D237271 11 0.2092 0.0795 0.2610 0.0532 0.3225 0.0746 
     D237272 11 0.0600 0.2609 0.1619 0.4479 0.0304 0.0390 
     D237273 11 0.2467 0.0566 0.3915 0.0335 0.1187 0.1530 
     D237301 11 0.0868 0.0700 0.3341 0.2786 0.1874 0.0432 
     D237302 11 0.4368 0.1596 0.1113 0.0817 0.1454 0.0652 
     D237303 11 0.1150 0.5403 0.0256 0.1718 0.1210 0.0263 
     D237304 11 0.0903 0.2954 0.1390 0.1192 0.2474 0.1088 
     D237305 11 0.1021 0.1353 0.4026 0.0328 0.0746 0.2526 
     D237314 11 0.0628 0.1804 0.2169 0.0553 0.2857 0.1990 
     D237315 11 0.0845 0.5578 0.0311 0.0493 0.1383 0.1390 
     D237316 11 0.0831 0.0197 0.2825 0.0824 0.5053 0.0270 
     D237328 11 0.0722 0.4240 0.1007 0.2622 0.0686 0.0723 
     D237329 11 0.1387 0.1344 0.0652 0.1336 0.0291 0.4991 
     D237330 11 0.0399 0.0806 0.5011 0.0488 0.2391 0.0905 
     D237331 11 0.1934 0.0521 0.1727 0.0300 0.2161 0.3356 
     D237332 11 0.3201 0.0330 0.3466 0.0957 0.0973 0.1073 
     D237333 11 0.1326 0.0268 0.1615 0.0714 0.2142 0.3936 
     D237334 11 0.2128 0.0761 0.2315 0.2272 0.1857 0.0667 
     D237335 11 0.1098 0.1143 0.4836 0.0940 0.1065 0.0920 
     D237336 11 0.0512 0.0606 0.0733 0.0347 0.0803 0.7000 
     D237350 11 0.0958 0.0206 0.3892 0.0539 0.3999 0.0406 
     D237383 11 0.3143 0.0875 0.0663 0.0256 0.0736 0.4327 
     D237384 11 0.1754 0.1167 0.0756 0.0736 0.1692 0.3894 
     D237385 11 0.0731 0.1115 0.2329 0.2411 0.1756 0.1658 
     D237386 11 0.0466 0.1847 0.0945 0.5822 0.0463 0.0457 
     D237387 11 0.3116 0.0651 0.3044 0.1189 0.1567 0.0433 
     D237388 11 0.0768 0.1016 0.2273 0.0556 0.4849 0.0539 
        D239 11 0.0607 0.0691 0.0789 0.0426 0.1772 0.5714 
        D240 11 0.0456 0.0172 0.0289 0.0353 0.0307 0.8422 
        D241 11 0.0594 0.0403 0.0621 0.0638 0.0272 0.7473 
        D242 11 0.2321 0.0822 0.0922 0.1520 0.1809 0.2606 
        D243 11 0.0779 0.0443 0.1534 0.0274 0.0258 0.6712 
        D244 11 0.1075 0.0304 0.5768 0.0231 0.0236 0.2386 
        D245 11 0.0692 0.6189 0.0300 0.0876 0.1571 0.0372 
        D246 11 0.0470 0.3487 0.1501 0.1224 0.1623 0.1695 
        D247 11 0.0638 0.0418 0.1083 0.0419 0.5391 0.2051 
        D248 11 0.0411 0.0406 0.0684 0.7460 0.0590 0.0448 
        D249 11 0.0378 0.6451 0.0571 0.0339 0.1790 0.0471 
        D250 11 0.0388 0.0588 0.2112 0.5745 0.0764 0.0404 
        D251 11 0.0599 0.3636 0.0907 0.0334 0.3357 0.1167 
        D252 11 0.1999 0.4275 0.1055 0.1035 0.1343 0.0294 
        D253 11 0.6421 0.0436 0.1330 0.0169 0.0499 0.1146 
        D254 11 0.0305 0.1395 0.0332 0.7548 0.0173 0.0246 
        D255 11 0.1352 0.1764 0.1888 0.1636 0.2640 0.0719 
        D256 11 0.0702 0.0384 0.0940 0.0384 0.0781 0.6810 
        D257 11 0.0946 0.5632 0.1014 0.0434 0.0762 0.1212 
        D258 11 0.0513 0.7159 0.0386 0.0262 0.0893 0.0788 
        D259 11 0.2015 0.3670 0.0653 0.0981 0.2022 0.0659 
        D260 11 0.5320 0.0928 0.0938 0.0312 0.1998 0.0503 
        D261 11 0.0741 0.0583 0.0512 0.0302 0.7117 0.0746 
        D262 11 0.1340 0.5629 0.0629 0.0782 0.1182 0.0439 
        D263 11 0.2121 0.1024 0.2398 0.0247 0.3690 0.0520 
        D264 11 0.0877 0.2243 0.1951 0.3932 0.0774 0.0223 
        D265 11 0.0492 0.1962 0.0656 0.5485 0.0363 0.1041 
        D266 11 0.1358 0.0571 0.2566 0.1384 0.2474 0.1647 
        D267 11 0.0694 0.1423 0.2247 0.0446 0.2542 0.2649 
        D268 11 0.0357 0.0937 0.4503 0.0802 0.1104 0.2296 
        D269 11 0.2163 0.0691 0.3393 0.0768 0.1737 0.1248 
        D270 11 0.2153 0.3096 0.1822 0.1082 0.1226 0.0621 
        D271 11 0.0654 0.1419 0.0465 0.0567 0.0674 0.6220 
        D272 11 0.1140 0.0292 0.0658 0.0766 0.4333 0.2813 
        D273 11 0.0191 0.8683 0.0221 0.0232 0.0401 0.0273 
        D274 11 0.1510 0.1402 0.3086 0.1086 0.0967 0.1948 
        D275 11 0.1287 0.0835 0.2594 0.1757 0.1392 0.2134 
        D276 11 0.1039 0.0295 0.5839 0.0773 0.0957 0.1096 
        D277 11 0.1608 0.0967 0.1139 0.2225 0.1509 0.2553 
        D278 11 0.2966 0.2241 0.1811 0.0410 0.2024 0.0547 
        D282 11 0.6703 0.1113 0.1265 0.0290 0.0256 0.0374 
        D296 11 0.0447 0.0335 0.3167 0.1623 0.0785 0.3643 
        D297 11 0.1448 0.0480 0.5161 0.0849 0.0414 0.1648 
        D298 11 0.1287 0.0519 0.0943 0.1980 0.2238 0.3033 
        D299 11 0.0676 0.0399 0.4869 0.0570 0.3171 0.0316 
        D300 11 0.1810 0.0484 0.0563 0.0506 0.2463 0.4175 
        D382 11 0.0956 0.0523 0.6409 0.0429 0.0585 0.1098 
        D383 11 0.0761 0.0816 0.6704 0.0182 0.0380 0.1156 
        D387 11 0.0501 0.2586 0.0479 0.0496 0.2719 0.3220 
        D388 11 0.1274 0.0538 0.1146 0.2816 0.2689 0.1537 
        D389 11 0.0475 0.0469 0.3255 0.0756 0.4535 0.0511 
        D390 11 0.0580 0.0412 0.2578 0.4218 0.1156 0.1056 
        D396 11 0.0354 0.0540 0.1192 0.4927 0.2117 0.0869 
        D397 11 0.6344 0.0711 0.1785 0.0294 0.0263 0.0603 
        D398 11 0.2507 0.0371 0.1259 0.0338 0.0887 0.4639 
        D399 11 0.0567 0.0654 0.0349 0.0888 0.7281 0.0261 
        D437 11 0.3266 0.1909 0.0723 0.0410 0.3057 0.0635 
        D441 11 0.0296 0.1543 0.3102 0.0977 0.0989 0.3094 
        D442 11 0.1568 0.1028 0.1049 0.0563 0.2720 0.3072 
        D443 11 0.0212 0.0239 0.1578 0.0298 0.0311 0.7362 
        D444 11 0.1056 0.0483 0.1419 0.1941 0.4499 0.0601 
        D445 11 0.3575 0.0831 0.2696 0.1418 0.1117 0.0362 
        D446 11 0.2089 0.1407 0.0832 0.1473 0.2008 0.2191 
        D451 11 0.1350 0.2431 0.0927 0.1846 0.0943 0.2502 
        D452 11 0.1490 0.0316 0.0723 0.0848 0.5888 0.0735 
        D453 11 0.0829 0.0469 0.1336 0.6288 0.0444 0.0633 
        D454 11 0.0984 0.3597 0.0298 0.0810 0.1783 0.2528 
        D457 11 0.0818 0.5918 0.1261 0.0331 0.1016 0.0656 
        D458 11 0.0536 0.0414 0.5500 0.1062 0.0520 0.1968 
        D466 11 0.1269 0.0487 0.0512 0.7102 0.0262 0.0368 
        D467 11 0.0619 0.1167 0.2645 0.0374 0.4842 0.0354 
        D475 11 0.4234 0.3424 0.0391 0.0347 0.1326 0.0277 
        D488 11 0.0665 0.0790 0.0465 0.5357 0.0930 0.1794 
        D489 11 0.0574 0.1610 0.1679 0.5176 0.0526 0.0435 
        D493 11 0.1767 0.2519 0.0770 0.1646 0.2531 0.0768 
        D494 11 0.0667 0.1202 0.1658 0.5104 0.0804 0.0566 
        D495 11 0.3093 0.3270 0.0381 0.1137 0.0556 0.1564 
        D496 11 0.0360 0.0226 0.1141 0.1332 0.0261 0.6680 
        D674 11 0.0950 0.0507 0.0917 0.0695 0.1121 0.5810 
        D675 11 0.0234 0.0157 0.0661 0.0516 0.0297 0.8135 
        D676 11 0.0670 0.2987 0.3785 0.0831 0.1431 0.0296 
        D680 11 0.0853 0.0273 0.0827 0.0170 0.0341 0.7536 
        D701 11 0.1036 0.2675 0.1488 0.2035 0.0840 0.1926 
        D702 11 0.4313 0.1943 0.0360 0.1166 0.1450 0.0767 
        D703 11 0.2066 0.0627 0.0971 0.1582 0.0367 0.4387 
        D704 11 0.2018 0.3492 0.1257 0.1191 0.1075 0.0967 
        D705 11 0.2062 0.1161 0.1065 0.5191 0.0343 0.0179 
        D706 11 0.6028 0.0394 0.0554 0.0264 0.1259 0.1501 
        D707 11 0.2642 0.1201 0.2109 0.1653 0.1341 0.1054 
        D751 11 0.4198 0.0655 0.2387 0.0460 0.1162 0.1138 
        D752 11 0.1699 0.0802 0.1510 0.0637 0.2991 0.2362 
        D753 11 0.0265 0.0507 0.1312 0.7324 0.0221 0.0371 
        D773 11 0.0286 0.8911 0.0200 0.0232 0.0172 0.0199 
        D774 11 0.1249 0.0415 0.0520 0.1198 0.1322 0.5295 
        D801 11 0.0731 0.1826 0.2522 0.2394 0.0934 0.1593 
        D802 11 0.1131 0.4054 0.0370 0.3057 0.0784 0.0604 
        D803 11 0.0494 0.0392 0.0560 0.0419 0.0405 0.7731 
        D804 11 0.2128 0.2876 0.0734 0.1649 0.1559 0.1054 
        D805 11 0.1127 0.2386 0.1119 0.0547 0.2113 0.2707 
        D806 11 0.0333 0.8198 0.0295 0.0329 0.0590 0.0254 
        D809 11 0.3420 0.0499 0.3299 0.0409 0.1940 0.0432 
        D810 11 0.0765 0.0307 0.3797 0.0469 0.2818 0.1844 
