        D023  2 0.0426 0.0218 0.4781 0.4206 0.0189 0.0180 
        D130  2 0.0314 0.0514 0.2226 0.0672 0.6115 0.0159 
        D131  2 0.1840 0.1142 0.0654 0.4298 0.1653 0.0413 
        D163  2 0.2060 0.0596 0.0804 0.1466 0.4350 0.0723 
        D164  2 0.0110 0.0241 0.6587 0.0464 0.2485 0.0114 
        D165  2 0.1057 0.0358 0.5426 0.2238 0.0744 0.0177 
        D166  2 0.1006 0.4155 0.0724 0.1563 0.2204 0.0347 
        D167  2 0.0197 0.0205 0.8756 0.0240 0.0172 0.0429 
        D192  2 0.0254 0.0198 0.9136 0.0119 0.0111 0.0181 
        D193  2 0.0311 0.4436 0.0374 0.1240 0.0798 0.2842 
        D206  2 0.0215 0.0836 0.2675 0.4708 0.1309 0.0257 
        D207  2 0.2588 0.0605 0.5216 0.0690 0.0614 0.0287 
        D208  2 0.3659 0.0930 0.0980 0.0604 0.0367 0.3459 
        D209  2 0.0270 0.1343 0.7152 0.0696 0.0264 0.0275 
        D210  2 0.2310 0.0533 0.1027 0.0391 0.0316 0.5424 
     D229599  2 0.2230 0.1410 0.0797 0.4797 0.0326 0.0441 
     D229600  2 0.0624 0.0358 0.6972 0.0403 0.1349 0.0295 
     D237227  2 0.1882 0.0324 0.0940 0.0677 0.1827 0.4350 
     D237228  2 0.0771 0.0343 0.0478 0.0286 0.5492 0.2631 
     D237258  2 0.2605 0.2216 0.2091 0.1509 0.0939 0.0640 
     D237310  2 0.0206 0.0250 0.0191 0.0128 0.8861 0.0364 
     D237311  2 0.0378 0.0421 0.1472 0.0221 0.7053 0.0455 
     D237312  2 0.0331 0.1294 0.0177 0.0237 0.7414 0.0546 
     D237313  2 0.0622 0.0751 0.0323 0.6077 0.1041 0.1187 
     D237322  2 0.4785 0.1310 0.0602 0.0523 0.1462 0.1317 
     D237323  2 0.1407 0.0319 0.0224 0.0174 0.6438 0.1438 
     D237324  2 0.1466 0.0522 0.6363 0.0388 0.1065 0.0197 
     D237325  2 0.0278 0.0726 0.0755 0.0265 0.6948 0.1027 
     D237326  2 0.0599 0.0728 0.0851 0.1248 0.5436 0.1138 
     D237327  2 0.8189 0.0394 0.0663 0.0210 0.0243 0.0301 
     D237337  2 0.0151 0.0216 0.0144 0.0245 0.8791 0.0454 
     D237338  2 0.0970 0.1502 0.1249 0.0557 0.4001 0.1721 
     D237339  2 0.0775 0.2140 0.5690 0.0842 0.0234 0.0318 
     D237340  2 0.0719 0.1756 0.1688 0.0285 0.2759 0.2792 
     D237389  2 0.0191 0.0571 0.0474 0.0194 0.8332 0.0237 
     D237390  2 0.0622 0.2137 0.0230 0.0443 0.5423 0.1146 
     D244017  2 0.1422 0.0994 0.3301 0.0856 0.0263 0.3165 
     D244112  2 0.0211 0.0484 0.8346 0.0173 0.0425 0.0362 
     D244118  2 0.0286 0.0212 0.8950 0.0157 0.0150 0.0245 
     D244119  2 0.0347 0.0161 0.2991 0.0233 0.0182 0.6085 
     D244120  2 0.1432 0.4434 0.1610 0.0234 0.0841 0.1449 
     D244122  2 0.0302 0.0739 0.7788 0.0318 0.0245 0.0607 
        D291  2 0.7932 0.0203 0.0704 0.0705 0.0281 0.0175 
        D292  2 0.2972 0.0549 0.1951 0.2075 0.0321 0.2132 
        D293  2 0.0504 0.0186 0.8352 0.0604 0.0167 0.0187 
        D322  2 0.0364 0.0273 0.8486 0.0504 0.0191 0.0182 
        D323  2 0.0757 0.1914 0.2771 0.2789 0.0674 0.1095 
        D324  2 0.4945 0.0324 0.0929 0.2523 0.0838 0.0441 
        D325  2 0.0551 0.0250 0.7919 0.0609 0.0537 0.0135 
        D326  2 0.0319 0.0163 0.0210 0.8912 0.0178 0.0217 
        D340  2 0.0206 0.0161 0.9037 0.0167 0.0209 0.0220 
        D341  2 0.0476 0.0354 0.6646 0.0359 0.1586 0.0579 
        D342  2 0.0476 0.0579 0.7588 0.0581 0.0446 0.0329 
        D343  2 0.0158 0.0118 0.9355 0.0139 0.0140 0.0090 
        D344  2 0.0234 0.3903 0.0387 0.4796 0.0380 0.0301 
        D345  2 0.0823 0.1344 0.0430 0.6933 0.0175 0.0296 
        D346  2 0.0631 0.1092 0.1234 0.2490 0.0770 0.3783 
        D351  2 0.3261 0.1375 0.0852 0.3557 0.0708 0.0247 
        D352  2 0.0427 0.5004 0.1129 0.1727 0.0431 0.1281 
        D353  2 0.0666 0.3504 0.0261 0.5101 0.0260 0.0207 
        D354  2 0.0186 0.3536 0.0240 0.5316 0.0255 0.0466 
        D362  2 0.0338 0.0399 0.0726 0.7747 0.0312 0.0478 
        D363  2 0.0375 0.0338 0.0548 0.8155 0.0256 0.0328 
        D364  2 0.0125 0.1895 0.0251 0.7350 0.0182 0.0196 
        D365  2 0.0158 0.0143 0.9068 0.0240 0.0236 0.0155 
        D369  2 0.0658 0.0493 0.2070 0.2172 0.2441 0.2166 
        D374  2 0.0179 0.3219 0.0207 0.0543 0.0151 0.5701 
        D375  2 0.0178 0.5484 0.0280 0.3651 0.0241 0.0166 
        D376  2 0.0222 0.3043 0.0420 0.0439 0.0218 0.5657 
        D377  2 0.0507 0.2538 0.0901 0.2812 0.2318 0.0925 
        D378  2 0.0714 0.0437 0.6117 0.2358 0.0154 0.0219 
        D379  2 0.0262 0.0327 0.0308 0.8394 0.0313 0.0395 
        D384  2 0.0218 0.0144 0.0128 0.8861 0.0253 0.0397 
        D385  2 0.0167 0.0539 0.8467 0.0265 0.0252 0.0310 
        D386  2 0.0390 0.3511 0.0735 0.5018 0.0154 0.0193 
        D391  2 0.0223 0.0320 0.8706 0.0294 0.0274 0.0184 
        D392  2 0.0321 0.0183 0.7631 0.0935 0.0627 0.0302 
        D393  2 0.2449 0.1268 0.1399 0.4075 0.0346 0.0462 
        D394  2 0.1277 0.3819 0.1517 0.1177 0.0974 0.1235 
        D395  2 0.0375 0.2270 0.6223 0.0389 0.0451 0.0292 
        D401  2 0.0202 0.0130 0.0250 0.0163 0.8891 0.0365 
        D402  2 0.0501 0.0409 0.8283 0.0286 0.0216 0.0304 
        D403  2 0.0548 0.2473 0.0508 0.5898 0.0336 0.0237 
        D415  2 0.0384 0.0834 0.0614 0.5635 0.2337 0.0197 
        D435  2 0.0623 0.0921 0.4303 0.2897 0.1029 0.0226 
        D436  2 0.0371 0.4741 0.0666 0.1797 0.1192 0.1234 
        D438  2 0.0117 0.0148 0.9241 0.0169 0.0161 0.0163 
        D439  2 0.0449 0.2375 0.2071 0.4742 0.0143 0.0221 
        D449  2 0.0221 0.0891 0.6296 0.1731 0.0623 0.0238 
        D450  2 0.0859 0.2482 0.0413 0.3763 0.1460 0.1024 
        D456  2 0.0992 0.0182 0.0204 0.8322 0.0145 0.0155 
        D462  2 0.0148 0.0302 0.8958 0.0316 0.0143 0.0132 
        D463  2 0.0179 0.0197 0.0114 0.9093 0.0144 0.0272 
        D464  2 0.0522 0.5094 0.1079 0.2417 0.0421 0.0467 
        D465  2 0.0148 0.0255 0.3566 0.0712 0.5139 0.0181 
        D473  2 0.1499 0.2056 0.0799 0.0693 0.1253 0.3699 
        D474  2 0.2091 0.0357 0.1234 0.5191 0.0323 0.0804 
        D476  2 0.0861 0.0882 0.6307 0.1157 0.0645 0.0147 
        D477  2 0.0789 0.2031 0.0364 0.5871 0.0423 0.0522 
        D478  2 0.2691 0.1177 0.1117 0.3594 0.0323 0.1098 
        D480  2 0.0779 0.1479 0.2887 0.2992 0.0376 0.1486 
        D481  2 0.0951 0.1721 0.1198 0.4737 0.0201 0.1192 
        D482  2 0.2131 0.4897 0.0314 0.0816 0.0516 0.1326 
        D483  2 0.0221 0.0145 0.8883 0.0194 0.0124 0.0433 
        D484  2 0.0564 0.7596 0.0800 0.0355 0.0185 0.0500 
        D510  2 0.0886 0.1659 0.0375 0.0459 0.0319 0.6303 
        D511  2 0.0611 0.3054 0.3207 0.2480 0.0269 0.0379 
        D512  2 0.0192 0.0229 0.0408 0.0202 0.8865 0.0103 
        D513  2 0.0739 0.0319 0.5036 0.2253 0.1202 0.0452 
        D635  2 0.0577 0.0284 0.2492 0.6103 0.0314 0.0231 
        D636  2 0.0378 0.0304 0.4023 0.4065 0.1044 0.0187 
        D637  2 0.0494 0.3581 0.1976 0.0950 0.2173 0.0825 
        D658  2 0.0301 0.1533 0.5409 0.0233 0.1225 0.1299 
        D659  2 0.1030 0.1824 0.0511 0.5304 0.0599 0.0733 
        D677  2 0.0617 0.0880 0.0817 0.2906 0.4450 0.0330 
        D678  2 0.0333 0.0750 0.7996 0.0362 0.0307 0.0252 
        D679  2 0.0913 0.1103 0.0592 0.5829 0.0524 0.1040 
        D719  2 0.0664 0.0524 0.1996 0.2830 0.0430 0.3556 
        D720  2 0.0843 0.0316 0.1158 0.6120 0.0458 0.1104 
        D721  2 0.0926 0.0393 0.5818 0.2254 0.0268 0.0342 
        D722  2 0.0528 0.2672 0.0929 0.1329 0.0370 0.4171 
        D734  2 0.0444 0.3782 0.1916 0.1318 0.0296 0.2244 
        D735  2 0.0958 0.0549 0.2756 0.4601 0.0414 0.0722 
        D736  2 0.2852 0.0805 0.0793 0.1913 0.0763 0.2875 
        D737  2 0.1198 0.1252 0.6444 0.0243 0.0245 0.0619 
        D807  2 0.2303 0.1427 0.0820 0.1676 0.1052 0.2721 
        D808  2 0.1383 0.1092 0.2552 0.1581 0.3029 0.0362 
        D817  2 0.0653 0.0679 0.0307 0.7121 0.0795 0.0445 
        D818  2 0.3661 0.0589 0.3045 0.1662 0.0694 0.0349 
        D819  2 0.0660 0.1597 0.0622 0.3392 0.3300 0.0429 
        D820  2 0.0708 0.1559 0.2170 0.4175 0.0675 0.0712 
        D895  2 0.0555 0.2164 0.0566 0.5300 0.0958 0.0456 
        D896  2 0.0123 0.0130 0.0121 0.0167 0.9117 0.0343 
        D897  2 0.0847 0.0770 0.6366 0.0596 0.0949 0.0473 
        D898  2 0.4262 0.1211 0.0251 0.2597 0.1288 0.0391 
        D918  2 0.0697 0.1039 0.0501 0.0509 0.6425 0.0828 
        D919  2 0.1229 0.1486 0.3731 0.3095 0.0191 0.0268 
        D920  2 0.0395 0.0703 0.3274 0.0800 0.4234 0.0594 
        D923  2 0.0179 0.1072 0.0587 0.7811 0.0174 0.0177 
        D930  2 0.0498 0.1522 0.0747 0.4919 0.0909 0.1406 
        D931  2 0.0602 0.3038 0.2879 0.2324 0.0675 0.0482 
        D968  2 0.0358 0.0307 0.8532 0.0442 0.0164 0.0197 
        D969  2 0.2854 0.0697 0.1309 0.3498 0.0566 0.1077 
        D977  2 0.0552 0.0506 0.6638 0.0520 0.1618 0.0166 
        D978  2 0.6498 0.0383 0.1452 0.1133 0.0225 0.0308 
        D009  4 0.0795 0.1018 0.0288 0.0850 0.6552 0.0497 
        D057  4 0.0988 0.1404 0.6429 0.0323 0.0415 0.0441 
        D109  4 0.0249 0.1299 0.0232 0.0446 0.7298 0.0477 
     D237222  4 0.1006 0.0824 0.4380 0.0640 0.0855 0.2295 
     D237223  4 0.0509 0.1849 0.1004 0.0238 0.4368 0.2032 
     D237224  4 0.1549 0.2346 0.1187 0.4311 0.0209 0.0397 
     D237225  4 0.2092 0.1083 0.0744 0.1848 0.3479 0.0755 
     D237299  4 0.0708 0.0458 0.0325 0.0423 0.7627 0.0460 
     D237300  4 0.7366 0.0957 0.0351 0.0363 0.0447 0.0517 
     D237306  4 0.0282 0.1611 0.0291 0.0379 0.1729 0.5707 
     D237307  4 0.1245 0.0436 0.0458 0.2831 0.1558 0.3471 
     D237308  4 0.0345 0.1039 0.5880 0.0711 0.0452 0.1573 
     D237309  4 0.2734 0.1542 0.2030 0.2609 0.0789 0.0296 
     D237317  4 0.2039 0.0589 0.0624 0.4034 0.0323 0.2391 
     D237318  4 0.8720 0.0196 0.0362 0.0234 0.0238 0.0250 
     D237319  4 0.0837 0.1001 0.0833 0.2298 0.4411 0.0619 
     D237320  4 0.1199 0.0736 0.0778 0.0343 0.6329 0.0616 
     D237321  4 0.6124 0.0583 0.0722 0.1398 0.0614 0.0559 
     D237397  4 0.0881 0.1000 0.0788 0.0318 0.2087 0.4927 
     D237398  4 0.7601 0.0384 0.0476 0.0933 0.0435 0.0172 
     D237399  4 0.5441 0.0517 0.0449 0.1253 0.0722 0.1618 
     D244001  4 0.0833 0.1925 0.5193 0.0472 0.0917 0.0659 
        D289  4 0.2103 0.1497 0.1242 0.1136 0.0440 0.3582 
        D290  4 0.7966 0.0475 0.0396 0.0182 0.0283 0.0698 
        D294  4 0.2866 0.3804 0.1218 0.0940 0.0505 0.0667 
        D295  4 0.0646 0.2440 0.0393 0.1608 0.3928 0.0985 
        D301  4 0.1187 0.1182 0.1611 0.0683 0.4179 0.1158 
        D302  4 0.0271 0.5627 0.0613 0.3083 0.0167 0.0238 
        D303  4 0.0355 0.1132 0.0428 0.0393 0.1071 0.6620 
        D304  4 0.7950 0.0298 0.0233 0.0543 0.0200 0.0777 
        D305  4 0.0776 0.6194 0.1689 0.0964 0.0200 0.0177 
        D306  4 0.5175 0.0648 0.0905 0.1221 0.0425 0.1625 
        D307  4 0.2393 0.0829 0.2725 0.0470 0.2152 0.1432 
        D327  4 0.0683 0.0986 0.0676 0.6065 0.0962 0.0629 
        D328  4 0.0245 0.5522 0.0260 0.0654 0.1016 0.2302 
        D329  4 0.2048 0.3421 0.2979 0.0684 0.0276 0.0592 
        D330  4 0.0420 0.2629 0.1401 0.2631 0.2624 0.0296 
        D331  4 0.5636 0.0504 0.0654 0.1353 0.0516 0.1336 
        D333  4 0.1180 0.3200 0.1281 0.0431 0.1722 0.2186 
        D334  4 0.1533 0.0630 0.0396 0.0672 0.0475 0.6292 
        D335  4 0.0420 0.2555 0.2882 0.3419 0.0243 0.0481 
        D370  4 0.0400 0.4956 0.0826 0.1414 0.0549 0.1855 
        D371  4 0.0225 0.1480 0.0289 0.1478 0.0596 0.5932 
        D372  4 0.8887 0.0201 0.0227 0.0139 0.0246 0.0301 
        D373  4 0.1963 0.0918 0.4963 0.1200 0.0705 0.0251 
        D455  4 0.3896 0.0644 0.3971 0.0509 0.0709 0.0272 
        D490  4 0.0173 0.0233 0.0155 0.0133 0.9094 0.0212 
        D497  4 0.0658 0.0774 0.0294 0.0238 0.7859 0.0178 
        D498  4 0.4342 0.0645 0.0753 0.0582 0.1057 0.2621 
        D499  4 0.0564 0.2844 0.2430 0.2002 0.1348 0.0813 
        D514  4 0.1165 0.2927 0.0321 0.3258 0.2173 0.0157 
        D515  4 0.0264 0.1116 0.0374 0.0410 0.7561 0.0275 
        D516  4 0.0724 0.0985 0.1332 0.1103 0.3113 0.2744 
        D517  4 0.3006 0.0763 0.3112 0.1327 0.1280 0.0513 
        D518  4 0.0297 0.2605 0.4128 0.1060 0.0895 0.1015 
        D519  4 0.0434 0.0343 0.0244 0.0299 0.8402 0.0279 
        D560  4 0.0393 0.1411 0.0477 0.0859 0.6578 0.0282 
        D561  4 0.0591 0.0960 0.3763 0.3081 0.1361 0.0243 
        D562  4 0.3026 0.1803 0.1038 0.1698 0.0759 0.1675 
        D563  4 0.0945 0.1545 0.5695 0.0987 0.0612 0.0215 
        D572  4 0.0488 0.6137 0.1329 0.1042 0.0389 0.0614 
        D629  4 0.0803 0.1141 0.0381 0.7058 0.0402 0.0215 
        D630  4 0.2549 0.2522 0.0802 0.1433 0.1440 0.1255 
        D631  4 0.0626 0.3614 0.3945 0.0709 0.0596 0.0511 
        D632  4 0.0188 0.2561 0.3909 0.2158 0.0992 0.0193 
        D646  4 0.0521 0.1387 0.0637 0.0843 0.5514 0.1099 
        D647  4 0.0931 0.2722 0.1544 0.3203 0.1238 0.0362 
        D648  4 0.0161 0.7194 0.0358 0.0465 0.0407 0.1416 
        D649  4 0.0288 0.2019 0.0310 0.4685 0.2426 0.0271 
        D650  4 0.0912 0.0669 0.0352 0.2498 0.4330 0.1239 
        D708  4 0.0572 0.3574 0.0336 0.2170 0.1131 0.2215 
        D709  4 0.2517 0.1905 0.0775 0.1449 0.2175 0.1178 
        D738  4 0.0271 0.0617 0.0169 0.0291 0.1417 0.7235 
        D739  4 0.2008 0.1818 0.0643 0.0761 0.3834 0.0936 
        D740  4 0.2950 0.0914 0.0608 0.0703 0.2280 0.2544 
        D741  4 0.0246 0.0772 0.0593 0.0524 0.7586 0.0280 
        D742  4 0.1406 0.1191 0.3852 0.0757 0.2000 0.0793 
        D743  4 0.0627 0.2558 0.1337 0.4551 0.0483 0.0443 
        D744  4 0.0632 0.4850 0.1758 0.2044 0.0400 0.0316 
        D745  4 0.0254 0.0401 0.0148 0.0234 0.8728 0.0236 
        D814  4 0.1138 0.3154 0.3027 0.0967 0.1307 0.0407 
        D815  4 0.0646 0.5978 0.0642 0.1875 0.0344 0.0515 
        D828  4 0.0713 0.4302 0.0930 0.0304 0.0540 0.3210 
        D845  4 0.7895 0.0272 0.0318 0.0451 0.0186 0.0879 
        D846  4 0.1020 0.1530 0.4058 0.2954 0.0268 0.0170 
        D847  4 0.6701 0.0478 0.0406 0.0771 0.1149 0.0496 
        D848  4 0.4076 0.0291 0.4843 0.0273 0.0209 0.0307 
        D849  4 0.0384 0.1286 0.0589 0.0762 0.6657 0.0322 
        D850  4 0.3166 0.0735 0.1302 0.2967 0.0734 0.1096 
        D856  4 0.0825 0.2647 0.0553 0.2950 0.2533 0.0492 
        D857  4 0.0285 0.1005 0.0840 0.0176 0.6759 0.0935 
        D859  4 0.1261 0.5488 0.0462 0.1653 0.0697 0.0439 
        D860  4 0.2235 0.0382 0.1216 0.0861 0.0120 0.5186 
        D883  4 0.0913 0.2111 0.0325 0.1148 0.3560 0.1943 
        D884  4 0.0185 0.1604 0.0159 0.0255 0.6140 0.1657 
        D885  4 0.0815 0.1098 0.0884 0.1765 0.5068 0.0369 
        D886  4 0.2151 0.1505 0.2120 0.1616 0.1768 0.0841 
        D887  4 0.2862 0.3531 0.0691 0.1268 0.1105 0.0543 
        D889  4 0.8843 0.0361 0.0131 0.0232 0.0174 0.0258 
        D890  4 0.0549 0.4319 0.1300 0.2214 0.0544 0.1073 
        D891  4 0.9433 0.0111 0.0102 0.0141 0.0088 0.0124 
        D899  4 0.1624 0.0906 0.5087 0.0389 0.0374 0.1620 
        D900  4 0.4776 0.1378 0.0780 0.1695 0.0785 0.0586 
        D970  4 0.5248 0.0967 0.1408 0.1583 0.0188 0.0607 
        D971  4 0.0303 0.0457 0.7331 0.0925 0.0352 0.0633 
        D979  4 0.0428 0.1993 0.1097 0.5714 0.0169 0.0601 
        D093  5 0.0510 0.0498 0.0337 0.0283 0.0863 0.7508 
        D154  5 0.1660 0.1204 0.1561 0.0930 0.3741 0.0905 
        D168  5 0.0795 0.0827 0.2470 0.0871 0.4558 0.0478 
        D189  5 0.3509 0.0690 0.0555 0.0306 0.0408 0.4533 
        D190  5 0.0246 0.0700 0.0189 0.1060 0.0407 0.7397 
     D237220  5 0.6496 0.0771 0.0205 0.0286 0.1290 0.0952 
     D237221  5 0.2074 0.0611 0.1055 0.1948 0.0734 0.3578 
     D237274  5 0.0268 0.1765 0.0392 0.7153 0.0248 0.0175 
     D237275  5 0.1887 0.0338 0.5969 0.0264 0.0603 0.0938 
     D237276  5 0.0476 0.2116 0.0555 0.0579 0.2231 0.4044 
     D237277  5 0.1038 0.1160 0.0469 0.1654 0.0467 0.5212 
     D237278  5 0.0495 0.1151 0.4040 0.0534 0.1417 0.2363 
     D237279  5 0.0609 0.0530 0.0828 0.2153 0.5672 0.0209 
     D237280  5 0.0711 0.2170 0.0278 0.4831 0.1018 0.0992 
     D237281  5 0.3092 0.0578 0.4335 0.0900 0.0299 0.0798 
     D237351  5 0.0276 0.0260 0.0197 0.0560 0.8032 0.0675 
     D237352  5 0.0681 0.1153 0.4368 0.1549 0.1343 0.0906 
     D237353  5 0.0323 0.0437 0.0216 0.1108 0.0218 0.7698 
     D237359  5 0.6196 0.0928 0.0198 0.0605 0.1275 0.0798 
     D237361  5 0.0626 0.0300 0.0298 0.0493 0.0373 0.7910 
     D237362  5 0.0297 0.0747 0.0515 0.3803 0.3268 0.1371 
     D237363  5 0.0858 0.0459 0.1381 0.3955 0.2529 0.0818 
     D237364  5 0.1160 0.1336 0.1446 0.1236 0.4629 0.0194 
     D237376  5 0.0390 0.6897 0.0281 0.0179 0.0426 0.1827 
     D237377  5 0.0329 0.0748 0.0819 0.3632 0.2258 0.2214 
     D237378  5 0.0468 0.2257 0.0535 0.0201 0.0419 0.6120 
     D237379  5 0.0493 0.4001 0.0347 0.1116 0.1263 0.2781 
     D237380  5 0.0255 0.5358 0.0159 0.1490 0.1394 0.1344 
     D237381  5 0.1435 0.0983 0.2509 0.1486 0.2087 0.1501 
     D237391  5 0.1039 0.0303 0.0339 0.0957 0.0463 0.6898 
     D237392  5 0.0287 0.2013 0.1978 0.4861 0.0600 0.0261 
     D237393  5 0.0866 0.0972 0.1019 0.2665 0.0527 0.3950 
     D237394  5 0.0177 0.0290 0.0178 0.1349 0.0247 0.7759 
     D237395  5 0.2211 0.0640 0.0714 0.0830 0.1527 0.4078 
     D237396  5 0.0731 0.0290 0.3523 0.3610 0.0442 0.1404 
     D244016  5 0.0675 0.2161 0.1427 0.2629 0.0500 0.2607 
     D244018  5 0.1098 0.0311 0.4845 0.0509 0.1186 0.2051 
     D244019  5 0.1269 0.0528 0.1389 0.5221 0.0544 0.1048 
        D279  5 0.3244 0.0950 0.0491 0.0552 0.3773 0.0989 
        D280  5 0.7622 0.0402 0.0381 0.0450 0.0212 0.0933 
        D281  5 0.6510 0.0490 0.1422 0.0300 0.0244 0.1035 
        D283  5 0.4785 0.0321 0.0336 0.1369 0.0357 0.2832 
        D284  5 0.1087 0.0716 0.0351 0.0553 0.6942 0.0350 
        D285  5 0.5638 0.0783 0.0173 0.0615 0.0382 0.2410 
        D286  5 0.1175 0.2693 0.0637 0.1204 0.0629 0.3661 
        D287  5 0.0416 0.6916 0.0162 0.0216 0.1103 0.1187 
        D288  5 0.6867 0.0222 0.0217 0.1838 0.0305 0.0552 
        D308  5 0.0203 0.0464 0.0343 0.3018 0.5619 0.0353 
        D309  5 0.0209 0.6966 0.1448 0.0945 0.0181 0.0251 
        D310  5 0.0820 0.0235 0.0117 0.0308 0.0237 0.8283 
        D311  5 0.0462 0.2019 0.0612 0.3466 0.1253 0.2188 
        D312  5 0.1123 0.2876 0.1367 0.1853 0.0994 0.1787 
        D313  5 0.0139 0.0105 0.0178 0.0178 0.8817 0.0583 
        D314  5 0.0617 0.2817 0.0813 0.0800 0.3156 0.1796 
        D315  5 0.0623 0.1494 0.0727 0.3777 0.0411 0.2968 
        D317  5 0.0235 0.0252 0.0133 0.0310 0.0205 0.8865 
        D318  5 0.1465 0.2578 0.0715 0.3561 0.1095 0.0587 
        D319  5 0.0275 0.0184 0.0164 0.0162 0.0265 0.8951 
        D320  5 0.1094 0.0748 0.0143 0.0544 0.0334 0.7138 
        D321  5 0.1521 0.0233 0.0168 0.2074 0.5376 0.0628 
        D336  5 0.0513 0.1097 0.0183 0.0308 0.0337 0.7562 
        D337  5 0.0284 0.0271 0.0193 0.0361 0.0162 0.8729 
        D338  5 0.2807 0.0487 0.0850 0.0828 0.3766 0.1262 
        D339  5 0.0356 0.0176 0.0231 0.0201 0.0664 0.8372 
        D347  5 0.3819 0.1277 0.1046 0.1797 0.0301 0.1760 
        D348  5 0.0346 0.0711 0.0267 0.0444 0.0114 0.8119 
        D349  5 0.0336 0.0379 0.0308 0.1305 0.7111 0.0561 
        D350  5 0.0223 0.8131 0.0886 0.0299 0.0298 0.0163 
        D355  5 0.6100 0.0859 0.0966 0.0772 0.0838 0.0465 
        D356  5 0.2149 0.1102 0.0492 0.2647 0.0621 0.2989 
        D357  5 0.3482 0.2185 0.0611 0.1488 0.0933 0.1300 
        D358  5 0.0912 0.2524 0.0978 0.0863 0.0623 0.4101 
        D359  5 0.0687 0.0541 0.0208 0.3652 0.0341 0.4572 
        D360  5 0.2538 0.0712 0.0333 0.1512 0.0477 0.4428 
        D361  5 0.0123 0.0149 0.0126 0.0374 0.8977 0.0251 
        D366  5 0.0273 0.0326 0.4449 0.2715 0.1810 0.0427 
        D367  5 0.0765 0.1196 0.0261 0.0405 0.1859 0.5515 
        D368  5 0.0328 0.0447 0.0209 0.1734 0.6001 0.1282 
        D380  5 0.0529 0.2902 0.2143 0.3354 0.0610 0.0463 
        D381  5 0.1083 0.0397 0.0466 0.0830 0.0335 0.6888 
        D400  5 0.1914 0.1427 0.1139 0.0328 0.0405 0.4786 
        D411  5 0.0143 0.0192 0.0214 0.0152 0.9203 0.0097 
        D412  5 0.2264 0.0661 0.1840 0.1240 0.0285 0.3710 
        D413  5 0.0301 0.0533 0.7236 0.1245 0.0488 0.0196 
        D414  5 0.0383 0.6900 0.1560 0.0432 0.0344 0.0381 
        D420  5 0.8338 0.0291 0.0229 0.0409 0.0391 0.0342 
        D431  5 0.1019 0.6816 0.0164 0.0235 0.1481 0.0284 
        D432  5 0.1366 0.1132 0.1622 0.0507 0.0227 0.5146 
        D433  5 0.0639 0.0524 0.0325 0.0619 0.0381 0.7513 
        D434  5 0.3027 0.0602 0.0292 0.0580 0.0627 0.4871 
        D440  5 0.0256 0.7318 0.1183 0.0334 0.0501 0.0409 
        D447  5 0.1581 0.2138 0.1676 0.3328 0.0968 0.0309 
        D448  5 0.0446 0.2041 0.0224 0.0465 0.0402 0.6421 
        D459  5 0.2917 0.0647 0.4810 0.0536 0.0424 0.0665 
        D460  5 0.0219 0.0226 0.0342 0.2321 0.6413 0.0478 
        D461  5 0.0224 0.7829 0.0599 0.0886 0.0226 0.0236 
        D468  5 0.0194 0.0519 0.0226 0.1111 0.7255 0.0695 
        D469  5 0.0750 0.1039 0.0312 0.3300 0.3599 0.1000 
        D470  5 0.0259 0.4027 0.0599 0.1368 0.2167 0.1580 
        D471  5 0.0788 0.1533 0.0437 0.0888 0.0388 0.5966 
        D472  5 0.1811 0.0251 0.0911 0.6407 0.0160 0.0460 
        D479  5 0.0178 0.0882 0.7879 0.0375 0.0304 0.0383 
        D485  5 0.0646 0.7036 0.0514 0.0437 0.0806 0.0562 
        D486  5 0.0264 0.0709 0.0313 0.0564 0.7724 0.0426 
        D487  5 0.2058 0.1231 0.1365 0.0332 0.0339 0.4674 
        D555  5 0.0548 0.0197 0.0468 0.0175 0.0155 0.8458 
        D556  5 0.2667 0.4709 0.0381 0.0698 0.0894 0.0651 
        D557  5 0.0159 0.0334 0.0493 0.0481 0.0198 0.8335 
        D564  5 0.0246 0.3139 0.0929 0.3047 0.0619 0.2019 
        D594  5 0.2286 0.1525 0.1321 0.2364 0.0634 0.1870 
        D595  5 0.0632 0.1502 0.0530 0.1697 0.2005 0.3635 
        D596  5 0.0337 0.0236 0.0206 0.0395 0.0123 0.8703 
        D597  5 0.2758 0.0622 0.2089 0.0779 0.0190 0.3563 
        D598  5 0.0822 0.2655 0.0613 0.0486 0.0588 0.4836 
        D617  5 0.0304 0.0595 0.1334 0.0447 0.7027 0.0294 
        D618  5 0.0880 0.0753 0.0417 0.1853 0.0333 0.5763 
        D619  5 0.0854 0.1755 0.0667 0.3957 0.0748 0.2020 
        D620  5 0.0763 0.0274 0.7560 0.0540 0.0312 0.0551 
        D628  5 0.0242 0.8062 0.0542 0.0373 0.0241 0.0541 
        D714  5 0.1778 0.4985 0.0512 0.0488 0.0565 0.1672 
        D715  5 0.0565 0.0392 0.0436 0.1882 0.0354 0.6372 
        D716  5 0.2524 0.2663 0.1062 0.1929 0.0688 0.1134 
        D717  5 0.3436 0.0933 0.0548 0.1693 0.0402 0.2989 
        D718  5 0.0797 0.3604 0.0356 0.0175 0.3905 0.1162 
        D769  5 0.0659 0.1946 0.3340 0.0796 0.2775 0.0484 
        D770  5 0.0278 0.6507 0.0873 0.0602 0.1215 0.0524 
        D771  5 0.3621 0.3673 0.0759 0.0688 0.0466 0.0794 
        D772  5 0.0637 0.5662 0.0457 0.1372 0.0522 0.1349 
        D782  5 0.3725 0.0464 0.1385 0.1337 0.2652 0.0437 
        D783  5 0.0521 0.2221 0.4345 0.0505 0.0479 0.1928 
        D784  5 0.2232 0.1019 0.1009 0.4682 0.0220 0.0837 
        D785  5 0.0233 0.1808 0.0238 0.1526 0.0723 0.5472 
        D786  5 0.0626 0.1668 0.3585 0.1882 0.1848 0.0392 
        D821  5 0.0485 0.0426 0.0145 0.0975 0.0208 0.7762 
        D822  5 0.2117 0.0665 0.1493 0.3524 0.0959 0.1242 
        D826  5 0.1957 0.1019 0.0938 0.0566 0.1052 0.4467 
        D827  5 0.0490 0.1827 0.1020 0.5166 0.1010 0.0486 
        D851  5 0.0698 0.0874 0.1511 0.4470 0.0676 0.1771 
        D852  5 0.1588 0.3187 0.1128 0.0325 0.0485 0.3288 
        D853  5 0.3641 0.0660 0.0482 0.0846 0.0701 0.3670 
        D854  5 0.1166 0.1125 0.0671 0.2351 0.4445 0.0242 
        D861  5 0.0554 0.0562 0.0766 0.0875 0.5521 0.1722 
        D862  5 0.1060 0.1116 0.0533 0.3357 0.0879 0.3055 
        D865  5 0.0957 0.0869 0.0534 0.0565 0.0506 0.6568 
        D868  5 0.2060 0.1134 0.0440 0.2344 0.0959 0.3062 
        D869  5 0.0161 0.0153 0.0364 0.0247 0.8895 0.0180 
        D870  5 0.0481 0.0556 0.4519 0.3979 0.0239 0.0226 
        D907  5 0.0512 0.0457 0.0231 0.0258 0.0527 0.8015 
        D908  5 0.1572 0.2571 0.1191 0.0533 0.0328 0.3805 
        D910  5 0.1005 0.0841 0.1079 0.0830 0.0979 0.5266 
        D911  5 0.7977 0.0418 0.0393 0.0239 0.0354 0.0619 
        D934  5 0.0751 0.3957 0.1001 0.3229 0.0639 0.0422 
        D946  5 0.0900 0.6142 0.0423 0.0849 0.1290 0.0396 
        D947  5 0.3690 0.2524 0.0444 0.1869 0.1203 0.0270 
        D948  5 0.0486 0.0303 0.0261 0.1395 0.5346 0.2210 
        D949  5 0.0254 0.0334 0.0193 0.0955 0.7623 0.0642 
        D950  5 0.7653 0.0465 0.0419 0.0468 0.0422 0.0573 
        D951  5 0.0473 0.1412 0.2447 0.4697 0.0461 0.0510 
        D952  5 0.2614 0.0515 0.0294 0.4927 0.0269 0.1381 
        D953  5 0.1177 0.0718 0.0226 0.1287 0.0336 0.6255 
        D954  5 0.0212 0.0231 0.0305 0.7735 0.0283 0.1233 
        D961  5 0.0370 0.7921 0.0212 0.0277 0.0484 0.0735 
        D962  5 0.0238 0.5680 0.0190 0.1264 0.0225 0.2404 
        D963  5 0.1276 0.1896 0.0694 0.1817 0.0300 0.4017 
        D964  5 0.1880 0.2311 0.0698 0.1388 0.3189 0.0534 
        D965  5 0.0696 0.5504 0.1148 0.1522 0.0347 0.0783 
        D966  5 0.1117 0.3042 0.1090 0.3012 0.0233 0.1506 
        D967  5 0.4439 0.0307 0.1564 0.1126 0.0457 0.2107 
        D991  5 0.0895 0.5307 0.0486 0.0404 0.1126 0.1781 
        D132  8 0.0180 0.0279 0.0169 0.0164 0.9013 0.0195 
        D133  8 0.0451 0.0346 0.8445 0.0239 0.0287 0.0233 
        D200  8 0.7303 0.1181 0.0359 0.0208 0.0475 0.0474 
        D500  8 0.0347 0.0330 0.0223 0.0269 0.8544 0.0287 
        D614  8 0.2086 0.1655 0.0278 0.0353 0.1526 0.4101 
        D723  8 0.0324 0.0561 0.0295 0.0398 0.8070 0.0353 
        D888  8 0.8751 0.0292 0.0251 0.0251 0.0233 0.0222 
        D901  8 0.0261 0.0258 0.0162 0.0148 0.8962 0.0209 
        D902  8 0.0468 0.1151 0.0488 0.0171 0.1035 0.6688 
        D903  8 0.0456 0.0801 0.1651 0.5619 0.0323 0.1151 
        D904  8 0.0902 0.3179 0.1595 0.2979 0.0488 0.0857 
        D905  8 0.8456 0.0455 0.0195 0.0144 0.0153 0.0598 
        D906  8 0.1693 0.0743 0.4476 0.2415 0.0310 0.0363 
        D937  8 0.0200 0.0322 0.0231 0.0131 0.0438 0.8678 
        D943  8 0.6833 0.0805 0.0380 0.0699 0.0930 0.0354 
        D972  8 0.0198 0.0488 0.0444 0.0316 0.8201 0.0353 
        D973  8 0.0348 0.0629 0.0968 0.1250 0.6313 0.0491 
        D974  8 0.1723 0.0829 0.1394 0.0889 0.4274 0.0891 
        D975  8 0.7048 0.0450 0.0744 0.0247 0.0337 0.1174 
        D976  8 0.2664 0.1585 0.0534 0.0521 0.3274 0.1422 
        D142 10 0.0928 0.3246 0.2385 0.2294 0.0410 0.0737 
        D143 10 0.0233 0.0499 0.8163 0.0248 0.0319 0.0538 
        D144 10 0.1473 0.2416 0.1220 0.3434 0.0572 0.0885 
        D145 10 0.6507 0.1492 0.0274 0.0436 0.0982 0.0309 
        D146 10 0.0205 0.4174 0.0460 0.1456 0.3350 0.0356 
        D147 10 0.0167 0.4827 0.0612 0.1271 0.2803 0.0320 
        D148 10 0.0454 0.2355 0.1761 0.4114 0.0704 0.0612 
        D149 10 0.2942 0.1188 0.2957 0.0894 0.0999 0.1020 
        D151 10 0.2887 0.0576 0.1916 0.1431 0.1552 0.1639 
        D152 10 0.1869 0.0683 0.6741 0.0259 0.0309 0.0139 
        D153 10 0.1159 0.3109 0.0885 0.2267 0.1851 0.0729 
        D156 10 0.0310 0.7438 0.0576 0.1297 0.0207 0.0172 
        D157 10 0.0807 0.2085 0.0960 0.1107 0.0651 0.4390 
        D158 10 0.1750 0.1081 0.0154 0.0225 0.6161 0.0628 
        D159 10 0.0284 0.0270 0.8255 0.0475 0.0256 0.0460 
        D160 10 0.7337 0.0142 0.0136 0.0112 0.0175 0.2099 
        D161 10 0.0477 0.1197 0.1269 0.5902 0.0500 0.0654 
        D162 10 0.0353 0.7233 0.0686 0.1235 0.0157 0.0336 
        D169 10 0.4153 0.0191 0.2163 0.0686 0.2522 0.0286 
        D170 10 0.0571 0.2497 0.1331 0.1661 0.3409 0.0531 
        D171 10 0.0129 0.6956 0.0259 0.1581 0.0706 0.0368 
        D172 10 0.0215 0.7483 0.0486 0.0343 0.1184 0.0289 
        D173 10 0.0718 0.0421 0.7668 0.0364 0.0650 0.0179 
        D181 10 0.0351 0.4785 0.0420 0.2186 0.0517 0.1741 
        D182 10 0.1893 0.2029 0.1081 0.1457 0.2944 0.0596 
        D183 10 0.1545 0.0291 0.0180 0.0685 0.0527 0.6772 
        D184 10 0.0396 0.0713 0.1767 0.3394 0.3587 0.0143 
        D185 10 0.0267 0.1917 0.0522 0.6472 0.0584 0.0237 
        D186 10 0.0700 0.0267 0.0404 0.0190 0.8250 0.0188 
        D194 10 0.0589 0.1417 0.2244 0.2209 0.2797 0.0743 
        D195 10 0.2763 0.1821 0.3099 0.0731 0.0337 0.1249 
        D196 10 0.1910 0.1030 0.4364 0.1383 0.0281 0.1032 
        D197 10 0.0762 0.0367 0.2986 0.0264 0.5057 0.0563 
        D198 10 0.0885 0.0276 0.0336 0.7587 0.0510 0.0405 
     D237226 10 0.5806 0.0393 0.0748 0.2238 0.0565 0.0250 
     D237232 10 0.5532 0.0362 0.0672 0.0454 0.1164 0.1815 
     D237233 10 0.1249 0.4685 0.1344 0.0287 0.0958 0.1478 
     D237234 10 0.0934 0.6223 0.0315 0.0583 0.0670 0.1275 
     D237354 10 0.8715 0.0271 0.0233 0.0217 0.0221 0.0343 
     D237355 10 0.8841 0.0166 0.0173 0.0212 0.0188 0.0419 
     D237356 10 0.0386 0.0222 0.0537 0.7263 0.0430 0.1163 
     D237357 10 0.1070 0.0994 0.3854 0.0510 0.3113 0.0460 
     D237358 10 0.1002 0.0348 0.6320 0.1752 0.0180 0.0399 
     D237369 10 0.0133 0.0530 0.0146 0.0187 0.8883 0.0120 
     D237370 10 0.0635 0.1250 0.3062 0.1300 0.0448 0.3306 
     D237371 10 0.0405 0.0356 0.0499 0.7806 0.0604 0.0329 
     D237372 10 0.1251 0.0484 0.6960 0.0656 0.0283 0.0366 
     D237373 10 0.3804 0.1933 0.0431 0.0644 0.2289 0.0900 
     D237374 10 0.6953 0.1006 0.0241 0.0359 0.0305 0.1137 
     D237375 10 0.0970 0.0831 0.5165 0.1757 0.0767 0.0510 
     D237400 10 0.0532 0.0922 0.7706 0.0201 0.0308 0.0330 
     D244002 10 0.0549 0.3366 0.1228 0.1499 0.3037 0.0322 
     D244003 10 0.3062 0.0634 0.0634 0.0123 0.0270 0.5277 
     D244004 10 0.0348 0.0186 0.0115 0.0126 0.0225 0.9001 
     D244005 10 0.8475 0.0179 0.0501 0.0232 0.0327 0.0285 
     D244020 10 0.0627 0.2512 0.0646 0.4102 0.1237 0.0876 
     D244021 10 0.0184 0.0594 0.0306 0.0163 0.8397 0.0356 
     D244116 10 0.0478 0.6983 0.0815 0.0355 0.1132 0.0237 
     D244117 10 0.1330 0.0592 0.0642 0.0443 0.0215 0.6778 
     D244121 10 0.0471 0.0788 0.1019 0.0298 0.0893 0.6531 
     D244123 10 0.4664 0.2156 0.0469 0.0569 0.0461 0.1681 
     D244124 10 0.0606 0.0992 0.5485 0.0453 0.0953 0.1512 
        D332 10 0.0317 0.2086 0.1172 0.4033 0.1696 0.0696 
        D570 10 0.0415 0.3518 0.0331 0.1060 0.0345 0.4331 
        D602 10 0.0459 0.6292 0.1691 0.0570 0.0452 0.0537 
        D603 10 0.1118 0.0848 0.2521 0.1036 0.2305 0.2173 
        D604 10 0.1605 0.3102 0.4108 0.0645 0.0163 0.0377 
        D605 10 0.2831 0.0735 0.1096 0.4424 0.0485 0.0429 
        D606 10 0.1787 0.0272 0.2764 0.1638 0.1221 0.2318 
        D607 10 0.0259 0.0645 0.0399 0.8260 0.0235 0.0201 
        D608 10 0.0143 0.0218 0.9018 0.0363 0.0112 0.0146 
        D609 10 0.1352 0.1303 0.0283 0.1607 0.1492 0.3964 
        D610 10 0.7534 0.0355 0.0189 0.0461 0.0305 0.1156 
        D611 10 0.0462 0.0378 0.0159 0.0269 0.0165 0.8567 
        D613 10 0.0505 0.6820 0.0296 0.1647 0.0275 0.0456 
        D633 10 0.0386 0.3596 0.2677 0.2923 0.0188 0.0231 
        D634 10 0.0450 0.4802 0.0613 0.2616 0.0851 0.0667 
        D638 10 0.1062 0.0822 0.7071 0.0191 0.0302 0.0553 
        D681 10 0.0162 0.8182 0.0281 0.0528 0.0447 0.0400 
        D754 10 0.0348 0.0920 0.0188 0.0118 0.7460 0.0966 
        D755 10 0.0475 0.0545 0.1771 0.0153 0.0385 0.6671 
        D756 10 0.0894 0.2606 0.0393 0.0493 0.2749 0.2865 
        D757 10 0.4581 0.0349 0.1506 0.1952 0.0348 0.1263 
        D758 10 0.0650 0.4525 0.0652 0.1654 0.1311 0.1208 
        D759 10 0.1527 0.0553 0.1212 0.0480 0.0211 0.6017 
        D760 10 0.2908 0.2744 0.1014 0.0853 0.0694 0.1788 
        D761 10 0.8534 0.0225 0.0570 0.0150 0.0184 0.0336 
        D762 10 0.0277 0.0735 0.1212 0.7372 0.0183 0.0221 
        D775 10 0.1100 0.0285 0.0296 0.0239 0.0568 0.7513 
        D776 10 0.7326 0.0331 0.0860 0.0382 0.0578 0.0524 
        D777 10 0.3283 0.0669 0.0218 0.0767 0.0545 0.4517 
        D778 10 0.5159 0.0276 0.0827 0.0420 0.2933 0.0385 
        D779 10 0.0295 0.6202 0.0265 0.0183 0.1730 0.1324 
        D780 10 0.1183 0.5812 0.1327 0.0462 0.0493 0.0724 
        D781 10 0.0390 0.5076 0.3066 0.0572 0.0449 0.0447 
        D858 10 0.1783 0.0422 0.0592 0.0686 0.6282 0.0236 
        D933 10 0.4295 0.0223 0.0781 0.4078 0.0262 0.0362 
        D038 11 0.4168 0.2876 0.0628 0.1224 0.0532 0.0571 
        D063 11 0.1249 0.4240 0.1613 0.0337 0.0419 0.2141 
        D155 11 0.3073 0.0660 0.0744 0.2295 0.0927 0.2300 
        D175 11 0.0769 0.1323 0.0369 0.0208 0.6076 0.1255 
        D176 11 0.0708 0.2061 0.2442 0.0307 0.2242 0.2240 
        D205 11 0.0498 0.0350 0.0206 0.0292 0.0774 0.7880 
     D237229 11 0.4385 0.2746 0.1589 0.0479 0.0281 0.0521 
     D237230 11 0.0171 0.0581 0.2609 0.1887 0.4484 0.0269 
     D237231 11 0.1025 0.2279 0.2114 0.3760 0.0410 0.0411 
     D237269 11 0.1890 0.0714 0.3650 0.2485 0.0677 0.0585 
     D237270 11 0.0877 0.0326 0.1587 0.3153 0.3661 0.0395 
     D237271 11 0.0969 0.4467 0.1125 0.0921 0.0604 0.1914 
     D237272 11 0.0573 0.0774 0.0508 0.1201 0.6571 0.0372 
     D237273 11 0.2502 0.3491 0.0625 0.0253 0.0360 0.2769 
     D237301 11 0.0572 0.3177 0.0832 0.2717 0.0853 0.1849 
     D237302 11 0.0858 0.2332 0.3043 0.0936 0.2431 0.0399 
     D237303 11 0.0316 0.0809 0.2137 0.1600 0.4889 0.0249 
     D237304 11 0.0925 0.2461 0.1152 0.1306 0.2616 0.1540 
     D237305 11 0.2482 0.1174 0.0379 0.0195 0.1090 0.4680 
     D237314 11 0.1124 0.3571 0.0338 0.1176 0.0905 0.2886 
     D237315 11 0.1433 0.1431 0.0447 0.1199 0.5144 0.0346 
     D237316 11 0.0261 0.2752 0.0422 0.5509 0.0200 0.0856 
     D237328 11 0.0705 0.1160 0.0696 0.1725 0.4940 0.0774 
     D237329 11 0.4440 0.0265 0.1956 0.1249 0.1414 0.0676 
     D237330 11 0.0745 0.3031 0.0609 0.0242 0.0337 0.5036 
     D237331 11 0.2053 0.2672 0.0410 0.2421 0.0441 0.2004 
     D237332 11 0.2378 0.2991 0.0549 0.2016 0.0804 0.1262 
     D237333 11 0.2248 0.2243 0.1607 0.1269 0.0223 0.2410 
     D237334 11 0.0422 0.1098 0.0360 0.6729 0.0717 0.0675 
     D237335 11 0.1197 0.2409 0.0403 0.0758 0.1742 0.3491 
     D237336 11 0.7166 0.0679 0.0307 0.0804 0.0313 0.0731 
     D237350 11 0.0423 0.4448 0.1276 0.0346 0.0186 0.3321 
     D237383 11 0.5175 0.2149 0.0717 0.0488 0.0747 0.0723 
     D237384 11 0.1316 0.0502 0.0326 0.7295 0.0312 0.0248 
     D237385 11 0.1469 0.3433 0.0989 0.1003 0.1080 0.2027 
     D237386 11 0.0482 0.0641 0.3494 0.2237 0.1736 0.1409 
     D237387 11 0.0585 0.3816 0.0473 0.2501 0.1785 0.0840 
     D237388 11 0.0591 0.3310 0.0378 0.1557 0.0603 0.3560 
        D239 11 0.4287 0.1937 0.0580 0.1012 0.0453 0.1731 
        D240 11 0.8255 0.0348 0.0592 0.0216 0.0179 0.0410 
        D241 11 0.8174 0.0276 0.0179 0.1052 0.0155 0.0164 
        D242 11 0.2850 0.2458 0.1794 0.1799 0.0373 0.0726 
        D243 11 0.4583 0.0333 0.0415 0.0923 0.0558 0.3188 
        D244 11 0.2127 0.0184 0.0262 0.0543 0.0196 0.6687 
        D245 11 0.0492 0.1252 0.0288 0.0367 0.7449 0.0153 
        D246 11 0.1052 0.3657 0.0557 0.1367 0.2002 0.1365 
        D247 11 0.1507 0.4455 0.0600 0.0638 0.0386 0.2414 
        D248 11 0.0603 0.0609 0.4045 0.3669 0.0529 0.0546 
        D249 11 0.0315 0.2916 0.0170 0.0529 0.5357 0.0713 
        D250 11 0.0439 0.0928 0.3090 0.1972 0.0587 0.2984 
        D251 11 0.1212 0.3500 0.0409 0.0830 0.2212 0.1837 
        D252 11 0.0224 0.0834 0.0551 0.3483 0.4393 0.0514 
        D253 11 0.3382 0.2270 0.0829 0.0600 0.0744 0.2175 
        D254 11 0.0296 0.0230 0.2202 0.0366 0.6660 0.0247 
        D255 11 0.0601 0.3558 0.1345 0.2071 0.1038 0.1386 
        D256 11 0.4451 0.0617 0.0370 0.3152 0.0463 0.0947 
        D257 11 0.0877 0.0590 0.0487 0.0897 0.6159 0.0989 
        D258 11 0.0347 0.0519 0.0299 0.2619 0.5842 0.0374 
        D259 11 0.0609 0.1982 0.1419 0.1955 0.3712 0.0323 
        D260 11 0.0854 0.5719 0.1071 0.0518 0.0691 0.1147 
        D261 11 0.0601 0.7435 0.0281 0.0931 0.0450 0.0302 
        D262 11 0.0328 0.1337 0.0416 0.0677 0.6922 0.0320 
        D263 11 0.0332 0.3256 0.0592 0.2177 0.0373 0.3270 
        D264 11 0.0374 0.1792 0.0929 0.0642 0.5657 0.0606 
        D265 11 0.1552 0.0391 0.2361 0.0833 0.3837 0.1026 
        D266 11 0.2530 0.1056 0.1002 0.3391 0.0281 0.1739 
        D267 11 0.1876 0.2039 0.0382 0.1607 0.0730 0.3366 
        D268 11 0.0813 0.0728 0.0514 0.0851 0.0444 0.6651 
        D269 11 0.0841 0.1152 0.0314 0.6030 0.0570 0.1093 
        D270 11 0.0743 0.1799 0.0392 0.2887 0.3156 0.1025 
        D271 11 0.5926 0.0689 0.0545 0.1560 0.0705 0.0574 
        D272 11 0.2870 0.3684 0.0858 0.1552 0.0178 0.0857 
        D273 11 0.0239 0.0415 0.0139 0.0257 0.8787 0.0163 
        D274 11 0.1866 0.0842 0.1167 0.2095 0.0582 0.3447 
        D275 11 0.1409 0.0775 0.0585 0.5237 0.0498 0.1496 
        D276 11 0.0709 0.0523 0.0333 0.2962 0.0224 0.5249 
        D277 11 0.1700 0.0758 0.2724 0.2199 0.0529 0.2090 
        D278 11 0.0999 0.5283 0.0926 0.0200 0.1062 0.1531 
        D282 11 0.0597 0.0382 0.1087 0.1472 0.5301 0.1161 
        D296 11 0.1615 0.0823 0.0375 0.4320 0.0293 0.2573 
        D297 11 0.2966 0.0370 0.0759 0.1586 0.0364 0.3955 
        D298 11 0.3549 0.2532 0.1105 0.1279 0.0348 0.1187 
        D299 11 0.0241 0.5868 0.0348 0.0208 0.0270 0.3064 
        D300 11 0.3282 0.3155 0.1043 0.1614 0.0500 0.0407 
        D382 11 0.0261 0.0363 0.0178 0.3313 0.0298 0.5587 
        D383 11 0.0451 0.0272 0.0226 0.0331 0.0496 0.8223 
        D387 11 0.2625 0.3220 0.1128 0.0592 0.1604 0.0831 
        D388 11 0.0372 0.0271 0.0159 0.8847 0.0196 0.0155 
        D389 11 0.0659 0.6665 0.0392 0.0473 0.0245 0.1566 
        D390 11 0.1960 0.0933 0.1631 0.3297 0.0737 0.1441 
        D396 11 0.0936 0.2963 0.1305 0.2025 0.1247 0.1525 
        D397 11 0.3054 0.1204 0.0930 0.0538 0.3818 0.0456 
        D398 11 0.2273 0.0541 0.0555 0.3961 0.0393 0.2276 
        D399 11 0.0270 0.4194 0.1603 0.2740 0.0955 0.0238 
        D437 11 0.0617 0.6218 0.0721 0.0232 0.1784 0.0428 
        D441 11 0.1234 0.0643 0.0430 0.0535 0.0587 0.6571 
        D442 11 0.4018 0.2969 0.1044 0.0486 0.0549 0.0935 
        D443 11 0.6628 0.0268 0.0203 0.0513 0.0261 0.2126 
        D444 11 0.0689 0.4057 0.1404 0.2263 0.0540 0.1049 
        D445 11 0.0633 0.3576 0.0355 0.2340 0.2619 0.0476 
        D446 11 0.2969 0.1567 0.1103 0.3497 0.0576 0.0289 
        D451 11 0.1996 0.0983 0.0495 0.2674 0.3167 0.0684 
        D452 11 0.0649 0.5523 0.1738 0.1330 0.0245 0.0516 
        D453 11 0.0547 0.0390 0.0559 0.7557 0.0233 0.0714 
        D454 11 0.1573 0.2805 0.0797 0.2842 0.1759 0.0225 
        D457 11 0.0500 0.1681 0.0193 0.0383 0.5856 0.1387 
        D458 11 0.1812 0.0404 0.0234 0.3912 0.0388 0.3249 
        D466 11 0.0348 0.0254 0.8036 0.0394 0.0482 0.0487 
        D467 11 0.0308 0.7223 0.0401 0.0521 0.0290 0.1257 
        D475 11 0.0243 0.1431 0.0673 0.1166 0.6107 0.0380 
        D488 11 0.3724 0.1039 0.1637 0.1820 0.1285 0.0495 
        D489 11 0.1119 0.0909 0.1622 0.0848 0.4310 0.1191 
        D493 11 0.1047 0.1029 0.2859 0.3173 0.0402 0.1490 
        D494 11 0.0747 0.1326 0.1396 0.3112 0.1543 0.1876 
        D495 11 0.2337 0.0734 0.1556 0.0740 0.4297 0.0336 
        D496 11 0.7690 0.0305 0.0666 0.0404 0.0185 0.0749 
        D674 11 0.4732 0.1055 0.1225 0.1371 0.0358 0.1258 
        D675 11 0.8160 0.0426 0.0392 0.0269 0.0154 0.0598 
        D676 11 0.0384 0.3394 0.0282 0.0304 0.2019 0.3617 
        D680 11 0.6229 0.0569 0.0500 0.0756 0.0228 0.1718 
        D701 11 0.3512 0.1297 0.0318 0.0529 0.3914 0.0430 
        D702 11 0.1466 0.1269 0.3219 0.2895 0.0929 0.0221 
        D703 11 0.5933 0.0343 0.1510 0.1013 0.0386 0.0815 
        D704 11 0.1007 0.2661 0.1040 0.0981 0.3048 0.1262 
        D705 11 0.0272 0.0859 0.1586 0.0806 0.6214 0.0263 
        D706 11 0.4245 0.1723 0.2657 0.0289 0.0712 0.0375 
        D707 11 0.1310 0.3566 0.0333 0.2024 0.1985 0.0783 
        D751 11 0.0565 0.1104 0.0268 0.7123 0.0374 0.0567 
        D752 11 0.1673 0.4892 0.0757 0.0496 0.0577 0.1605 
        D753 11 0.0653 0.0975 0.2065 0.0849 0.4452 0.1007 
        D773 11 0.0211 0.0136 0.0177 0.0249 0.9089 0.0139 
        D774 11 0.4693 0.1408 0.1310 0.1829 0.0281 0.0479 
        D801 11 0.2546 0.0869 0.1403 0.0942 0.1034 0.3205 
        D802 11 0.1055 0.0890 0.0543 0.3273 0.3867 0.0372 
        D803 11 0.8305 0.0323 0.0194 0.0410 0.0368 0.0399 
        D804 11 0.0845 0.2842 0.0581 0.1060 0.4015 0.0658 
        D805 11 0.1111 0.0961 0.0213 0.5899 0.1151 0.0666 
        D806 11 0.0173 0.0596 0.0191 0.0417 0.8389 0.0235 
        D809 11 0.0456 0.3122 0.1040 0.0952 0.0603 0.3827 
        D810 11 0.2268 0.2925 0.0406 0.1022 0.0204 0.3175 
