        D023  2 0.6156 0.0146 0.2875 0.0272 0.0199 0.0352 
        D130  2 0.0616 0.0346 0.2182 0.0271 0.6337 0.0247 
        D131  2 0.1579 0.0302 0.1375 0.0883 0.4285 0.1576 
        D163  2 0.3029 0.1718 0.0531 0.0368 0.2560 0.1793 
        D164  2 0.2430 0.0131 0.6347 0.0208 0.0739 0.0144 
        D165  2 0.5035 0.0169 0.2962 0.0514 0.0714 0.0606 
        D166  2 0.0616 0.1631 0.0957 0.2499 0.3503 0.0794 
        D167  2 0.0218 0.0442 0.8591 0.0317 0.0187 0.0246 
        D192  2 0.0139 0.0204 0.8997 0.0326 0.0123 0.0210 
        D193  2 0.0440 0.6766 0.0310 0.1467 0.0655 0.0362 
        D206  2 0.4612 0.0648 0.3247 0.0433 0.0864 0.0197 
        D207  2 0.0371 0.0500 0.6687 0.0440 0.0757 0.1245 
        D208  2 0.0553 0.1574 0.0713 0.0999 0.0377 0.5784 
        D209  2 0.0476 0.0284 0.6736 0.2044 0.0214 0.0246 
        D210  2 0.0430 0.1181 0.1404 0.0709 0.0311 0.5965 
     D229599  2 0.4495 0.0835 0.0617 0.1407 0.0343 0.2303 
     D229600  2 0.0550 0.0514 0.6167 0.0262 0.1939 0.0568 
     D237227  2 0.1270 0.0448 0.0574 0.0491 0.2234 0.4983 
     D237228  2 0.0262 0.0455 0.0620 0.0457 0.6920 0.1288 
     D237258  2 0.2334 0.0613 0.2024 0.2741 0.0895 0.1392 
     D237310  2 0.0136 0.0160 0.0246 0.0261 0.8977 0.0219 
     D237311  2 0.0194 0.0291 0.0749 0.0205 0.8347 0.0213 
     D237312  2 0.0214 0.0354 0.0223 0.0533 0.8450 0.0227 
     D237313  2 0.6981 0.0960 0.0328 0.0613 0.0641 0.0477 
     D237322  2 0.0429 0.0993 0.0766 0.1256 0.1671 0.4885 
     D237323  2 0.0154 0.0291 0.0196 0.0271 0.8147 0.0941 
     D237324  2 0.0339 0.0700 0.6933 0.0271 0.0959 0.0798 
     D237325  2 0.0185 0.0950 0.0395 0.0314 0.7892 0.0265 
     D237326  2 0.2114 0.0896 0.1043 0.0471 0.4723 0.0753 
     D237327  2 0.0259 0.0675 0.0577 0.1158 0.0351 0.6980 
     D237337  2 0.0476 0.0266 0.0149 0.0184 0.8737 0.0190 
     D237338  2 0.0419 0.0737 0.1022 0.1119 0.5163 0.1539 
     D237339  2 0.0429 0.1539 0.5848 0.1537 0.0300 0.0348 
     D237340  2 0.0264 0.0861 0.1181 0.0509 0.6096 0.1089 
     D237389  2 0.0202 0.0497 0.0434 0.0429 0.8266 0.0173 
     D237390  2 0.0249 0.1002 0.0236 0.0654 0.7335 0.0524 
     D244017  2 0.0581 0.1619 0.4295 0.1111 0.0270 0.2124 
     D244112  2 0.0168 0.0947 0.7617 0.0524 0.0482 0.0261 
     D244118  2 0.0205 0.0641 0.8220 0.0285 0.0285 0.0365 
     D244119  2 0.0551 0.1123 0.5299 0.0363 0.0434 0.2231 
     D244120  2 0.0205 0.2146 0.2284 0.3582 0.1120 0.0663 
     D244122  2 0.0369 0.1001 0.7120 0.1021 0.0276 0.0212 
        D291  2 0.1072 0.0582 0.1590 0.0214 0.0291 0.6252 
        D292  2 0.3353 0.1426 0.1794 0.0934 0.0205 0.2288 
        D293  2 0.0181 0.0338 0.8916 0.0167 0.0197 0.0201 
        D322  2 0.0373 0.0153 0.8644 0.0449 0.0160 0.0222 
        D323  2 0.2110 0.1923 0.3655 0.1206 0.0658 0.0448 
        D324  2 0.2159 0.0463 0.1358 0.0513 0.0912 0.4595 
        D325  2 0.0286 0.0210 0.8579 0.0245 0.0433 0.0246 
        D326  2 0.8094 0.0438 0.0324 0.0233 0.0194 0.0717 
        D340  2 0.0179 0.0157 0.9030 0.0206 0.0221 0.0207 
        D341  2 0.0724 0.0824 0.6985 0.0298 0.0776 0.0393 
        D342  2 0.0544 0.0290 0.8029 0.0453 0.0333 0.0350 
        D343  2 0.0117 0.0098 0.9399 0.0137 0.0131 0.0120 
        D344  2 0.3278 0.0585 0.0864 0.4597 0.0526 0.0151 
        D345  2 0.7006 0.0374 0.0788 0.1151 0.0136 0.0547 
        D346  2 0.2403 0.0475 0.1333 0.3963 0.0566 0.1260 
        D351  2 0.3328 0.0453 0.1265 0.0740 0.1424 0.2790 
        D352  2 0.0704 0.0395 0.1294 0.6587 0.0489 0.0532 
        D353  2 0.2663 0.0348 0.1173 0.4879 0.0440 0.0496 
        D354  2 0.2781 0.0360 0.0207 0.6180 0.0199 0.0275 
        D362  2 0.8699 0.0458 0.0243 0.0167 0.0186 0.0247 
        D363  2 0.8801 0.0257 0.0266 0.0316 0.0153 0.0207 
        D364  2 0.5453 0.0409 0.0205 0.3600 0.0141 0.0192 
        D365  2 0.0153 0.0154 0.9194 0.0169 0.0175 0.0156 
        D369  2 0.2179 0.0846 0.2389 0.0771 0.2850 0.0966 
        D374  2 0.0267 0.7978 0.0185 0.1212 0.0168 0.0190 
        D375  2 0.1212 0.0367 0.0288 0.7682 0.0326 0.0125 
        D376  2 0.0345 0.6065 0.0437 0.2528 0.0272 0.0353 
        D377  2 0.2714 0.0697 0.1025 0.2059 0.2808 0.0697 
        D378  2 0.1547 0.0275 0.6388 0.1110 0.0181 0.0499 
        D379  2 0.7897 0.0877 0.0416 0.0278 0.0293 0.0239 
        D384  2 0.8574 0.0593 0.0225 0.0168 0.0168 0.0272 
        D385  2 0.0234 0.0171 0.8183 0.0867 0.0349 0.0195 
        D386  2 0.2476 0.0210 0.1660 0.5261 0.0139 0.0254 
        D391  2 0.0216 0.0211 0.8900 0.0314 0.0189 0.0170 
        D392  2 0.0738 0.0257 0.7904 0.0265 0.0484 0.0351 
        D393  2 0.3623 0.0318 0.1804 0.2482 0.0316 0.1456 
        D394  2 0.0805 0.3986 0.1211 0.2433 0.0856 0.0709 
        D395  2 0.0172 0.0258 0.5730 0.2830 0.0612 0.0398 
        D401  2 0.0241 0.0179 0.0212 0.0146 0.8979 0.0244 
        D402  2 0.0327 0.0207 0.8284 0.0568 0.0219 0.0395 
        D403  2 0.5457 0.0564 0.0867 0.2545 0.0304 0.0263 
        D415  2 0.2569 0.0499 0.1119 0.1185 0.4313 0.0315 
        D435  2 0.2808 0.0379 0.5043 0.0643 0.0624 0.0503 
        D436  2 0.0764 0.4893 0.0648 0.2376 0.1008 0.0312 
        D438  2 0.0165 0.0146 0.9219 0.0180 0.0138 0.0152 
        D439  2 0.2236 0.0486 0.3525 0.3068 0.0183 0.0502 
        D449  2 0.1190 0.0761 0.7004 0.0625 0.0221 0.0199 
        D450  2 0.3370 0.1676 0.0333 0.2529 0.1316 0.0776 
        D456  2 0.6956 0.0451 0.0624 0.0321 0.0516 0.1131 
        D462  2 0.0169 0.0238 0.8958 0.0296 0.0152 0.0187 
        D463  2 0.8377 0.0622 0.0203 0.0202 0.0220 0.0375 
        D464  2 0.0591 0.0316 0.1477 0.6990 0.0346 0.0279 
        D465  2 0.0538 0.0216 0.5666 0.0288 0.3098 0.0194 
        D473  2 0.0560 0.0303 0.0667 0.4030 0.1709 0.2731 
        D474  2 0.5918 0.0300 0.0940 0.0563 0.0252 0.2027 
        D476  2 0.0773 0.0699 0.4381 0.1960 0.1457 0.0730 
        D477  2 0.5081 0.0250 0.0378 0.3380 0.0256 0.0655 
        D478  2 0.3074 0.0923 0.2209 0.1200 0.0361 0.2233 
        D480  2 0.1767 0.1015 0.2370 0.3203 0.0368 0.1277 
        D481  2 0.3704 0.0479 0.0913 0.2829 0.0249 0.1825 
        D482  2 0.0761 0.0548 0.0273 0.4401 0.0425 0.3593 
        D483  2 0.0190 0.0316 0.8693 0.0201 0.0131 0.0469 
        D484  2 0.0157 0.0414 0.0394 0.8415 0.0251 0.0370 
        D510  2 0.0255 0.7227 0.0396 0.0610 0.0305 0.1209 
        D511  2 0.1316 0.0438 0.2306 0.5337 0.0222 0.0380 
        D512  2 0.0182 0.0110 0.0418 0.0229 0.8923 0.0139 
        D513  2 0.1918 0.0326 0.6050 0.0337 0.0623 0.0746 
        D635  2 0.7858 0.0126 0.1337 0.0248 0.0129 0.0301 
        D636  2 0.6542 0.0254 0.2413 0.0225 0.0307 0.0259 
        D637  2 0.0543 0.0578 0.2250 0.3830 0.2127 0.0672 
        D658  2 0.0264 0.0681 0.3695 0.2030 0.2964 0.0366 
        D659  2 0.3319 0.4842 0.0403 0.0616 0.0247 0.0573 
        D677  2 0.3240 0.1706 0.0741 0.0381 0.3500 0.0431 
        D678  2 0.0258 0.0425 0.7703 0.1107 0.0284 0.0223 
        D679  2 0.6101 0.0447 0.0716 0.1299 0.0369 0.1067 
        D719  2 0.3026 0.2064 0.2388 0.0602 0.0505 0.1414 
        D720  2 0.6243 0.0819 0.1490 0.0262 0.0451 0.0735 
        D721  2 0.4121 0.0341 0.3992 0.0508 0.0228 0.0810 
        D722  2 0.0572 0.6979 0.0602 0.1160 0.0297 0.0391 
        D734  2 0.0313 0.0534 0.1750 0.6633 0.0217 0.0553 
        D735  2 0.5752 0.0512 0.1663 0.0897 0.0285 0.0892 
        D736  2 0.1777 0.0966 0.0774 0.1084 0.0622 0.4776 
        D737  2 0.0216 0.0690 0.5219 0.2037 0.0464 0.1373 
        D807  2 0.1849 0.1892 0.0951 0.2660 0.0980 0.1669 
        D808  2 0.0576 0.0287 0.2507 0.0453 0.5556 0.0621 
        D817  2 0.7667 0.0730 0.0266 0.0475 0.0547 0.0316 
        D818  2 0.1219 0.0421 0.4097 0.0688 0.1703 0.1872 
        D819  2 0.2945 0.0321 0.0636 0.1192 0.4236 0.0671 
        D820  2 0.1634 0.4955 0.2005 0.0668 0.0418 0.0320 
        D895  2 0.4811 0.3305 0.0525 0.0747 0.0302 0.0312 
        D896  2 0.0190 0.0178 0.0112 0.0136 0.9229 0.0155 
        D897  2 0.0397 0.0611 0.7483 0.0418 0.0622 0.0468 
        D898  2 0.2438 0.1073 0.0416 0.0917 0.2118 0.3039 
        D918  2 0.0457 0.0364 0.0471 0.1152 0.7012 0.0543 
        D919  2 0.1657 0.1040 0.4186 0.2043 0.0189 0.0885 
        D920  2 0.0797 0.2544 0.1402 0.0362 0.4498 0.0397 
        D923  2 0.6193 0.0426 0.0990 0.1827 0.0224 0.0341 
        D930  2 0.4615 0.0545 0.0980 0.2547 0.0811 0.0502 
        D931  2 0.1189 0.0355 0.1831 0.5409 0.0714 0.0502 
        D968  2 0.0170 0.0260 0.8931 0.0187 0.0150 0.0303 
        D969  2 0.3851 0.1007 0.1321 0.1008 0.0428 0.2384 
        D977  2 0.0363 0.0277 0.7973 0.0454 0.0530 0.0403 
        D978  2 0.1586 0.0444 0.2045 0.0604 0.0457 0.4864 
        D009  4 0.0791 0.2015 0.0323 0.0336 0.6112 0.0424 
        D057  4 0.0209 0.3814 0.3348 0.0800 0.0880 0.0949 
        D109  4 0.0717 0.0449 0.0200 0.0618 0.7694 0.0322 
     D237222  4 0.0283 0.7794 0.0881 0.0198 0.0463 0.0381 
     D237223  4 0.0206 0.3547 0.1178 0.0630 0.3751 0.0688 
     D237224  4 0.3139 0.0438 0.1571 0.3144 0.0191 0.1516 
     D237225  4 0.2258 0.3980 0.0792 0.0371 0.1384 0.1215 
     D237299  4 0.0238 0.0204 0.0617 0.0442 0.7921 0.0579 
     D237300  4 0.0503 0.0570 0.0594 0.0778 0.0422 0.7134 
     D237306  4 0.0302 0.6590 0.0350 0.0719 0.1727 0.0311 
     D237307  4 0.3666 0.3089 0.0540 0.0373 0.0878 0.1453 
     D237308  4 0.0909 0.1689 0.5161 0.1245 0.0428 0.0567 
     D237309  4 0.2795 0.3068 0.1228 0.0779 0.1066 0.1065 
     D237317  4 0.5091 0.3083 0.0310 0.0294 0.0314 0.0908 
     D237318  4 0.0274 0.0372 0.0920 0.0238 0.0302 0.7894 
     D237319  4 0.1480 0.0819 0.0886 0.0624 0.5698 0.0492 
     D237320  4 0.0374 0.0944 0.1022 0.0390 0.6444 0.0825 
     D237321  4 0.1344 0.0349 0.0594 0.0501 0.0582 0.6631 
     D237397  4 0.0205 0.8095 0.0404 0.0203 0.0707 0.0386 
     D237398  4 0.1001 0.0229 0.0769 0.0563 0.0404 0.7034 
     D237399  4 0.0891 0.1100 0.0694 0.0455 0.0877 0.5983 
     D244001  4 0.0361 0.6430 0.1999 0.0446 0.0511 0.0254 
        D289  4 0.0658 0.2475 0.1592 0.2562 0.0467 0.2247 
        D290  4 0.0193 0.3748 0.0815 0.0360 0.0645 0.4238 
        D294  4 0.0446 0.0655 0.0744 0.4856 0.0400 0.2900 
        D295  4 0.1299 0.4659 0.0305 0.0731 0.2416 0.0590 
        D301  4 0.0957 0.2133 0.0641 0.0422 0.3554 0.2293 
        D302  4 0.1527 0.0364 0.0315 0.7398 0.0163 0.0233 
        D303  4 0.0434 0.1251 0.0566 0.4739 0.1583 0.1426 
        D304  4 0.0677 0.2885 0.0271 0.0267 0.0273 0.5627 
        D305  4 0.0684 0.1252 0.3685 0.3475 0.0267 0.0637 
        D306  4 0.0561 0.4573 0.1478 0.0578 0.0775 0.2035 
        D307  4 0.0468 0.0935 0.1114 0.0905 0.2388 0.4189 
        D327  4 0.5450 0.1019 0.1104 0.0484 0.1294 0.0649 
        D328  4 0.0401 0.1881 0.0272 0.5774 0.1202 0.0470 
        D329  4 0.0505 0.0904 0.2140 0.4626 0.0236 0.1590 
        D330  4 0.1354 0.2588 0.1926 0.1577 0.2285 0.0270 
        D331  4 0.1324 0.1299 0.0436 0.0429 0.0551 0.5961 
        D333  4 0.0289 0.6909 0.0586 0.0764 0.1024 0.0428 
        D334  4 0.0592 0.1947 0.0421 0.1076 0.0759 0.5206 
        D335  4 0.2062 0.3197 0.1677 0.2503 0.0243 0.0318 
        D370  4 0.1155 0.4697 0.0525 0.2664 0.0599 0.0360 
        D371  4 0.2793 0.2227 0.0469 0.2955 0.0938 0.0619 
        D372  4 0.0172 0.0477 0.0430 0.0260 0.0206 0.8455 
        D373  4 0.1669 0.0492 0.2930 0.1439 0.1085 0.2385 
        D455  4 0.0363 0.1405 0.2072 0.0725 0.1518 0.3917 
        D490  4 0.0146 0.0578 0.0113 0.0164 0.8829 0.0169 
        D497  4 0.0226 0.0359 0.0176 0.0242 0.8600 0.0397 
        D498  4 0.0756 0.2116 0.0649 0.0435 0.1313 0.4732 
        D499  4 0.0822 0.0271 0.2328 0.3704 0.2222 0.0652 
        D514  4 0.2370 0.1303 0.0531 0.1920 0.3198 0.0678 
        D515  4 0.0335 0.0460 0.0529 0.0718 0.7753 0.0206 
        D516  4 0.0802 0.6743 0.0766 0.0260 0.1130 0.0299 
        D517  4 0.1054 0.3247 0.1019 0.0230 0.1632 0.2819 
        D518  4 0.0308 0.6764 0.1414 0.0873 0.0446 0.0195 
        D519  4 0.0242 0.0299 0.0314 0.0203 0.8524 0.0418 
        D560  4 0.0711 0.0618 0.0705 0.0605 0.7014 0.0348 
        D561  4 0.0902 0.0385 0.5258 0.0593 0.2482 0.0380 
        D562  4 0.0723 0.2118 0.1791 0.1325 0.0517 0.3527 
        D563  4 0.0451 0.0231 0.5661 0.2331 0.0754 0.0571 
        D572  4 0.0388 0.1197 0.1122 0.6591 0.0357 0.0345 
        D629  4 0.6375 0.0337 0.0452 0.1754 0.0465 0.0617 
        D630  4 0.0775 0.2229 0.0893 0.1335 0.2330 0.2437 
        D631  4 0.0250 0.1366 0.3485 0.3064 0.1171 0.0664 
        D632  4 0.2257 0.0197 0.2349 0.4032 0.1005 0.0160 
        D646  4 0.0329 0.7283 0.0583 0.0186 0.1435 0.0185 
        D647  4 0.1395 0.3023 0.2250 0.0707 0.2116 0.0510 
        D648  4 0.0182 0.0783 0.0308 0.8210 0.0358 0.0159 
        D649  4 0.4346 0.0318 0.0269 0.2937 0.1912 0.0218 
        D650  4 0.1988 0.1015 0.0419 0.0756 0.5120 0.0702 
        D708  4 0.1650 0.2963 0.0412 0.3344 0.0992 0.0639 
        D709  4 0.1434 0.3236 0.1141 0.1060 0.1939 0.1189 
        D738  4 0.0330 0.7674 0.0207 0.0172 0.0971 0.0646 
        D739  4 0.0513 0.2675 0.0606 0.0673 0.4076 0.1456 
        D740  4 0.0791 0.1224 0.0983 0.1005 0.1993 0.4004 
        D741  4 0.0256 0.1533 0.0925 0.0257 0.6843 0.0187 
        D742  4 0.0398 0.1209 0.4003 0.1019 0.2532 0.0838 
        D743  4 0.1561 0.0694 0.1638 0.4923 0.0682 0.0502 
        D744  4 0.0531 0.0173 0.1221 0.7524 0.0250 0.0302 
        D745  4 0.0171 0.0267 0.0180 0.0264 0.8867 0.0250 
        D814  4 0.0508 0.4235 0.3113 0.1033 0.0594 0.0517 
        D815  4 0.1855 0.2073 0.0861 0.4274 0.0394 0.0543 
        D828  4 0.0280 0.3591 0.1195 0.3158 0.0841 0.0935 
        D845  4 0.0430 0.0669 0.0360 0.0223 0.0172 0.8147 
        D846  4 0.2026 0.0669 0.4195 0.1906 0.0463 0.0741 
        D847  4 0.0927 0.0781 0.0808 0.0665 0.1330 0.5489 
        D848  4 0.0341 0.0522 0.3265 0.0431 0.0593 0.4847 
        D849  4 0.0587 0.3343 0.0536 0.0327 0.4901 0.0306 
        D850  4 0.2418 0.1584 0.1435 0.0734 0.0963 0.2867 
        D856  4 0.1438 0.0622 0.1133 0.1162 0.4780 0.0866 
        D857  4 0.0423 0.0948 0.1026 0.0644 0.6541 0.0418 
        D859  4 0.1068 0.2174 0.0564 0.4761 0.0711 0.0722 
        D860  4 0.0781 0.1338 0.1315 0.0847 0.0116 0.5602 
        D883  4 0.1221 0.4535 0.0260 0.0670 0.2591 0.0723 
        D884  4 0.0300 0.5406 0.0148 0.0366 0.3631 0.0149 
        D885  4 0.1449 0.0801 0.1225 0.0535 0.5111 0.0878 
        D886  4 0.1138 0.2827 0.1697 0.0848 0.2499 0.0990 
        D887  4 0.1256 0.0472 0.0592 0.4542 0.0801 0.2338 
        D889  4 0.0416 0.1490 0.0168 0.0464 0.0206 0.7256 
        D890  4 0.2421 0.0739 0.0986 0.4334 0.0838 0.0682 
        D891  4 0.0134 0.0143 0.0114 0.0143 0.0113 0.9353 
        D899  4 0.0224 0.1618 0.4714 0.1525 0.0434 0.1485 
        D900  4 0.1190 0.2031 0.1354 0.2280 0.1249 0.1896 
        D970  4 0.0991 0.0881 0.1735 0.1865 0.0273 0.4254 
        D971  4 0.1032 0.0753 0.6722 0.0558 0.0554 0.0382 
        D979  4 0.4926 0.2258 0.0827 0.1372 0.0225 0.0392 
        D093  5 0.0779 0.2579 0.0439 0.0770 0.1704 0.3731 
        D154  5 0.0706 0.2524 0.1615 0.0600 0.3822 0.0732 
        D168  5 0.1319 0.1840 0.2980 0.0691 0.2618 0.0552 
        D189  5 0.0291 0.4007 0.0406 0.0457 0.0466 0.4374 
        D190  5 0.2419 0.2883 0.0615 0.2283 0.0589 0.1211 
     D237220  5 0.0381 0.0741 0.0253 0.0419 0.1123 0.7084 
     D237221  5 0.1948 0.1116 0.1205 0.0772 0.0699 0.4260 
     D237274  5 0.5468 0.0715 0.1491 0.1697 0.0408 0.0221 
     D237275  5 0.0235 0.1267 0.5961 0.0212 0.0886 0.1439 
     D237276  5 0.0699 0.5201 0.0566 0.1057 0.1837 0.0639 
     D237277  5 0.1922 0.0408 0.0872 0.2447 0.0286 0.4066 
     D237278  5 0.0609 0.1298 0.3231 0.2406 0.1792 0.0664 
     D237279  5 0.3446 0.0131 0.0774 0.0906 0.4083 0.0660 
     D237280  5 0.7284 0.0875 0.0231 0.0877 0.0380 0.0353 
     D237281  5 0.0522 0.1825 0.4468 0.0524 0.0415 0.2245 
     D237351  5 0.3309 0.0467 0.0300 0.0374 0.5194 0.0356 
     D237352  5 0.1995 0.3402 0.1840 0.1408 0.0973 0.0382 
     D237353  5 0.3952 0.1548 0.0344 0.1585 0.0305 0.2265 
     D237359  5 0.0743 0.0497 0.0198 0.0384 0.0869 0.7309 
     D237361  5 0.1505 0.1632 0.0361 0.0662 0.0427 0.5413 
     D237362  5 0.5795 0.1147 0.0573 0.0680 0.1523 0.0281 
     D237363  5 0.2346 0.1141 0.2870 0.0521 0.2165 0.0957 
     D237364  5 0.0499 0.0463 0.0928 0.0666 0.6989 0.0455 
     D237376  5 0.0111 0.0718 0.0267 0.7852 0.0626 0.0426 
     D237377  5 0.7970 0.0337 0.0366 0.0476 0.0511 0.0340 
     D237378  5 0.0241 0.1757 0.0777 0.3843 0.1099 0.2283 
     D237379  5 0.0306 0.0908 0.0499 0.5616 0.1725 0.0946 
     D237380  5 0.2707 0.1807 0.0188 0.4208 0.0797 0.0294 
     D237381  5 0.1419 0.5021 0.1287 0.0629 0.1045 0.0599 
     D237391  5 0.1873 0.0412 0.0396 0.0715 0.0502 0.6102 
     D237392  5 0.3253 0.0380 0.3702 0.1701 0.0714 0.0251 
     D237393  5 0.3530 0.4373 0.0739 0.0604 0.0228 0.0526 
     D237394  5 0.3422 0.1663 0.0241 0.1741 0.0326 0.2607 
     D237395  5 0.1310 0.0908 0.1046 0.0742 0.1519 0.4475 
     D237396  5 0.5585 0.0408 0.2329 0.0473 0.0263 0.0942 
     D244016  5 0.1934 0.0869 0.1248 0.4201 0.0479 0.1268 
     D244018  5 0.0511 0.1426 0.4647 0.0294 0.0974 0.2148 
     D244019  5 0.4928 0.1492 0.1947 0.0707 0.0381 0.0545 
        D279  5 0.0722 0.1577 0.0687 0.0757 0.2381 0.3877 
        D280  5 0.1297 0.0959 0.0441 0.0809 0.0364 0.6129 
        D281  5 0.0198 0.0954 0.1805 0.0359 0.0438 0.6246 
        D283  5 0.2578 0.2221 0.0343 0.0411 0.0458 0.3990 
        D284  5 0.0417 0.0384 0.0396 0.0557 0.7761 0.0484 
        D285  5 0.0520 0.0404 0.0174 0.0480 0.0269 0.8152 
        D286  5 0.1244 0.2227 0.0635 0.1817 0.0964 0.3114 
        D287  5 0.0234 0.0324 0.0198 0.6677 0.1992 0.0577 
        D288  5 0.3528 0.0783 0.0342 0.0452 0.0353 0.4542 
        D308  5 0.8466 0.0190 0.0186 0.0267 0.0707 0.0184 
        D309  5 0.0467 0.0304 0.0271 0.8595 0.0184 0.0179 
        D310  5 0.0298 0.7999 0.0160 0.0314 0.0166 0.1063 
        D311  5 0.2431 0.3884 0.0831 0.0816 0.1545 0.0492 
        D312  5 0.1694 0.1445 0.0895 0.4419 0.0678 0.0868 
        D313  5 0.1198 0.0968 0.0223 0.0126 0.7306 0.0179 
        D314  5 0.0822 0.1836 0.1110 0.2365 0.2823 0.1043 
        D315  5 0.2819 0.1639 0.1146 0.2942 0.0566 0.0887 
        D317  5 0.0432 0.8559 0.0155 0.0189 0.0235 0.0430 
        D318  5 0.2446 0.0593 0.1319 0.3813 0.0708 0.1121 
        D319  5 0.0243 0.8054 0.0242 0.0238 0.0416 0.0807 
        D320  5 0.0475 0.1339 0.0215 0.2019 0.0478 0.5474 
        D321  5 0.8313 0.0209 0.0104 0.0152 0.0375 0.0848 
        D336  5 0.0333 0.5586 0.0347 0.1548 0.0796 0.1390 
        D337  5 0.0501 0.6297 0.0368 0.0650 0.0344 0.1840 
        D338  5 0.1176 0.1272 0.0761 0.0445 0.3931 0.2414 
        D339  5 0.0308 0.7888 0.0276 0.0205 0.0763 0.0559 
        D347  5 0.0270 0.8730 0.0361 0.0244 0.0127 0.0267 
        D348  5 0.0171 0.8684 0.0344 0.0405 0.0127 0.0269 
        D349  5 0.7261 0.0257 0.0222 0.0423 0.1550 0.0287 
        D350  5 0.0167 0.0187 0.0296 0.8877 0.0274 0.0199 
        D355  5 0.0523 0.5089 0.1540 0.0562 0.0790 0.1495 
        D356  5 0.2239 0.0898 0.0426 0.1247 0.0903 0.4286 
        D357  5 0.1518 0.3684 0.0477 0.1980 0.0938 0.1402 
        D358  5 0.0949 0.0520 0.0537 0.6038 0.0694 0.1262 
        D359  5 0.4691 0.3760 0.0248 0.0372 0.0376 0.0553 
        D360  5 0.1734 0.0894 0.0323 0.0926 0.0878 0.5245 
        D361  5 0.3610 0.0270 0.0280 0.0218 0.5468 0.0154 
        D366  5 0.1727 0.0628 0.6040 0.0354 0.0871 0.0380 
        D367  5 0.0311 0.6235 0.0213 0.0732 0.1570 0.0940 
        D368  5 0.5427 0.0553 0.0281 0.0464 0.2995 0.0281 
        D380  5 0.1821 0.0192 0.0702 0.6682 0.0289 0.0314 
        D381  5 0.0825 0.7042 0.0360 0.0270 0.0367 0.1136 
        D400  5 0.0272 0.7566 0.0565 0.0384 0.0239 0.0973 
        D411  5 0.0186 0.0134 0.0170 0.0170 0.9223 0.0118 
        D412  5 0.0399 0.8383 0.0638 0.0179 0.0097 0.0304 
        D413  5 0.0684 0.0181 0.7665 0.0745 0.0342 0.0384 
        D414  5 0.0198 0.0334 0.0946 0.7739 0.0388 0.0394 
        D420  5 0.0601 0.0306 0.0277 0.0252 0.1224 0.7341 
        D431  5 0.0388 0.0159 0.0186 0.7289 0.1269 0.0708 
        D432  5 0.1025 0.1052 0.1338 0.1555 0.0336 0.4694 
        D433  5 0.0944 0.6555 0.0434 0.0545 0.0387 0.1134 
        D434  5 0.0604 0.5175 0.0280 0.0490 0.0711 0.2740 
        D440  5 0.0222 0.0444 0.0360 0.8096 0.0656 0.0221 
        D447  5 0.1950 0.1246 0.3786 0.1618 0.0644 0.0757 
        D448  5 0.0264 0.8607 0.0238 0.0422 0.0211 0.0258 
        D459  5 0.0207 0.3953 0.4176 0.0314 0.0375 0.0975 
        D460  5 0.8706 0.0131 0.0205 0.0227 0.0585 0.0146 
        D461  5 0.0554 0.0264 0.0213 0.8639 0.0168 0.0163 
        D468  5 0.1884 0.0375 0.0458 0.1157 0.5921 0.0205 
        D469  5 0.3249 0.0662 0.0399 0.1366 0.3253 0.1072 
        D470  5 0.0621 0.6544 0.0423 0.0988 0.1231 0.0193 
        D471  5 0.0901 0.5507 0.0630 0.1451 0.0357 0.1153 
        D472  5 0.5764 0.0726 0.1962 0.0212 0.0128 0.1207 
        D479  5 0.0353 0.0919 0.7553 0.0809 0.0198 0.0168 
        D485  5 0.0271 0.0664 0.0569 0.6717 0.1395 0.0384 
        D486  5 0.0591 0.0773 0.0421 0.0781 0.7215 0.0219 
        D487  5 0.0422 0.1158 0.0985 0.1459 0.0495 0.5480 
        D555  5 0.0323 0.2834 0.1372 0.1013 0.0249 0.4209 
        D556  5 0.0989 0.0223 0.0220 0.5456 0.0508 0.2603 
        D557  5 0.1309 0.5363 0.0965 0.1118 0.0229 0.1017 
        D564  5 0.1390 0.0583 0.0712 0.6358 0.0627 0.0329 
        D594  5 0.0707 0.7197 0.0692 0.0539 0.0417 0.0448 
        D595  5 0.2803 0.1819 0.0618 0.1877 0.1786 0.1097 
        D596  5 0.0936 0.3270 0.0788 0.1436 0.0208 0.3361 
        D597  5 0.0776 0.1943 0.2762 0.0583 0.0163 0.3772 
        D598  5 0.1015 0.1866 0.0694 0.3175 0.0814 0.2437 
        D617  5 0.0654 0.2425 0.1853 0.0495 0.4315 0.0258 
        D618  5 0.2742 0.1174 0.0476 0.1052 0.0361 0.4195 
        D619  5 0.4810 0.2856 0.0636 0.1023 0.0348 0.0327 
        D620  5 0.0628 0.1180 0.7176 0.0150 0.0278 0.0589 
        D628  5 0.0169 0.0178 0.0253 0.8955 0.0152 0.0292 
        D714  5 0.0176 0.0371 0.0428 0.6537 0.0426 0.2062 
        D715  5 0.3208 0.1032 0.0751 0.1319 0.0504 0.3186 
        D716  5 0.0480 0.7335 0.0490 0.0573 0.0462 0.0660 
        D717  5 0.1386 0.1615 0.0582 0.1796 0.0711 0.3910 
        D718  5 0.0125 0.3295 0.0487 0.1536 0.3811 0.0746 
        D769  5 0.0338 0.5660 0.1920 0.0427 0.1278 0.0377 
        D770  5 0.0376 0.0270 0.0858 0.7032 0.1099 0.0364 
        D771  5 0.1176 0.1203 0.1425 0.3619 0.0584 0.1994 
        D772  5 0.0999 0.0308 0.0298 0.7199 0.0352 0.0845 
        D782  5 0.2642 0.0399 0.1444 0.0476 0.1754 0.3285 
        D783  5 0.0287 0.0728 0.4085 0.3345 0.0648 0.0907 
        D784  5 0.2627 0.0551 0.0964 0.2653 0.0372 0.2832 
        D785  5 0.3172 0.0764 0.0273 0.4224 0.0797 0.0769 
        D786  5 0.1420 0.3453 0.2301 0.1018 0.1545 0.0263 
        D821  5 0.1305 0.1076 0.0204 0.2979 0.0354 0.4082 
        D822  5 0.3160 0.2570 0.1845 0.0868 0.0714 0.0843 
        D826  5 0.0559 0.4411 0.1441 0.1115 0.1155 0.1318 
        D827  5 0.3590 0.0976 0.2296 0.1521 0.1190 0.0427 
        D851  5 0.5464 0.0770 0.1281 0.1195 0.0646 0.0645 
        D852  5 0.0278 0.2026 0.0846 0.3703 0.0424 0.2724 
        D853  5 0.1045 0.1627 0.0559 0.0463 0.0598 0.5707 
        D854  5 0.2219 0.0790 0.1204 0.0717 0.4514 0.0556 
        D861  5 0.0591 0.3676 0.1496 0.0499 0.3339 0.0398 
        D862  5 0.2469 0.4998 0.0504 0.0827 0.0554 0.0649 
        D865  5 0.1420 0.3412 0.0982 0.1688 0.0583 0.1916 
        D868  5 0.2403 0.3532 0.0547 0.0483 0.0705 0.2331 
        D869  5 0.1214 0.0264 0.0376 0.0216 0.7739 0.0192 
        D870  5 0.1641 0.0247 0.6517 0.0612 0.0494 0.0489 
        D907  5 0.0400 0.8455 0.0231 0.0232 0.0262 0.0421 
        D908  5 0.0474 0.0743 0.0925 0.3003 0.0368 0.4487 
        D910  5 0.0494 0.7114 0.0809 0.0315 0.0665 0.0603 
        D911  5 0.0145 0.6309 0.0604 0.0162 0.0405 0.2375 
        D934  5 0.0892 0.0191 0.0803 0.6423 0.0798 0.0892 
        D946  5 0.0406 0.0247 0.0373 0.6843 0.1413 0.0719 
        D947  5 0.2243 0.0689 0.0396 0.2264 0.1266 0.3143 
        D948  5 0.8434 0.0382 0.0187 0.0228 0.0503 0.0266 
        D949  5 0.7825 0.0346 0.0166 0.0233 0.1185 0.0246 
        D950  5 0.0419 0.5183 0.1076 0.0415 0.0348 0.2560 
        D951  5 0.4579 0.0942 0.2754 0.0958 0.0585 0.0182 
        D952  5 0.3890 0.4545 0.0310 0.0225 0.0244 0.0785 
        D953  5 0.2913 0.1067 0.0296 0.1251 0.0493 0.3980 
        D954  5 0.8640 0.0358 0.0256 0.0295 0.0194 0.0258 
        D961  5 0.0167 0.0217 0.0160 0.8663 0.0553 0.0240 
        D962  5 0.0415 0.0888 0.0160 0.8065 0.0226 0.0246 
        D963  5 0.0826 0.0857 0.0722 0.4364 0.0369 0.2862 
        D964  5 0.0632 0.0209 0.0589 0.2942 0.4179 0.1449 
        D965  5 0.0875 0.1053 0.1532 0.5523 0.0392 0.0626 
        D966  5 0.1794 0.0977 0.1128 0.4123 0.0319 0.1659 
        D967  5 0.1027 0.0715 0.2940 0.0476 0.0407 0.4436 
        D991  5 0.0241 0.4607 0.0303 0.3070 0.1253 0.0526 
        D132  8 0.0201 0.0407 0.0142 0.0302 0.8745 0.0204 
        D133  8 0.0184 0.0482 0.8595 0.0182 0.0232 0.0327 
        D200  8 0.0194 0.2425 0.0709 0.0742 0.1659 0.4271 
        D500  8 0.0372 0.0871 0.0209 0.0252 0.8074 0.0222 
        D614  8 0.0443 0.4291 0.0297 0.1484 0.1496 0.1990 
        D723  8 0.0586 0.2663 0.0546 0.0176 0.5805 0.0224 
        D888  8 0.0277 0.0261 0.0409 0.0258 0.0259 0.8537 
        D901  8 0.0145 0.0155 0.0186 0.0246 0.8999 0.0268 
        D902  8 0.0284 0.1361 0.0774 0.2266 0.3444 0.1871 
        D903  8 0.4408 0.1438 0.1667 0.1304 0.0549 0.0634 
        D904  8 0.2711 0.1362 0.1100 0.3475 0.0520 0.0832 
        D905  8 0.0139 0.0289 0.0137 0.0288 0.0179 0.8968 
        D906  8 0.1290 0.0517 0.5878 0.0778 0.0261 0.1276 
        D937  8 0.0205 0.3313 0.0700 0.0920 0.2867 0.1995 
        D943  8 0.0806 0.0652 0.0859 0.0951 0.1892 0.4840 
        D972  8 0.0194 0.1037 0.0465 0.0196 0.7918 0.0190 
        D973  8 0.0967 0.1520 0.0619 0.0303 0.6294 0.0298 
        D974  8 0.1184 0.3196 0.1525 0.0670 0.2242 0.1184 
        D975  8 0.0194 0.1753 0.1566 0.0555 0.1198 0.4735 
        D976  8 0.0468 0.0818 0.0749 0.1440 0.3741 0.2783 
        D142 10 0.1122 0.1117 0.3113 0.3127 0.0595 0.0926 
        D143 10 0.0329 0.0435 0.8011 0.0530 0.0365 0.0330 
        D144 10 0.2220 0.0379 0.1081 0.4791 0.0427 0.1101 
        D145 10 0.0288 0.0660 0.0277 0.0854 0.0888 0.7034 
        D146 10 0.1091 0.1233 0.0722 0.1658 0.5054 0.0243 
        D147 10 0.0373 0.0736 0.1029 0.2132 0.5490 0.0241 
        D148 10 0.0998 0.0251 0.2528 0.4797 0.1102 0.0323 
        D149 10 0.0982 0.1314 0.4650 0.0867 0.0446 0.1742 
        D151 10 0.0469 0.0975 0.2954 0.1008 0.2155 0.2439 
        D152 10 0.0261 0.0136 0.7442 0.0520 0.0440 0.1202 
        D153 10 0.1803 0.2620 0.0591 0.1862 0.2460 0.0664 
        D156 10 0.0483 0.0443 0.0440 0.8217 0.0203 0.0214 
        D157 10 0.1725 0.4036 0.0603 0.1581 0.0869 0.1186 
        D158 10 0.0174 0.0276 0.0146 0.0592 0.7604 0.1209 
        D159 10 0.0517 0.0547 0.8177 0.0211 0.0269 0.0279 
        D160 10 0.0102 0.0151 0.0103 0.0150 0.0142 0.9351 
        D161 10 0.6288 0.0353 0.1226 0.1249 0.0372 0.0513 
        D162 10 0.0300 0.0281 0.0453 0.8569 0.0140 0.0256 
        D169 10 0.0675 0.0358 0.1040 0.0209 0.4227 0.3490 
        D170 10 0.1959 0.1101 0.0715 0.2043 0.3664 0.0518 
        D171 10 0.0496 0.0218 0.0216 0.8299 0.0625 0.0145 
        D172 10 0.0176 0.0572 0.0313 0.6572 0.2201 0.0166 
        D173 10 0.0227 0.0488 0.7703 0.0360 0.0818 0.0403 
        D181 10 0.0552 0.0383 0.0408 0.7821 0.0382 0.0455 
        D182 10 0.1706 0.2103 0.2026 0.1883 0.0967 0.1316 
        D183 10 0.1577 0.1276 0.0207 0.0394 0.0533 0.6013 
        D184 10 0.5811 0.0835 0.1023 0.0298 0.1790 0.0243 
        D185 10 0.4302 0.0138 0.0711 0.3530 0.0915 0.0403 
        D186 10 0.0310 0.0461 0.0256 0.0203 0.8078 0.0691 
        D194 10 0.2081 0.2051 0.2575 0.0844 0.1880 0.0569 
        D195 10 0.1046 0.1701 0.2292 0.2590 0.0379 0.1992 
        D196 10 0.0652 0.3495 0.3296 0.1130 0.0206 0.1221 
        D197 10 0.0956 0.0584 0.2304 0.0353 0.4060 0.1743 
        D198 10 0.7996 0.0182 0.0312 0.0318 0.0515 0.0677 
     D237226 10 0.3010 0.0184 0.1193 0.0409 0.0555 0.4648 
     D237232 10 0.0442 0.1288 0.0807 0.0376 0.1538 0.5549 
     D237233 10 0.0394 0.1349 0.1180 0.4046 0.1340 0.1691 
     D237234 10 0.0467 0.0630 0.0275 0.6649 0.0687 0.1292 
     D237354 10 0.0238 0.0877 0.0263 0.0234 0.0193 0.8194 
     D237355 10 0.0192 0.0127 0.0152 0.0149 0.0151 0.9229 
     D237356 10 0.8544 0.0425 0.0127 0.0168 0.0177 0.0559 
     D237357 10 0.0311 0.0731 0.3922 0.0584 0.4044 0.0408 
     D237358 10 0.3537 0.0615 0.4390 0.0704 0.0177 0.0576 
     D237369 10 0.0176 0.0337 0.0221 0.0258 0.8883 0.0125 
     D237370 10 0.1831 0.1181 0.3263 0.1374 0.0531 0.1820 
     D237371 10 0.7889 0.0296 0.0727 0.0251 0.0503 0.0333 
     D237372 10 0.0531 0.0757 0.6339 0.0363 0.0374 0.1636 
     D237373 10 0.0339 0.0500 0.0496 0.2808 0.3575 0.2282 
     D237374 10 0.0266 0.0478 0.0156 0.0816 0.0232 0.8052 
     D237375 10 0.1007 0.0314 0.5735 0.0941 0.1101 0.0903 
     D237400 10 0.0182 0.0290 0.7802 0.1110 0.0279 0.0337 
     D244002 10 0.0492 0.1607 0.2251 0.2276 0.3008 0.0366 
     D244003 10 0.0109 0.0369 0.0276 0.0509 0.0361 0.8375 
     D244004 10 0.0369 0.1095 0.0162 0.0798 0.1443 0.6133 
     D244005 10 0.0310 0.0265 0.0271 0.0151 0.0381 0.8622 
     D244020 10 0.4331 0.0410 0.0494 0.2600 0.1480 0.0686 
     D244021 10 0.0223 0.0708 0.0317 0.0295 0.8178 0.0280 
     D244116 10 0.0473 0.0853 0.0591 0.6052 0.1658 0.0374 
     D244117 10 0.0624 0.0987 0.0727 0.1003 0.0241 0.6418 
     D244121 10 0.0790 0.1919 0.1264 0.1937 0.1638 0.2452 
     D244123 10 0.0354 0.1585 0.1012 0.2114 0.0581 0.4354 
     D244124 10 0.0555 0.2125 0.3780 0.0495 0.2282 0.0764 
        D332 10 0.3223 0.1596 0.1223 0.1665 0.1932 0.0360 
        D570 10 0.0551 0.0566 0.0417 0.7683 0.0284 0.0500 
        D602 10 0.0444 0.1366 0.1024 0.6303 0.0469 0.0393 
        D603 10 0.0579 0.0888 0.3371 0.0547 0.3167 0.1447 
        D604 10 0.0414 0.0590 0.3177 0.4553 0.0210 0.1056 
        D605 10 0.3416 0.0493 0.1891 0.0476 0.1241 0.2483 
        D606 10 0.2486 0.1803 0.1228 0.0367 0.1513 0.2604 
        D607 10 0.6659 0.0643 0.1371 0.0622 0.0394 0.0311 
        D608 10 0.0304 0.0174 0.9001 0.0229 0.0138 0.0153 
        D609 10 0.3265 0.1972 0.0234 0.1779 0.1002 0.1748 
        D610 10 0.0655 0.0725 0.0250 0.0462 0.0423 0.7485 
        D611 10 0.0619 0.3667 0.0247 0.1594 0.0692 0.3181 
        D613 10 0.1113 0.0191 0.0218 0.7903 0.0180 0.0395 
        D633 10 0.1934 0.0446 0.3609 0.3606 0.0190 0.0214 
        D634 10 0.1183 0.0217 0.0309 0.7412 0.0489 0.0390 
        D638 10 0.0226 0.0515 0.6447 0.1076 0.0391 0.1345 
        D681 10 0.0594 0.0850 0.0379 0.7044 0.0921 0.0212 
        D754 10 0.0145 0.1577 0.0227 0.0364 0.7263 0.0424 
        D755 10 0.0291 0.0914 0.2656 0.0894 0.1439 0.3805 
        D756 10 0.0328 0.0977 0.0569 0.2521 0.3906 0.1699 
        D757 10 0.2848 0.1476 0.1430 0.0337 0.0318 0.3590 
        D758 10 0.1633 0.2988 0.0769 0.2975 0.1064 0.0571 
        D759 10 0.0820 0.0202 0.0735 0.1215 0.0271 0.6756 
        D760 10 0.0629 0.1698 0.0935 0.1644 0.0698 0.4395 
        D761 10 0.0136 0.0232 0.0376 0.0218 0.0176 0.8863 
        D762 10 0.6200 0.0245 0.1112 0.1928 0.0226 0.0290 
        D775 10 0.0829 0.0510 0.0322 0.0506 0.1005 0.6829 
        D776 10 0.0333 0.0837 0.1410 0.0335 0.0483 0.6602 
        D777 10 0.0888 0.0388 0.0212 0.0636 0.0432 0.7444 
        D778 10 0.1065 0.0243 0.0861 0.0204 0.2349 0.5279 
        D779 10 0.0202 0.1254 0.0213 0.5123 0.2816 0.0391 
        D780 10 0.0245 0.0440 0.0941 0.6912 0.0455 0.1007 
        D781 10 0.0311 0.2899 0.1817 0.4258 0.0426 0.0289 
        D858 10 0.3236 0.0226 0.0880 0.0315 0.3387 0.1956 
        D933 10 0.4945 0.0352 0.0841 0.0213 0.0206 0.3444 
        D038 11 0.1211 0.1587 0.0598 0.1232 0.0685 0.4688 
        D063 11 0.0203 0.4377 0.0845 0.1995 0.0492 0.2089 
        D155 11 0.1420 0.0506 0.0590 0.0488 0.1010 0.5987 
        D175 11 0.0180 0.0721 0.0243 0.0802 0.7666 0.0387 
        D176 11 0.0313 0.2210 0.3761 0.1421 0.1559 0.0736 
        D205 11 0.0359 0.5610 0.0357 0.0619 0.1428 0.1627 
     D237229 11 0.0490 0.1050 0.2333 0.2192 0.0393 0.3542 
     D237230 11 0.1763 0.0880 0.4322 0.0327 0.2528 0.0179 
     D237231 11 0.1132 0.3425 0.2755 0.1454 0.0721 0.0513 
     D237269 11 0.1406 0.0802 0.4452 0.0831 0.0585 0.1925 
     D237270 11 0.2983 0.0209 0.1752 0.0250 0.4208 0.0598 
     D237271 11 0.0542 0.2646 0.0906 0.4562 0.0675 0.0668 
     D237272 11 0.2956 0.4233 0.0685 0.0179 0.1699 0.0247 
     D237273 11 0.0193 0.6738 0.0312 0.1165 0.0302 0.1291 
     D237301 11 0.0929 0.7093 0.0517 0.0835 0.0354 0.0273 
     D237302 11 0.1131 0.2342 0.1209 0.1411 0.3004 0.0905 
     D237303 11 0.0963 0.0317 0.3189 0.0514 0.4782 0.0234 
     D237304 11 0.0839 0.0915 0.1257 0.2687 0.3232 0.1070 
     D237305 11 0.0272 0.4051 0.0361 0.0780 0.1596 0.2940 
     D237314 11 0.1044 0.1316 0.0285 0.3325 0.1372 0.2658 
     D237315 11 0.0968 0.0239 0.0430 0.1117 0.6482 0.0765 
     D237316 11 0.4805 0.2670 0.0416 0.1791 0.0144 0.0175 
     D237328 11 0.1602 0.1208 0.0620 0.0630 0.5263 0.0677 
     D237329 11 0.3833 0.0347 0.1312 0.0225 0.0474 0.3809 
     D237330 11 0.0163 0.4431 0.0511 0.3547 0.0469 0.0878 
     D237331 11 0.1689 0.0578 0.0421 0.3546 0.0365 0.3401 
     D237332 11 0.1080 0.6858 0.0321 0.0636 0.0313 0.0792 
     D237333 11 0.0472 0.0329 0.1051 0.2869 0.0204 0.5077 
     D237334 11 0.6449 0.1605 0.0692 0.0635 0.0337 0.0281 
     D237335 11 0.0565 0.7299 0.0382 0.0551 0.0690 0.0512 
     D237336 11 0.0327 0.0197 0.0242 0.0611 0.0498 0.8125 
     D237350 11 0.0242 0.5287 0.0523 0.3439 0.0137 0.0372 
     D237383 11 0.0583 0.1641 0.1413 0.1232 0.1080 0.4050 
     D237384 11 0.7183 0.0258 0.0332 0.0616 0.0252 0.1360 
     D237385 11 0.0721 0.3996 0.1198 0.1565 0.1196 0.1324 
     D237386 11 0.1427 0.1268 0.4025 0.0576 0.1911 0.0794 
     D237387 11 0.1207 0.7000 0.0325 0.0742 0.0465 0.0261 
     D237388 11 0.1209 0.1017 0.0387 0.6281 0.0465 0.0641 
        D239 11 0.1136 0.0299 0.0451 0.2554 0.0392 0.5168 
        D240 11 0.0165 0.0142 0.0427 0.0229 0.0179 0.8858 
        D241 11 0.1685 0.2132 0.0826 0.0189 0.0421 0.4746 
        D242 11 0.1022 0.1137 0.2475 0.1966 0.0575 0.2824 
        D243 11 0.1034 0.0447 0.0302 0.0388 0.0475 0.7354 
        D244 11 0.0730 0.4268 0.0490 0.0242 0.0305 0.3965 
        D245 11 0.0162 0.0242 0.0185 0.0596 0.8536 0.0279 
        D246 11 0.0774 0.1380 0.0695 0.1726 0.3856 0.1570 
        D247 11 0.0544 0.0647 0.0477 0.5368 0.0343 0.2620 
        D248 11 0.3075 0.1211 0.4355 0.0348 0.0418 0.0594 
        D249 11 0.0345 0.0355 0.0209 0.1715 0.6852 0.0524 
        D250 11 0.1503 0.2281 0.3941 0.0945 0.0635 0.0695 
        D251 11 0.0712 0.0681 0.0271 0.5217 0.1920 0.1198 
        D252 11 0.3834 0.0963 0.0458 0.0791 0.3746 0.0207 
        D253 11 0.0278 0.3276 0.1120 0.1462 0.0911 0.2953 
        D254 11 0.0438 0.0627 0.4980 0.0174 0.3474 0.0308 
        D255 11 0.1318 0.3963 0.1383 0.1466 0.1560 0.0311 
        D256 11 0.2506 0.0422 0.0374 0.0667 0.0347 0.5685 
        D257 11 0.3778 0.0785 0.0770 0.0711 0.2824 0.1132 
        D258 11 0.8556 0.0162 0.0167 0.0374 0.0456 0.0285 
        D259 11 0.1100 0.2169 0.1534 0.1325 0.3296 0.0575 
        D260 11 0.0392 0.1873 0.0922 0.5160 0.0717 0.0936 
        D261 11 0.0629 0.0777 0.0344 0.7018 0.0676 0.0556 
        D262 11 0.0459 0.0546 0.0392 0.1162 0.7106 0.0335 
        D263 11 0.2018 0.2427 0.0410 0.4320 0.0266 0.0559 
        D264 11 0.0253 0.4702 0.0620 0.0623 0.3564 0.0239 
        D265 11 0.0655 0.0613 0.3908 0.0454 0.2848 0.1523 
        D266 11 0.2185 0.1813 0.2067 0.1471 0.0245 0.2218 
        D267 11 0.0859 0.0798 0.0422 0.3489 0.1080 0.3352 
        D268 11 0.1290 0.1111 0.0650 0.2095 0.0812 0.4042 
        D269 11 0.3980 0.4113 0.0291 0.0691 0.0508 0.0417 
        D270 11 0.2907 0.4259 0.0522 0.0460 0.1488 0.0364 
        D271 11 0.0936 0.0477 0.0509 0.0443 0.1601 0.6034 
        D272 11 0.0867 0.0775 0.0839 0.3462 0.0182 0.3875 
        D273 11 0.0891 0.0269 0.0175 0.0410 0.8036 0.0218 
        D274 11 0.1879 0.4396 0.1169 0.0580 0.0516 0.1460 
        D275 11 0.5903 0.1094 0.0704 0.0532 0.0317 0.1450 
        D276 11 0.3404 0.2809 0.0387 0.1311 0.0396 0.1692 
        D277 11 0.2954 0.0530 0.1938 0.1404 0.0623 0.2552 
        D278 11 0.0216 0.3764 0.0929 0.2983 0.1570 0.0537 
        D282 11 0.2632 0.2561 0.0403 0.0279 0.3362 0.0763 
        D296 11 0.4250 0.1581 0.0354 0.0741 0.0280 0.2794 
        D297 11 0.2842 0.3609 0.0511 0.0402 0.0350 0.2286 
        D298 11 0.1119 0.1217 0.1221 0.2406 0.0615 0.3422 
        D299 11 0.0186 0.6338 0.0308 0.2535 0.0277 0.0356 
        D300 11 0.2018 0.0940 0.1201 0.2889 0.0332 0.2620 
        D382 11 0.7633 0.0958 0.0211 0.0398 0.0209 0.0590 
        D383 11 0.0489 0.4656 0.0378 0.0813 0.0815 0.2848 
        D387 11 0.0463 0.0441 0.1344 0.4330 0.1900 0.1522 
        D388 11 0.8575 0.0151 0.0238 0.0416 0.0178 0.0442 
        D389 11 0.0177 0.4693 0.0410 0.4029 0.0259 0.0432 
        D390 11 0.2180 0.4695 0.1043 0.0729 0.0434 0.0920 
        D396 11 0.1462 0.2628 0.1350 0.2010 0.1234 0.1317 
        D397 11 0.0386 0.5898 0.0194 0.0297 0.1709 0.1516 
        D398 11 0.5334 0.0696 0.0431 0.0346 0.0222 0.2971 
        D399 11 0.1194 0.0400 0.1353 0.5618 0.1157 0.0278 
        D437 11 0.0418 0.1718 0.0989 0.3042 0.2951 0.0881 
        D441 11 0.1041 0.1119 0.0574 0.1552 0.1401 0.4312 
        D442 11 0.0328 0.2055 0.1218 0.1944 0.0926 0.3531 
        D443 11 0.0580 0.0396 0.0197 0.0356 0.0227 0.8244 
        D444 11 0.1122 0.0784 0.1465 0.5739 0.0392 0.0498 
        D445 11 0.2041 0.6788 0.0172 0.0341 0.0424 0.0234 
        D446 11 0.2089 0.0545 0.3792 0.1118 0.0779 0.1677 
        D451 11 0.3447 0.0809 0.0663 0.0794 0.2284 0.2003 
        D452 11 0.0889 0.1274 0.2314 0.4180 0.0409 0.0934 
        D453 11 0.5615 0.1973 0.1262 0.0221 0.0327 0.0602 
        D454 11 0.1396 0.0401 0.1440 0.1265 0.3662 0.1836 
        D457 11 0.0299 0.0648 0.0234 0.0966 0.7189 0.0664 
        D458 11 0.4097 0.3207 0.0416 0.0288 0.0498 0.1494 
        D466 11 0.0394 0.0417 0.8080 0.0265 0.0478 0.0366 
        D467 11 0.0356 0.2386 0.0413 0.6117 0.0459 0.0269 
        D475 11 0.1079 0.0274 0.0474 0.1324 0.6507 0.0341 
        D488 11 0.0933 0.1032 0.2718 0.0955 0.2267 0.2094 
        D489 11 0.0768 0.3505 0.1629 0.0564 0.2705 0.0829 
        D493 11 0.0694 0.0491 0.4520 0.2618 0.0767 0.0909 
        D494 11 0.2291 0.2251 0.1911 0.0980 0.1883 0.0685 
        D495 11 0.0458 0.0589 0.1358 0.0369 0.5940 0.1286 
        D496 11 0.0192 0.1006 0.0599 0.0323 0.0184 0.7696 
        D674 11 0.1055 0.0440 0.1099 0.0657 0.0340 0.6410 
        D675 11 0.0301 0.0720 0.0416 0.0311 0.0116 0.8137 
        D676 11 0.0182 0.5224 0.0230 0.0968 0.3101 0.0296 
        D680 11 0.1009 0.0312 0.0213 0.0295 0.0176 0.7995 
        D701 11 0.0337 0.3381 0.0472 0.0689 0.3880 0.1242 
        D702 11 0.2957 0.0794 0.3507 0.0943 0.1037 0.0762 
        D703 11 0.0932 0.1433 0.2636 0.0295 0.0459 0.4246 
        D704 11 0.0476 0.1993 0.1393 0.1339 0.3872 0.0927 
        D705 11 0.1551 0.4295 0.2279 0.0271 0.1400 0.0204 
        D706 11 0.0336 0.1400 0.1723 0.2446 0.0690 0.3405 
        D707 11 0.2187 0.5353 0.0312 0.0850 0.0594 0.0703 
        D751 11 0.7535 0.1260 0.0265 0.0378 0.0237 0.0325 
        D752 11 0.0527 0.1228 0.0945 0.3741 0.1053 0.2505 
        D753 11 0.0780 0.5149 0.2361 0.0265 0.0981 0.0464 
        D773 11 0.0559 0.0244 0.0229 0.0152 0.8629 0.0186 
        D774 11 0.1514 0.0888 0.1984 0.1281 0.0332 0.4001 
        D801 11 0.0326 0.1933 0.2111 0.1253 0.1768 0.2609 
        D802 11 0.1349 0.0455 0.1774 0.0743 0.5231 0.0449 
        D803 11 0.0306 0.0785 0.0230 0.0324 0.0402 0.7953 
        D804 11 0.1240 0.0841 0.0493 0.1512 0.5027 0.0887 
        D805 11 0.5570 0.0326 0.0297 0.1125 0.1285 0.1397 
        D806 11 0.1308 0.0365 0.0163 0.0528 0.7468 0.0168 
        D809 11 0.1122 0.4171 0.1056 0.2661 0.0453 0.0537 
        D810 11 0.0461 0.2526 0.0417 0.4258 0.0214 0.2124 
