        D023  2 0.8375 0.0327 0.0427 0.0871 
        D130  2 0.1008 0.0237 0.7622 0.1133 
        D131  2 0.5331 0.0871 0.2045 0.1753 
        D163  2 0.3560 0.0930 0.4711 0.0799 
        D164  2 0.0522 0.2026 0.1157 0.6295 
        D165  2 0.6752 0.0310 0.1067 0.1870 
        D166  2 0.1492 0.0936 0.6623 0.0949 
        D167  2 0.0437 0.0768 0.0339 0.8456 
        D192  2 0.0362 0.0330 0.0248 0.9059 
        D193  2 0.0923 0.4738 0.3269 0.1070 
        D206  2 0.2540 0.0844 0.2493 0.4123 
        D207  2 0.1510 0.0529 0.1298 0.6663 
        D208  2 0.1448 0.4708 0.1099 0.2745 
        D209  2 0.2809 0.0700 0.0429 0.6063 
        D210  2 0.0840 0.5977 0.0658 0.2525 
     D229599  2 0.7136 0.1471 0.0535 0.0858 
     D229600  2 0.0853 0.0488 0.2978 0.5681 
     D237227  2 0.1196 0.7019 0.0866 0.0918 
     D237228  2 0.0456 0.6035 0.2596 0.0913 
     D237258  2 0.3615 0.1817 0.1622 0.2946 
     D237310  2 0.0309 0.3363 0.5768 0.0560 
     D237311  2 0.0492 0.2693 0.4657 0.2158 
     D237312  2 0.0717 0.1116 0.7760 0.0407 
     D237313  2 0.4183 0.3545 0.1510 0.0761 
     D237322  2 0.1126 0.3716 0.2897 0.2260 
     D237323  2 0.0340 0.5487 0.3682 0.0491 
     D237324  2 0.0965 0.0312 0.1424 0.7299 
     D237325  2 0.0466 0.1877 0.6286 0.1371 
     D237326  2 0.2168 0.3460 0.2684 0.1688 
     D237327  2 0.3905 0.1273 0.1067 0.3754 
     D237337  2 0.0577 0.4547 0.4536 0.0340 
     D237338  2 0.1441 0.2675 0.4126 0.1758 
     D237339  2 0.2457 0.0421 0.0708 0.6413 
     D237340  2 0.0569 0.3881 0.3300 0.2250 
     D237389  2 0.0370 0.1773 0.7225 0.0632 
     D237390  2 0.0671 0.1865 0.6814 0.0650 
     D244017  2 0.1570 0.4691 0.0764 0.2975 
     D244112  2 0.0415 0.0590 0.1915 0.7081 
     D244118  2 0.0751 0.0393 0.0567 0.8289 
     D244119  2 0.0535 0.5450 0.0326 0.3689 
     D244120  2 0.0575 0.2882 0.3646 0.2897 
     D244122  2 0.0891 0.0929 0.0884 0.7296 
        D291  2 0.2936 0.0923 0.0664 0.5477 
        D292  2 0.2659 0.3999 0.0500 0.2842 
        D293  2 0.1107 0.0194 0.0291 0.8409 
        D322  2 0.2200 0.0274 0.0274 0.7252 
        D323  2 0.2522 0.1360 0.1682 0.4436 
        D324  2 0.3562 0.1524 0.1178 0.3736 
        D325  2 0.0619 0.0271 0.0553 0.8557 
        D326  2 0.8022 0.0633 0.0359 0.0985 
        D340  2 0.0246 0.0273 0.0256 0.9224 
        D341  2 0.0389 0.0797 0.1340 0.7474 
        D342  2 0.1117 0.0652 0.1006 0.7225 
        D343  2 0.0211 0.0163 0.0217 0.9409 
        D344  2 0.5785 0.0686 0.1428 0.2101 
        D345  2 0.7833 0.0885 0.0309 0.0972 
        D346  2 0.2629 0.4630 0.0923 0.1818 
        D351  2 0.5428 0.0676 0.1544 0.2351 
        D352  2 0.4799 0.1852 0.0654 0.2695 
        D353  2 0.7649 0.0506 0.0536 0.1309 
        D354  2 0.6936 0.1350 0.0562 0.1152 
        D362  2 0.8157 0.0658 0.0436 0.0749 
        D363  2 0.8113 0.0859 0.0315 0.0714 
        D364  2 0.7875 0.0520 0.0343 0.1262 
        D365  2 0.0251 0.0253 0.0249 0.9246 
        D369  2 0.2225 0.3588 0.1902 0.2285 
        D374  2 0.0387 0.8057 0.0591 0.0965 
        D375  2 0.7516 0.0422 0.0675 0.1387 
        D376  2 0.0461 0.7440 0.0788 0.1311 
        D377  2 0.2840 0.2214 0.3629 0.1317 
        D378  2 0.5080 0.0334 0.0315 0.4272 
        D379  2 0.6871 0.1007 0.1151 0.0970 
        D384  2 0.6736 0.1537 0.0735 0.0992 
        D385  2 0.0581 0.0475 0.0419 0.8524 
        D386  2 0.7301 0.0379 0.0406 0.1914 
        D391  2 0.0562 0.0269 0.0311 0.8859 
        D392  2 0.0980 0.0768 0.0475 0.7776 
        D393  2 0.5971 0.0462 0.0536 0.3031 
        D394  2 0.2903 0.2350 0.2324 0.2423 
        D395  2 0.2675 0.0446 0.0559 0.6320 
        D401  2 0.0321 0.4477 0.4620 0.0582 
        D402  2 0.0422 0.0337 0.0314 0.8928 
        D403  2 0.6881 0.0477 0.1066 0.1576 
        D415  2 0.6764 0.0305 0.2145 0.0786 
        D435  2 0.2185 0.0484 0.1024 0.6308 
        D436  2 0.2126 0.1132 0.5248 0.1495 
        D438  2 0.0205 0.0278 0.0270 0.9248 
        D439  2 0.7826 0.0316 0.0289 0.1569 
        D449  2 0.1860 0.0504 0.1239 0.6397 
        D450  2 0.4675 0.2334 0.2412 0.0579 
        D456  2 0.8462 0.0402 0.0358 0.0778 
        D462  2 0.0578 0.0211 0.0263 0.8948 
        D463  2 0.8577 0.0682 0.0348 0.0393 
        D464  2 0.5250 0.0990 0.1009 0.2751 
        D465  2 0.0989 0.0634 0.2898 0.5479 
        D473  2 0.1513 0.5707 0.1874 0.0907 
        D474  2 0.6279 0.1849 0.0424 0.1449 
        D476  2 0.4685 0.0270 0.1707 0.3339 
        D477  2 0.6980 0.1477 0.0539 0.1004 
        D478  2 0.7076 0.0997 0.0807 0.1120 
        D480  2 0.4182 0.1343 0.0781 0.3694 
        D481  2 0.6800 0.1914 0.0361 0.0925 
        D482  2 0.1631 0.5822 0.1327 0.1220 
        D483  2 0.0357 0.0663 0.0226 0.8753 
        D484  2 0.3527 0.2163 0.1339 0.2971 
        D510  2 0.0588 0.6671 0.1256 0.1485 
        D511  2 0.5506 0.0481 0.0430 0.3584 
        D512  2 0.0817 0.1882 0.4879 0.2422 
        D513  2 0.1319 0.0878 0.1353 0.6449 
        D635  2 0.8686 0.0385 0.0255 0.0674 
        D636  2 0.6677 0.0578 0.1624 0.1121 
        D637  2 0.1937 0.1756 0.3007 0.3300 
        D658  2 0.0894 0.1793 0.1944 0.5368 
        D659  2 0.5056 0.1199 0.2700 0.1044 
        D677  2 0.1608 0.0732 0.6115 0.1545 
        D678  2 0.0885 0.0541 0.0746 0.7829 
        D679  2 0.6009 0.1770 0.0741 0.1481 
        D719  2 0.1901 0.4095 0.0598 0.3406 
        D720  2 0.4705 0.1513 0.1093 0.2690 
        D721  2 0.6564 0.0400 0.0525 0.2511 
        D722  2 0.0828 0.6134 0.1036 0.2002 
        D734  2 0.1788 0.3505 0.0965 0.3741 
        D735  2 0.6567 0.1240 0.0641 0.1552 
        D736  2 0.2927 0.4385 0.0908 0.1780 
        D737  2 0.1201 0.1182 0.0753 0.6865 
        D807  2 0.2962 0.3426 0.1967 0.1645 
        D808  2 0.2372 0.1033 0.2633 0.3962 
        D817  2 0.5957 0.1170 0.1822 0.1051 
        D818  2 0.3785 0.0429 0.2071 0.3715 
        D819  2 0.3953 0.1927 0.2922 0.1198 
        D820  2 0.3715 0.0412 0.2344 0.3530 
        D895  2 0.4464 0.1373 0.2924 0.1240 
        D896  2 0.0311 0.4645 0.4714 0.0330 
        D897  2 0.1058 0.0791 0.1645 0.6506 
        D898  2 0.5649 0.1751 0.1852 0.0748 
        D918  2 0.1081 0.1619 0.6345 0.0955 
        D919  2 0.5894 0.0464 0.0416 0.3226 
        D920  2 0.0913 0.0679 0.7363 0.1045 
        D923  2 0.7800 0.0368 0.0438 0.1394 
        D930  2 0.4364 0.2778 0.1543 0.1316 
        D931  2 0.4294 0.1334 0.1259 0.3112 
        D968  2 0.0473 0.0263 0.0225 0.9039 
        D969  2 0.5223 0.1757 0.0655 0.2364 
        D977  2 0.0697 0.0434 0.1417 0.7452 
        D978  2 0.4215 0.0934 0.1101 0.3750 
        D009  4 0.1227 0.0725 0.7604 0.0444 
        D057  4 0.1397 0.0644 0.2558 0.5400 
        D109  4 0.0820 0.3987 0.4764 0.0428 
     D237222  4 0.1443 0.1617 0.4551 0.2389 
     D237223  4 0.0424 0.1354 0.6599 0.1623 
     D237224  4 0.5417 0.1551 0.0519 0.2513 
     D237225  4 0.2290 0.1015 0.5775 0.0919 
     D237299  4 0.1104 0.1244 0.6770 0.0882 
     D237300  4 0.0433 0.3366 0.1019 0.5181 
     D237306  4 0.0826 0.3986 0.4556 0.0632 
     D237307  4 0.2191 0.4297 0.2371 0.1140 
     D237308  4 0.1166 0.1861 0.0850 0.6123 
     D237309  4 0.5772 0.0429 0.1755 0.2043 
     D237317  4 0.6989 0.1751 0.0635 0.0624 
     D237318  4 0.0700 0.1905 0.0446 0.6948 
     D237319  4 0.1588 0.1709 0.5300 0.1404 
     D237320  4 0.0727 0.0888 0.6580 0.1805 
     D237321  4 0.1698 0.3347 0.1091 0.3864 
     D237397  4 0.0378 0.3435 0.4612 0.1574 
     D237398  4 0.3409 0.0664 0.1067 0.4860 
     D237399  4 0.3182 0.2954 0.2313 0.1552 
     D244001  4 0.0941 0.0860 0.3734 0.4464 
        D289  4 0.2760 0.2800 0.1201 0.3240 
        D290  4 0.1746 0.1099 0.5091 0.2064 
        D294  4 0.4783 0.1401 0.1258 0.2558 
        D295  4 0.1175 0.1336 0.6733 0.0755 
        D301  4 0.0761 0.1443 0.6565 0.1231 
        D302  4 0.7654 0.0403 0.0846 0.1097 
        D303  4 0.0536 0.7440 0.1363 0.0661 
        D304  4 0.2975 0.2112 0.3161 0.1752 
        D305  4 0.3131 0.0571 0.1482 0.4816 
        D306  4 0.2546 0.1490 0.3989 0.1975 
        D307  4 0.1841 0.1800 0.4850 0.1509 
        D327  4 0.3994 0.1241 0.2718 0.2047 
        D328  4 0.1329 0.4235 0.3674 0.0762 
        D329  4 0.2984 0.1894 0.0936 0.4186 
        D330  4 0.4479 0.0398 0.3739 0.1384 
        D331  4 0.3017 0.3584 0.1525 0.1874 
        D333  4 0.0829 0.2687 0.4403 0.2081 
        D334  4 0.2133 0.5536 0.1554 0.0777 
        D335  4 0.6133 0.0661 0.0809 0.2397 
        D370  4 0.1408 0.5179 0.1602 0.1811 
        D371  4 0.0717 0.7657 0.0927 0.0700 
        D372  4 0.0596 0.3533 0.1288 0.4583 
        D373  4 0.4250 0.0607 0.1832 0.3311 
        D455  4 0.3327 0.0635 0.3471 0.2567 
        D490  4 0.0252 0.0254 0.9308 0.0186 
        D497  4 0.0808 0.0308 0.8602 0.0282 
        D498  4 0.1412 0.4407 0.2529 0.1652 
        D499  4 0.1756 0.2892 0.2003 0.3349 
        D514  4 0.5301 0.0310 0.3437 0.0952 
        D515  4 0.0553 0.0327 0.8610 0.0510 
        D516  4 0.0746 0.2236 0.5225 0.1794 
        D517  4 0.4590 0.0738 0.2270 0.2402 
        D518  4 0.1617 0.1271 0.3766 0.3346 
        D519  4 0.0414 0.0480 0.8349 0.0757 
        D560  4 0.0573 0.0452 0.7797 0.1178 
        D561  4 0.4493 0.0387 0.1611 0.3508 
        D562  4 0.4703 0.1538 0.1391 0.2368 
        D563  4 0.2868 0.0386 0.0630 0.6117 
        D572  4 0.3767 0.1201 0.1850 0.3182 
        D629  4 0.7797 0.0486 0.0806 0.0911 
        D630  4 0.2882 0.1498 0.4529 0.1091 
        D631  4 0.1240 0.0897 0.2482 0.5381 
        D632  4 0.4570 0.0665 0.1527 0.3238 
        D646  4 0.1045 0.0624 0.7102 0.1229 
        D647  4 0.3096 0.0404 0.3616 0.2885 
        D648  4 0.1132 0.3378 0.4058 0.1433 
        D649  4 0.6341 0.0859 0.2054 0.0746 
        D650  4 0.2686 0.2175 0.4281 0.0858 
        D708  4 0.1755 0.4484 0.2952 0.0810 
        D709  4 0.2060 0.1264 0.5123 0.1553 
        D738  4 0.0985 0.4954 0.3571 0.0490 
        D739  4 0.1202 0.0954 0.7162 0.0682 
        D740  4 0.1370 0.5245 0.2295 0.1090 
        D741  4 0.0632 0.0327 0.7545 0.1495 
        D742  4 0.1632 0.1687 0.1875 0.4805 
        D743  4 0.4679 0.0996 0.1260 0.3064 
        D744  4 0.6029 0.0537 0.0736 0.2698 
        D745  4 0.0392 0.0441 0.8760 0.0407 
        D814  4 0.1711 0.0665 0.3236 0.4388 
        D815  4 0.4487 0.1272 0.2003 0.2238 
        D828  4 0.0840 0.4425 0.3307 0.1428 
        D845  4 0.0621 0.3188 0.0486 0.5706 
        D846  4 0.4966 0.0304 0.1068 0.3662 
        D847  4 0.3690 0.1791 0.2797 0.1723 
        D848  4 0.3269 0.0712 0.0978 0.5041 
        D849  4 0.0710 0.0346 0.8321 0.0622 
        D850  4 0.3918 0.1490 0.1574 0.3017 
        D856  4 0.3233 0.1812 0.3516 0.1439 
        D857  4 0.0327 0.4695 0.4269 0.0709 
        D859  4 0.3083 0.1408 0.3979 0.1530 
        D860  4 0.1925 0.4388 0.0295 0.3392 
        D883  4 0.1419 0.2732 0.5167 0.0682 
        D884  4 0.0336 0.0996 0.8200 0.0468 
        D885  4 0.1964 0.0999 0.4471 0.2566 
        D886  4 0.2835 0.0911 0.3573 0.2680 
        D887  4 0.3412 0.2697 0.1897 0.1994 
        D889  4 0.2506 0.1779 0.3365 0.2350 
        D890  4 0.3334 0.2981 0.1514 0.2171 
        D891  4 0.0574 0.2277 0.0256 0.6893 
        D899  4 0.0931 0.2054 0.0966 0.6049 
        D900  4 0.4409 0.1284 0.2665 0.1642 
        D970  4 0.5754 0.1091 0.0600 0.2555 
        D971  4 0.1926 0.0900 0.0608 0.6566 
        D979  4 0.6646 0.0776 0.0894 0.1684 
        D093  5 0.0489 0.7022 0.2015 0.0474 
        D154  5 0.0695 0.1048 0.4845 0.3412 
        D168  5 0.0998 0.0783 0.4318 0.3900 
        D189  5 0.0849 0.5193 0.1964 0.1994 
        D190  5 0.0842 0.7789 0.0743 0.0627 
     D237220  5 0.1340 0.3812 0.4163 0.0685 
     D237221  5 0.1653 0.5200 0.0924 0.2223 
     D237274  5 0.7544 0.0283 0.0816 0.1356 
     D237275  5 0.0488 0.0984 0.1013 0.7515 
     D237276  5 0.0672 0.2821 0.5673 0.0835 
     D237277  5 0.0800 0.7688 0.0568 0.0944 
     D237278  5 0.1177 0.3356 0.1612 0.3855 
     D237279  5 0.4204 0.1719 0.2525 0.1552 
     D237280  5 0.2880 0.4766 0.1700 0.0653 
     D237281  5 0.1088 0.1166 0.0538 0.7208 
     D237351  5 0.0354 0.5378 0.3981 0.0288 
     D237352  5 0.3354 0.0910 0.2682 0.3054 
     D237353  5 0.0568 0.8652 0.0375 0.0406 
     D237359  5 0.1665 0.3614 0.3887 0.0833 
     D237361  5 0.0564 0.8466 0.0430 0.0540 
     D237362  5 0.2006 0.2813 0.3941 0.1240 
     D237363  5 0.2501 0.1432 0.2423 0.3643 
     D237364  5 0.2605 0.0398 0.4212 0.2785 
     D237376  5 0.0453 0.4766 0.3774 0.1007 
     D237377  5 0.2941 0.5016 0.1524 0.0518 
     D237378  5 0.0422 0.6855 0.1759 0.0964 
     D237379  5 0.1641 0.4265 0.3019 0.1075 
     D237380  5 0.1196 0.6194 0.1498 0.1113 
     D237381  5 0.2897 0.1573 0.2880 0.2651 
     D237391  5 0.1203 0.7611 0.0611 0.0574 
     D237392  5 0.4301 0.0683 0.1187 0.3830 
     D237393  5 0.3585 0.3992 0.0921 0.1502 
     D237394  5 0.1575 0.7713 0.0424 0.0288 
     D237395  5 0.1150 0.4866 0.2718 0.1265 
     D237396  5 0.5380 0.1957 0.0516 0.2147 
     D244016  5 0.4892 0.2402 0.0526 0.2180 
     D244018  5 0.0658 0.2188 0.1545 0.5610 
     D244019  5 0.5045 0.1120 0.1023 0.2812 
        D279  5 0.0900 0.3277 0.3954 0.1870 
        D280  5 0.5825 0.2357 0.0593 0.1225 
        D281  5 0.0970 0.1828 0.0731 0.6471 
        D283  5 0.4988 0.3086 0.0856 0.1070 
        D284  5 0.1118 0.0915 0.7195 0.0772 
        D285  5 0.1985 0.5949 0.1077 0.0989 
        D286  5 0.3151 0.3578 0.2336 0.0934 
        D287  5 0.0689 0.5268 0.3456 0.0587 
        D288  5 0.6512 0.1163 0.0533 0.1792 
        D308  5 0.1224 0.5263 0.3033 0.0480 
        D309  5 0.6826 0.0444 0.0835 0.1894 
        D310  5 0.0799 0.8215 0.0557 0.0428 
        D311  5 0.1355 0.2107 0.4794 0.1745 
        D312  5 0.3324 0.3010 0.2191 0.1475 
        D313  5 0.0402 0.3938 0.5327 0.0333 
        D314  5 0.1128 0.2859 0.4414 0.1599 
        D315  5 0.3846 0.4143 0.0998 0.1013 
        D317  5 0.0534 0.7980 0.1143 0.0343 
        D318  5 0.5375 0.1573 0.1657 0.1395 
        D319  5 0.0534 0.7958 0.0908 0.0600 
        D320  5 0.0912 0.7898 0.0706 0.0484 
        D321  5 0.0849 0.5948 0.2639 0.0564 
        D336  5 0.0868 0.6483 0.2212 0.0437 
        D337  5 0.0467 0.8625 0.0356 0.0552 
        D338  5 0.2115 0.3176 0.2685 0.2024 
        D339  5 0.0342 0.7853 0.1151 0.0653 
        D347  5 0.4072 0.1053 0.2551 0.2324 
        D348  5 0.1454 0.6801 0.0500 0.1245 
        D349  5 0.0547 0.6111 0.3051 0.0291 
        D350  5 0.4740 0.0596 0.2094 0.2570 
        D355  5 0.2288 0.0726 0.2367 0.4618 
        D356  5 0.3594 0.4062 0.1500 0.0844 
        D357  5 0.4160 0.2186 0.2235 0.1419 
        D358  5 0.2224 0.5958 0.0890 0.0928 
        D359  5 0.5085 0.3627 0.0748 0.0540 
        D360  5 0.3124 0.4892 0.1317 0.0668 
        D361  5 0.0364 0.5531 0.3806 0.0299 
        D366  5 0.1748 0.0631 0.1560 0.6061 
        D367  5 0.0750 0.6364 0.2494 0.0392 
        D368  5 0.1284 0.4983 0.3246 0.0487 
        D380  5 0.7077 0.0590 0.0623 0.1710 
        D381  5 0.2078 0.6230 0.0622 0.1070 
        D400  5 0.0734 0.4007 0.3211 0.2047 
        D411  5 0.0359 0.0255 0.9063 0.0322 
        D412  5 0.2679 0.3065 0.0903 0.3353 
        D413  5 0.1783 0.0475 0.0515 0.7228 
        D414  5 0.2157 0.0968 0.1799 0.5076 
        D420  5 0.3650 0.1829 0.2225 0.2296 
        D431  5 0.1690 0.3952 0.3403 0.0955 
        D432  5 0.2174 0.5802 0.0496 0.1528 
        D433  5 0.0559 0.7783 0.0850 0.0808 
        D434  5 0.3181 0.3949 0.2032 0.0838 
        D440  5 0.4252 0.0732 0.3030 0.1985 
        D447  5 0.6183 0.0372 0.1341 0.2103 
        D448  5 0.0708 0.5300 0.3360 0.0632 
        D459  5 0.1175 0.0693 0.0703 0.7429 
        D460  5 0.1348 0.5532 0.2745 0.0375 
        D461  5 0.6908 0.0608 0.0882 0.1602 
        D468  5 0.1440 0.2400 0.5290 0.0869 
        D469  5 0.4165 0.1937 0.3175 0.0723 
        D470  5 0.0720 0.1126 0.7329 0.0825 
        D471  5 0.1259 0.5257 0.2240 0.1245 
        D472  5 0.5567 0.0552 0.0340 0.3541 
        D479  5 0.0754 0.0510 0.0580 0.8156 
        D485  5 0.2148 0.1704 0.4481 0.1667 
        D486  5 0.0762 0.1051 0.7624 0.0563 
        D487  5 0.1052 0.5347 0.1274 0.2327 
        D555  5 0.0317 0.8366 0.0357 0.0960 
        D556  5 0.2786 0.3750 0.2002 0.1463 
        D557  5 0.0573 0.8236 0.0326 0.0865 
        D564  5 0.3766 0.4084 0.1088 0.1062 
        D594  5 0.5481 0.1137 0.1685 0.1698 
        D595  5 0.1544 0.4965 0.2583 0.0908 
        D596  5 0.0475 0.8729 0.0303 0.0493 
        D597  5 0.1407 0.2922 0.0475 0.5196 
        D598  5 0.1274 0.6371 0.1383 0.0972 
        D617  5 0.0436 0.0407 0.7780 0.1377 
        D618  5 0.1267 0.6967 0.0636 0.1130 
        D619  5 0.2676 0.5363 0.0831 0.1131 
        D620  5 0.0481 0.0521 0.0435 0.8563 
        D628  5 0.3465 0.2986 0.1300 0.2249 
        D714  5 0.1290 0.5165 0.1188 0.2356 
        D715  5 0.1646 0.6676 0.0513 0.1165 
        D716  5 0.2675 0.1344 0.3818 0.2162 
        D717  5 0.3753 0.3247 0.1279 0.1721 
        D718  5 0.0306 0.1752 0.7266 0.0676 
        D769  5 0.0961 0.0438 0.6965 0.1635 
        D770  5 0.1960 0.2700 0.2723 0.2617 
        D771  5 0.2734 0.2802 0.2051 0.2412 
        D772  5 0.3459 0.4221 0.1455 0.0865 
        D782  5 0.2543 0.2167 0.1696 0.3594 
        D783  5 0.1825 0.1883 0.1029 0.5264 
        D784  5 0.6335 0.1125 0.0539 0.2001 
        D785  5 0.1048 0.7234 0.1131 0.0587 
        D786  5 0.2895 0.0510 0.3821 0.2774 
        D821  5 0.0563 0.8835 0.0344 0.0259 
        D822  5 0.5206 0.1111 0.1273 0.2410 
        D826  5 0.0847 0.4561 0.2078 0.2514 
        D827  5 0.5095 0.0444 0.2311 0.2150 
        D851  5 0.5561 0.2119 0.0923 0.1397 
        D852  5 0.0883 0.4873 0.1143 0.3101 
        D853  5 0.2414 0.4461 0.1956 0.1169 
        D854  5 0.1946 0.0588 0.5554 0.1912 
        D861  5 0.0758 0.3259 0.4054 0.1929 
        D862  5 0.4768 0.2538 0.1729 0.0965 
        D865  5 0.0726 0.7660 0.0945 0.0669 
        D868  5 0.2680 0.3423 0.2792 0.1105 
        D869  5 0.0582 0.0422 0.8440 0.0556 
        D870  5 0.5356 0.0236 0.0390 0.4018 
        D907  5 0.0480 0.8072 0.1065 0.0382 
        D908  5 0.0854 0.6299 0.0669 0.2178 
        D910  5 0.0726 0.4262 0.2319 0.2692 
        D911  5 0.1507 0.1264 0.1755 0.5474 
        D934  5 0.3742 0.1941 0.1405 0.2912 
        D946  5 0.2556 0.2793 0.2982 0.1669 
        D947  5 0.4422 0.1023 0.3316 0.1238 
        D948  5 0.0656 0.6480 0.2573 0.0291 
        D949  5 0.0391 0.6016 0.3348 0.0244 
        D950  5 0.2065 0.1434 0.1177 0.5325 
        D951  5 0.6788 0.0625 0.0962 0.1625 
        D952  5 0.5793 0.1599 0.1292 0.1316 
        D953  5 0.1128 0.7933 0.0488 0.0450 
        D954  5 0.5177 0.3437 0.0458 0.0928 
        D961  5 0.1287 0.3895 0.3676 0.1142 
        D962  5 0.2623 0.5716 0.1213 0.0448 
        D963  5 0.2341 0.4560 0.0963 0.2137 
        D964  5 0.2532 0.1883 0.4330 0.1255 
        D965  5 0.4777 0.1274 0.1322 0.2626 
        D966  5 0.4110 0.3071 0.0581 0.2238 
        D967  5 0.2010 0.3219 0.0657 0.4113 
        D991  5 0.1173 0.2849 0.4784 0.1194 
        D132  8 0.0397 0.0496 0.8848 0.0259 
        D133  8 0.0332 0.0279 0.0719 0.8670 
        D200  8 0.1325 0.0904 0.6160 0.1611 
        D500  8 0.0698 0.0399 0.8599 0.0304 
        D614  8 0.0821 0.4771 0.3860 0.0549 
        D723  8 0.0590 0.0642 0.7724 0.1045 
        D888  8 0.1440 0.2089 0.0585 0.5886 
        D901  8 0.0278 0.0674 0.8700 0.0348 
        D902  8 0.0565 0.6580 0.1670 0.1185 
        D903  8 0.6780 0.1011 0.0855 0.1353 
        D904  8 0.6353 0.0966 0.0772 0.1908 
        D905  8 0.0505 0.4841 0.0885 0.3769 
        D906  8 0.4417 0.0600 0.0411 0.4572 
        D937  8 0.0250 0.8006 0.1102 0.0642 
        D943  8 0.2766 0.1173 0.4511 0.1551 
        D972  8 0.0370 0.0345 0.8489 0.0797 
        D973  8 0.1991 0.0775 0.6198 0.1036 
        D974  8 0.1432 0.1356 0.5226 0.1987 
        D975  8 0.1434 0.1603 0.4935 0.2028 
        D976  8 0.1213 0.3125 0.4533 0.1129 
        D142 10 0.3349 0.1471 0.1726 0.3454 
        D143 10 0.0435 0.0870 0.0698 0.7997 
        D144 10 0.5231 0.1670 0.1479 0.1620 
        D145 10 0.0778 0.3231 0.3039 0.2952 
        D146 10 0.1556 0.1389 0.6411 0.0643 
        D147 10 0.1849 0.1094 0.5726 0.1332 
        D148 10 0.4672 0.1277 0.1113 0.2938 
        D149 10 0.0755 0.2103 0.1746 0.5396 
        D151 10 0.2366 0.2682 0.1411 0.3541 
        D152 10 0.0434 0.0385 0.0442 0.8740 
        D153 10 0.3374 0.1084 0.4690 0.0852 
        D156 10 0.5446 0.0740 0.1114 0.2700 
        D157 10 0.1983 0.5468 0.1740 0.0810 
        D158 10 0.0518 0.1711 0.7138 0.0633 
        D159 10 0.0473 0.0538 0.0477 0.8513 
        D160 10 0.0261 0.7403 0.0308 0.2028 
        D161 10 0.4987 0.1413 0.1309 0.2291 
        D162 10 0.5674 0.1083 0.0584 0.2660 
        D169 10 0.4032 0.0758 0.2815 0.2395 
        D170 10 0.3170 0.0718 0.5231 0.0881 
        D171 10 0.4109 0.1361 0.3369 0.1161 
        D172 10 0.1631 0.1539 0.5188 0.1642 
        D173 10 0.0546 0.0248 0.0688 0.8518 
        D181 10 0.3025 0.4340 0.1315 0.1319 
        D182 10 0.1646 0.1749 0.3929 0.2676 
        D183 10 0.1154 0.7168 0.1363 0.0314 
        D184 10 0.4123 0.0278 0.5120 0.0479 
        D185 10 0.6907 0.0690 0.1381 0.1022 
        D186 10 0.0431 0.0321 0.8858 0.0390 
        D194 10 0.2188 0.1015 0.4410 0.2387 
        D195 10 0.2282 0.2086 0.0998 0.4633 
        D196 10 0.2407 0.1276 0.0638 0.5680 
        D197 10 0.1003 0.0838 0.6105 0.2054 
        D198 10 0.7006 0.1249 0.1075 0.0670 
     D237226 10 0.1922 0.1777 0.0855 0.5446 
     D237232 10 0.0897 0.3924 0.1786 0.3393 
     D237233 10 0.0788 0.3712 0.2490 0.3010 
     D237234 10 0.1670 0.3856 0.3331 0.1143 
     D237354 10 0.0703 0.2486 0.0477 0.6334 
     D237355 10 0.0718 0.4570 0.0548 0.4164 
     D237356 10 0.5958 0.2420 0.1152 0.0470 
     D237357 10 0.1653 0.0655 0.2997 0.4696 
     D237358 10 0.6300 0.0421 0.0322 0.2957 
     D237369 10 0.0435 0.0249 0.9029 0.0287 
     D237370 10 0.1544 0.4630 0.1202 0.2624 
     D237371 10 0.6889 0.0848 0.1231 0.1032 
     D237372 10 0.1951 0.0481 0.0741 0.6828 
     D237373 10 0.2079 0.2400 0.2983 0.2538 
     D237374 10 0.0430 0.5398 0.0812 0.3360 
     D237375 10 0.3436 0.0890 0.0863 0.4810 
     D237400 10 0.0288 0.0711 0.0709 0.8291 
     D244002 10 0.2343 0.0758 0.4604 0.2296 
     D244003 10 0.0335 0.7757 0.0536 0.1371 
     D244004 10 0.0237 0.9140 0.0431 0.0191 
     D244005 10 0.1615 0.2099 0.0933 0.5353 
     D244020 10 0.4106 0.2897 0.2068 0.0929 
     D244021 10 0.0300 0.0588 0.8343 0.0769 
     D244116 10 0.2700 0.1166 0.4319 0.1815 
     D244117 10 0.0880 0.7305 0.0468 0.1347 
     D244121 10 0.0638 0.6962 0.1024 0.1376 
     D244123 10 0.1797 0.3650 0.2438 0.2115 
     D244124 10 0.1174 0.1494 0.2899 0.4434 
        D332 10 0.3916 0.1013 0.2974 0.2097 
        D570 10 0.2508 0.5484 0.1147 0.0861 
        D602 10 0.3622 0.0978 0.2549 0.2852 
        D603 10 0.1320 0.2814 0.2583 0.3283 
        D604 10 0.4249 0.0590 0.0482 0.4680 
        D605 10 0.5322 0.0864 0.0960 0.2854 
        D606 10 0.3312 0.2534 0.3000 0.1155 
        D607 10 0.8087 0.0326 0.0502 0.1085 
        D608 10 0.0583 0.0184 0.0257 0.8975 
        D609 10 0.2175 0.5057 0.2410 0.0358 
        D610 10 0.6282 0.2020 0.0664 0.1034 
        D611 10 0.0595 0.8200 0.0886 0.0319 
        D613 10 0.5809 0.1899 0.1186 0.1106 
        D633 10 0.6482 0.0322 0.0395 0.2800 
        D634 10 0.4441 0.1819 0.2305 0.1435 
        D638 10 0.0472 0.1176 0.0658 0.7693 
        D681 10 0.1104 0.1734 0.5962 0.1200 
        D754 10 0.0252 0.1257 0.8218 0.0273 
        D755 10 0.0277 0.6776 0.0752 0.2195 
        D756 10 0.0613 0.4135 0.4538 0.0713 
        D757 10 0.3140 0.2490 0.0786 0.3583 
        D758 10 0.1068 0.2842 0.4231 0.1859 
        D759 10 0.1048 0.6490 0.0257 0.2206 
        D760 10 0.1453 0.4213 0.1804 0.2529 
        D761 10 0.0538 0.2710 0.0474 0.6277 
        D762 10 0.7507 0.0520 0.0378 0.1594 
        D775 10 0.0329 0.8566 0.0727 0.0378 
        D776 10 0.0837 0.2033 0.0765 0.6365 
        D777 10 0.0565 0.8163 0.0603 0.0669 
        D778 10 0.0671 0.3388 0.1532 0.4410 
        D779 10 0.0504 0.2444 0.6337 0.0716 
        D780 10 0.2219 0.2179 0.1575 0.4026 
        D781 10 0.2960 0.0624 0.2480 0.3936 
        D858 10 0.0754 0.4500 0.3547 0.1198 
        D933 10 0.5217 0.1120 0.0319 0.3344 
        D038 11 0.1955 0.3231 0.1107 0.3707 
        D063 11 0.0895 0.3162 0.3327 0.2616 
        D155 11 0.1744 0.4652 0.0966 0.2637 
        D175 11 0.0450 0.1416 0.7568 0.0566 
        D176 11 0.0422 0.3029 0.3147 0.3402 
        D205 11 0.0912 0.5743 0.2783 0.0563 
     D237229 11 0.2555 0.1279 0.0880 0.5286 
     D237230 11 0.1170 0.0512 0.4407 0.3911 
     D237231 11 0.4061 0.0510 0.2178 0.3251 
     D237269 11 0.3618 0.0762 0.0998 0.4622 
     D237270 11 0.4571 0.1397 0.2088 0.1943 
     D237271 11 0.2634 0.2321 0.3002 0.2044 
     D237272 11 0.0826 0.0958 0.6931 0.1285 
     D237273 11 0.0846 0.3536 0.4168 0.1450 
     D237301 11 0.3076 0.1538 0.3480 0.1906 
     D237302 11 0.1692 0.1037 0.5001 0.2271 
     D237303 11 0.2766 0.0624 0.4024 0.2587 
     D237304 11 0.2174 0.2382 0.3866 0.1578 
     D237305 11 0.0780 0.5291 0.2499 0.1430 
     D237314 11 0.1062 0.6309 0.1670 0.0959 
     D237315 11 0.3373 0.0708 0.5273 0.0647 
     D237316 11 0.6951 0.0795 0.0766 0.1488 
     D237328 11 0.2915 0.0865 0.5704 0.0517 
     D237329 11 0.2266 0.3317 0.0917 0.3499 
     D237330 11 0.0523 0.6411 0.1503 0.1562 
     D237331 11 0.3316 0.4770 0.0827 0.1087 
     D237332 11 0.2162 0.1346 0.5526 0.0966 
     D237333 11 0.1886 0.4185 0.0510 0.3419 
     D237334 11 0.5002 0.1630 0.2103 0.1265 
     D237335 11 0.1598 0.3043 0.4509 0.0851 
     D237336 11 0.2934 0.3852 0.1256 0.1958 
     D237350 11 0.1762 0.3730 0.1482 0.3026 
     D237383 11 0.1573 0.2635 0.4123 0.1669 
     D237384 11 0.7385 0.0929 0.0580 0.1106 
     D237385 11 0.1504 0.2810 0.3597 0.2089 
     D237386 11 0.2573 0.1849 0.1498 0.4080 
     D237387 11 0.2015 0.0941 0.6277 0.0768 
     D237388 11 0.3127 0.4274 0.1426 0.1173 
        D239 11 0.3509 0.3453 0.1521 0.1517 
        D240 11 0.1655 0.2969 0.0298 0.5078 
        D241 11 0.6140 0.0485 0.1399 0.1976 
        D242 11 0.4371 0.1457 0.1174 0.2997 
        D243 11 0.1735 0.6244 0.1033 0.0988 
        D244 11 0.1237 0.7725 0.0459 0.0579 
        D245 11 0.0973 0.0514 0.7779 0.0733 
        D246 11 0.1244 0.2260 0.5278 0.1218 
        D247 11 0.2746 0.3614 0.1109 0.2531 
        D248 11 0.3291 0.0997 0.1330 0.4382 
        D249 11 0.1562 0.1846 0.6193 0.0398 
        D250 11 0.2723 0.2162 0.1246 0.3869 
        D251 11 0.2096 0.3752 0.3394 0.0758 
        D252 11 0.3336 0.0868 0.5286 0.0510 
        D253 11 0.1360 0.3235 0.3480 0.1925 
        D254 11 0.0467 0.0343 0.6272 0.2918 
        D255 11 0.2154 0.1567 0.4172 0.2108 
        D256 11 0.3623 0.3734 0.1312 0.1331 
        D257 11 0.0980 0.5296 0.2814 0.0910 
        D258 11 0.1438 0.5347 0.2842 0.0373 
        D259 11 0.3189 0.0678 0.4600 0.1533 
        D260 11 0.1834 0.2823 0.3062 0.2281 
        D261 11 0.3337 0.1278 0.3961 0.1424 
        D262 11 0.1056 0.1537 0.6478 0.0929 
        D263 11 0.3015 0.4891 0.1115 0.0980 
        D264 11 0.0380 0.0491 0.8409 0.0720 
        D265 11 0.0717 0.1124 0.4686 0.3473 
        D266 11 0.3903 0.2193 0.0590 0.3315 
        D267 11 0.2995 0.4892 0.1371 0.0742 
        D268 11 0.1374 0.6705 0.0936 0.0984 
        D269 11 0.8077 0.0623 0.0861 0.0438 
        D270 11 0.2048 0.1307 0.5988 0.0657 
        D271 11 0.5132 0.1879 0.1255 0.1733 
        D272 11 0.4773 0.2404 0.0678 0.2145 
        D273 11 0.0614 0.4187 0.4892 0.0306 
        D274 11 0.3400 0.3879 0.1022 0.1699 
        D275 11 0.5020 0.2361 0.0871 0.1748 
        D276 11 0.5164 0.3549 0.0652 0.0636 
        D277 11 0.4735 0.2156 0.1338 0.1770 
        D278 11 0.0502 0.2214 0.5504 0.1780 
        D282 11 0.2139 0.1461 0.5848 0.0552 
        D296 11 0.3217 0.4116 0.1146 0.1521 
        D297 11 0.4388 0.3539 0.1365 0.0708 
        D298 11 0.4386 0.1701 0.1382 0.2530 
        D299 11 0.0497 0.3607 0.4347 0.1548 
        D300 11 0.3181 0.2620 0.1025 0.3175 
        D382 11 0.2633 0.6441 0.0582 0.0344 
        D383 11 0.0598 0.7997 0.0869 0.0536 
        D387 11 0.1704 0.3084 0.2975 0.2237 
        D388 11 0.8703 0.0639 0.0308 0.0351 
        D389 11 0.1373 0.2230 0.4511 0.1886 
        D390 11 0.3584 0.1592 0.2232 0.2591 
        D396 11 0.2384 0.2079 0.2302 0.3234 
        D397 11 0.1265 0.0421 0.7980 0.0335 
        D398 11 0.3397 0.4650 0.0610 0.1343 
        D399 11 0.6127 0.0407 0.1388 0.2078 
        D437 11 0.1106 0.1345 0.5706 0.1843 
        D441 11 0.1454 0.6062 0.1320 0.1164 
        D442 11 0.2395 0.2328 0.2317 0.2961 
        D443 11 0.0972 0.6113 0.0429 0.2486 
        D444 11 0.4053 0.1681 0.1440 0.2826 
        D445 11 0.1849 0.0535 0.7216 0.0399 
        D446 11 0.4231 0.0581 0.1145 0.4042 
        D451 11 0.2488 0.1405 0.5363 0.0744 
        D452 11 0.2939 0.1337 0.0903 0.4820 
        D453 11 0.7097 0.0854 0.0903 0.1147 
        D454 11 0.5298 0.1312 0.1976 0.1414 
        D457 11 0.0477 0.1891 0.7208 0.0423 
        D458 11 0.4395 0.3622 0.1056 0.0927 
        D466 11 0.0598 0.0541 0.1040 0.7821 
        D467 11 0.1173 0.4653 0.2589 0.1585 
        D475 11 0.2850 0.0941 0.5583 0.0627 
        D488 11 0.3429 0.0678 0.1702 0.4191 
        D489 11 0.0915 0.1041 0.6321 0.1723 
        D493 11 0.3986 0.1374 0.1113 0.3526 
        D494 11 0.3435 0.1836 0.2469 0.2260 
        D495 11 0.1369 0.0982 0.4789 0.2860 
        D496 11 0.1587 0.2604 0.0642 0.5168 
        D674 11 0.0997 0.3440 0.0616 0.4947 
        D675 11 0.0662 0.2772 0.0267 0.6299 
        D676 11 0.0431 0.2145 0.6860 0.0564 
        D680 11 0.2676 0.4998 0.0443 0.1883 
        D701 11 0.0796 0.0890 0.7053 0.1261 
        D702 11 0.4776 0.0617 0.1288 0.3319 
        D703 11 0.2705 0.1648 0.0941 0.4706 
        D704 11 0.1212 0.1906 0.5603 0.1279 
        D705 11 0.0669 0.0327 0.7304 0.1699 
        D706 11 0.1901 0.1177 0.3003 0.3920 
        D707 11 0.1914 0.0902 0.6505 0.0678 
        D751 11 0.5201 0.2287 0.1893 0.0619 
        D752 11 0.0993 0.4068 0.2465 0.2475 
        D753 11 0.0577 0.0630 0.5995 0.2797 
        D773 11 0.0737 0.1048 0.7837 0.0378 
        D774 11 0.4862 0.1083 0.0805 0.3250 
        D801 11 0.1772 0.3424 0.2029 0.2776 
        D802 11 0.3651 0.0958 0.3696 0.1695 
        D803 11 0.3027 0.2389 0.2354 0.2230 
        D804 11 0.1838 0.1675 0.5715 0.0772 
        D805 11 0.5710 0.2441 0.1278 0.0571 
        D806 11 0.0452 0.4275 0.4931 0.0341 
        D809 11 0.2124 0.4042 0.2255 0.1578 
        D810 11 0.2613 0.4800 0.1029 0.1558 
        D812 11 0.2557 0.1639 0.4519 0.1286 
        D813 11 0.2785 0.1429 0.0579 0.5207 
        D823 11 0.2020 0.1559 0.4709 0.1713 
        D824 11 0.0628 0.4422 0.2497 0.2453 
        D829 11 0.6693 0.0682 0.0597 0.2028 
        D830 11 0.2498 0.1734 0.4962 0.0806 
        D831 11 0.0432 0.1576 0.6740 0.1252 
        D832 11 0.0935 0.3421 0.2087 0.3557 
        D833 11 0.4345 0.4007 0.0697 0.0950 
        D834 11 0.5759 0.2447 0.0754 0.1041 
        D835 11 0.1049 0.0761 0.7862 0.0328 
        D855 11 0.1681 0.2321 0.4976 0.1022 
        D863 11 0.0737 0.3114 0.0331 0.5818 
        D864 11 0.1836 0.3660 0.3215 0.1288 
        D878 11 0.1307 0.4594 0.3168 0.0931 
        D879 11 0.3337 0.1093 0.4857 0.0714 
        D880 11 0.1728 0.1573 0.0480 0.6219 
        D881 11 0.0734 0.8403 0.0325 0.0537 
        D882 11 0.0840 0.1864 0.3163 0.4133 
        D909 11 0.2476 0.2023 0.3357 0.2144 
        D921 11 0.3797 0.2208 0.2567 0.1429 
        D924 11 0.2684 0.1836 0.0807 0.4673 
        D935 11 0.5542 0.1702 0.1244 0.1512 
        D940 11 0.1990 0.2700 0.0497 0.4813 
        D941 11 0.6305 0.1962 0.0631 0.1102 
        D942 11 0.1177 0.3900 0.4089 0.0833 
        D980 11 0.5847 0.1015 0.1076 0.2062 
        D981 11 0.6786 0.0571 0.1569 0.1075 
        D982 11 0.0923 0.0934 0.0671 0.7471 
        D983 11 0.2451 0.4872 0.2015 0.0663 
        D984 11 0.2149 0.2319 0.2442 0.3089 
        D992 11 0.0931 0.0833 0.7104 0.1132 
        D993 11 0.4288 0.2764 0.1563 0.1386 
        D994 11 0.0893 0.1793 0.5995 0.1319 
        D995 11 0.3098 0.2314 0.4088 0.0499 
        H354 11 0.3230 0.2305 0.2806 0.1659 
