        D023  2 0.0111 0.7346 0.0166 0.0227 0.0129 0.0246 0.1775 
        D130  2 0.1215 0.0969 0.0247 0.0979 0.0183 0.0765 0.5643 
        D131  2 0.1761 0.0708 0.1965 0.0876 0.0533 0.3564 0.0595 
        D163  2 0.0428 0.1880 0.0849 0.0253 0.0569 0.0985 0.5036 
        D164  2 0.0342 0.4076 0.0135 0.5017 0.0111 0.0182 0.0136 
        D165  2 0.0156 0.6207 0.0321 0.0302 0.0124 0.0449 0.2441 
        D166  2 0.5458 0.0470 0.0489 0.0451 0.0264 0.1637 0.1231 
        D167  2 0.0576 0.0160 0.0230 0.8190 0.0446 0.0219 0.0180 
        D192  2 0.0209 0.0139 0.0216 0.8809 0.0230 0.0169 0.0227 
        D193  2 0.2206 0.0264 0.0512 0.0349 0.4132 0.1037 0.1501 
        D206  2 0.0446 0.2709 0.0273 0.4315 0.0350 0.0952 0.0955 
        D207  2 0.1127 0.0314 0.1829 0.5537 0.0245 0.0551 0.0396 
        D208  2 0.0488 0.0605 0.3360 0.0933 0.2335 0.0615 0.1664 
        D209  2 0.0373 0.0491 0.0251 0.5741 0.0238 0.1752 0.1154 
        D210  2 0.0376 0.0532 0.2564 0.1670 0.3927 0.0537 0.0395 
     D229599  2 0.0413 0.1631 0.2575 0.0341 0.0605 0.2989 0.1446 
     D229600  2 0.1262 0.0546 0.0373 0.4836 0.0257 0.0364 0.2361 
     D237227  2 0.1301 0.1590 0.2264 0.0490 0.3260 0.0353 0.0743 
     D237228  2 0.7332 0.0531 0.0361 0.0484 0.0859 0.0193 0.0240 
     D237258  2 0.1948 0.1878 0.2451 0.1550 0.0425 0.0938 0.0809 
     D237310  2 0.8590 0.0351 0.0190 0.0295 0.0207 0.0170 0.0196 
     D237311  2 0.8106 0.0337 0.0198 0.0862 0.0174 0.0150 0.0173 
     D237312  2 0.7956 0.0369 0.0242 0.0224 0.0352 0.0389 0.0468 
     D237313  2 0.0421 0.4950 0.0742 0.0297 0.1330 0.1322 0.0938 
     D237322  2 0.1961 0.0529 0.4463 0.0680 0.0805 0.0624 0.0938 
     D237323  2 0.7772 0.0365 0.0712 0.0216 0.0548 0.0163 0.0224 
     D237324  2 0.0458 0.0530 0.1074 0.3981 0.0252 0.1110 0.2596 
     D237325  2 0.7225 0.0203 0.0247 0.0771 0.0708 0.0281 0.0564 
     D237326  2 0.4847 0.1348 0.0577 0.0937 0.1017 0.0968 0.0307 
     D237327  2 0.0272 0.0216 0.5886 0.0579 0.0327 0.0802 0.1918 
     D237337  2 0.6674 0.1548 0.0195 0.0223 0.0774 0.0255 0.0330 
     D237338  2 0.3386 0.0453 0.0861 0.0909 0.1367 0.0673 0.2351 
     D237339  2 0.0277 0.0236 0.0425 0.3867 0.0515 0.3701 0.0978 
     D237340  2 0.7006 0.0178 0.0385 0.1003 0.0773 0.0242 0.0413 
     D237389  2 0.8130 0.0562 0.0164 0.0446 0.0189 0.0250 0.0259 
     D237390  2 0.8360 0.0160 0.0352 0.0209 0.0387 0.0220 0.0313 
     D244017  2 0.1034 0.0434 0.1209 0.3318 0.3219 0.0486 0.0301 
     D244112  2 0.0729 0.0260 0.0193 0.7538 0.0331 0.0197 0.0752 
     D244118  2 0.0352 0.0263 0.0330 0.6866 0.0248 0.0220 0.1721 
     D244119  2 0.0347 0.0234 0.0521 0.3345 0.5168 0.0176 0.0209 
     D244120  2 0.6305 0.0177 0.0395 0.1420 0.0872 0.0420 0.0412 
     D244122  2 0.0441 0.0363 0.0283 0.6895 0.0570 0.0486 0.0961 
        D291  2 0.0223 0.0521 0.7101 0.0520 0.0239 0.0709 0.0686 
        D292  2 0.0482 0.2151 0.2421 0.1509 0.1967 0.0906 0.0563 
        D293  2 0.0152 0.0145 0.0220 0.8309 0.0141 0.0866 0.0166 
        D322  2 0.0184 0.0333 0.0357 0.7496 0.0110 0.1340 0.0180 
        D323  2 0.0953 0.0974 0.0530 0.3740 0.1229 0.1669 0.0905 
        D324  2 0.0679 0.1558 0.4473 0.0799 0.0469 0.1675 0.0347 
        D325  2 0.0231 0.0224 0.0464 0.8408 0.0131 0.0333 0.0209 
        D326  2 0.0313 0.0821 0.2025 0.0302 0.0642 0.5505 0.0392 
        D340  2 0.0182 0.0150 0.0225 0.8879 0.0196 0.0237 0.0131 
        D341  2 0.0406 0.0684 0.0314 0.6839 0.0451 0.0297 0.1009 
        D342  2 0.0364 0.0920 0.0400 0.7190 0.0325 0.0483 0.0318 
        D343  2 0.0130 0.0097 0.0153 0.9267 0.0093 0.0146 0.0115 
        D344  2 0.0911 0.0693 0.0201 0.0543 0.0286 0.6931 0.0435 
        D345  2 0.0131 0.2917 0.0571 0.0489 0.0411 0.5214 0.0266 
        D346  2 0.1406 0.1572 0.0668 0.1453 0.3111 0.1571 0.0218 
        D351  2 0.1010 0.0858 0.3394 0.0643 0.0269 0.3426 0.0401 
        D352  2 0.1442 0.0360 0.0459 0.0841 0.1012 0.5415 0.0471 
        D353  2 0.0407 0.0358 0.0921 0.0252 0.0199 0.7245 0.0618 
        D354  2 0.0241 0.1278 0.0263 0.0208 0.0405 0.7290 0.0316 
        D362  2 0.0172 0.7529 0.0325 0.0374 0.0454 0.0587 0.0559 
        D363  2 0.0169 0.7675 0.0343 0.0241 0.0495 0.0749 0.0328 
        D364  2 0.0231 0.2970 0.0143 0.0200 0.0417 0.5734 0.0305 
        D365  2 0.0181 0.0112 0.0146 0.9098 0.0170 0.0176 0.0117 
        D369  2 0.3100 0.1806 0.0558 0.2139 0.1361 0.0727 0.0308 
        D374  2 0.0259 0.0254 0.0198 0.0212 0.8272 0.0466 0.0340 
        D375  2 0.0754 0.0353 0.0147 0.0217 0.0236 0.7886 0.0407 
        D376  2 0.0377 0.0290 0.0191 0.0296 0.7890 0.0596 0.0361 
        D377  2 0.3191 0.2728 0.0520 0.1034 0.0640 0.1246 0.0640 
        D378  2 0.0178 0.1438 0.0674 0.3747 0.0191 0.3467 0.0305 
        D379  2 0.0432 0.2031 0.0652 0.0521 0.1001 0.4382 0.0980 
        D384  2 0.0267 0.3130 0.0742 0.0328 0.1390 0.3587 0.0556 
        D385  2 0.0422 0.0278 0.0233 0.7911 0.0338 0.0596 0.0221 
        D386  2 0.0153 0.1231 0.0357 0.0641 0.0160 0.7171 0.0288 
        D391  2 0.0222 0.0213 0.0210 0.8538 0.0183 0.0394 0.0240 
        D392  2 0.0519 0.0769 0.0275 0.7259 0.0449 0.0498 0.0230 
        D393  2 0.0335 0.1734 0.1662 0.1672 0.0266 0.3979 0.0352 
        D394  2 0.1639 0.0903 0.0790 0.1196 0.1493 0.2617 0.1362 
        D395  2 0.0855 0.0202 0.0480 0.5397 0.0258 0.2345 0.0463 
        D401  2 0.7615 0.1420 0.0182 0.0240 0.0247 0.0130 0.0165 
        D402  2 0.0283 0.0222 0.0337 0.8243 0.0194 0.0559 0.0163 
        D403  2 0.0226 0.2975 0.0342 0.0379 0.0279 0.4348 0.1450 
        D415  2 0.1760 0.1048 0.0394 0.0547 0.0177 0.4863 0.1211 
        D435  2 0.0304 0.2011 0.0867 0.3764 0.0203 0.2310 0.0541 
        D436  2 0.1413 0.0276 0.0284 0.0541 0.0966 0.2411 0.4108 
        D438  2 0.0159 0.0185 0.0155 0.9017 0.0174 0.0140 0.0171 
        D439  2 0.0179 0.0495 0.0294 0.0741 0.0234 0.7705 0.0353 
        D449  2 0.0211 0.0699 0.0195 0.7185 0.0197 0.1124 0.0390 
        D450  2 0.1099 0.3937 0.0729 0.0266 0.0879 0.1748 0.1342 
        D456  2 0.0201 0.0541 0.2612 0.0314 0.0218 0.5844 0.0270 
        D462  2 0.0228 0.0142 0.0171 0.8492 0.0144 0.0487 0.0337 
        D463  2 0.0191 0.1430 0.0870 0.0210 0.0735 0.6240 0.0324 
        D464  2 0.1128 0.0681 0.0522 0.1385 0.0457 0.5092 0.0734 
        D465  2 0.2091 0.0533 0.0210 0.6250 0.0208 0.0432 0.0276 
        D473  2 0.2617 0.1726 0.1531 0.0725 0.2097 0.0823 0.0481 
        D474  2 0.0222 0.6282 0.1707 0.0425 0.0408 0.0683 0.0272 
        D476  2 0.0290 0.0376 0.0375 0.1177 0.0199 0.1739 0.5845 
        D477  2 0.0325 0.2825 0.0666 0.0292 0.0433 0.5240 0.0220 
        D478  2 0.0991 0.1364 0.2222 0.0878 0.0951 0.3132 0.0463 
        D480  2 0.0408 0.1518 0.1067 0.2159 0.1088 0.3216 0.0543 
        D481  2 0.0304 0.3365 0.1130 0.0552 0.1029 0.3230 0.0390 
        D482  2 0.1261 0.0881 0.3507 0.0268 0.1360 0.1857 0.0866 
        D483  2 0.0192 0.0170 0.0273 0.8366 0.0518 0.0208 0.0273 
        D484  2 0.1510 0.0231 0.0466 0.0833 0.0777 0.5655 0.0528 
        D510  2 0.0625 0.0256 0.0799 0.0368 0.6795 0.0600 0.0556 
        D511  2 0.0421 0.0825 0.0717 0.2199 0.0272 0.5190 0.0376 
        D512  2 0.7265 0.0943 0.0225 0.0937 0.0101 0.0299 0.0230 
        D513  2 0.0418 0.0683 0.0622 0.6914 0.0491 0.0536 0.0335 
        D635  2 0.0134 0.7963 0.0388 0.0341 0.0152 0.0495 0.0527 
        D636  2 0.0110 0.7797 0.0125 0.0263 0.0129 0.0240 0.1336 
        D637  2 0.3200 0.0833 0.0570 0.2392 0.0788 0.1558 0.0659 
        D658  2 0.2103 0.0402 0.0362 0.4850 0.0707 0.0685 0.0891 
        D659  2 0.0220 0.1311 0.1218 0.0360 0.0837 0.3399 0.2655 
        D677  2 0.2155 0.1601 0.0870 0.1173 0.0600 0.0733 0.2868 
        D678  2 0.0673 0.0348 0.0258 0.7205 0.0230 0.0510 0.0775 
        D679  2 0.0375 0.1754 0.1686 0.0789 0.0991 0.3910 0.0495 
        D719  2 0.0461 0.1094 0.0953 0.2493 0.3263 0.1216 0.0521 
        D720  2 0.0332 0.2346 0.1417 0.1837 0.1092 0.2289 0.0686 
        D721  2 0.0127 0.5576 0.0292 0.0633 0.0189 0.0712 0.2471 
        D722  2 0.0731 0.0381 0.0387 0.0923 0.6378 0.0617 0.0584 
        D734  2 0.0834 0.0315 0.0514 0.2678 0.1826 0.3345 0.0490 
        D735  2 0.0174 0.5291 0.0598 0.0885 0.0597 0.1975 0.0479 
        D736  2 0.0986 0.1264 0.3364 0.0615 0.2482 0.0906 0.0383 
        D737  2 0.0893 0.0211 0.0952 0.5028 0.0636 0.0708 0.1573 
        D807  2 0.1604 0.1798 0.1200 0.0890 0.2355 0.1385 0.0769 
        D808  2 0.4940 0.0677 0.0622 0.1537 0.0262 0.1516 0.0447 
        D817  2 0.0733 0.4227 0.0805 0.0602 0.0851 0.1996 0.0786 
        D818  2 0.1122 0.0875 0.2593 0.2757 0.0256 0.1422 0.0976 
        D819  2 0.3866 0.2869 0.0602 0.0537 0.0295 0.1496 0.0334 
        D820  2 0.0385 0.0350 0.0531 0.1981 0.0775 0.3884 0.2094 
        D895  2 0.0210 0.3375 0.0417 0.0673 0.0528 0.2282 0.2515 
        D896  2 0.8148 0.1057 0.0152 0.0128 0.0253 0.0133 0.0129 
        D897  2 0.0666 0.0541 0.0528 0.6793 0.0341 0.0626 0.0504 
        D898  2 0.1515 0.1138 0.4391 0.0261 0.0529 0.1517 0.0650 
        D918  2 0.4880 0.0772 0.0648 0.0918 0.1035 0.0589 0.1157 
        D919  2 0.0255 0.0512 0.0880 0.2038 0.0397 0.5204 0.0713 
        D920  2 0.0558 0.0885 0.0260 0.0518 0.0505 0.0332 0.6941 
        D923  2 0.0240 0.1154 0.0345 0.0586 0.0242 0.7069 0.0366 
        D930  2 0.0723 0.2698 0.0441 0.0818 0.1289 0.3704 0.0326 
        D931  2 0.1425 0.1590 0.0541 0.2424 0.0407 0.2943 0.0668 
        D968  2 0.0215 0.0127 0.0416 0.8517 0.0203 0.0350 0.0174 
        D969  2 0.0617 0.1536 0.3217 0.1520 0.0997 0.1519 0.0595 
        D977  2 0.0365 0.0300 0.0366 0.8076 0.0181 0.0307 0.0404 
        D978  2 0.0368 0.0593 0.5032 0.1843 0.0463 0.0940 0.0760 
        D009  4 0.0279 0.1013 0.0350 0.0195 0.0431 0.0468 0.7264 
        D057  4 0.0150 0.0150 0.0255 0.0474 0.0312 0.0268 0.8391 
        D109  4 0.4347 0.3074 0.0314 0.0254 0.0665 0.0705 0.0642 
     D237222  4 0.0165 0.0286 0.0297 0.0383 0.1853 0.0231 0.6785 
     D237223  4 0.4789 0.0212 0.0421 0.1596 0.1307 0.0419 0.1256 
     D237224  4 0.0288 0.1313 0.2408 0.1296 0.0403 0.3645 0.0646 
     D237225  4 0.0252 0.1207 0.0726 0.0599 0.0802 0.0774 0.5641 
     D237299  4 0.7048 0.0319 0.0802 0.0383 0.0410 0.0645 0.0393 
     D237300  4 0.0737 0.0490 0.6754 0.0529 0.0533 0.0340 0.0617 
     D237306  4 0.3463 0.0227 0.0218 0.0282 0.4594 0.0660 0.0555 
     D237307  4 0.0318 0.1556 0.1249 0.0696 0.3380 0.0499 0.2302 
     D237308  4 0.0335 0.0890 0.0457 0.4899 0.1144 0.0932 0.1343 
     D237309  4 0.0318 0.1206 0.0845 0.0336 0.0469 0.1278 0.5549 
     D237317  4 0.0195 0.2095 0.1340 0.0238 0.4015 0.0629 0.1488 
     D237318  4 0.0429 0.0213 0.7644 0.0764 0.0329 0.0364 0.0257 
     D237319  4 0.5381 0.0616 0.0597 0.0794 0.0722 0.0841 0.1048 
     D237320  4 0.6159 0.0312 0.0942 0.1061 0.0379 0.0411 0.0736 
     D237321  4 0.0990 0.1136 0.6064 0.0630 0.0418 0.0411 0.0352 
     D237397  4 0.0901 0.0308 0.0807 0.0745 0.4531 0.0248 0.2459 
     D237398  4 0.0454 0.0420 0.7245 0.0449 0.0156 0.1045 0.0231 
     D237399  4 0.0997 0.0359 0.5069 0.0393 0.1486 0.0894 0.0802 
     D244001  4 0.0154 0.0214 0.0235 0.0552 0.0755 0.0242 0.7847 
        D289  4 0.0503 0.0357 0.1224 0.1329 0.2912 0.2858 0.0817 
        D290  4 0.1315 0.0219 0.4488 0.0523 0.1134 0.0492 0.1827 
        D294  4 0.0602 0.0373 0.2160 0.0696 0.0505 0.3700 0.1964 
        D295  4 0.2095 0.0835 0.0549 0.0524 0.0627 0.0990 0.4380 
        D301  4 0.0936 0.0732 0.0840 0.0418 0.0927 0.0271 0.5876 
        D302  4 0.0516 0.1791 0.0248 0.0251 0.0314 0.5135 0.1745 
        D303  4 0.1821 0.0499 0.0467 0.0585 0.5395 0.0662 0.0572 
        D304  4 0.0408 0.0401 0.5995 0.0230 0.1653 0.0324 0.0990 
        D305  4 0.0267 0.0333 0.0763 0.1525 0.0293 0.3755 0.3063 
        D306  4 0.2468 0.0507 0.1775 0.0869 0.1772 0.1802 0.0807 
        D307  4 0.0290 0.0490 0.0673 0.0201 0.0652 0.0259 0.7436 
        D327  4 0.0837 0.1921 0.1161 0.1230 0.0722 0.2683 0.1445 
        D328  4 0.3884 0.0421 0.0320 0.0357 0.1951 0.1649 0.1418 
        D329  4 0.0311 0.0563 0.1087 0.1606 0.0774 0.2763 0.2895 
        D330  4 0.1857 0.0442 0.0294 0.1019 0.0327 0.3866 0.2194 
        D331  4 0.0620 0.0991 0.5762 0.0499 0.0871 0.0412 0.0844 
        D333  4 0.0379 0.0958 0.0493 0.0751 0.1905 0.0384 0.5130 
        D334  4 0.0425 0.0545 0.1367 0.0258 0.5322 0.0781 0.1302 
        D335  4 0.0266 0.1280 0.0370 0.1129 0.0763 0.3625 0.2567 
        D370  4 0.1155 0.1490 0.0542 0.0702 0.3261 0.1225 0.1625 
        D371  4 0.1448 0.1053 0.0346 0.0559 0.5363 0.0972 0.0259 
        D372  4 0.0388 0.0224 0.8111 0.0447 0.0337 0.0188 0.0304 
        D373  4 0.0163 0.1776 0.0491 0.0401 0.0234 0.0495 0.6439 
        D455  4 0.0167 0.0292 0.0555 0.0212 0.0227 0.0259 0.8288 
        D490  4 0.0285 0.0178 0.0145 0.0102 0.0189 0.0138 0.8963 
        D497  4 0.0589 0.0303 0.0366 0.0136 0.0199 0.0244 0.8163 
        D498  4 0.1811 0.0641 0.4008 0.0567 0.1892 0.0349 0.0731 
        D499  4 0.5299 0.0601 0.0356 0.1850 0.0585 0.1099 0.0210 
        D514  4 0.1315 0.1330 0.0993 0.0358 0.0242 0.3539 0.2222 
        D515  4 0.8426 0.0193 0.0138 0.0211 0.0194 0.0410 0.0427 
        D516  4 0.1126 0.1347 0.0462 0.1847 0.1939 0.0420 0.2859 
        D517  4 0.0233 0.0455 0.1355 0.0217 0.0255 0.0303 0.7181 
        D518  4 0.0176 0.0264 0.0155 0.0409 0.0836 0.0421 0.7739 
        D519  4 0.7392 0.0236 0.0695 0.0433 0.0262 0.0273 0.0709 
        D560  4 0.4534 0.0491 0.0554 0.1000 0.0281 0.1192 0.1947 
        D561  4 0.1589 0.0755 0.0465 0.1793 0.0289 0.4269 0.0841 
        D562  4 0.0736 0.0453 0.2109 0.0776 0.1241 0.3321 0.1364 
        D563  4 0.1029 0.0590 0.0523 0.4915 0.0253 0.2021 0.0668 
        D572  4 0.0585 0.0241 0.0284 0.0636 0.0569 0.4746 0.2939 
        D629  4 0.0308 0.3281 0.1240 0.0327 0.0220 0.4141 0.0483 
        D630  4 0.2148 0.0417 0.1339 0.0502 0.0943 0.1709 0.2941 
        D631  4 0.0685 0.0216 0.0482 0.1776 0.0388 0.1621 0.4833 
        D632  4 0.0687 0.3363 0.0172 0.1796 0.0199 0.2486 0.1298 
        D646  4 0.2059 0.0277 0.0381 0.1482 0.1316 0.1068 0.3418 
        D647  4 0.1994 0.0357 0.0777 0.1133 0.0359 0.2479 0.2901 
        D648  4 0.3318 0.0243 0.0127 0.0406 0.2234 0.2500 0.1173 
        D649  4 0.0915 0.3590 0.0361 0.0279 0.0235 0.3698 0.0921 
        D650  4 0.1512 0.2360 0.0919 0.0538 0.1464 0.1210 0.1997 
        D708  4 0.0908 0.1208 0.0585 0.0380 0.2672 0.2535 0.1713 
        D709  4 0.5150 0.0526 0.1122 0.0520 0.1036 0.1088 0.0558 
        D738  4 0.0873 0.0261 0.0263 0.0229 0.7340 0.0198 0.0836 
        D739  4 0.1214 0.0346 0.0876 0.0287 0.0607 0.0644 0.6026 
        D740  4 0.0550 0.2732 0.2274 0.0609 0.1858 0.0779 0.1199 
        D741  4 0.5575 0.0234 0.0275 0.1777 0.0293 0.0592 0.1254 
        D742  4 0.1807 0.0481 0.0806 0.3820 0.0846 0.1007 0.1231 
        D743  4 0.0593 0.0472 0.0527 0.1441 0.0510 0.5745 0.0713 
        D744  4 0.0504 0.0484 0.0314 0.1443 0.0230 0.6792 0.0233 
        D745  4 0.8211 0.0260 0.0313 0.0255 0.0182 0.0287 0.0492 
        D814  4 0.0503 0.0405 0.0719 0.3291 0.0383 0.1413 0.3285 
        D815  4 0.0790 0.0707 0.0806 0.0549 0.0759 0.5420 0.0968 
        D828  4 0.3292 0.0308 0.0608 0.0819 0.3249 0.0775 0.0949 
        D845  4 0.0131 0.0207 0.8345 0.0436 0.0449 0.0190 0.0241 
        D846  4 0.0164 0.0433 0.0695 0.1474 0.0167 0.2397 0.4670 
        D847  4 0.0622 0.0846 0.5048 0.0491 0.0455 0.1007 0.1531 
        D848  4 0.0131 0.1033 0.2042 0.0549 0.0265 0.0331 0.5649 
        D849  4 0.0605 0.0447 0.0251 0.0475 0.0240 0.0264 0.7718 
        D850  4 0.0722 0.1474 0.2330 0.1251 0.0787 0.2341 0.1096 
        D856  4 0.4134 0.0956 0.0829 0.0476 0.0467 0.2580 0.0558 
        D857  4 0.5870 0.1851 0.0224 0.0702 0.0699 0.0292 0.0362 
        D859  4 0.1172 0.0372 0.0927 0.0433 0.0420 0.3598 0.3078 
        D860  4 0.0187 0.0346 0.2473 0.0895 0.5004 0.0756 0.0340 
        D883  4 0.0739 0.1460 0.0896 0.0307 0.1295 0.0660 0.4645 
        D884  4 0.5541 0.0299 0.0171 0.0205 0.1462 0.0345 0.1977 
        D885  4 0.0703 0.1854 0.0884 0.1424 0.0324 0.1057 0.3753 
        D886  4 0.1176 0.1072 0.1363 0.1434 0.0777 0.1160 0.3019 
        D887  4 0.1069 0.2250 0.2405 0.0518 0.0448 0.2729 0.0581 
        D889  4 0.0394 0.0213 0.7650 0.0154 0.0548 0.0496 0.0544 
        D890  4 0.0874 0.3890 0.0745 0.0760 0.1067 0.1850 0.0813 
        D891  4 0.0091 0.0120 0.9312 0.0113 0.0123 0.0137 0.0103 
        D899  4 0.0733 0.0367 0.1540 0.4671 0.1206 0.0595 0.0887 
        D900  4 0.0898 0.0710 0.2625 0.0923 0.0713 0.2240 0.1890 
        D970  4 0.0235 0.0430 0.3075 0.0629 0.0539 0.2968 0.2125 
        D971  4 0.0464 0.1108 0.0389 0.5769 0.0814 0.0769 0.0687 
        D979  4 0.0302 0.1323 0.0636 0.0704 0.1051 0.3235 0.2748 
        D093  5 0.0922 0.0643 0.1262 0.0265 0.5689 0.0336 0.0884 
        D154  5 0.2480 0.1155 0.1113 0.2410 0.0804 0.0467 0.1571 
        D168  5 0.1553 0.1721 0.0746 0.3781 0.0331 0.0594 0.1275 
        D189  5 0.0855 0.0366 0.2931 0.0490 0.3948 0.0349 0.1061 
        D190  5 0.0420 0.0725 0.0403 0.0306 0.7504 0.0380 0.0262 
     D237220  5 0.0428 0.0414 0.5465 0.0207 0.0935 0.0377 0.2174 
     D237221  5 0.0465 0.1170 0.2539 0.1500 0.2814 0.0858 0.0654 
     D237274  5 0.0511 0.0417 0.0374 0.0578 0.0196 0.7652 0.0271 
     D237275  5 0.0811 0.0316 0.1393 0.5565 0.0850 0.0283 0.0782 
     D237276  5 0.1500 0.0737 0.0498 0.0812 0.2793 0.0464 0.3196 
     D237277  5 0.0441 0.1658 0.1666 0.0732 0.4620 0.0587 0.0295 
     D237278  5 0.1151 0.1059 0.0375 0.3315 0.1800 0.0929 0.1371 
     D237279  5 0.0973 0.6954 0.0397 0.0416 0.0174 0.0907 0.0179 
     D237280  5 0.0113 0.7008 0.0211 0.0168 0.0530 0.0743 0.1227 
     D237281  5 0.0471 0.0484 0.2346 0.4709 0.0800 0.0803 0.0388 
     D237351  5 0.0475 0.8285 0.0198 0.0178 0.0408 0.0155 0.0301 
     D237352  5 0.0260 0.1689 0.0354 0.1453 0.0768 0.0692 0.4784 
     D237353  5 0.0272 0.1263 0.0701 0.0212 0.6997 0.0378 0.0178 
     D237359  5 0.0305 0.0544 0.5833 0.0220 0.0632 0.0418 0.2048 
     D237361  5 0.0361 0.1080 0.1527 0.0342 0.6084 0.0290 0.0315 
     D237362  5 0.0882 0.5405 0.0409 0.0683 0.1185 0.0642 0.0794 
     D237363  5 0.0960 0.1167 0.0914 0.3920 0.1023 0.1464 0.0552 
     D237364  5 0.1972 0.0665 0.0664 0.1371 0.0190 0.0950 0.4188 
     D237376  5 0.7261 0.0164 0.0310 0.0371 0.0995 0.0554 0.0345 
     D237377  5 0.0435 0.7231 0.0393 0.0439 0.0572 0.0432 0.0498 
     D237378  5 0.2341 0.0203 0.0739 0.0440 0.4178 0.0435 0.1663 
     D237379  5 0.3291 0.0241 0.0532 0.0525 0.2738 0.1697 0.0977 
     D237380  5 0.1519 0.3128 0.0248 0.0188 0.1949 0.1924 0.1043 
     D237381  5 0.0542 0.1371 0.0744 0.0882 0.1744 0.1059 0.3658 
     D237391  5 0.0325 0.0991 0.2154 0.0384 0.5467 0.0415 0.0264 
     D237392  5 0.1605 0.0779 0.0256 0.2758 0.0307 0.4025 0.0271 
     D237393  5 0.0219 0.2918 0.0522 0.0682 0.3506 0.1281 0.0871 
     D237394  5 0.0230 0.1140 0.0598 0.0162 0.7250 0.0456 0.0163 
     D237395  5 0.1248 0.1954 0.1800 0.0699 0.2787 0.0662 0.0850 
     D237396  5 0.0264 0.5377 0.0746 0.1211 0.1066 0.0815 0.0522 
     D244016  5 0.0565 0.1718 0.0880 0.1101 0.2851 0.2535 0.0350 
     D244018  5 0.0309 0.0472 0.1037 0.3658 0.2030 0.0205 0.2288 
     D244019  5 0.0372 0.1923 0.1202 0.2677 0.1198 0.2108 0.0520 
        D279  5 0.0420 0.1180 0.2767 0.0834 0.1036 0.0416 0.3346 
        D280  5 0.0224 0.1579 0.5478 0.0311 0.0844 0.0800 0.0764 
        D281  5 0.0560 0.0317 0.5850 0.1498 0.0929 0.0460 0.0387 
        D283  5 0.0231 0.0965 0.4000 0.0400 0.2715 0.0887 0.0803 
        D284  5 0.4260 0.1185 0.1211 0.0743 0.0414 0.0709 0.1477 
        D285  5 0.0395 0.0547 0.6518 0.0153 0.1403 0.0455 0.0529 
        D286  5 0.1483 0.0690 0.1191 0.0463 0.2585 0.1612 0.1977 
        D287  5 0.8126 0.0253 0.0345 0.0185 0.0540 0.0335 0.0215 
        D288  5 0.0272 0.0848 0.6258 0.0354 0.0687 0.1167 0.0414 
        D308  5 0.0651 0.7695 0.0182 0.0251 0.0273 0.0785 0.0162 
        D309  5 0.0344 0.1246 0.0218 0.0321 0.0295 0.5943 0.1632 
        D310  5 0.0194 0.0308 0.0791 0.0130 0.7923 0.0233 0.0422 
        D311  5 0.1055 0.1133 0.0550 0.0704 0.2638 0.1085 0.2835 
        D312  5 0.0717 0.2869 0.0815 0.0697 0.1350 0.2073 0.1479 
        D313  5 0.0416 0.6447 0.0160 0.0169 0.0728 0.0136 0.1944 
        D314  5 0.1959 0.1213 0.0639 0.0906 0.1413 0.0691 0.3178 
        D315  5 0.1425 0.2155 0.0669 0.0709 0.1934 0.2546 0.0562 
        D317  5 0.0159 0.0264 0.0259 0.0148 0.8474 0.0159 0.0538 
        D318  5 0.1214 0.1766 0.1116 0.1074 0.0561 0.3653 0.0617 
        D319  5 0.0307 0.0167 0.0289 0.0135 0.8539 0.0169 0.0393 
        D320  5 0.0616 0.0367 0.1588 0.0201 0.6287 0.0589 0.0351 
        D321  5 0.0170 0.8351 0.0755 0.0117 0.0267 0.0187 0.0153 
        D336  5 0.0981 0.0245 0.0358 0.0171 0.6983 0.0471 0.0791 
        D337  5 0.0215 0.0232 0.0492 0.0256 0.8399 0.0221 0.0185 
        D338  5 0.0758 0.1259 0.2063 0.0816 0.1458 0.0737 0.2908 
        D339  5 0.0305 0.0455 0.0386 0.0308 0.7898 0.0187 0.0461 
        D347  5 0.0271 0.0216 0.1531 0.0830 0.3097 0.1146 0.2909 
        D348  5 0.0119 0.0139 0.0219 0.0238 0.8375 0.0556 0.0353 
        D349  5 0.0191 0.8847 0.0199 0.0149 0.0242 0.0223 0.0149 
        D350  5 0.0943 0.0725 0.0296 0.0481 0.0295 0.5726 0.1534 
        D355  5 0.0726 0.0441 0.2724 0.1990 0.1119 0.1605 0.1395 
        D356  5 0.1260 0.1902 0.2092 0.0425 0.2554 0.1063 0.0704 
        D357  5 0.2300 0.1020 0.2077 0.0480 0.1406 0.1981 0.0736 
        D358  5 0.2580 0.1652 0.0689 0.0592 0.2773 0.1305 0.0409 
        D359  5 0.0262 0.0877 0.0601 0.0238 0.6413 0.1209 0.0400 
        D360  5 0.0959 0.1441 0.2763 0.0281 0.3358 0.0624 0.0574 
        D361  5 0.0772 0.8285 0.0125 0.0195 0.0254 0.0166 0.0202 
        D366  5 0.0466 0.0573 0.0273 0.6859 0.0445 0.0779 0.0606 
        D367  5 0.1047 0.0883 0.0848 0.0206 0.5263 0.0542 0.1211 
        D368  5 0.0692 0.7560 0.0290 0.0232 0.0590 0.0326 0.0310 
        D380  5 0.0489 0.2813 0.0336 0.0863 0.0341 0.4491 0.0667 
        D381  5 0.0196 0.0401 0.0806 0.0341 0.7225 0.0477 0.0554 
        D400  5 0.0405 0.0381 0.0865 0.0645 0.3786 0.0366 0.3552 
        D411  5 0.5694 0.1311 0.0160 0.0217 0.0126 0.0230 0.2263 
        D412  5 0.0170 0.1252 0.0848 0.1074 0.4242 0.0480 0.1935 
        D413  5 0.0311 0.1133 0.0336 0.6404 0.0228 0.1324 0.0264 
        D414  5 0.1664 0.0342 0.0588 0.1560 0.0478 0.4644 0.0724 
        D420  5 0.0998 0.0609 0.7059 0.0200 0.0332 0.0281 0.0522 
        D431  5 0.7409 0.0477 0.0803 0.0148 0.0176 0.0787 0.0200 
        D432  5 0.0952 0.1358 0.1831 0.0629 0.3573 0.0801 0.0855 
        D433  5 0.0513 0.1016 0.0765 0.0308 0.6625 0.0369 0.0404 
        D434  5 0.0487 0.0317 0.2285 0.0303 0.5129 0.0630 0.0848 
        D440  5 0.0370 0.0872 0.0202 0.0337 0.0409 0.5092 0.2717 
        D447  5 0.1026 0.0422 0.0694 0.1524 0.0240 0.5611 0.0483 
        D448  5 0.0767 0.0420 0.0335 0.0276 0.5573 0.0436 0.2194 
        D459  5 0.0543 0.0164 0.1649 0.4824 0.0862 0.0883 0.1076 
        D460  5 0.0184 0.9056 0.0134 0.0164 0.0147 0.0219 0.0096 
        D461  5 0.0201 0.1358 0.0181 0.0276 0.0250 0.6538 0.1197 
        D468  5 0.4695 0.3107 0.0200 0.0562 0.0496 0.0639 0.0299 
        D469  5 0.1053 0.5014 0.0793 0.0318 0.0469 0.1267 0.1086 
        D470  5 0.1044 0.0321 0.0222 0.0296 0.1169 0.0726 0.6222 
        D471  5 0.1273 0.0300 0.0511 0.0590 0.6025 0.0788 0.0512 
        D472  5 0.0162 0.0411 0.3256 0.1766 0.0621 0.3536 0.0249 
        D479  5 0.0255 0.0262 0.0194 0.7591 0.0514 0.0597 0.0586 
        D485  5 0.7025 0.0261 0.0348 0.0385 0.0388 0.0931 0.0661 
        D486  5 0.5282 0.1515 0.0336 0.0628 0.0485 0.0798 0.0956 
        D487  5 0.0786 0.0380 0.2256 0.0882 0.3396 0.0570 0.1731 
        D555  5 0.0255 0.0182 0.0328 0.0440 0.8450 0.0169 0.0175 
        D556  5 0.1014 0.2564 0.3654 0.0285 0.0500 0.1430 0.0551 
        D557  5 0.0254 0.0701 0.0234 0.0471 0.7623 0.0356 0.0361 
        D564  5 0.1702 0.1395 0.0248 0.0714 0.1901 0.3697 0.0342 
        D594  5 0.0391 0.0405 0.0925 0.0897 0.2411 0.2149 0.2823 
        D595  5 0.1680 0.2176 0.0818 0.0741 0.2968 0.0925 0.0693 
        D596  5 0.0172 0.0280 0.0342 0.0302 0.8504 0.0205 0.0196 
        D597  5 0.0183 0.0463 0.2256 0.2815 0.2672 0.1224 0.0387 
        D598  5 0.1541 0.1016 0.1487 0.0416 0.3122 0.1313 0.1104 
        D617  5 0.1934 0.1367 0.0292 0.2087 0.0389 0.0234 0.3698 
        D618  5 0.0359 0.0847 0.1940 0.0523 0.5303 0.0622 0.0406 
        D619  5 0.0574 0.2778 0.0355 0.0602 0.3960 0.1458 0.0272 
        D620  5 0.0157 0.0521 0.0773 0.7012 0.0688 0.0300 0.0549 
        D628  5 0.2394 0.0532 0.0340 0.0481 0.0700 0.4913 0.0640 
        D714  5 0.2980 0.0452 0.2237 0.0727 0.1431 0.1479 0.0693 
        D715  5 0.0347 0.1122 0.1259 0.0672 0.5711 0.0611 0.0278 
        D716  5 0.0536 0.0251 0.1288 0.1052 0.1542 0.1000 0.4330 
        D717  5 0.0440 0.0976 0.3367 0.0579 0.2559 0.1167 0.0913 
        D718  5 0.7849 0.0146 0.0209 0.0220 0.0415 0.0203 0.0957 
        D769  5 0.0509 0.0283 0.0269 0.1008 0.0418 0.0389 0.7125 
        D770  5 0.5384 0.0613 0.0315 0.1192 0.0362 0.1806 0.0328 
        D771  5 0.1850 0.1069 0.2764 0.1102 0.0737 0.1326 0.1153 
        D772  5 0.0578 0.3029 0.1184 0.0331 0.1199 0.2714 0.0964 
        D782  5 0.0765 0.5077 0.2212 0.0810 0.0326 0.0505 0.0305 
        D783  5 0.1009 0.0294 0.0678 0.4393 0.1590 0.1603 0.0432 
        D784  5 0.0273 0.0869 0.2901 0.0573 0.0621 0.4152 0.0612 
        D785  5 0.0556 0.3009 0.0240 0.0210 0.4866 0.0782 0.0338 
        D786  5 0.0455 0.0983 0.0311 0.1357 0.0661 0.1366 0.4868 
        D821  5 0.0317 0.0678 0.1085 0.0169 0.7204 0.0357 0.0189 
        D822  5 0.0619 0.0908 0.1615 0.2228 0.1507 0.2417 0.0707 
        D826  5 0.0664 0.1000 0.1532 0.1335 0.3311 0.0692 0.1466 
        D827  5 0.1381 0.0308 0.0792 0.1075 0.0363 0.5391 0.0691 
        D851  5 0.0516 0.5943 0.0415 0.0529 0.1204 0.0875 0.0517 
        D852  5 0.0923 0.0368 0.2076 0.0768 0.2837 0.1574 0.1453 
        D853  5 0.0700 0.1047 0.3934 0.0540 0.2379 0.0827 0.0572 
        D854  5 0.5029 0.0996 0.0814 0.1029 0.0342 0.1130 0.0660 
        D861  5 0.2801 0.1476 0.0503 0.1509 0.2237 0.0700 0.0774 
        D862  5 0.0542 0.1387 0.0804 0.0560 0.3335 0.2441 0.0930 
        D865  5 0.0979 0.1910 0.0923 0.0753 0.4544 0.0439 0.0452 
        D868  5 0.0566 0.0824 0.2211 0.0603 0.1977 0.1459 0.2360 
        D869  5 0.1734 0.3613 0.0205 0.0629 0.0208 0.0234 0.3377 
        D870  5 0.0492 0.1282 0.0356 0.2616 0.0192 0.4794 0.0267 
        D907  5 0.0337 0.0979 0.0523 0.0312 0.6892 0.0258 0.0700 
        D908  5 0.0932 0.0876 0.2867 0.1177 0.2456 0.0946 0.0747 
        D910  5 0.1009 0.0503 0.0631 0.1432 0.4871 0.0349 0.1205 
        D911  5 0.0412 0.0118 0.4864 0.0648 0.1838 0.0521 0.1598 
        D934  5 0.2880 0.0775 0.1163 0.1238 0.0404 0.2926 0.0613 
        D946  5 0.5255 0.0418 0.0810 0.0397 0.0350 0.1939 0.0830 
        D947  5 0.0517 0.2432 0.2723 0.0292 0.0225 0.1872 0.1940 
        D948  5 0.0142 0.8473 0.0259 0.0160 0.0617 0.0165 0.0184 
        D949  5 0.0208 0.8747 0.0176 0.0134 0.0313 0.0182 0.0239 
        D950  5 0.0341 0.0318 0.5251 0.0783 0.1523 0.0968 0.0816 
        D951  5 0.0896 0.3687 0.0348 0.1372 0.0410 0.2627 0.0660 
        D952  5 0.0262 0.1374 0.2331 0.0457 0.2092 0.1427 0.2057 
        D953  5 0.0780 0.1746 0.1645 0.0242 0.4922 0.0421 0.0244 
        D954  5 0.0305 0.5653 0.0494 0.0373 0.1759 0.1164 0.0253 
        D961  5 0.7873 0.0200 0.0202 0.0205 0.0347 0.0959 0.0214 
        D962  5 0.1011 0.0971 0.0294 0.0171 0.3514 0.3449 0.0590 
        D963  5 0.0610 0.0596 0.1447 0.0992 0.3434 0.2395 0.0527 
        D964  5 0.4842 0.0899 0.1662 0.0573 0.0288 0.1189 0.0547 
        D965  5 0.1693 0.0744 0.0707 0.1375 0.0601 0.3912 0.0967 
        D966  5 0.0348 0.0995 0.1472 0.0827 0.1421 0.3049 0.1887 
        D967  5 0.0451 0.0818 0.3423 0.2903 0.1366 0.0764 0.0276 
        D991  5 0.0749 0.0354 0.0598 0.0282 0.1471 0.1229 0.5317 
        D132  8 0.0973 0.0950 0.0314 0.0187 0.0291 0.0329 0.6957 
        D133  8 0.0199 0.0178 0.0414 0.8238 0.0221 0.0217 0.0532 
        D200  8 0.4794 0.0156 0.2891 0.0376 0.0587 0.0444 0.0751 
        D500  8 0.1164 0.1170 0.0262 0.0141 0.0296 0.0262 0.6705 
        D614  8 0.1691 0.0503 0.1840 0.0319 0.3133 0.0977 0.1538 
        D723  8 0.3889 0.0680 0.0403 0.1472 0.0664 0.0426 0.2465 
        D888  8 0.0316 0.0187 0.8302 0.0226 0.0208 0.0425 0.0336 
        D901  8 0.8684 0.0178 0.0251 0.0189 0.0224 0.0221 0.0253 
        D902  8 0.2395 0.0520 0.0648 0.0555 0.4989 0.0469 0.0423 
        D903  8 0.0508 0.2579 0.0630 0.1119 0.1515 0.2194 0.1456 
        D904  8 0.0359 0.2012 0.0916 0.0807 0.0734 0.3560 0.1613 
        D905  8 0.0396 0.0143 0.8020 0.0169 0.0681 0.0187 0.0404 
        D906  8 0.0329 0.0723 0.1020 0.4272 0.0405 0.2415 0.0835 
        D937  8 0.1199 0.0192 0.0275 0.0259 0.7773 0.0137 0.0165 
        D943  8 0.0775 0.0730 0.4954 0.0414 0.0290 0.1252 0.1585 
        D972  8 0.7606 0.0157 0.0192 0.0476 0.0260 0.0189 0.1121 
        D973  8 0.3898 0.0941 0.0376 0.1129 0.0450 0.1055 0.2151 
        D974  8 0.1727 0.1510 0.1345 0.2130 0.0801 0.0443 0.2045 
        D975  8 0.3452 0.0176 0.3056 0.0933 0.0940 0.0752 0.0691 
        D976  8 0.3095 0.0933 0.2139 0.0763 0.0970 0.0789 0.1311 
        D142 10 0.2149 0.0498 0.1001 0.2367 0.0792 0.2553 0.0640 
        D143 10 0.0524 0.0345 0.0224 0.7538 0.0557 0.0375 0.0436 
        D144 10 0.0803 0.3163 0.0845 0.1217 0.0566 0.2953 0.0453 
        D145 10 0.0308 0.0332 0.6279 0.0242 0.0234 0.0321 0.2283 
        D146 10 0.4744 0.1899 0.0183 0.0427 0.0449 0.1159 0.1139 
        D147 10 0.7558 0.0192 0.0228 0.0423 0.0251 0.1073 0.0275 
        D148 10 0.1835 0.0594 0.0237 0.1090 0.0321 0.5698 0.0225 
        D149 10 0.0276 0.1084 0.2111 0.4851 0.0454 0.0674 0.0549 
        D151 10 0.2277 0.0565 0.1701 0.1333 0.1282 0.2379 0.0462 
        D152 10 0.1367 0.0207 0.1561 0.6157 0.0131 0.0359 0.0219 
        D153 10 0.1852 0.2401 0.0677 0.0380 0.0471 0.1628 0.2591 
        D156 10 0.0441 0.0528 0.0292 0.0593 0.0326 0.7096 0.0724 
        D157 10 0.1290 0.2441 0.0495 0.0349 0.3477 0.0646 0.1303 
        D158 10 0.6825 0.0248 0.1589 0.0236 0.0345 0.0338 0.0420 
        D159 10 0.0154 0.0432 0.0290 0.7533 0.0486 0.0363 0.0743 
        D160 10 0.0286 0.0168 0.7862 0.0115 0.1341 0.0108 0.0119 
        D161 10 0.0515 0.4236 0.0639 0.1329 0.0544 0.2250 0.0488 
        D162 10 0.0347 0.0767 0.0497 0.0549 0.0507 0.6895 0.0438 
        D169 10 0.0630 0.1733 0.2929 0.0347 0.0337 0.0490 0.3535 
        D170 10 0.0526 0.1315 0.0267 0.0242 0.0368 0.1146 0.6137 
        D171 10 0.2481 0.1496 0.0125 0.0313 0.0469 0.4473 0.0642 
        D172 10 0.4015 0.0206 0.0266 0.0313 0.0291 0.3570 0.1339 
        D173 10 0.0492 0.0241 0.0686 0.7271 0.0169 0.0523 0.0617 
        D181 10 0.1985 0.0881 0.0476 0.0819 0.1593 0.3836 0.0411 
        D182 10 0.0715 0.1399 0.2020 0.1713 0.0539 0.2240 0.1374 
        D183 10 0.0239 0.1491 0.2201 0.0193 0.4785 0.0204 0.0887 
        D184 10 0.0221 0.4684 0.0127 0.0211 0.0131 0.0382 0.4242 
        D185 10 0.0965 0.2712 0.0499 0.0562 0.0218 0.4656 0.0387 
        D186 10 0.1400 0.0582 0.0508 0.0368 0.0194 0.0213 0.6736 
        D194 10 0.1973 0.1260 0.0626 0.2432 0.0745 0.1020 0.1945 
        D195 10 0.0344 0.1493 0.1898 0.2051 0.0936 0.1759 0.1519 
        D196 10 0.0231 0.0481 0.1716 0.2805 0.1338 0.2251 0.1178 
        D197 10 0.0406 0.2984 0.0429 0.1037 0.0536 0.0337 0.4270 
        D198 10 0.0369 0.7079 0.0681 0.0240 0.0329 0.1010 0.0291 
     D237226 10 0.0485 0.2457 0.4718 0.0892 0.0218 0.1026 0.0204 
     D237232 10 0.1938 0.0539 0.4668 0.0837 0.1079 0.0338 0.0601 
     D237233 10 0.4339 0.0475 0.1260 0.1506 0.0887 0.0983 0.0549 
     D237234 10 0.2316 0.0670 0.1226 0.0408 0.1647 0.2267 0.1467 
     D237354 10 0.0184 0.0182 0.8475 0.0292 0.0367 0.0255 0.0246 
     D237355 10 0.0198 0.0214 0.8813 0.0149 0.0279 0.0196 0.0150 
     D237356 10 0.0129 0.8482 0.0209 0.0141 0.0382 0.0251 0.0407 
     D237357 10 0.1905 0.0639 0.0340 0.4024 0.0524 0.0766 0.1801 
     D237358 10 0.0131 0.4325 0.0302 0.1384 0.0429 0.1163 0.2266 
     D237369 10 0.6878 0.0291 0.0160 0.0417 0.0171 0.0723 0.1358 
     D237370 10 0.0805 0.2315 0.0722 0.2689 0.2520 0.0556 0.0392 
     D237371 10 0.0353 0.4545 0.0486 0.0662 0.0286 0.2738 0.0929 
     D237372 10 0.0314 0.0417 0.1068 0.3958 0.0404 0.0580 0.3259 
     D237373 10 0.5002 0.0336 0.1964 0.0471 0.0607 0.1135 0.0484 
     D237374 10 0.0389 0.0322 0.7270 0.0189 0.1019 0.0378 0.0435 
     D237375 10 0.0748 0.0801 0.0841 0.4827 0.0439 0.1884 0.0461 
     D237400 10 0.0417 0.0210 0.0416 0.7580 0.0272 0.0466 0.0639 
     D244002 10 0.0725 0.0286 0.0322 0.0815 0.0251 0.4140 0.3462 
     D244003 10 0.0921 0.0173 0.4303 0.0445 0.3495 0.0241 0.0423 
     D244004 10 0.0905 0.0362 0.1444 0.0134 0.6862 0.0123 0.0169 
     D244005 10 0.0204 0.0729 0.7614 0.0228 0.0253 0.0168 0.0803 
     D244020 10 0.1836 0.3455 0.0907 0.0619 0.0906 0.1678 0.0600 
     D244021 10 0.4733 0.0374 0.0284 0.1207 0.0583 0.0296 0.2523 
     D244116 10 0.3732 0.0585 0.0399 0.0448 0.0340 0.2502 0.1995 
     D244117 10 0.0499 0.0299 0.2291 0.0487 0.5444 0.0647 0.0333 
     D244121 10 0.1172 0.0581 0.0811 0.0921 0.5252 0.0328 0.0934 
     D244123 10 0.2416 0.0312 0.3586 0.0660 0.1090 0.1254 0.0681 
     D244124 10 0.0778 0.0392 0.0534 0.2197 0.1211 0.0427 0.4462 
        D332 10 0.2035 0.1251 0.0352 0.1955 0.0774 0.2226 0.1409 
        D570 10 0.0908 0.0582 0.0441 0.0477 0.3966 0.3184 0.0442 
        D602 10 0.0452 0.1153 0.0335 0.0771 0.0758 0.4947 0.1584 
        D603 10 0.5268 0.0364 0.0550 0.2056 0.0877 0.0615 0.0270 
        D604 10 0.0230 0.0425 0.1049 0.2400 0.0580 0.4240 0.1076 
        D605 10 0.1955 0.0474 0.4046 0.0978 0.0292 0.1877 0.0379 
        D606 10 0.0280 0.2938 0.0611 0.0304 0.2175 0.0252 0.3440 
        D607 10 0.0371 0.0461 0.0787 0.0865 0.0275 0.6826 0.0414 
        D608 10 0.0152 0.0183 0.0149 0.8847 0.0115 0.0409 0.0144 
        D609 10 0.0543 0.5044 0.0722 0.0221 0.2079 0.0644 0.0746 
        D610 10 0.0292 0.0722 0.5405 0.0186 0.1205 0.1011 0.1179 
        D611 10 0.0755 0.0328 0.0610 0.0171 0.7633 0.0233 0.0269 
        D613 10 0.1257 0.1719 0.0735 0.0326 0.0456 0.5023 0.0483 
        D633 10 0.0363 0.1209 0.0294 0.1650 0.0253 0.5823 0.0409 
        D634 10 0.1037 0.3411 0.0465 0.0608 0.0526 0.3305 0.0647 
        D638 10 0.0410 0.0350 0.1057 0.5826 0.0453 0.0351 0.1553 
        D681 10 0.2466 0.1017 0.0244 0.0456 0.0512 0.2426 0.2878 
        D754 10 0.7638 0.0213 0.0386 0.0279 0.0568 0.0228 0.0689 
        D755 10 0.1178 0.0318 0.1204 0.2097 0.4778 0.0201 0.0225 
        D756 10 0.5214 0.0357 0.1022 0.0512 0.1270 0.0528 0.1097 
        D757 10 0.0299 0.1181 0.4222 0.1445 0.1387 0.0770 0.0696 
        D758 10 0.1123 0.1384 0.0922 0.0988 0.1275 0.1678 0.2631 
        D759 10 0.0397 0.0766 0.2877 0.0880 0.4160 0.0716 0.0204 
        D760 10 0.0645 0.1118 0.3181 0.0615 0.1162 0.1341 0.1937 
        D761 10 0.0241 0.0159 0.8047 0.0649 0.0332 0.0170 0.0402 
        D762 10 0.0218 0.3875 0.0338 0.0735 0.0299 0.4145 0.0390 
        D775 10 0.0789 0.0601 0.2402 0.0261 0.5491 0.0203 0.0253 
        D776 10 0.0675 0.0406 0.6285 0.1338 0.0519 0.0307 0.0470 
        D777 10 0.0489 0.0932 0.4730 0.0330 0.2818 0.0415 0.0286 
        D778 10 0.2521 0.1512 0.4170 0.1023 0.0295 0.0244 0.0234 
        D779 10 0.5609 0.0178 0.0319 0.0233 0.0634 0.0588 0.2440 
        D780 10 0.1077 0.0436 0.1365 0.1247 0.0675 0.2798 0.2402 
        D781 10 0.0727 0.0499 0.0259 0.1620 0.0711 0.4326 0.1858 
        D858 10 0.0536 0.6834 0.1184 0.0444 0.0205 0.0343 0.0454 
        D933 10 0.0150 0.4295 0.3406 0.0567 0.0364 0.0879 0.0337 
        D038 11 0.1359 0.0966 0.4232 0.0487 0.0611 0.1675 0.0670 
        D063 11 0.0311 0.0183 0.0835 0.0296 0.0690 0.0425 0.7261 
        D155 11 0.0982 0.0759 0.4353 0.0805 0.1612 0.0821 0.0668 
        D175 11 0.5520 0.0291 0.0417 0.0393 0.0907 0.0479 0.1993 
        D176 11 0.2442 0.0299 0.0595 0.4550 0.1056 0.0365 0.0692 
        D205 11 0.1062 0.0313 0.0482 0.0221 0.6696 0.0282 0.0945 
     D237229 11 0.0512 0.0422 0.3579 0.1178 0.0347 0.2985 0.0978 
     D237230 11 0.1655 0.0424 0.0218 0.5511 0.0308 0.0924 0.0961 
     D237231 11 0.0652 0.0325 0.0600 0.1761 0.0561 0.3771 0.2330 
     D237269 11 0.0483 0.1005 0.1736 0.2510 0.0568 0.2573 0.1125 
     D237270 11 0.2647 0.3739 0.0573 0.1454 0.0362 0.0895 0.0330 
     D237271 11 0.1599 0.0483 0.0708 0.0888 0.1901 0.2748 0.1673 
     D237272 11 0.1778 0.1960 0.0518 0.0852 0.0668 0.0400 0.3825 
     D237273 11 0.1451 0.0262 0.1093 0.0446 0.3170 0.0458 0.3120 
     D237301 11 0.0623 0.0502 0.0317 0.0641 0.2307 0.2240 0.3369 
     D237302 11 0.0257 0.0963 0.0349 0.0368 0.0240 0.0428 0.7394 
     D237303 11 0.3588 0.0946 0.0291 0.2991 0.0189 0.1354 0.0641 
     D237304 11 0.1878 0.1113 0.0620 0.1040 0.1382 0.1830 0.2138 
     D237305 11 0.1305 0.0452 0.2664 0.0410 0.3627 0.0543 0.0999 
     D237314 11 0.2571 0.0555 0.1761 0.0291 0.2226 0.1750 0.0845 
     D237315 11 0.2995 0.2463 0.1111 0.0350 0.0248 0.1357 0.1476 
     D237316 11 0.0216 0.1247 0.0257 0.0416 0.1348 0.5100 0.1416 
     D237328 11 0.2717 0.2291 0.0536 0.0376 0.0523 0.1243 0.2313 
     D237329 11 0.0234 0.4688 0.2526 0.1401 0.0500 0.0294 0.0356 
     D237330 11 0.2124 0.0223 0.0739 0.0676 0.4748 0.0795 0.0695 
     D237331 11 0.0644 0.1218 0.3076 0.0469 0.1242 0.2068 0.1284 
     D237332 11 0.0345 0.0376 0.1069 0.0326 0.0923 0.0920 0.6043 
     D237333 11 0.0371 0.0447 0.4038 0.1411 0.1885 0.1132 0.0715 
     D237334 11 0.0302 0.2610 0.0335 0.0688 0.0949 0.3164 0.1952 
     D237335 11 0.1449 0.0239 0.0697 0.0450 0.3502 0.1317 0.2346 
     D237336 11 0.0496 0.0403 0.6807 0.0317 0.0470 0.0637 0.0870 
     D237350 11 0.0285 0.0249 0.0305 0.0720 0.5172 0.1723 0.1545 
     D237383 11 0.1500 0.0592 0.4130 0.0741 0.0542 0.0706 0.1788 
     D237384 11 0.0312 0.3043 0.2844 0.0257 0.0349 0.2877 0.0317 
     D237385 11 0.1227 0.0703 0.1378 0.1275 0.1377 0.1035 0.3005 
     D237386 11 0.1680 0.0852 0.0645 0.3109 0.1102 0.1870 0.0741 
     D237387 11 0.0249 0.0510 0.0289 0.0253 0.0807 0.1127 0.6766 
     D237388 11 0.1755 0.0570 0.0493 0.0505 0.3391 0.2803 0.0483 
        D239 11 0.0577 0.1382 0.4948 0.0404 0.0795 0.1341 0.0554 
        D240 11 0.0145 0.0245 0.8535 0.0242 0.0284 0.0267 0.0281 
        D241 11 0.0238 0.0252 0.7079 0.0374 0.0437 0.0935 0.0686 
        D242 11 0.1167 0.0716 0.2053 0.1075 0.0881 0.3442 0.0667 
        D243 11 0.0339 0.1038 0.5507 0.0382 0.1780 0.0419 0.0536 
        D244 11 0.0214 0.0833 0.1763 0.0286 0.6119 0.0334 0.0451 
        D245 11 0.2348 0.0353 0.0389 0.0390 0.0186 0.0560 0.5774 
        D246 11 0.5293 0.0581 0.0923 0.0405 0.0874 0.0895 0.1029 
        D247 11 0.1609 0.0611 0.2707 0.0555 0.0900 0.3201 0.0415 
        D248 11 0.0416 0.1820 0.0663 0.4572 0.0756 0.0956 0.0817 
        D249 11 0.6694 0.0729 0.0379 0.0196 0.0446 0.1103 0.0453 
        D250 11 0.0949 0.0578 0.0373 0.3765 0.2842 0.1141 0.0352 
        D251 11 0.2467 0.3156 0.0981 0.0284 0.0859 0.1124 0.1129 
        D252 11 0.1088 0.5664 0.0168 0.0241 0.0319 0.0608 0.1911 
        D253 11 0.2469 0.0193 0.1777 0.0704 0.1101 0.0754 0.3002 
        D254 11 0.0734 0.0452 0.0254 0.6063 0.0279 0.0278 0.1940 
        D255 11 0.3133 0.1376 0.0430 0.1391 0.1377 0.1332 0.0961 
        D256 11 0.0366 0.1576 0.5131 0.0379 0.0755 0.1116 0.0676 
        D257 11 0.2268 0.3731 0.1028 0.0699 0.0860 0.0992 0.0421 
        D258 11 0.0189 0.8810 0.0151 0.0149 0.0203 0.0307 0.0191 
        D259 11 0.1834 0.0884 0.0648 0.1059 0.0261 0.1816 0.3498 
        D260 11 0.2706 0.0362 0.0540 0.1166 0.0810 0.2409 0.2007 
        D261 11 0.1363 0.0463 0.0862 0.0329 0.0441 0.4981 0.1561 
        D262 11 0.1737 0.1190 0.0496 0.0764 0.0578 0.0674 0.4561 
        D263 11 0.0715 0.1867 0.0407 0.0321 0.3050 0.2685 0.0955 
        D264 11 0.1846 0.0183 0.0177 0.0840 0.0564 0.0464 0.5926 
        D265 11 0.1602 0.0494 0.1094 0.4652 0.0865 0.0615 0.0677 
        D266 11 0.0521 0.0781 0.1304 0.1575 0.2343 0.3084 0.0393 
        D267 11 0.1383 0.0723 0.1802 0.0352 0.2170 0.2717 0.0852 
        D268 11 0.0802 0.0524 0.1705 0.0519 0.5288 0.0796 0.0365 
        D269 11 0.0368 0.2081 0.0430 0.0194 0.1502 0.4357 0.1067 
