        D023  2 0.0216 0.0196 0.0128 0.0826 0.0147 0.0139 0.0120 0.0142 0.8085 
        D130  2 0.0145 0.0957 0.0535 0.0597 0.0618 0.1493 0.0107 0.0156 0.5392 
        D131  2 0.0513 0.0529 0.1009 0.3042 0.2514 0.0905 0.0321 0.0766 0.0401 
        D163  2 0.0222 0.0171 0.2147 0.0333 0.0185 0.0188 0.0545 0.0550 0.5657 
        D164  2 0.0201 0.5627 0.0117 0.0184 0.3371 0.0132 0.0103 0.0100 0.0164 
        D165  2 0.0328 0.0351 0.0137 0.0217 0.0145 0.0111 0.0107 0.0239 0.8365 
        D166  2 0.0576 0.0304 0.0336 0.0277 0.0700 0.7167 0.0108 0.0218 0.0314 
        D167  2 0.0105 0.8037 0.0112 0.0187 0.0160 0.0846 0.0282 0.0150 0.0120 
        D192  2 0.0113 0.9081 0.0086 0.0086 0.0080 0.0139 0.0154 0.0160 0.0100 
        D193  2 0.0393 0.0204 0.1067 0.0776 0.0192 0.4622 0.2025 0.0518 0.0203 
        D206  2 0.0239 0.1696 0.1451 0.4749 0.0346 0.0480 0.0169 0.0216 0.0654 
        D207  2 0.0199 0.3537 0.1536 0.0398 0.0358 0.2285 0.0151 0.1288 0.0248 
        D208  2 0.0620 0.0453 0.0419 0.0402 0.0226 0.0650 0.2472 0.3116 0.1643 
        D209  2 0.0951 0.6723 0.0254 0.0256 0.0275 0.0528 0.0205 0.0166 0.0642 
        D210  2 0.0443 0.0836 0.0723 0.0267 0.0182 0.0286 0.5025 0.1965 0.0272 
     D229599  2 0.0956 0.0291 0.0302 0.2792 0.0338 0.1192 0.0370 0.1820 0.1940 
     D229600  2 0.0207 0.5421 0.0321 0.0236 0.0468 0.0957 0.0200 0.0313 0.1878 
     D237227  2 0.0251 0.0298 0.0155 0.0395 0.2400 0.0325 0.3400 0.0820 0.1956 
     D237228  2 0.0164 0.0233 0.0359 0.0108 0.6812 0.0319 0.1524 0.0351 0.0130 
     D237258  2 0.1542 0.1275 0.0323 0.0786 0.0932 0.1031 0.0276 0.1931 0.1904 
     D237310  2 0.0177 0.0186 0.0162 0.0076 0.8318 0.0606 0.0226 0.0136 0.0112 
     D237311  2 0.0143 0.1045 0.0224 0.0124 0.7577 0.0369 0.0204 0.0149 0.0164 
     D237312  2 0.0749 0.0182 0.0830 0.0170 0.5793 0.1255 0.0374 0.0155 0.0492 
     D237313  2 0.0419 0.0176 0.0688 0.5822 0.0821 0.0421 0.0555 0.0313 0.0785 
     D237322  2 0.0814 0.0691 0.0357 0.0311 0.1674 0.2513 0.1001 0.1796 0.0843 
     D237323  2 0.0216 0.0132 0.0114 0.0114 0.7213 0.0633 0.0710 0.0624 0.0244 
     D237324  2 0.0240 0.5504 0.0502 0.0373 0.0301 0.0594 0.0195 0.0846 0.1446 
     D237325  2 0.0319 0.0856 0.1943 0.0198 0.3957 0.1239 0.0773 0.0223 0.0493 
     D237326  2 0.0319 0.0435 0.0743 0.0500 0.6559 0.0273 0.0587 0.0252 0.0331 
     D237327  2 0.0862 0.0789 0.0257 0.0178 0.0268 0.0467 0.0254 0.5023 0.1903 
     D237337  2 0.0134 0.0082 0.0154 0.0216 0.8738 0.0165 0.0231 0.0094 0.0185 
     D237338  2 0.0437 0.0398 0.1244 0.0296 0.2112 0.0772 0.1127 0.0826 0.2788 
     D237339  2 0.1316 0.4737 0.0949 0.0806 0.0170 0.0939 0.0183 0.0341 0.0559 
     D237340  2 0.0462 0.1487 0.0460 0.0216 0.4182 0.1194 0.1045 0.0549 0.0406 
     D237389  2 0.0239 0.0289 0.0978 0.0123 0.7081 0.0804 0.0138 0.0140 0.0208 
     D237390  2 0.0477 0.0118 0.1913 0.0409 0.4187 0.1643 0.0463 0.0494 0.0294 
     D244017  2 0.0176 0.1973 0.0135 0.0492 0.0282 0.5158 0.1165 0.0388 0.0231 
     D244112  2 0.0191 0.7425 0.0510 0.0112 0.0274 0.0828 0.0208 0.0131 0.0321 
     D244118  2 0.0150 0.7729 0.0129 0.0109 0.0126 0.0325 0.0207 0.0134 0.1089 
     D244119  2 0.0123 0.3002 0.0134 0.0159 0.0302 0.0270 0.5589 0.0292 0.0129 
     D244120  2 0.1150 0.1879 0.0778 0.0148 0.0636 0.4287 0.0531 0.0402 0.0190 
     D244122  2 0.0392 0.6947 0.0359 0.0179 0.0137 0.0686 0.0412 0.0220 0.0669 
        D291  2 0.0106 0.0414 0.0231 0.0723 0.0245 0.0856 0.0126 0.6796 0.0501 
        D292  2 0.0486 0.1423 0.0471 0.2601 0.0319 0.1158 0.1174 0.1864 0.0503 
        D293  2 0.0132 0.6796 0.2104 0.0353 0.0130 0.0125 0.0110 0.0146 0.0105 
        D322  2 0.0347 0.7975 0.0369 0.0354 0.0182 0.0284 0.0105 0.0220 0.0163 
        D323  2 0.0550 0.1968 0.0648 0.3193 0.0401 0.2227 0.0477 0.0263 0.0274 
        D324  2 0.0283 0.0386 0.0889 0.1656 0.1398 0.0518 0.0377 0.4177 0.0316 
        D325  2 0.0181 0.3646 0.5176 0.0215 0.0116 0.0119 0.0089 0.0313 0.0145 
        D326  2 0.0112 0.0080 0.0111 0.9068 0.0109 0.0121 0.0142 0.0148 0.0108 
        D340  2 0.0165 0.8655 0.0330 0.0133 0.0128 0.0109 0.0145 0.0215 0.0120 
        D341  2 0.0148 0.5290 0.2201 0.0283 0.0608 0.0314 0.0586 0.0246 0.0325 
        D342  2 0.0205 0.6457 0.0547 0.0279 0.0384 0.1008 0.0159 0.0433 0.0528 
        D343  2 0.0118 0.8438 0.0827 0.0090 0.0086 0.0098 0.0091 0.0155 0.0097 
        D344  2 0.4390 0.0513 0.0400 0.2715 0.0442 0.0946 0.0150 0.0155 0.0289 
        D345  2 0.1999 0.0599 0.0275 0.3875 0.0528 0.0516 0.0318 0.0990 0.0900 
        D346  2 0.1613 0.1182 0.0577 0.0966 0.1196 0.0337 0.3273 0.0499 0.0356 
        D351  2 0.0285 0.0289 0.1680 0.2935 0.0900 0.1645 0.0152 0.1814 0.0299 
        D352  2 0.5725 0.0795 0.0247 0.0649 0.0712 0.0652 0.0627 0.0272 0.0321 
        D353  2 0.3530 0.0287 0.0343 0.3413 0.0376 0.1293 0.0115 0.0317 0.0326 
        D354  2 0.6190 0.0156 0.0127 0.2240 0.0176 0.0351 0.0337 0.0159 0.0264 
        D362  2 0.0173 0.0245 0.0273 0.6287 0.0479 0.0265 0.0244 0.0290 0.1746 
        D363  2 0.0347 0.0201 0.0181 0.7167 0.0483 0.0205 0.0229 0.0276 0.0912 
        D364  2 0.3619 0.0146 0.0178 0.4702 0.0183 0.0218 0.0311 0.0137 0.0506 
        D365  2 0.0156 0.8793 0.0240 0.0167 0.0133 0.0115 0.0153 0.0130 0.0112 
        D369  2 0.0212 0.0996 0.1090 0.1076 0.3616 0.0624 0.1590 0.0443 0.0353 
        D374  2 0.0407 0.0113 0.0373 0.0425 0.0159 0.2826 0.5420 0.0158 0.0119 
        D375  2 0.7357 0.0132 0.0169 0.1216 0.0204 0.0353 0.0117 0.0113 0.0337 
        D376  2 0.0819 0.0336 0.0298 0.0354 0.0232 0.1932 0.5573 0.0167 0.0288 
        D377  2 0.1331 0.0455 0.0796 0.1294 0.3653 0.0857 0.0535 0.0409 0.0670 
        D378  2 0.1243 0.5047 0.0172 0.1471 0.0264 0.0214 0.0180 0.0654 0.0755 
        D379  2 0.0189 0.0185 0.0402 0.8209 0.0192 0.0245 0.0190 0.0205 0.0183 
        D384  2 0.0121 0.0087 0.0179 0.8852 0.0216 0.0094 0.0224 0.0110 0.0117 
        D385  2 0.0857 0.7841 0.0163 0.0199 0.0194 0.0173 0.0215 0.0143 0.0215 
        D386  2 0.5427 0.0547 0.0230 0.2610 0.0162 0.0404 0.0142 0.0197 0.0281 
        D391  2 0.0300 0.8484 0.0197 0.0216 0.0207 0.0171 0.0143 0.0149 0.0133 
        D392  2 0.0159 0.6740 0.0173 0.0700 0.1097 0.0430 0.0250 0.0228 0.0224 
        D393  2 0.2470 0.1017 0.0435 0.3391 0.0310 0.0160 0.0248 0.1508 0.0460 
        D394  2 0.1579 0.1052 0.1012 0.0655 0.0944 0.2572 0.0572 0.0526 0.1089 
        D395  2 0.3573 0.4501 0.0242 0.0172 0.0170 0.0396 0.0166 0.0263 0.0519 
        D401  2 0.0095 0.0134 0.0190 0.0101 0.8837 0.0138 0.0182 0.0140 0.0184 
        D402  2 0.0456 0.8133 0.0220 0.0271 0.0182 0.0155 0.0163 0.0286 0.0134 
        D403  2 0.3067 0.0368 0.0343 0.3796 0.0248 0.0567 0.0162 0.0173 0.1275 
        D415  2 0.0510 0.0279 0.1419 0.2916 0.2503 0.0738 0.0112 0.0160 0.1362 
        D435  2 0.0758 0.2987 0.2444 0.1405 0.0603 0.0240 0.0166 0.0940 0.0455 
        D436  2 0.1226 0.0224 0.5541 0.0440 0.0273 0.1258 0.0456 0.0185 0.0398 
        D438  2 0.0118 0.8935 0.0226 0.0108 0.0084 0.0117 0.0154 0.0126 0.0133 
        D439  2 0.3126 0.1589 0.0250 0.2041 0.0176 0.0614 0.0163 0.0339 0.1701 
        D449  2 0.0180 0.2755 0.5722 0.0409 0.0238 0.0179 0.0239 0.0127 0.0151 
        D450  2 0.1355 0.0189 0.0569 0.2170 0.2020 0.1203 0.0697 0.0626 0.1171 
        D456  2 0.0168 0.0098 0.0273 0.8344 0.0123 0.0339 0.0085 0.0410 0.0160 
        D462  2 0.0350 0.8485 0.0178 0.0255 0.0123 0.0189 0.0095 0.0129 0.0196 
        D463  2 0.0135 0.0078 0.0131 0.9013 0.0104 0.0141 0.0184 0.0106 0.0108 
        D464  2 0.4493 0.1166 0.0340 0.0904 0.0445 0.1961 0.0307 0.0178 0.0207 
        D465  2 0.0252 0.3305 0.2601 0.0535 0.2472 0.0307 0.0117 0.0165 0.0245 
        D473  2 0.1731 0.0321 0.0213 0.0328 0.3382 0.0510 0.2400 0.0619 0.0495 
        D474  2 0.0669 0.0380 0.0505 0.3702 0.0527 0.0199 0.0735 0.2383 0.0898 
        D476  2 0.1593 0.1409 0.0176 0.0466 0.0163 0.0254 0.0117 0.0322 0.5501 
        D477  2 0.4283 0.0273 0.0181 0.2986 0.0819 0.0276 0.0276 0.0602 0.0304 
        D478  2 0.0565 0.0661 0.0260 0.2297 0.0445 0.2823 0.0503 0.0828 0.1618 
        D480  2 0.2454 0.1892 0.0565 0.2365 0.0279 0.0407 0.1067 0.0680 0.0290 
        D481  2 0.2126 0.0677 0.0140 0.3755 0.0508 0.0710 0.0888 0.0759 0.0437 
        D482  2 0.3123 0.0254 0.0345 0.0530 0.0618 0.0870 0.1175 0.2580 0.0505 
        D483  2 0.0097 0.8596 0.0077 0.0168 0.0145 0.0168 0.0383 0.0188 0.0177 
        D484  2 0.8589 0.0295 0.0106 0.0124 0.0112 0.0211 0.0197 0.0230 0.0136 
        D510  2 0.0274 0.0231 0.1058 0.0290 0.0280 0.1123 0.5066 0.1489 0.0188 
        D511  2 0.5130 0.2158 0.0258 0.0903 0.0331 0.0275 0.0200 0.0360 0.0386 
        D512  2 0.0198 0.0430 0.0198 0.0164 0.8379 0.0225 0.0077 0.0117 0.0211 
        D513  2 0.0229 0.3214 0.3271 0.1201 0.0558 0.0305 0.0467 0.0546 0.0209 
        D635  2 0.0257 0.0275 0.0249 0.4087 0.0366 0.0194 0.0152 0.0445 0.3976 
        D636  2 0.0163 0.0504 0.0159 0.0994 0.0467 0.0226 0.0169 0.0169 0.7149 
        D637  2 0.2195 0.1705 0.2504 0.0448 0.0912 0.0849 0.0518 0.0457 0.0412 
        D658  2 0.1404 0.4748 0.0251 0.0165 0.1098 0.0513 0.0750 0.0227 0.0844 
        D659  2 0.0361 0.0172 0.5690 0.1758 0.0173 0.0297 0.0400 0.0545 0.0604 
        D677  2 0.0296 0.0394 0.3342 0.2743 0.0928 0.0784 0.0204 0.0378 0.0930 
        D678  2 0.0286 0.7123 0.0173 0.0127 0.0203 0.1347 0.0150 0.0156 0.0436 
        D679  2 0.1069 0.0340 0.0621 0.5845 0.0266 0.0332 0.0610 0.0582 0.0335 
        D719  2 0.0229 0.1404 0.0856 0.1794 0.0671 0.0466 0.3675 0.0603 0.0303 
        D720  2 0.0130 0.0300 0.0551 0.7146 0.0342 0.0439 0.0451 0.0416 0.0225 
        D721  2 0.0201 0.0650 0.0215 0.0338 0.0127 0.0107 0.0236 0.0225 0.7902 
        D722  2 0.0476 0.0649 0.0610 0.0824 0.0448 0.2778 0.3596 0.0357 0.0260 
        D734  2 0.3690 0.2138 0.0566 0.0492 0.0217 0.0657 0.1678 0.0311 0.0250 
        D735  2 0.0958 0.1161 0.0187 0.3837 0.0983 0.0340 0.0591 0.0576 0.1366 
        D736  2 0.0881 0.0427 0.0943 0.0742 0.0668 0.0296 0.2273 0.3259 0.0511 
        D737  2 0.0488 0.5976 0.0171 0.0149 0.0293 0.0787 0.0403 0.0476 0.1258 
        D807  2 0.1422 0.0543 0.2321 0.0839 0.0886 0.0594 0.1679 0.1024 0.0691 
        D808  2 0.0233 0.1306 0.0268 0.0638 0.5368 0.1205 0.0197 0.0344 0.0441 
        D817  2 0.0258 0.0142 0.0490 0.6958 0.0534 0.0687 0.0185 0.0243 0.0503 
        D818  2 0.0510 0.1141 0.3036 0.1370 0.0263 0.0774 0.0211 0.1718 0.0976 
        D819  2 0.0479 0.0253 0.0204 0.1806 0.5679 0.0653 0.0243 0.0246 0.0437 
        D820  2 0.0293 0.0586 0.6485 0.1524 0.0145 0.0371 0.0195 0.0184 0.0218 
        D895  2 0.0465 0.0280 0.4057 0.1846 0.0500 0.0573 0.0548 0.0323 0.1409 
        D896  2 0.0111 0.0086 0.0165 0.0105 0.9076 0.0115 0.0158 0.0096 0.0088 
        D897  2 0.0246 0.5455 0.1622 0.0337 0.0513 0.0677 0.0345 0.0350 0.0454 
        D898  2 0.0404 0.0149 0.0203 0.0901 0.2494 0.2581 0.0250 0.2350 0.0669 
        D918  2 0.1099 0.0321 0.2268 0.0342 0.3168 0.0567 0.0904 0.0504 0.0828 
        D919  2 0.1920 0.2075 0.0518 0.2887 0.0194 0.1038 0.0205 0.0569 0.0594 
        D920  2 0.0294 0.1238 0.0869 0.0273 0.0369 0.0491 0.0421 0.0239 0.5805 
        D923  2 0.1243 0.0328 0.0298 0.6624 0.0370 0.0445 0.0125 0.0242 0.0325 
        D930  2 0.1145 0.0496 0.0499 0.4112 0.1487 0.0844 0.0867 0.0275 0.0273 
        D931  2 0.4183 0.1813 0.0468 0.0885 0.0747 0.0770 0.0226 0.0383 0.0526 
        D968  2 0.0188 0.8258 0.0320 0.0256 0.0140 0.0265 0.0139 0.0334 0.0100 
        D969  2 0.0748 0.0780 0.0815 0.2569 0.0588 0.0692 0.0654 0.2465 0.0687 
        D977  2 0.0323 0.4382 0.3539 0.0294 0.0312 0.0297 0.0135 0.0358 0.0361 
        D978  2 0.0347 0.1775 0.0271 0.1550 0.0234 0.1234 0.0312 0.3681 0.0597 
        D009  4 0.0158 0.0133 0.0734 0.0423 0.0288 0.0706 0.0200 0.0165 0.7193 
        D057  4 0.0334 0.2289 0.0212 0.0175 0.0113 0.0269 0.0206 0.0207 0.6195 
        D109  4 0.0239 0.0137 0.0301 0.0198 0.7853 0.0371 0.0411 0.0186 0.0304 
     D237222  4 0.0209 0.1503 0.0673 0.0277 0.0194 0.0744 0.1098 0.0222 0.5080 
     D237223  4 0.0380 0.0434 0.7202 0.0124 0.0403 0.0392 0.0634 0.0263 0.0169 
     D237224  4 0.1895 0.0900 0.0347 0.3543 0.0254 0.0835 0.0336 0.1425 0.0466 
     D237225  4 0.0183 0.0274 0.2200 0.0693 0.0275 0.0387 0.0333 0.0656 0.4999 
     D237299  4 0.0378 0.0276 0.0974 0.0382 0.6224 0.0955 0.0299 0.0318 0.0196 
     D237300  4 0.0315 0.0325 0.0334 0.0166 0.0238 0.0404 0.0397 0.7491 0.0330 
     D237306  4 0.0477 0.0195 0.4917 0.0259 0.0476 0.0450 0.2837 0.0158 0.0229 
     D237307  4 0.0174 0.0281 0.0899 0.3226 0.0417 0.0685 0.2735 0.0618 0.0966 
     D237308  4 0.0954 0.5335 0.0538 0.0481 0.0431 0.0371 0.0883 0.0357 0.0651 
     D237309  4 0.0410 0.0180 0.0396 0.0379 0.0226 0.0870 0.0124 0.0446 0.6970 
     D237317  4 0.0260 0.0212 0.0291 0.4272 0.0283 0.0694 0.0970 0.0814 0.2204 
     D237318  4 0.0172 0.0556 0.0287 0.0253 0.0180 0.0282 0.0175 0.7917 0.0177 
     D237319  4 0.0280 0.0427 0.0917 0.2127 0.2377 0.2543 0.0452 0.0346 0.0532 
     D237320  4 0.0151 0.0311 0.7939 0.0146 0.0323 0.0258 0.0158 0.0415 0.0298 
     D237321  4 0.0205 0.0469 0.0229 0.0749 0.0690 0.0668 0.0341 0.6129 0.0519 
     D237397  4 0.0122 0.0289 0.6460 0.0195 0.0150 0.0457 0.1546 0.0483 0.0298 
     D237398  4 0.0502 0.0396 0.0319 0.1093 0.0298 0.0349 0.0107 0.6679 0.0257 
     D237399  4 0.0243 0.0292 0.0964 0.1066 0.0711 0.1235 0.1980 0.2689 0.0819 
     D244001  4 0.0424 0.1085 0.0809 0.0173 0.0124 0.0883 0.0428 0.0183 0.5890 
        D289  4 0.1674 0.0827 0.1898 0.0515 0.0206 0.0335 0.2950 0.1007 0.0588 
        D290  4 0.0275 0.0282 0.0265 0.0255 0.0163 0.7452 0.0165 0.0749 0.0394 
        D294  4 0.2687 0.0480 0.0250 0.0747 0.0223 0.2766 0.0385 0.1191 0.1269 
        D295  4 0.0399 0.0196 0.3140 0.0538 0.1456 0.2341 0.0450 0.0467 0.1011 
        D301  4 0.0291 0.0378 0.0509 0.0398 0.0397 0.1544 0.0860 0.0749 0.4873 
        D302  4 0.6803 0.0170 0.0158 0.1102 0.0131 0.0567 0.0150 0.0154 0.0765 
        D303  4 0.1302 0.0296 0.0380 0.0175 0.0577 0.0513 0.6181 0.0221 0.0356 
        D304  4 0.0166 0.0200 0.0324 0.0815 0.0132 0.3805 0.0434 0.3639 0.0486 
        D305  4 0.2864 0.1595 0.0833 0.0247 0.0196 0.1305 0.0151 0.1079 0.1728 
        D306  4 0.0118 0.0221 0.0133 0.0214 0.0176 0.8479 0.0176 0.0258 0.0226 
        D307  4 0.0237 0.0154 0.0106 0.0100 0.0148 0.0147 0.0460 0.0307 0.8341 
        D327  4 0.0213 0.0426 0.1305 0.5736 0.0401 0.0663 0.0313 0.0495 0.0449 
        D328  4 0.4308 0.0240 0.0799 0.0260 0.0581 0.1485 0.1622 0.0323 0.0382 
        D329  4 0.2452 0.1693 0.0271 0.0395 0.0320 0.1383 0.0534 0.0644 0.2309 
        D330  4 0.0581 0.0528 0.4265 0.0917 0.0641 0.1809 0.0135 0.0146 0.0977 
        D331  4 0.0272 0.0261 0.0176 0.2158 0.0722 0.2509 0.0606 0.2619 0.0676 
        D333  4 0.0711 0.0671 0.2734 0.0320 0.0525 0.1863 0.0862 0.0513 0.1801 
        D334  4 0.0491 0.0181 0.0177 0.0314 0.0205 0.0541 0.5244 0.0749 0.2099 
        D335  4 0.1929 0.1187 0.0415 0.3957 0.0218 0.0851 0.0328 0.0170 0.0944 
        D370  4 0.1068 0.0430 0.0372 0.0740 0.0983 0.3711 0.1570 0.0290 0.0835 
        D371  4 0.0830 0.0228 0.0517 0.1247 0.0492 0.0690 0.5500 0.0255 0.0242 
        D372  4 0.0127 0.0446 0.0182 0.0193 0.0273 0.1567 0.0438 0.6526 0.0249 
        D373  4 0.0377 0.0212 0.0105 0.0259 0.0113 0.0183 0.0164 0.0299 0.8287 
        D455  4 0.0236 0.0180 0.0119 0.0175 0.0108 0.0256 0.0184 0.0261 0.8482 
        D490  4 0.0130 0.0089 0.0317 0.0091 0.0155 0.0152 0.0149 0.0128 0.8788 
        D497  4 0.0303 0.0096 0.0323 0.0125 0.0195 0.0228 0.0128 0.0338 0.8263 
        D498  4 0.0223 0.0399 0.0235 0.0936 0.1148 0.4215 0.1238 0.1192 0.0414 
        D499  4 0.1214 0.1728 0.0333 0.0610 0.4291 0.0787 0.0589 0.0312 0.0136 
        D514  4 0.1077 0.0228 0.0986 0.0847 0.1705 0.2981 0.0119 0.0586 0.1470 
        D515  4 0.0365 0.0171 0.7419 0.0243 0.0825 0.0525 0.0158 0.0140 0.0152 
        D516  4 0.0221 0.0613 0.4279 0.1024 0.0783 0.0880 0.0946 0.0451 0.0803 
        D517  4 0.0128 0.0126 0.0262 0.0204 0.0184 0.0375 0.0155 0.0571 0.7997 
        D518  4 0.0581 0.2171 0.0567 0.0367 0.0142 0.0439 0.0521 0.0139 0.5072 
        D519  4 0.0178 0.0147 0.8571 0.0185 0.0254 0.0147 0.0134 0.0235 0.0149 
        D560  4 0.0310 0.0414 0.6784 0.0667 0.0678 0.0411 0.0129 0.0333 0.0275 
        D561  4 0.0298 0.1298 0.0451 0.1815 0.2911 0.1472 0.0142 0.0183 0.1429 
        D562  4 0.0884 0.0742 0.0331 0.1307 0.0518 0.2552 0.0801 0.1245 0.1620 
        D563  4 0.2516 0.4236 0.0251 0.0527 0.0416 0.0374 0.0143 0.0536 0.1000 
        D572  4 0.5077 0.0789 0.0382 0.0451 0.0183 0.1073 0.0401 0.0210 0.1434 
        D629  4 0.1791 0.0262 0.0462 0.4110 0.0396 0.0412 0.0174 0.0977 0.1416 
        D630  4 0.0636 0.0269 0.1595 0.0809 0.0394 0.2887 0.0621 0.0849 0.1942 
        D631  4 0.1611 0.2861 0.0466 0.0289 0.0399 0.1065 0.0250 0.0295 0.2765 
        D632  4 0.3422 0.2442 0.0153 0.0629 0.0855 0.0252 0.0128 0.0127 0.1991 
        D646  4 0.0125 0.0123 0.8995 0.0123 0.0101 0.0116 0.0148 0.0124 0.0143 
        D647  4 0.0447 0.0703 0.2345 0.2634 0.0531 0.2300 0.0155 0.0366 0.0518 
        D648  4 0.4880 0.0322 0.0258 0.0190 0.0208 0.3267 0.0432 0.0096 0.0347 
        D649  4 0.2474 0.0151 0.0354 0.2014 0.3113 0.0242 0.0155 0.0223 0.1274 
        D650  4 0.0584 0.0187 0.1209 0.3165 0.1949 0.0357 0.0791 0.0369 0.1390 
        D708  4 0.1599 0.0422 0.1329 0.1520 0.0836 0.1243 0.1787 0.0584 0.0680 
        D709  4 0.0223 0.0170 0.0316 0.0448 0.0945 0.7310 0.0236 0.0185 0.0169 
        D738  4 0.0136 0.0138 0.2928 0.0311 0.0481 0.0382 0.4885 0.0233 0.0507 
        D739  4 0.0392 0.0265 0.0656 0.0364 0.0366 0.2885 0.0346 0.0734 0.3990 
        D740  4 0.0579 0.0471 0.0434 0.0391 0.1490 0.0946 0.2070 0.1635 0.1984 
        D741  4 0.0114 0.0186 0.8990 0.0124 0.0157 0.0160 0.0071 0.0100 0.0096 
        D742  4 0.0555 0.1475 0.4169 0.0281 0.0729 0.0494 0.0648 0.0502 0.1147 
        D743  4 0.2956 0.1240 0.1271 0.2585 0.0260 0.0599 0.0284 0.0421 0.0383 
        D744  4 0.7436 0.0761 0.0384 0.0413 0.0236 0.0201 0.0170 0.0281 0.0119 
        D745  4 0.0342 0.0116 0.7864 0.0165 0.0557 0.0228 0.0160 0.0356 0.0212 
        D814  4 0.0848 0.0925 0.6045 0.0179 0.0116 0.0714 0.0132 0.0405 0.0637 
        D815  4 0.2447 0.0454 0.0756 0.1275 0.0475 0.3479 0.0327 0.0416 0.0371 
        D828  4 0.0939 0.0725 0.0415 0.0221 0.0332 0.5353 0.1203 0.0418 0.0395 
        D845  4 0.0156 0.0197 0.0535 0.0216 0.0089 0.0137 0.0354 0.8178 0.0137 
        D846  4 0.0644 0.1247 0.0420 0.2178 0.0161 0.0763 0.0094 0.0418 0.4075 
        D847  4 0.0310 0.0262 0.0594 0.0918 0.0943 0.0951 0.0438 0.3340 0.2244 
        D848  4 0.0161 0.0323 0.0095 0.0124 0.0098 0.0152 0.0120 0.0791 0.8136 
        D849  4 0.0237 0.0361 0.4129 0.0343 0.0460 0.0681 0.0170 0.0238 0.3382 
        D850  4 0.0515 0.0270 0.2499 0.1729 0.0555 0.0533 0.0409 0.2195 0.1295 
        D856  4 0.0275 0.0275 0.0235 0.1049 0.4908 0.2191 0.0302 0.0455 0.0310 
        D857  4 0.0245 0.0601 0.0205 0.0117 0.6137 0.1877 0.0376 0.0212 0.0229 
        D859  4 0.2764 0.0308 0.2774 0.0770 0.0314 0.1199 0.0369 0.0906 0.0597 
        D860  4 0.0407 0.0877 0.0213 0.1065 0.0147 0.0363 0.4656 0.1990 0.0281 
        D883  4 0.0657 0.0232 0.1568 0.0800 0.1193 0.1463 0.0686 0.0787 0.2613 
        D884  4 0.0246 0.0083 0.8319 0.0116 0.0325 0.0294 0.0333 0.0114 0.0170 
        D885  4 0.0352 0.0403 0.4617 0.0993 0.0286 0.0137 0.0186 0.0553 0.2473 
        D886  4 0.0333 0.0843 0.0604 0.1374 0.0962 0.3727 0.0262 0.0572 0.1324 
        D887  4 0.3663 0.0329 0.0724 0.0505 0.1280 0.0719 0.0311 0.1899 0.0571 
        D889  4 0.0267 0.0088 0.0373 0.0230 0.0107 0.2167 0.0168 0.6449 0.0152 
        D890  4 0.2191 0.0714 0.0270 0.1139 0.1751 0.1582 0.0627 0.0541 0.1185 
        D891  4 0.0087 0.0081 0.0099 0.0100 0.0077 0.0079 0.0087 0.9333 0.0058 
        D899  4 0.0584 0.4657 0.0815 0.0194 0.0225 0.1184 0.0713 0.0935 0.0693 
        D900  4 0.1172 0.0486 0.1127 0.1360 0.0685 0.1960 0.0388 0.1311 0.1511 
        D970  4 0.0988 0.0626 0.0152 0.1418 0.0228 0.0411 0.0404 0.1632 0.4140 
        D971  4 0.0510 0.5713 0.0169 0.1710 0.0578 0.0485 0.0335 0.0198 0.0302 
        D979  4 0.0499 0.0251 0.0214 0.7541 0.0129 0.0454 0.0195 0.0175 0.0543 
        D093  5 0.0188 0.0221 0.0384 0.0221 0.0464 0.0467 0.7034 0.0592 0.0429 
        D154  5 0.0395 0.0731 0.5716 0.0260 0.0684 0.0660 0.0435 0.0734 0.0384 
        D168  5 0.0372 0.0900 0.5318 0.0446 0.0300 0.1163 0.0147 0.0638 0.0716 
        D189  5 0.0535 0.0381 0.0920 0.0328 0.0441 0.1707 0.3443 0.1776 0.0468 
        D190  5 0.0426 0.0269 0.0251 0.0593 0.0250 0.0269 0.7547 0.0207 0.0187 
     D237220  5 0.0276 0.0148 0.0707 0.0295 0.0781 0.0995 0.1045 0.4489 0.1263 
     D237221  5 0.0358 0.0847 0.0598 0.1392 0.0511 0.0409 0.3454 0.1936 0.0496 
     D237274  5 0.1227 0.0514 0.2058 0.4626 0.0329 0.0644 0.0118 0.0218 0.0266 
     D237275  5 0.0116 0.5100 0.0302 0.0281 0.0625 0.2011 0.0301 0.1000 0.0264 
     D237276  5 0.0531 0.0262 0.2866 0.0497 0.0924 0.1523 0.2375 0.0316 0.0706 
     D237277  5 0.0559 0.0296 0.0415 0.0507 0.0416 0.0207 0.6291 0.1149 0.0160 
     D237278  5 0.1000 0.3404 0.0254 0.0418 0.2108 0.0577 0.1025 0.0209 0.1006 
     D237279  5 0.0600 0.0266 0.0185 0.0453 0.7279 0.0344 0.0126 0.0330 0.0417 
     D237280  5 0.0832 0.0174 0.0329 0.2293 0.1380 0.0520 0.0941 0.0371 0.3160 
     D237281  5 0.0276 0.2088 0.3269 0.0510 0.0304 0.0342 0.0418 0.2555 0.0238 
     D237351  5 0.0177 0.0119 0.0734 0.0250 0.7358 0.0194 0.0586 0.0161 0.0422 
     D237352  5 0.0854 0.1326 0.0694 0.1170 0.0247 0.0414 0.0475 0.0253 0.4567 
     D237353  5 0.0296 0.0100 0.0125 0.0526 0.0297 0.0196 0.8062 0.0254 0.0144 
     D237359  5 0.0468 0.0111 0.0771 0.0552 0.0513 0.0367 0.0689 0.5654 0.0875 
     D237361  5 0.0135 0.0195 0.0178 0.0168 0.0572 0.0334 0.7714 0.0565 0.0141 
     D237362  5 0.0461 0.0313 0.2148 0.3549 0.1000 0.0396 0.0957 0.0287 0.0889 
     D237363  5 0.0176 0.0577 0.1367 0.4352 0.1049 0.1140 0.0478 0.0386 0.0473 
     D237364  5 0.0726 0.0781 0.1469 0.0717 0.1455 0.0649 0.0124 0.0400 0.3678 
     D237376  5 0.5791 0.0185 0.0157 0.0094 0.0427 0.2348 0.0710 0.0177 0.0110 
     D237377  5 0.0401 0.0332 0.0197 0.2458 0.3497 0.0392 0.1150 0.0313 0.1260 
     D237378  5 0.0890 0.0351 0.0281 0.0177 0.0338 0.1718 0.4904 0.0598 0.0743 
     D237379  5 0.3523 0.0396 0.0664 0.0467 0.0727 0.1727 0.1646 0.0381 0.0469 
     D237380  5 0.3003 0.0169 0.0137 0.0614 0.2868 0.1687 0.1130 0.0146 0.0247 
     D237381  5 0.0513 0.0948 0.0896 0.0956 0.0584 0.1098 0.0874 0.0324 0.3807 
     D237391  5 0.0155 0.0135 0.0232 0.0340 0.0267 0.0162 0.7589 0.0908 0.0212 
     D237392  5 0.1260 0.2154 0.2020 0.2362 0.0886 0.0718 0.0178 0.0198 0.0224 
     D237393  5 0.0531 0.1000 0.0751 0.1895 0.0731 0.1240 0.2159 0.0487 0.1205 
     D237394  5 0.0271 0.0084 0.0142 0.0316 0.0158 0.0119 0.8474 0.0248 0.0188 
     D237395  5 0.0319 0.0532 0.0511 0.0488 0.1254 0.0997 0.3810 0.1414 0.0675 
     D237396  5 0.0465 0.0895 0.0543 0.3013 0.0598 0.0167 0.1553 0.0783 0.1982 
     D244016  5 0.3309 0.0769 0.0225 0.1132 0.0839 0.0566 0.2107 0.0715 0.0338 
     D244018  5 0.0174 0.2505 0.1519 0.0345 0.0453 0.0221 0.1888 0.1074 0.1821 
     D244019  5 0.0336 0.1031 0.0570 0.5867 0.0225 0.0851 0.0423 0.0430 0.0267 
        D279  5 0.0408 0.0239 0.3622 0.0363 0.0431 0.0274 0.1090 0.2334 0.1239 
        D280  5 0.0281 0.0201 0.0125 0.0331 0.0376 0.0712 0.0439 0.6128 0.1406 
        D281  5 0.0271 0.1171 0.0608 0.0176 0.0271 0.0560 0.0517 0.6258 0.0167 
        D283  5 0.0327 0.0226 0.0436 0.2129 0.0297 0.0345 0.1596 0.3521 0.1122 
        D284  5 0.0758 0.0305 0.1315 0.0582 0.3415 0.1087 0.0314 0.0878 0.1346 
        D285  5 0.0374 0.0138 0.0356 0.0326 0.0466 0.0430 0.1759 0.5827 0.0324 
        D286  5 0.1112 0.0324 0.0357 0.0900 0.0485 0.2365 0.2413 0.0704 0.1342 
        D287  5 0.4052 0.0176 0.0162 0.0172 0.0579 0.3570 0.0691 0.0357 0.0241 
        D288  5 0.0189 0.0153 0.0244 0.3457 0.0285 0.0331 0.0244 0.4584 0.0512 
        D308  5 0.0332 0.0185 0.0217 0.0645 0.7845 0.0191 0.0286 0.0161 0.0138 
        D309  5 0.8705 0.0164 0.0132 0.0171 0.0110 0.0157 0.0134 0.0126 0.0302 
        D310  5 0.0166 0.0129 0.0285 0.0199 0.0164 0.0858 0.7266 0.0681 0.0252 
        D311  5 0.0236 0.0311 0.2193 0.3067 0.0311 0.2356 0.0963 0.0219 0.0344 
        D312  5 0.1995 0.0749 0.0829 0.0565 0.1116 0.1596 0.0904 0.0554 0.1692 
        D313  5 0.0078 0.0095 0.0177 0.0113 0.5287 0.0140 0.0345 0.0085 0.3679 
        D314  5 0.1481 0.0531 0.2890 0.0330 0.0704 0.0474 0.1123 0.0490 0.1979 
        D315  5 0.1146 0.0835 0.0292 0.2044 0.1429 0.1720 0.1644 0.0372 0.0517 
        D317  5 0.0128 0.0095 0.0407 0.0327 0.0136 0.0756 0.7627 0.0217 0.0306 
        D318  5 0.2238 0.0442 0.1789 0.1484 0.0871 0.1455 0.0339 0.0801 0.0581 
        D319  5 0.0126 0.0170 0.0521 0.0170 0.0337 0.0301 0.7932 0.0224 0.0220 
        D320  5 0.0506 0.0137 0.0219 0.0248 0.0274 0.0471 0.6734 0.1195 0.0216 
        D321  5 0.0116 0.0091 0.0231 0.1005 0.6540 0.0173 0.0376 0.1237 0.0230 
        D336  5 0.0396 0.0157 0.0157 0.0153 0.0173 0.4030 0.4452 0.0236 0.0247 
        D337  5 0.0233 0.0189 0.0198 0.0196 0.0143 0.0231 0.8119 0.0534 0.0158 
        D338  5 0.0298 0.0481 0.0691 0.1329 0.2377 0.0403 0.0985 0.0981 0.2454 
        D339  5 0.0116 0.0188 0.0631 0.0288 0.0230 0.0513 0.7526 0.0310 0.0198 
        D347  5 0.0110 0.0257 0.0833 0.0903 0.0097 0.6386 0.0335 0.0678 0.0400 
        D348  5 0.0502 0.0360 0.0425 0.0416 0.0106 0.0632 0.6929 0.0236 0.0394 
        D349  5 0.0212 0.0137 0.0133 0.0225 0.8452 0.0172 0.0297 0.0203 0.0168 
        D350  5 0.8949 0.0116 0.0184 0.0104 0.0131 0.0131 0.0167 0.0114 0.0104 
        D355  5 0.0200 0.0261 0.6914 0.0208 0.0220 0.0226 0.0166 0.1577 0.0228 
        D356  5 0.0532 0.0290 0.0245 0.2178 0.0982 0.1354 0.2146 0.1188 0.1085 
        D357  5 0.0830 0.0345 0.0743 0.0840 0.0544 0.4073 0.0433 0.1634 0.0556 
        D358  5 0.2930 0.0332 0.0325 0.0383 0.0939 0.0445 0.3395 0.0493 0.0757 
        D359  5 0.0245 0.0154 0.0526 0.5032 0.0397 0.0223 0.2725 0.0414 0.0283 
        D360  5 0.0515 0.0210 0.0271 0.1271 0.0640 0.1017 0.3575 0.1452 0.1049 
        D361  5 0.0089 0.0189 0.0168 0.0184 0.8662 0.0209 0.0226 0.0097 0.0175 
        D366  5 0.0306 0.3401 0.3174 0.1661 0.0373 0.0290 0.0329 0.0174 0.0291 
        D367  5 0.0482 0.0198 0.0466 0.0295 0.1403 0.1332 0.4285 0.0555 0.0985 
        D368  5 0.0265 0.0146 0.0741 0.1199 0.6262 0.0271 0.0555 0.0245 0.0316 
        D380  5 0.6895 0.0293 0.0246 0.0628 0.0294 0.0182 0.0279 0.0296 0.0888 
        D381  5 0.0215 0.0275 0.0610 0.1852 0.0372 0.0306 0.5058 0.0819 0.0493 
        D400  5 0.0323 0.0601 0.1180 0.0577 0.0196 0.3767 0.1931 0.0843 0.0581 
        D411  5 0.0353 0.0272 0.1006 0.0196 0.2551 0.0828 0.0099 0.0168 0.4528 
        D412  5 0.0247 0.1175 0.0949 0.0660 0.0162 0.3171 0.1301 0.0849 0.1486 
        D413  5 0.0711 0.6545 0.0246 0.0756 0.0748 0.0271 0.0187 0.0221 0.0315 
        D414  5 0.7902 0.0449 0.0593 0.0121 0.0176 0.0194 0.0229 0.0220 0.0117 
        D420  5 0.0194 0.0163 0.0168 0.0433 0.0780 0.0876 0.0221 0.5795 0.1370 
        D431  5 0.5502 0.0127 0.0231 0.0133 0.1766 0.1028 0.0218 0.0771 0.0224 
        D432  5 0.0720 0.0620 0.0187 0.0414 0.0444 0.0659 0.3621 0.1343 0.1993 
        D433  5 0.0235 0.0267 0.0722 0.0679 0.0848 0.1001 0.5170 0.0799 0.0279 
        D434  5 0.0296 0.0263 0.0576 0.1024 0.0442 0.0857 0.3196 0.2244 0.1101 
        D440  5 0.8064 0.0196 0.0300 0.0170 0.0209 0.0227 0.0189 0.0148 0.0497 
        D447  5 0.1415 0.0747 0.4595 0.1048 0.0293 0.1028 0.0145 0.0315 0.0415 
        D448  5 0.0199 0.0129 0.1803 0.0200 0.0158 0.4782 0.2258 0.0206 0.0266 
        D459  5 0.0240 0.1891 0.5411 0.0194 0.0160 0.0212 0.0257 0.1456 0.0179 
        D460  5 0.0232 0.0161 0.0189 0.0492 0.8250 0.0105 0.0310 0.0116 0.0146 
        D461  5 0.8695 0.0129 0.0188 0.0213 0.0141 0.0133 0.0142 0.0180 0.0180 
        D468  5 0.0985 0.0287 0.1703 0.1123 0.3836 0.0727 0.0560 0.0185 0.0594 
        D469  5 0.1314 0.0251 0.0822 0.2195 0.1875 0.0638 0.0613 0.0549 0.1743 
        D470  5 0.0509 0.0230 0.5610 0.0592 0.0163 0.1334 0.0531 0.0182 0.0850 
        D471  5 0.0657 0.0409 0.2048 0.0625 0.0322 0.1317 0.3948 0.0486 0.0187 
        D472  5 0.0156 0.0725 0.0300 0.6804 0.0109 0.0245 0.0207 0.1283 0.0171 
        D479  5 0.0593 0.6746 0.0322 0.0347 0.0146 0.1177 0.0249 0.0129 0.0290 
        D485  5 0.4607 0.0315 0.0362 0.0275 0.0327 0.3222 0.0243 0.0259 0.0389 
        D486  5 0.0868 0.0302 0.1311 0.0430 0.3105 0.2053 0.0480 0.0195 0.1255 
        D487  5 0.0528 0.0885 0.0340 0.0361 0.0388 0.0938 0.4210 0.1432 0.0919 
        D555  5 0.0128 0.0446 0.0114 0.0123 0.0113 0.0252 0.8397 0.0317 0.0110 
        D556  5 0.3689 0.0200 0.0201 0.0352 0.1273 0.0353 0.0359 0.3050 0.0523 
        D557  5 0.0181 0.0431 0.0197 0.0212 0.0267 0.0383 0.7959 0.0121 0.0249 
        D564  5 0.3821 0.0605 0.0156 0.0898 0.1843 0.1028 0.1121 0.0169 0.0360 
        D594  5 0.0428 0.0525 0.1368 0.0790 0.0217 0.3888 0.0459 0.0376 0.1947 
        D595  5 0.0729 0.0442 0.1256 0.0963 0.1218 0.1023 0.3269 0.0491 0.0608 
        D596  5 0.0247 0.0270 0.0099 0.0221 0.0188 0.0287 0.8255 0.0285 0.0146 
        D597  5 0.0402 0.2009 0.0741 0.0575 0.0157 0.0346 0.2575 0.2987 0.0207 
        D598  5 0.1936 0.0358 0.0328 0.0506 0.0497 0.0909 0.3146 0.1168 0.1151 
        D617  5 0.0206 0.1105 0.3756 0.0288 0.0396 0.1909 0.0126 0.0264 0.1951 
        D618  5 0.0433 0.0223 0.0393 0.0906 0.0437 0.0334 0.5856 0.1167 0.0252 
        D619  5 0.0922 0.0712 0.0611 0.2411 0.1329 0.2067 0.1385 0.0335 0.0228 
        D620  5 0.0175 0.6911 0.0636 0.0602 0.0162 0.0190 0.0408 0.0650 0.0266 
        D628  5 0.8634 0.0175 0.0134 0.0112 0.0166 0.0242 0.0244 0.0126 0.0167 
        D714  5 0.5049 0.0253 0.0434 0.0181 0.0394 0.0697 0.0777 0.1757 0.0458 
        D715  5 0.0446 0.0265 0.0301 0.1316 0.0298 0.0251 0.6292 0.0660 0.0170 
        D716  5 0.0363 0.0438 0.1545 0.0717 0.0148 0.5302 0.0269 0.0682 0.0535 
        D717  5 0.1420 0.0452 0.0258 0.2085 0.0662 0.0675 0.1689 0.2111 0.0648 
        D718  5 0.0755 0.0292 0.0894 0.0084 0.1638 0.5269 0.0535 0.0229 0.0305 
        D769  5 0.0192 0.0503 0.3890 0.0127 0.0137 0.1799 0.0191 0.0265 0.2898 
        D770  5 0.7016 0.0722 0.0613 0.0170 0.0291 0.0367 0.0253 0.0247 0.0321 
        D771  5 0.2153 0.0610 0.0787 0.0575 0.0509 0.1790 0.0536 0.1969 0.1070 
        D772  5 0.6654 0.0179 0.0243 0.0494 0.0311 0.0332 0.0798 0.0511 0.0478 
        D782  5 0.0345 0.0577 0.0262 0.0435 0.4159 0.0244 0.0283 0.3325 0.0371 
        D783  5 0.3296 0.3349 0.0468 0.0355 0.0247 0.0473 0.0928 0.0518 0.0366 
        D784  5 0.1596 0.0436 0.0220 0.4147 0.0350 0.0295 0.0495 0.2121 0.0340 
        D785  5 0.1276 0.0185 0.0294 0.0687 0.1244 0.0290 0.5591 0.0195 0.0239 
        D786  5 0.0796 0.2022 0.0881 0.1270 0.0451 0.0998 0.0192 0.0205 0.3184 
        D821  5 0.0266 0.0101 0.0111 0.0233 0.0205 0.0088 0.8615 0.0299 0.0082 
        D822  5 0.0607 0.1003 0.1000 0.4199 0.0544 0.0960 0.0535 0.0719 0.0433 
        D826  5 0.0738 0.0726 0.2270 0.0338 0.0740 0.0535 0.2792 0.1090 0.0770 
        D827  5 0.0583 0.0628 0.3582 0.3274 0.0300 0.0902 0.0192 0.0289 0.0250 
        D851  5 0.0619 0.0419 0.0331 0.3902 0.1046 0.0680 0.1180 0.0557 0.1267 
        D852  5 0.2350 0.0752 0.0528 0.0217 0.0308 0.0474 0.2653 0.2207 0.0511 
        D853  5 0.0312 0.0321 0.0436 0.0957 0.0759 0.1742 0.3173 0.1867 0.0435 
        D854  5 0.0605 0.0578 0.2518 0.1875 0.1883 0.1455 0.0145 0.0594 0.0348 
        D861  5 0.0408 0.0646 0.3903 0.0434 0.1321 0.1072 0.1192 0.0622 0.0403 
        D862  5 0.0707 0.0262 0.1631 0.2649 0.0494 0.0941 0.1814 0.0751 0.0752 
        D865  5 0.0539 0.0548 0.0335 0.0384 0.1001 0.1132 0.4802 0.0733 0.0527 
        D868  5 0.0392 0.0295 0.1526 0.1785 0.0568 0.1110 0.1967 0.1377 0.0981 
        D869  5 0.0213 0.0351 0.1019 0.0498 0.1301 0.0272 0.0204 0.0170 0.5971 
        D870  5 0.0296 0.1989 0.0132 0.1883 0.2529 0.1937 0.0118 0.0202 0.0912 
        D907  5 0.0189 0.0162 0.0451 0.0203 0.0360 0.1814 0.5600 0.0358 0.0863 
        D908  5 0.1609 0.1035 0.0169 0.0291 0.0887 0.0474 0.2567 0.2505 0.0463 
        D910  5 0.0265 0.0445 0.3063 0.0900 0.0367 0.1415 0.2230 0.1010 0.0305 
        D911  5 0.0124 0.0102 0.6078 0.0169 0.0113 0.0333 0.0204 0.2746 0.0132 
        D934  5 0.4920 0.0816 0.0355 0.1238 0.0562 0.0487 0.0367 0.0704 0.0551 
        D946  5 0.5121 0.0350 0.0322 0.0315 0.1585 0.1151 0.0322 0.0466 0.0366 
        D947  5 0.1401 0.0287 0.0614 0.0438 0.1428 0.1346 0.0164 0.3247 0.1076 
        D948  5 0.0158 0.0166 0.0122 0.0393 0.6879 0.0155 0.1414 0.0376 0.0336 
        D949  5 0.0144 0.0113 0.0147 0.0214 0.8049 0.0215 0.0521 0.0204 0.0393 
        D950  5 0.0184 0.0342 0.4909 0.0552 0.0187 0.0266 0.0272 0.3072 0.0215 
        D951  5 0.0704 0.0571 0.0391 0.2289 0.0933 0.4130 0.0150 0.0164 0.0667 
        D952  5 0.0145 0.0205 0.0899 0.6473 0.0164 0.0555 0.0409 0.0660 0.0490 
        D953  5 0.0486 0.0166 0.0204 0.1164 0.0562 0.0542 0.5528 0.1109 0.0239 
        D954  5 0.0228 0.0203 0.0137 0.7578 0.0506 0.0184 0.0858 0.0171 0.0134 
        D961  5 0.7237 0.0095 0.0199 0.0130 0.0273 0.1432 0.0353 0.0170 0.0111 
        D962  5 0.5097 0.0141 0.0190 0.0455 0.0536 0.1428 0.1637 0.0191 0.0325 
        D963  5 0.2231 0.0495 0.0413 0.1188 0.0248 0.0699 0.3784 0.0724 0.0218 
        D964  5 0.2153 0.0366 0.0303 0.0506 0.2893 0.1665 0.0341 0.1122 0.0651 
        D965  5 0.3648 0.0798 0.0362 0.0714 0.0299 0.2527 0.0407 0.0497 0.0748 
        D966  5 0.1951 0.0685 0.0378 0.2087 0.0209 0.0772 0.1089 0.1052 0.1777 
        D967  5 0.0217 0.2159 0.0165 0.0558 0.0795 0.0782 0.1718 0.3265 0.0341 
        D991  5 0.3594 0.0285 0.0688 0.0218 0.0292 0.1547 0.0938 0.0534 0.1905 
        D132  8 0.0347 0.0119 0.0801 0.0151 0.0491 0.0179 0.0242 0.0200 0.7469 
        D133  8 0.0167 0.7678 0.0796 0.0176 0.0163 0.0220 0.0123 0.0432 0.0244 
        D200  8 0.0164 0.0231 0.0156 0.0139 0.0204 0.8107 0.0092 0.0763 0.0145 
        D500  8 0.0193 0.0088 0.0438 0.0198 0.0721 0.0418 0.0215 0.0183 0.7545 
        D614  8 0.0821 0.0196 0.0975 0.0238 0.1116 0.2579 0.2130 0.1180 0.0766 
        D723  8 0.0112 0.0243 0.7583 0.0301 0.0772 0.0324 0.0162 0.0128 0.0377 
        D888  8 0.0172 0.0185 0.0211 0.0182 0.0283 0.0381 0.0159 0.8227 0.0201 
        D901  8 0.0287 0.0194 0.2106 0.0156 0.5866 0.0613 0.0285 0.0259 0.0234 
        D902  8 0.0736 0.0477 0.0244 0.0158 0.1709 0.0525 0.5505 0.0406 0.0240 
        D903  8 0.0411 0.0342 0.0205 0.6588 0.0284 0.0250 0.0454 0.0165 0.1300 
        D904  8 0.2299 0.0658 0.0325 0.2426 0.0328 0.0667 0.0339 0.0509 0.2448 
        D905  8 0.0215 0.0104 0.0133 0.0111 0.0160 0.0322 0.0637 0.8160 0.0157 
        D906  8 0.0701 0.3322 0.0599 0.1434 0.0187 0.0558 0.0232 0.1462 0.1506 
        D937  8 0.0154 0.0177 0.0148 0.0110 0.0842 0.0324 0.7867 0.0279 0.0100 
        D943  8 0.0475 0.0286 0.0801 0.0745 0.0507 0.1787 0.0209 0.3661 0.1529 
        D972  8 0.0148 0.0231 0.7821 0.0152 0.0536 0.0618 0.0116 0.0149 0.0229 
        D973  8 0.0263 0.0360 0.1906 0.0823 0.4433 0.0988 0.0267 0.0199 0.0762 
        D974  8 0.0260 0.0552 0.2139 0.0616 0.1915 0.2630 0.0507 0.0679 0.0700 
        D975  8 0.0234 0.0583 0.0168 0.0167 0.0275 0.6610 0.0584 0.1088 0.0291 
        D976  8 0.1062 0.0449 0.0772 0.0454 0.1335 0.1703 0.1079 0.2157 0.0990 
        D142 10 0.1299 0.1597 0.0496 0.0874 0.0488 0.4029 0.0416 0.0457 0.0344 
        D143 10 0.0270 0.7287 0.0174 0.0206 0.0362 0.0697 0.0519 0.0166 0.0320 
        D144 10 0.3640 0.0677 0.0736 0.1129 0.0839 0.0602 0.0512 0.1060 0.0805 
        D145 10 0.0387 0.0166 0.0615 0.0208 0.0239 0.0254 0.0208 0.7189 0.0732 
        D146 10 0.0855 0.0298 0.1338 0.0503 0.3071 0.2191 0.0267 0.0135 0.1342 
        D147 10 0.1019 0.0343 0.2244 0.0293 0.2103 0.3505 0.0174 0.0155 0.0164 
        D148 10 0.2232 0.0696 0.0315 0.1478 0.3179 0.1441 0.0288 0.0179 0.0193 
        D149 10 0.0388 0.1346 0.5265 0.0247 0.0235 0.0435 0.0322 0.1474 0.0288 
        D151 10 0.0266 0.0703 0.0319 0.1009 0.4251 0.1418 0.0474 0.1306 0.0254 
        D152 10 0.0318 0.6475 0.0133 0.0227 0.0495 0.0458 0.0091 0.1603 0.0200 
        D153 10 0.0816 0.0285 0.0992 0.0761 0.2172 0.2842 0.0361 0.0284 0.1487 
        D156 10 0.8394 0.0196 0.0348 0.0179 0.0180 0.0343 0.0107 0.0133 0.0119 
        D157 10 0.0420 0.0356 0.0212 0.0450 0.1643 0.2863 0.2096 0.0328 0.1631 
        D158 10 0.0609 0.0179 0.0612 0.0204 0.4088 0.2599 0.0350 0.1033 0.0326 
        D159 10 0.0192 0.7390 0.0321 0.0497 0.0217 0.0197 0.0397 0.0232 0.0556 
        D160 10 0.0111 0.0088 0.0113 0.0088 0.0195 0.0134 0.2175 0.6992 0.0103 
        D161 10 0.0822 0.0786 0.0556 0.5502 0.0434 0.0398 0.0394 0.0425 0.0682 
        D162 10 0.8541 0.0300 0.0151 0.0228 0.0105 0.0212 0.0168 0.0190 0.0104 
        D169 10 0.0171 0.0223 0.0167 0.0541 0.0617 0.0236 0.0331 0.1584 0.6131 
        D170 10 0.1022 0.0197 0.0180 0.0411 0.0290 0.0549 0.0284 0.0183 0.6884 
        D171 10 0.8041 0.0161 0.0202 0.0343 0.0309 0.0367 0.0169 0.0074 0.0335 
        D172 10 0.5970 0.0321 0.1257 0.0163 0.0683 0.0865 0.0192 0.0165 0.0383 
        D173 10 0.0327 0.5346 0.2694 0.0268 0.0180 0.0209 0.0097 0.0573 0.0306 
        D181 10 0.6143 0.0360 0.0267 0.0777 0.0519 0.0498 0.0962 0.0269 0.0204 
        D182 10 0.0494 0.0304 0.7172 0.0250 0.0178 0.0276 0.0229 0.0884 0.0213 
        D183 10 0.0166 0.0099 0.0208 0.0589 0.0231 0.0401 0.6776 0.0905 0.0626 
        D184 10 0.0155 0.0162 0.0233 0.0482 0.0443 0.0239 0.0090 0.0121 0.8075 
        D185 10 0.2282 0.0274 0.0282 0.4699 0.0776 0.0478 0.0186 0.0353 0.0670 
        D186 10 0.0126 0.0161 0.3665 0.0151 0.0595 0.0219 0.0176 0.0449 0.4458 
        D194 10 0.0357 0.1496 0.2466 0.1159 0.1301 0.1415 0.0428 0.0586 0.0792 
        D195 10 0.1585 0.2424 0.1064 0.0395 0.0548 0.0675 0.0785 0.1743 0.0782 
        D196 10 0.0732 0.3253 0.0890 0.0866 0.0242 0.1281 0.0856 0.1114 0.0767 
        D197 10 0.0254 0.0782 0.0729 0.0204 0.0319 0.0171 0.0435 0.0315 0.6790 
        D198 10 0.0179 0.0136 0.0116 0.7181 0.0626 0.0367 0.0289 0.0496 0.0610 
     D237226 10 0.0271 0.0500 0.0337 0.0738 0.1903 0.0349 0.0193 0.5524 0.0185 
     D237232 10 0.0271 0.0614 0.0413 0.0353 0.1337 0.1151 0.1080 0.4175 0.0606 
     D237233 10 0.3010 0.1163 0.0569 0.0216 0.0582 0.1373 0.0572 0.2001 0.0512 
     D237234 10 0.5083 0.0234 0.0455 0.0315 0.0583 0.1452 0.0938 0.0609 0.0330 
     D237354 10 0.0133 0.0127 0.0374 0.0222 0.0104 0.0136 0.0190 0.8591 0.0123 
     D237355 10 0.0158 0.0119 0.0208 0.0126 0.0128 0.0095 0.0201 0.8824 0.0142 
     D237356 10 0.0118 0.0138 0.0236 0.5771 0.0294 0.0185 0.1059 0.0265 0.1934 
     D237357 10 0.0516 0.2482 0.1322 0.0274 0.1875 0.0769 0.0310 0.0307 0.2146 
     D237358 10 0.0330 0.1313 0.0254 0.0373 0.0091 0.0163 0.0302 0.0251 0.6924 
     D237369 10 0.0248 0.0146 0.7713 0.0140 0.1155 0.0204 0.0104 0.0098 0.0190 
     D237370 10 0.0642 0.2083 0.0315 0.1017 0.0771 0.1659 0.2433 0.0570 0.0511 
     D237371 10 0.0120 0.0257 0.0285 0.5700 0.1464 0.0744 0.0175 0.0314 0.0942 
     D237372 10 0.0236 0.2805 0.0632 0.0408 0.0270 0.0796 0.0306 0.0749 0.3798 
     D237373 10 0.1660 0.0387 0.0308 0.0410 0.3091 0.1786 0.0448 0.1562 0.0349 
     D237374 10 0.0789 0.0183 0.0238 0.0254 0.0254 0.0288 0.0814 0.6963 0.0218 
     D237375 10 0.0804 0.4096 0.0431 0.1090 0.1274 0.0584 0.0367 0.0577 0.0777 
     D237400 10 0.0547 0.7532 0.0401 0.0127 0.0137 0.0297 0.0191 0.0401 0.0366 
     D244002 10 0.0807 0.0566 0.1374 0.0777 0.1242 0.2490 0.0142 0.0270 0.2332 
     D244003 10 0.0400 0.0412 0.0115 0.0111 0.0333 0.0488 0.4962 0.2828 0.0351 
     D244004 10 0.0160 0.0079 0.0077 0.0085 0.0290 0.0183 0.8585 0.0415 0.0126 
     D244005 10 0.0115 0.0153 0.0242 0.0182 0.0133 0.0117 0.0210 0.7494 0.1353 
     D244020 10 0.1697 0.0350 0.0394 0.3673 0.1721 0.0515 0.0667 0.0514 0.0468 
     D244021 10 0.0272 0.0206 0.7720 0.0144 0.0671 0.0204 0.0317 0.0215 0.0251 
     D244116 10 0.5021 0.0294 0.0834 0.0197 0.0358 0.1179 0.0169 0.0223 0.1726 
     D244117 10 0.0366 0.0376 0.0373 0.0281 0.0215 0.0221 0.7134 0.0886 0.0147 
     D244121 10 0.0467 0.0671 0.0309 0.0227 0.0448 0.0350 0.6316 0.0535 0.0676 
