        D023  2 0.9254 0.0076 0.0068 0.0124 0.0061 0.0095 0.0092 0.0067 0.0069 0.0094 
        D130  2 0.1460 0.1442 0.0793 0.0401 0.1147 0.0169 0.0619 0.0109 0.0179 0.3682 
        D131  2 0.0191 0.2735 0.0946 0.0112 0.1029 0.0393 0.3462 0.0256 0.0506 0.0369 
        D163  2 0.2793 0.0953 0.0200 0.0556 0.1024 0.0169 0.0801 0.0690 0.0760 0.2053 
        D164  2 0.5100 0.0087 0.3019 0.1101 0.0175 0.0156 0.0090 0.0091 0.0099 0.0083 
        D165  2 0.8420 0.0156 0.0137 0.0190 0.0133 0.0281 0.0099 0.0087 0.0128 0.0368 
        D166  2 0.0214 0.4042 0.0144 0.2241 0.1344 0.0601 0.0543 0.0161 0.0212 0.0500 
        D167  2 0.0064 0.0075 0.0092 0.9377 0.0071 0.0058 0.0071 0.0081 0.0063 0.0048 
        D192  2 0.0060 0.0054 0.0077 0.9396 0.0051 0.0081 0.0062 0.0074 0.0081 0.0063 
        D193  2 0.0118 0.0848 0.0180 0.3830 0.1125 0.0187 0.0834 0.1882 0.0227 0.0770 
        D206  2 0.1199 0.0634 0.0910 0.1296 0.0367 0.0345 0.4475 0.0198 0.0168 0.0407 
        D207  2 0.0231 0.2389 0.2815 0.1838 0.0623 0.0196 0.0347 0.0141 0.1259 0.0161 
        D208  2 0.0262 0.0705 0.0288 0.0838 0.0234 0.0399 0.0438 0.1834 0.3178 0.1825 
        D209  2 0.0186 0.0186 0.0120 0.8337 0.0118 0.0411 0.0262 0.0158 0.0101 0.0121 
        D210  2 0.0252 0.0276 0.1019 0.0553 0.0276 0.0367 0.0257 0.4851 0.1933 0.0215 
     D229599  2 0.1262 0.2002 0.0153 0.0881 0.0139 0.0736 0.1605 0.0323 0.1662 0.1239 
     D229600  2 0.0298 0.0648 0.0549 0.6154 0.0947 0.0229 0.0245 0.0167 0.0230 0.0535 
     D237227  2 0.0735 0.0531 0.0164 0.0506 0.1647 0.0174 0.0401 0.3074 0.2075 0.0693 
     D237228  2 0.0286 0.0197 0.0205 0.0226 0.7765 0.0123 0.0137 0.0761 0.0187 0.0113 
     D237258  2 0.1045 0.0899 0.0285 0.2677 0.0725 0.1938 0.0701 0.0290 0.1146 0.0294 
     D237310  2 0.0089 0.0101 0.0099 0.0128 0.9099 0.0113 0.0071 0.0114 0.0098 0.0088 
     D237311  2 0.0103 0.0144 0.0250 0.0720 0.8238 0.0094 0.0064 0.0115 0.0136 0.0135 
     D237312  2 0.0140 0.0269 0.0130 0.0167 0.8133 0.0428 0.0165 0.0160 0.0132 0.0275 
     D237313  2 0.1883 0.0882 0.0277 0.0158 0.0288 0.0392 0.4494 0.0801 0.0334 0.0489 
     D237322  2 0.0352 0.1753 0.0431 0.0533 0.0690 0.0523 0.0276 0.0497 0.2930 0.2015 
     D237323  2 0.0099 0.0263 0.0090 0.0130 0.8194 0.0125 0.0093 0.0597 0.0188 0.0222 
     D237324  2 0.0470 0.1440 0.1921 0.2158 0.0486 0.0257 0.0930 0.0142 0.1143 0.1053 
     D237325  2 0.0095 0.0267 0.0180 0.0337 0.8199 0.0127 0.0141 0.0304 0.0117 0.0233 
     D237326  2 0.0525 0.0482 0.0660 0.0264 0.6239 0.0228 0.0493 0.0600 0.0381 0.0129 
     D237327  2 0.0206 0.1278 0.0574 0.0359 0.0175 0.0763 0.0234 0.0501 0.4463 0.1448 
     D237337  2 0.0273 0.0276 0.0133 0.0094 0.8212 0.0121 0.0251 0.0367 0.0099 0.0172 
     D237338  2 0.0236 0.0892 0.0313 0.0395 0.2740 0.0362 0.0412 0.1037 0.0891 0.2723 
     D237339  2 0.0157 0.1456 0.4031 0.0613 0.0126 0.1749 0.0766 0.0220 0.0255 0.0626 
     D237340  2 0.0088 0.0331 0.0449 0.1020 0.6625 0.0192 0.0146 0.0535 0.0273 0.0342 
     D237389  2 0.0330 0.0254 0.0143 0.0874 0.7806 0.0148 0.0078 0.0093 0.0100 0.0176 
     D237390  2 0.0108 0.0210 0.0135 0.0158 0.8038 0.0267 0.0192 0.0274 0.0223 0.0395 
     D244017  2 0.0144 0.0778 0.0153 0.7564 0.0171 0.0102 0.0229 0.0530 0.0222 0.0106 
     D244112  2 0.0101 0.0156 0.0610 0.8145 0.0115 0.0103 0.0080 0.0097 0.0152 0.0442 
     D244118  2 0.0120 0.0096 0.0073 0.9184 0.0067 0.0075 0.0065 0.0087 0.0103 0.0130 
     D244119  2 0.0165 0.0223 0.1002 0.2272 0.0260 0.0105 0.0239 0.5295 0.0300 0.0139 
     D244120  2 0.0084 0.0135 0.0104 0.8436 0.0501 0.0277 0.0105 0.0156 0.0109 0.0092 
     D244122  2 0.0280 0.0189 0.0156 0.8372 0.0093 0.0208 0.0155 0.0200 0.0117 0.0230 
        D291  2 0.0391 0.1456 0.0250 0.0718 0.0159 0.0105 0.1101 0.0143 0.5413 0.0264 
        D292  2 0.1094 0.1155 0.0289 0.4077 0.0175 0.0351 0.0935 0.0576 0.1151 0.0199 
        D293  2 0.0061 0.0118 0.9173 0.0059 0.0070 0.0109 0.0160 0.0087 0.0087 0.0076 
        D322  2 0.0730 0.0747 0.6476 0.0387 0.0137 0.0796 0.0352 0.0100 0.0176 0.0100 
        D323  2 0.0227 0.2233 0.0594 0.1255 0.0417 0.0424 0.3757 0.0462 0.0339 0.0291 
        D324  2 0.0737 0.0973 0.0911 0.0216 0.0932 0.0294 0.1638 0.0280 0.3893 0.0127 
        D325  2 0.0103 0.0124 0.8961 0.0100 0.0096 0.0120 0.0136 0.0069 0.0192 0.0098 
        D326  2 0.0123 0.0191 0.0131 0.0083 0.0105 0.0090 0.8791 0.0140 0.0234 0.0110 
        D340  2 0.0103 0.0105 0.8748 0.0245 0.0143 0.0175 0.0093 0.0138 0.0167 0.0084 
        D341  2 0.0344 0.0185 0.7868 0.0175 0.0281 0.0167 0.0244 0.0268 0.0137 0.0331 
        D342  2 0.1437 0.0496 0.0502 0.6457 0.0121 0.0200 0.0295 0.0128 0.0202 0.0162 
        D343  2 0.0059 0.0057 0.9375 0.0063 0.0067 0.0075 0.0081 0.0060 0.0090 0.0073 
        D344  2 0.0250 0.0848 0.0147 0.0982 0.0360 0.4193 0.2615 0.0151 0.0113 0.0342 
        D345  2 0.2474 0.0948 0.0163 0.0430 0.0080 0.2038 0.2871 0.0242 0.0575 0.0179 
        D346  2 0.0836 0.0347 0.0755 0.0826 0.0734 0.1693 0.0906 0.3276 0.0497 0.0131 
        D351  2 0.0195 0.2378 0.1782 0.0099 0.0339 0.0337 0.2982 0.0145 0.1470 0.0274 
        D352  2 0.0145 0.1294 0.0414 0.0334 0.0394 0.5624 0.0436 0.0663 0.0268 0.0428 
        D353  2 0.0146 0.2901 0.0207 0.0202 0.0118 0.1634 0.4048 0.0121 0.0288 0.0335 
        D354  2 0.0174 0.0231 0.0116 0.0169 0.0117 0.6286 0.2209 0.0364 0.0126 0.0208 
        D362  2 0.7055 0.0584 0.0283 0.0309 0.0201 0.0214 0.0730 0.0160 0.0183 0.0281 
        D363  2 0.7441 0.0397 0.0200 0.0188 0.0128 0.0312 0.0744 0.0203 0.0172 0.0215 
        D364  2 0.1668 0.0326 0.0102 0.0448 0.0084 0.4044 0.2781 0.0213 0.0114 0.0220 
        D365  2 0.0060 0.0090 0.9085 0.0077 0.0155 0.0131 0.0094 0.0132 0.0097 0.0080 
        D369  2 0.0655 0.0714 0.1122 0.0657 0.3921 0.0232 0.1060 0.1121 0.0383 0.0136 
        D374  2 0.0128 0.0343 0.0082 0.3468 0.0107 0.0161 0.0218 0.4980 0.0152 0.0361 
        D375  2 0.0164 0.0915 0.0073 0.0216 0.0164 0.5974 0.2078 0.0124 0.0105 0.0187 
        D376  2 0.0181 0.0233 0.0144 0.2870 0.0119 0.0526 0.0173 0.5263 0.0146 0.0345 
        D377  2 0.1090 0.0990 0.0966 0.0378 0.2280 0.1758 0.1013 0.0574 0.0356 0.0594 
        D378  2 0.1666 0.0861 0.3204 0.0195 0.0124 0.1980 0.1189 0.0109 0.0394 0.0278 
        D379  2 0.0190 0.0516 0.0156 0.0173 0.0158 0.0164 0.7971 0.0275 0.0139 0.0258 
        D384  2 0.0270 0.0241 0.0303 0.0095 0.0101 0.0116 0.8300 0.0279 0.0145 0.0150 
        D385  2 0.0210 0.0242 0.7236 0.0166 0.0184 0.1045 0.0254 0.0293 0.0165 0.0206 
        D386  2 0.0578 0.0791 0.0559 0.0178 0.0093 0.5495 0.1756 0.0114 0.0217 0.0218 
        D391  2 0.0146 0.0219 0.8528 0.0173 0.0149 0.0248 0.0214 0.0099 0.0100 0.0123 
        D392  2 0.0796 0.1018 0.3706 0.2439 0.0526 0.0135 0.0809 0.0236 0.0198 0.0137 
        D393  2 0.0466 0.0386 0.1746 0.0119 0.0179 0.3671 0.2135 0.0223 0.0932 0.0143 
        D394  2 0.0630 0.1979 0.0358 0.2945 0.0781 0.0968 0.0621 0.0539 0.0405 0.0774 
        D395  2 0.0109 0.1120 0.2985 0.0413 0.0427 0.3558 0.0532 0.0178 0.0235 0.0443 
        D401  2 0.0276 0.0099 0.0091 0.0218 0.8753 0.0071 0.0083 0.0115 0.0160 0.0134 
        D402  2 0.0115 0.0152 0.8335 0.0295 0.0143 0.0420 0.0149 0.0130 0.0156 0.0104 
        D403  2 0.1871 0.0802 0.0403 0.0314 0.0128 0.2010 0.2853 0.0167 0.0250 0.1202 
        D415  2 0.0565 0.2534 0.0616 0.0120 0.1240 0.0538 0.3814 0.0112 0.0099 0.0362 
        D435  2 0.1693 0.0388 0.5388 0.0235 0.0144 0.0744 0.0677 0.0122 0.0384 0.0225 
        D436  2 0.0118 0.1712 0.0801 0.0544 0.0661 0.1132 0.1292 0.0451 0.0195 0.3095 
        D438  2 0.0161 0.0099 0.8759 0.0218 0.0137 0.0115 0.0118 0.0129 0.0125 0.0139 
        D439  2 0.0355 0.2097 0.0619 0.0487 0.0071 0.3191 0.1979 0.0135 0.0220 0.0846 
        D449  2 0.0419 0.0720 0.0931 0.6643 0.0194 0.0325 0.0397 0.0161 0.0110 0.0101 
        D450  2 0.2843 0.1735 0.0135 0.0332 0.0416 0.1239 0.0841 0.0582 0.0621 0.1256 
        D456  2 0.0147 0.0551 0.0229 0.0062 0.0132 0.0145 0.8344 0.0114 0.0177 0.0098 
        D462  2 0.0071 0.0221 0.8390 0.0212 0.0100 0.0416 0.0179 0.0111 0.0115 0.0185 
        D463  2 0.0082 0.0292 0.0140 0.0075 0.0097 0.0129 0.8818 0.0157 0.0103 0.0106 
        D464  2 0.0174 0.2774 0.0658 0.0571 0.0369 0.2690 0.1820 0.0405 0.0250 0.0288 
        D465  2 0.0241 0.0222 0.5984 0.0135 0.2476 0.0200 0.0402 0.0120 0.0132 0.0088 
        D473  2 0.0614 0.0717 0.0559 0.0185 0.1319 0.2706 0.0291 0.2592 0.0634 0.0384 
        D474  2 0.6886 0.0234 0.0250 0.0241 0.0125 0.0420 0.0416 0.0234 0.1055 0.0140 
        D476  2 0.0138 0.0457 0.0963 0.0187 0.0123 0.1216 0.0466 0.0083 0.0170 0.6198 
        D477  2 0.0702 0.0589 0.0144 0.0283 0.0251 0.5045 0.1893 0.0316 0.0570 0.0207 
        D478  2 0.0893 0.3311 0.0213 0.2546 0.0254 0.0465 0.1292 0.0339 0.0509 0.0178 
        D480  2 0.0660 0.0472 0.2568 0.0133 0.0362 0.2617 0.1679 0.0663 0.0502 0.0346 
        D481  2 0.1744 0.1096 0.0199 0.1333 0.0143 0.2065 0.2133 0.0586 0.0551 0.0148 
        D482  2 0.0399 0.1159 0.0196 0.0383 0.0386 0.2014 0.0498 0.1108 0.3180 0.0677 
        D483  2 0.0063 0.0101 0.0192 0.8902 0.0072 0.0091 0.0138 0.0226 0.0124 0.0091 
        D484  2 0.0049 0.0209 0.0163 0.0109 0.0108 0.8760 0.0100 0.0181 0.0152 0.0167 
        D510  2 0.0162 0.0559 0.0202 0.1878 0.0466 0.0195 0.0519 0.4679 0.0814 0.0525 
        D511  2 0.0602 0.0478 0.1371 0.0153 0.0184 0.5637 0.0825 0.0180 0.0361 0.0209 
        D512  2 0.0176 0.0134 0.0293 0.0159 0.8676 0.0131 0.0117 0.0069 0.0106 0.0139 
        D513  2 0.0214 0.0193 0.7932 0.0104 0.0205 0.0140 0.0473 0.0366 0.0240 0.0133 
        D635  2 0.8799 0.0174 0.0140 0.0148 0.0089 0.0148 0.0223 0.0074 0.0116 0.0090 
        D636  2 0.9233 0.0102 0.0060 0.0167 0.0064 0.0080 0.0073 0.0047 0.0069 0.0105 
        D637  2 0.0505 0.0655 0.1252 0.0710 0.1704 0.3152 0.0556 0.0599 0.0391 0.0478 
        D658  2 0.0218 0.0581 0.3359 0.0848 0.0935 0.1374 0.0196 0.0890 0.0276 0.1323 
        D659  2 0.0675 0.1495 0.0591 0.1147 0.0302 0.0543 0.2607 0.0602 0.1338 0.0700 
        D677  2 0.0582 0.1477 0.0686 0.0537 0.1958 0.0312 0.2952 0.0170 0.0313 0.1012 
        D678  2 0.0142 0.0123 0.0076 0.9038 0.0178 0.0116 0.0093 0.0061 0.0086 0.0086 
        D679  2 0.0405 0.0412 0.1640 0.0161 0.0253 0.0976 0.4815 0.0481 0.0563 0.0295 
        D719  2 0.0328 0.0410 0.3510 0.0234 0.0295 0.0258 0.1329 0.2672 0.0578 0.0387 
        D720  2 0.0437 0.0868 0.1952 0.0094 0.0158 0.0128 0.5436 0.0443 0.0362 0.0122 
        D721  2 0.8260 0.0148 0.0193 0.0211 0.0061 0.0301 0.0219 0.0131 0.0183 0.0292 
        D722  2 0.0162 0.0820 0.0292 0.3814 0.0360 0.0263 0.0521 0.3244 0.0288 0.0236 
        D734  2 0.0142 0.0675 0.1778 0.0328 0.0261 0.3906 0.0594 0.1615 0.0362 0.0338 
        D735  2 0.3950 0.1113 0.0718 0.0143 0.0088 0.0781 0.2124 0.0311 0.0291 0.0482 
        D736  2 0.0619 0.0345 0.0267 0.0790 0.1053 0.0817 0.0430 0.1930 0.3555 0.0195 
        D737  2 0.0092 0.0228 0.0092 0.8339 0.0207 0.0266 0.0106 0.0212 0.0185 0.0275 
        D807  2 0.0958 0.0706 0.0593 0.0728 0.1274 0.2102 0.0698 0.1583 0.0920 0.0438 
        D808  2 0.0276 0.3325 0.0776 0.0445 0.2297 0.0211 0.1607 0.0227 0.0481 0.0355 
        D817  2 0.0444 0.2110 0.0166 0.0227 0.0358 0.0343 0.5706 0.0227 0.0220 0.0199 
        D818  2 0.0336 0.1104 0.4479 0.0182 0.0543 0.0628 0.0972 0.0150 0.0998 0.0608 
        D819  2 0.1149 0.1525 0.0177 0.0392 0.3121 0.0639 0.2144 0.0296 0.0347 0.0210 
        D820  2 0.0157 0.0526 0.6192 0.0100 0.0187 0.0414 0.1631 0.0178 0.0183 0.0433 
        D895  2 0.1718 0.1224 0.0321 0.1734 0.0229 0.0684 0.2621 0.0268 0.0629 0.0571 
        D896  2 0.0192 0.0077 0.0084 0.0070 0.9177 0.0062 0.0092 0.0109 0.0076 0.0063 
        D897  2 0.0449 0.0884 0.2226 0.3806 0.0463 0.0598 0.0426 0.0344 0.0494 0.0312 
        D898  2 0.0674 0.3854 0.0104 0.0778 0.0522 0.0288 0.1080 0.0253 0.2016 0.0431 
        D918  2 0.0248 0.0770 0.1188 0.0154 0.3648 0.1438 0.0427 0.0650 0.0583 0.0894 
        D919  2 0.0324 0.2251 0.0916 0.0724 0.0132 0.2197 0.2303 0.0161 0.0505 0.0487 
        D920  2 0.0361 0.0274 0.0110 0.0913 0.0389 0.0195 0.0197 0.0340 0.0206 0.7016 
        D923  2 0.0527 0.1861 0.0348 0.0278 0.0112 0.1705 0.4564 0.0138 0.0196 0.0270 
        D930  2 0.1148 0.1210 0.0873 0.0202 0.0372 0.1442 0.3180 0.1054 0.0269 0.0250 
        D931  2 0.0575 0.0650 0.0761 0.0623 0.0503 0.5605 0.0511 0.0233 0.0257 0.0282 
        D968  2 0.0075 0.0191 0.8323 0.0394 0.0156 0.0161 0.0245 0.0102 0.0232 0.0121 
        D969  2 0.0803 0.1595 0.0865 0.0951 0.0382 0.0560 0.1792 0.0522 0.2242 0.0287 
        D977  2 0.0285 0.0293 0.6919 0.0677 0.0267 0.0331 0.0263 0.0184 0.0351 0.0430 
        D978  2 0.0327 0.2385 0.0514 0.1147 0.0157 0.0271 0.2005 0.0215 0.2451 0.0529 
        D009  4 0.0548 0.0913 0.0137 0.0272 0.0409 0.0155 0.0464 0.0234 0.0224 0.6643 
        D057  4 0.0081 0.0145 0.0420 0.0112 0.0059 0.0114 0.0099 0.0119 0.0121 0.8730 
        D109  4 0.2330 0.1308 0.0167 0.0196 0.2865 0.0814 0.0717 0.0703 0.0313 0.0587 
     D237222  4 0.0178 0.0302 0.0165 0.0532 0.0126 0.0121 0.0170 0.0830 0.0159 0.7418 
     D237223  4 0.0138 0.0258 0.2899 0.0315 0.4371 0.0347 0.0206 0.0491 0.0436 0.0540 
     D237224  4 0.0619 0.1002 0.0335 0.1945 0.0129 0.1670 0.1950 0.0240 0.1609 0.0501 
     D237225  4 0.1235 0.1503 0.0798 0.0301 0.0177 0.0165 0.1165 0.0700 0.0375 0.3582 
     D237299  4 0.0192 0.1088 0.0324 0.0201 0.6398 0.0185 0.0630 0.0324 0.0468 0.0190 
     D237300  4 0.0393 0.0206 0.0241 0.1026 0.0211 0.0143 0.0215 0.0353 0.6903 0.0309 
     D237306  4 0.0226 0.0255 0.0224 0.0195 0.4518 0.0301 0.0228 0.3561 0.0158 0.0334 
     D237307  4 0.0393 0.1136 0.0664 0.0359 0.0308 0.0151 0.3610 0.1799 0.0473 0.1106 
     D237308  4 0.0597 0.0579 0.1646 0.3372 0.0245 0.1016 0.0572 0.0984 0.0332 0.0656 
     D237309  4 0.1673 0.1782 0.0229 0.0332 0.0200 0.0662 0.0549 0.0168 0.0628 0.3777 
     D237317  4 0.1808 0.2302 0.0193 0.0358 0.0104 0.0187 0.2149 0.1086 0.1111 0.0702 
     D237318  4 0.0122 0.0329 0.0603 0.0520 0.0253 0.0155 0.0325 0.0257 0.7312 0.0124 
     D237319  4 0.0219 0.1088 0.0195 0.0457 0.5048 0.0227 0.1885 0.0256 0.0243 0.0382 
     D237320  4 0.0142 0.0245 0.0361 0.0287 0.7767 0.0151 0.0180 0.0143 0.0534 0.0191 
     D237321  4 0.0521 0.0588 0.0151 0.1911 0.0274 0.0176 0.0659 0.0278 0.5199 0.0243 
     D237397  4 0.0255 0.0501 0.0998 0.0677 0.1636 0.0145 0.0359 0.3018 0.0710 0.1700 
     D237398  4 0.0168 0.0418 0.0396 0.0111 0.0399 0.0629 0.1046 0.0092 0.6627 0.0113 
     D237399  4 0.0351 0.1899 0.0564 0.0345 0.0735 0.0250 0.0744 0.1350 0.2989 0.0773 
     D244001  4 0.0300 0.0376 0.0291 0.1706 0.0122 0.0174 0.0183 0.0309 0.0182 0.6357 
        D289  4 0.0189 0.0568 0.1383 0.1042 0.0354 0.1215 0.0827 0.2989 0.1032 0.0401 
        D290  4 0.0096 0.6428 0.0241 0.0395 0.0241 0.0178 0.0296 0.0189 0.1404 0.0531 
        D294  4 0.0162 0.2401 0.0386 0.0478 0.0170 0.2124 0.0941 0.0356 0.1104 0.1879 
        D295  4 0.0282 0.1355 0.0393 0.0277 0.1036 0.0266 0.0867 0.0399 0.0245 0.4880 
        D301  4 0.0660 0.0628 0.0105 0.2762 0.0527 0.0170 0.0282 0.0535 0.0588 0.3744 
        D302  4 0.0326 0.0328 0.0127 0.0129 0.0112 0.7915 0.0428 0.0102 0.0131 0.0403 
        D303  4 0.0237 0.0366 0.0207 0.0945 0.0732 0.0884 0.0186 0.5868 0.0286 0.0289 
        D304  4 0.0218 0.4922 0.0189 0.0201 0.0116 0.0196 0.1030 0.0320 0.2375 0.0434 
        D305  4 0.0312 0.1216 0.0314 0.4600 0.0131 0.1338 0.0378 0.0180 0.0275 0.1254 
        D306  4 0.0128 0.7156 0.0103 0.1298 0.0221 0.0133 0.0251 0.0234 0.0336 0.0139 
        D307  4 0.0173 0.0152 0.0088 0.0149 0.0118 0.0188 0.0103 0.0380 0.0275 0.8375 
        D327  4 0.0346 0.0831 0.0608 0.0287 0.0268 0.0176 0.6548 0.0263 0.0307 0.0365 
        D328  4 0.0141 0.0567 0.0161 0.0833 0.1439 0.3188 0.0509 0.1300 0.0262 0.1598 
        D329  4 0.0291 0.1302 0.0269 0.2296 0.0158 0.1817 0.0426 0.0435 0.0617 0.2390 
        D330  4 0.0362 0.3032 0.0885 0.0892 0.1065 0.0704 0.1723 0.0163 0.0096 0.1078 
        D331  4 0.0241 0.3434 0.0215 0.0360 0.0279 0.0154 0.2204 0.0613 0.2129 0.0372 
        D333  4 0.0887 0.1002 0.0478 0.0774 0.0285 0.0470 0.0278 0.0828 0.0574 0.4424 
        D334  4 0.0198 0.0657 0.0167 0.0097 0.0270 0.0377 0.0405 0.4779 0.0721 0.2328 
        D335  4 0.0322 0.2393 0.0717 0.0242 0.0127 0.1399 0.3359 0.0247 0.0132 0.1062 
        D370  4 0.0821 0.1403 0.0219 0.3148 0.0325 0.0968 0.0751 0.1489 0.0310 0.0565 
        D371  4 0.0203 0.0234 0.0309 0.1098 0.0905 0.0809 0.1189 0.4803 0.0298 0.0151 
        D372  4 0.0117 0.0669 0.0130 0.1006 0.0164 0.0138 0.0114 0.0181 0.7308 0.0174 
        D373  4 0.1261 0.0222 0.0182 0.0439 0.0102 0.0266 0.0304 0.0117 0.0404 0.6702 
        D455  4 0.0169 0.0180 0.0099 0.0122 0.0073 0.0138 0.0119 0.0109 0.0206 0.8783 
        D490  4 0.0108 0.0081 0.0066 0.0077 0.0189 0.0099 0.0087 0.0103 0.0085 0.9105 
        D497  4 0.0103 0.0244 0.0079 0.0102 0.0374 0.0197 0.0118 0.0112 0.0220 0.8452 
        D498  4 0.0223 0.4181 0.0249 0.0531 0.0799 0.0192 0.1155 0.1023 0.1387 0.0258 
        D499  4 0.0317 0.0854 0.0632 0.1001 0.4177 0.1312 0.0736 0.0379 0.0395 0.0197 
        D514  4 0.0458 0.3380 0.0284 0.0408 0.0705 0.1543 0.1824 0.0090 0.0632 0.0675 
        D515  4 0.0147 0.0354 0.0332 0.0179 0.7830 0.0441 0.0218 0.0156 0.0091 0.0252 
        D516  4 0.0740 0.0697 0.1722 0.0565 0.1212 0.0154 0.1385 0.1031 0.0442 0.2052 
        D517  4 0.0383 0.0384 0.0109 0.0223 0.0138 0.0095 0.0235 0.0114 0.0613 0.7706 
        D518  4 0.0117 0.0494 0.0190 0.0111 0.0096 0.0204 0.0153 0.0301 0.0080 0.8255 
        D519  4 0.0124 0.0166 0.0363 0.0141 0.8302 0.0125 0.0154 0.0123 0.0334 0.0169 
        D560  4 0.0232 0.0414 0.1045 0.0436 0.4092 0.0617 0.0921 0.0164 0.0561 0.1517 
        D561  4 0.0297 0.3631 0.0730 0.0292 0.0895 0.0288 0.3009 0.0156 0.0160 0.0542 
        D562  4 0.0254 0.2557 0.0357 0.1995 0.0379 0.0698 0.1305 0.0574 0.0879 0.1002 
        D563  4 0.0464 0.0650 0.1825 0.1529 0.0843 0.3072 0.0530 0.0194 0.0501 0.0390 
        D572  4 0.0150 0.0961 0.0531 0.0388 0.0154 0.2846 0.1056 0.0397 0.0184 0.3331 
        D629  4 0.2097 0.1031 0.0361 0.0216 0.0215 0.2108 0.2676 0.0169 0.0723 0.0404 
        D630  4 0.0286 0.2042 0.0346 0.0506 0.1118 0.0637 0.0847 0.0495 0.0781 0.2942 
        D631  4 0.0116 0.0640 0.0828 0.0273 0.0248 0.0414 0.0246 0.0179 0.0258 0.6799 
        D632  4 0.2315 0.0182 0.0479 0.1176 0.0207 0.4383 0.0564 0.0115 0.0126 0.0452 
        D646  4 0.0142 0.0651 0.1839 0.0782 0.4279 0.0220 0.0707 0.0530 0.0250 0.0599 
        D647  4 0.0167 0.1408 0.1035 0.0825 0.1163 0.0373 0.2732 0.0115 0.0374 0.1809 
        D648  4 0.0139 0.0909 0.0123 0.0971 0.0830 0.4932 0.0328 0.0953 0.0095 0.0721 
        D649  4 0.1203 0.0474 0.0261 0.0144 0.0881 0.4222 0.1719 0.0190 0.0253 0.0653 
        D650  4 0.0805 0.0735 0.1135 0.0108 0.1972 0.0516 0.2547 0.0533 0.0496 0.1154 
        D708  4 0.0523 0.1173 0.0191 0.1242 0.0479 0.1404 0.1580 0.1697 0.0508 0.1202 
        D709  4 0.0215 0.5890 0.0233 0.0801 0.1135 0.0273 0.0544 0.0280 0.0416 0.0213 
        D738  4 0.0190 0.0348 0.0215 0.0118 0.1592 0.0162 0.0249 0.6095 0.0259 0.0772 
        D739  4 0.0188 0.1314 0.0166 0.0799 0.0711 0.0363 0.0386 0.0341 0.0561 0.5169 
        D740  4 0.1721 0.1678 0.0348 0.0384 0.0198 0.0558 0.0631 0.1809 0.1405 0.1268 
        D741  4 0.0090 0.0173 0.4150 0.0145 0.4486 0.0171 0.0298 0.0124 0.0128 0.0236 
        D742  4 0.0221 0.0575 0.5080 0.0277 0.1417 0.0442 0.0275 0.0381 0.0547 0.0783 
        D743  4 0.0168 0.0838 0.1452 0.0285 0.0296 0.2625 0.3340 0.0242 0.0357 0.0396 
        D744  4 0.0157 0.0320 0.0410 0.0190 0.0241 0.8037 0.0252 0.0133 0.0158 0.0102 
        D745  4 0.0113 0.0129 0.0174 0.0102 0.8671 0.0184 0.0116 0.0129 0.0146 0.0235 
        D814  4 0.0242 0.1163 0.0625 0.5339 0.0329 0.0346 0.0544 0.0157 0.0571 0.0684 
        D815  4 0.0324 0.2568 0.0370 0.0438 0.0202 0.3234 0.1631 0.0295 0.0499 0.0438 
        D828  4 0.0233 0.1299 0.0172 0.5001 0.0708 0.0734 0.0214 0.1038 0.0290 0.0313 
        D845  4 0.0100 0.0153 0.0603 0.0103 0.0127 0.0115 0.0164 0.0391 0.8102 0.0142 
        D846  4 0.0231 0.1109 0.0563 0.0687 0.0109 0.0559 0.1856 0.0087 0.0486 0.4313 
        D847  4 0.0402 0.2148 0.0642 0.0250 0.0485 0.0221 0.0842 0.0340 0.2265 0.2405 
        D848  4 0.1121 0.0206 0.0221 0.0341 0.0081 0.0200 0.0134 0.0169 0.1816 0.5711 
        D849  4 0.0221 0.0454 0.0556 0.0231 0.0438 0.0153 0.0214 0.0109 0.0175 0.7449 
        D850  4 0.0545 0.0978 0.2762 0.0174 0.0546 0.0640 0.1267 0.0618 0.2030 0.0439 
        D856  4 0.0308 0.3960 0.0186 0.0243 0.1151 0.0252 0.2969 0.0283 0.0266 0.0383 
        D857  4 0.2331 0.0512 0.0174 0.2204 0.3472 0.0158 0.0178 0.0387 0.0196 0.0387 
        D859  4 0.0250 0.1394 0.0527 0.1317 0.0234 0.1433 0.1694 0.0288 0.0539 0.2326 
        D860  4 0.0174 0.0550 0.0670 0.0597 0.0109 0.0339 0.0956 0.4439 0.1965 0.0199 
        D883  4 0.0801 0.0624 0.0280 0.0384 0.0876 0.0649 0.0858 0.0757 0.0681 0.4090 
        D884  4 0.0202 0.0265 0.0168 0.0136 0.6697 0.0240 0.0294 0.0743 0.0110 0.1144 
        D885  4 0.1019 0.0538 0.4061 0.0096 0.0613 0.0235 0.1404 0.0165 0.0704 0.1165 
        D886  4 0.0411 0.3357 0.0447 0.0669 0.0784 0.0394 0.1573 0.0231 0.0560 0.1575 
        D887  4 0.1746 0.0691 0.0392 0.0632 0.0455 0.2892 0.0757 0.0229 0.1883 0.0323 
        D889  4 0.0107 0.2571 0.0096 0.0162 0.0113 0.0244 0.0220 0.0137 0.6085 0.0265 
        D890  4 0.2464 0.1145 0.0307 0.1260 0.0329 0.2057 0.0772 0.0679 0.0602 0.0386 
        D891  4 0.0058 0.0077 0.0123 0.0091 0.0081 0.0095 0.0098 0.0093 0.9237 0.0047 
        D899  4 0.0202 0.0769 0.3731 0.1545 0.0401 0.0613 0.0237 0.0895 0.0936 0.0671 
        D900  4 0.0375 0.3251 0.0470 0.0541 0.0524 0.0713 0.1305 0.0360 0.0941 0.1519 
        D970  4 0.0245 0.1269 0.0227 0.0511 0.0116 0.0605 0.1584 0.0358 0.1376 0.3710 
        D971  4 0.0332 0.1389 0.3099 0.1148 0.0309 0.1053 0.1690 0.0508 0.0176 0.0296 
        D979  4 0.0200 0.2319 0.0329 0.0114 0.0086 0.0375 0.5541 0.0135 0.0121 0.0780 
        D093  5 0.0409 0.0309 0.0184 0.0236 0.0559 0.0163 0.0179 0.6581 0.0723 0.0657 
        D154  5 0.0591 0.0839 0.3270 0.0416 0.1605 0.0379 0.0460 0.0461 0.0757 0.1222 
        D168  5 0.1047 0.1226 0.1654 0.0941 0.2424 0.0434 0.0825 0.0165 0.0803 0.0481 
        D189  5 0.0191 0.0813 0.0459 0.0429 0.0572 0.0378 0.0507 0.3505 0.2040 0.1107 
        D190  5 0.0233 0.0174 0.0199 0.0206 0.0269 0.0387 0.0880 0.7227 0.0215 0.0210 
     D237220  5 0.0149 0.1384 0.0253 0.0129 0.0363 0.0252 0.0287 0.0812 0.3752 0.2621 
     D237221  5 0.0494 0.0821 0.1262 0.0520 0.0328 0.0211 0.1332 0.2692 0.1650 0.0690 
     D237274  5 0.0281 0.1440 0.0913 0.0506 0.0461 0.1835 0.4139 0.0139 0.0139 0.0148 
     D237275  5 0.0139 0.1451 0.3706 0.2262 0.0503 0.0112 0.0332 0.0262 0.0884 0.0350 
     D237276  5 0.0591 0.0981 0.0699 0.0521 0.0897 0.0446 0.0588 0.2946 0.0239 0.2092 
     D237277  5 0.0378 0.0222 0.0388 0.0288 0.0224 0.0548 0.0658 0.5420 0.1701 0.0172 
     D237278  5 0.0853 0.0979 0.1549 0.1709 0.0441 0.1226 0.0621 0.1338 0.0240 0.1045 
     D237279  5 0.5240 0.0729 0.0536 0.0135 0.1650 0.0765 0.0326 0.0150 0.0325 0.0145 
     D237280  5 0.7290 0.0447 0.0102 0.0185 0.0070 0.0217 0.0913 0.0267 0.0178 0.0332 
     D237281  5 0.0220 0.0413 0.3825 0.1302 0.0328 0.0205 0.0680 0.0515 0.2369 0.0141 
     D237351  5 0.8456 0.0095 0.0147 0.0089 0.0300 0.0123 0.0145 0.0306 0.0102 0.0237 
     D237352  5 0.1011 0.1748 0.1054 0.0373 0.0185 0.0838 0.1116 0.0367 0.0174 0.3133 
     D237353  5 0.0370 0.0206 0.0122 0.0203 0.0153 0.0317 0.0572 0.7519 0.0421 0.0117 
     D237359  5 0.0255 0.0988 0.0299 0.0150 0.0173 0.0291 0.0565 0.0565 0.4194 0.2520 
     D237361  5 0.0433 0.0319 0.0169 0.0190 0.0179 0.0154 0.0246 0.7455 0.0717 0.0138 
     D237362  5 0.2169 0.0460 0.0628 0.0219 0.1067 0.0471 0.3461 0.0701 0.0255 0.0569 
     D237363  5 0.0327 0.1678 0.0703 0.0965 0.1172 0.0132 0.4046 0.0443 0.0332 0.0201 
     D237364  5 0.0398 0.0963 0.1195 0.0300 0.1717 0.0655 0.0914 0.0105 0.0347 0.3405 
     D237376  5 0.0112 0.0558 0.0208 0.0587 0.2127 0.4626 0.0110 0.0859 0.0386 0.0427 
     D237377  5 0.6076 0.0464 0.0217 0.0358 0.0246 0.0303 0.1069 0.0503 0.0330 0.0435 
     D237378  5 0.0097 0.0312 0.0121 0.1902 0.0579 0.0454 0.0207 0.4458 0.0397 0.1474 
     D237379  5 0.0129 0.0870 0.0267 0.0738 0.1981 0.2306 0.1213 0.1419 0.0471 0.0606 
     D237380  5 0.2752 0.0306 0.0084 0.1132 0.0532 0.2560 0.0465 0.1373 0.0169 0.0627 
     D237381  5 0.0811 0.1392 0.0200 0.3180 0.0669 0.0408 0.0819 0.0687 0.0353 0.1481 
     D237391  5 0.0352 0.0202 0.0153 0.0112 0.0226 0.0172 0.0302 0.6763 0.1572 0.0147 
     D237392  5 0.0364 0.1118 0.2116 0.0812 0.1145 0.1548 0.2483 0.0140 0.0171 0.0104 
     D237393  5 0.3784 0.0866 0.0489 0.1042 0.0146 0.0459 0.0866 0.1517 0.0379 0.0452 
     D237394  5 0.0291 0.0131 0.0093 0.0079 0.0103 0.0252 0.0233 0.8430 0.0248 0.0140 
     D237395  5 0.1607 0.0929 0.0344 0.0949 0.0735 0.0283 0.0398 0.3117 0.1099 0.0538 
     D237396  5 0.5385 0.0320 0.1339 0.0218 0.0279 0.0354 0.0458 0.0922 0.0528 0.0197 
     D244016  5 0.0373 0.1018 0.1047 0.0248 0.0366 0.2965 0.1246 0.1732 0.0774 0.0231 
     D244018  5 0.0218 0.0327 0.3520 0.0228 0.0311 0.0140 0.0294 0.1891 0.1163 0.1907 
     D244019  5 0.0390 0.2635 0.0456 0.0397 0.0167 0.0299 0.4823 0.0334 0.0383 0.0117 
        D279  5 0.1082 0.0395 0.3016 0.0150 0.0286 0.0352 0.0542 0.0534 0.2189 0.1455 
        D280  5 0.1272 0.2544 0.0176 0.0390 0.0114 0.0473 0.0392 0.0620 0.3679 0.0340 
        D281  5 0.0165 0.0772 0.1680 0.0192 0.0215 0.0192 0.0197 0.0466 0.5862 0.0259 
        D283  5 0.0734 0.1234 0.0350 0.0243 0.0203 0.0249 0.1103 0.3219 0.2108 0.0557 
        D284  5 0.0343 0.1328 0.0491 0.0158 0.3742 0.0806 0.0674 0.0209 0.0766 0.1481 
        D285  5 0.0253 0.1133 0.0214 0.0164 0.0129 0.0367 0.0433 0.1386 0.5527 0.0395 
        D286  5 0.0386 0.1468 0.0193 0.0410 0.0403 0.1169 0.1087 0.2125 0.0632 0.2126 
        D287  5 0.0165 0.0885 0.0078 0.1344 0.2475 0.3392 0.0306 0.0733 0.0406 0.0214 
        D288  5 0.0371 0.1837 0.0181 0.0465 0.0153 0.0241 0.2958 0.0375 0.3256 0.0162 
        D308  5 0.7839 0.0274 0.0243 0.0139 0.0353 0.0281 0.0402 0.0170 0.0196 0.0105 
        D309  5 0.0106 0.0133 0.0103 0.0078 0.0098 0.9039 0.0095 0.0084 0.0088 0.0177 
        D310  5 0.0306 0.0963 0.0108 0.0139 0.0110 0.0146 0.0179 0.7001 0.0700 0.0349 
        D311  5 0.0198 0.2401 0.0310 0.0213 0.0354 0.0163 0.4758 0.0609 0.0225 0.0769 
        D312  5 0.2314 0.1602 0.0337 0.0713 0.0277 0.2300 0.0466 0.0827 0.0491 0.0674 
        D313  5 0.7193 0.0184 0.0093 0.0169 0.0775 0.0075 0.0160 0.0552 0.0095 0.0703 
        D314  5 0.1071 0.0693 0.0893 0.0448 0.1180 0.1167 0.0646 0.0991 0.0449 0.2463 
        D315  5 0.0969 0.1027 0.0105 0.3530 0.0273 0.0893 0.1420 0.1191 0.0314 0.0279 
        D317  5 0.0276 0.0175 0.0142 0.0183 0.0182 0.0071 0.0311 0.8171 0.0171 0.0318 
        D318  5 0.0718 0.2340 0.0968 0.0466 0.0609 0.2045 0.1539 0.0246 0.0688 0.0381 
        D319  5 0.0103 0.0166 0.0277 0.0109 0.0248 0.0100 0.0170 0.8407 0.0149 0.0272 
        D320  5 0.0167 0.0448 0.0122 0.0201 0.0260 0.0434 0.0425 0.6157 0.1601 0.0185 
        D321  5 0.7874 0.0209 0.0088 0.0090 0.0141 0.0090 0.0288 0.0175 0.0937 0.0109 
        D336  5 0.0094 0.1795 0.0133 0.0617 0.0202 0.0272 0.0212 0.5789 0.0223 0.0662 
        D337  5 0.0101 0.0174 0.0197 0.0156 0.0125 0.0191 0.0200 0.8300 0.0423 0.0132 
        D338  5 0.0962 0.0875 0.0771 0.0101 0.0588 0.0176 0.1010 0.1013 0.0901 0.3603 
        D339  5 0.0217 0.0298 0.0299 0.0546 0.0238 0.0086 0.0364 0.7425 0.0259 0.0268 
        D347  5 0.0075 0.4751 0.0153 0.3707 0.0095 0.0130 0.0456 0.0234 0.0202 0.0195 
        D348  5 0.0080 0.0344 0.0139 0.1041 0.0069 0.0230 0.0478 0.7215 0.0200 0.0205 
        D349  5 0.8909 0.0083 0.0098 0.0106 0.0115 0.0148 0.0101 0.0223 0.0120 0.0097 
        D350  5 0.0134 0.0091 0.0106 0.0108 0.0147 0.8943 0.0104 0.0119 0.0088 0.0161 
        D355  5 0.0125 0.0640 0.7051 0.0146 0.0297 0.0239 0.0207 0.0130 0.0977 0.0187 
        D356  5 0.0727 0.1889 0.0154 0.0453 0.0584 0.0510 0.1072 0.2523 0.1395 0.0693 
        D357  5 0.0423 0.3158 0.0145 0.2965 0.0559 0.0689 0.0706 0.0259 0.0780 0.0316 
        D358  5 0.0919 0.0366 0.0220 0.0641 0.1243 0.3447 0.0214 0.2271 0.0544 0.0134 
        D359  5 0.0363 0.0730 0.0153 0.0294 0.0459 0.0223 0.2460 0.4745 0.0370 0.0203 
        D360  5 0.0662 0.1701 0.0163 0.0345 0.0407 0.0359 0.1072 0.3212 0.1766 0.0314 
        D361  5 0.8173 0.0148 0.0094 0.0251 0.0746 0.0096 0.0127 0.0173 0.0081 0.0111 
        D366  5 0.0177 0.0239 0.7428 0.0191 0.0415 0.0163 0.0821 0.0272 0.0161 0.0132 
        D367  5 0.0412 0.0942 0.0176 0.0285 0.0567 0.0378 0.0409 0.4216 0.0566 0.2049 
        D368  5 0.6973 0.0292 0.0140 0.0167 0.0679 0.0168 0.0728 0.0449 0.0250 0.0154 
        D380  5 0.0207 0.0127 0.0195 0.0116 0.0192 0.8598 0.0202 0.0151 0.0120 0.0092 
        D381  5 0.0185 0.0541 0.0355 0.0258 0.0169 0.0187 0.1068 0.5944 0.0790 0.0503 
        D400  5 0.0278 0.2793 0.0484 0.0753 0.0182 0.0177 0.0633 0.1956 0.0748 0.1995 
        D411  5 0.0792 0.0174 0.0083 0.0426 0.7194 0.0104 0.0104 0.0060 0.0065 0.0998 
        D412  5 0.0888 0.2839 0.0158 0.3645 0.0085 0.0120 0.0311 0.1142 0.0328 0.0484 
        D413  5 0.0328 0.0415 0.6368 0.0530 0.0357 0.0683 0.0783 0.0158 0.0212 0.0165 
        D414  5 0.0127 0.0273 0.0445 0.0229 0.0361 0.7859 0.0177 0.0178 0.0175 0.0175 
        D420  5 0.0298 0.1559 0.0155 0.0190 0.0794 0.0184 0.0585 0.0252 0.5652 0.0331 
        D431  5 0.0347 0.0254 0.0084 0.1809 0.1411 0.4848 0.0268 0.0165 0.0661 0.0153 
        D432  5 0.0910 0.0460 0.0144 0.2854 0.0182 0.0682 0.0324 0.2405 0.1512 0.0528 
        D433  5 0.1312 0.0680 0.0481 0.0445 0.0306 0.0203 0.0525 0.5147 0.0576 0.0323 
        D434  5 0.0150 0.1606 0.0208 0.0223 0.0346 0.0221 0.0902 0.4794 0.1217 0.0332 
        D440  5 0.0116 0.0333 0.0146 0.0100 0.0149 0.7952 0.0167 0.0176 0.0117 0.0742 
        D447  5 0.0262 0.1502 0.0448 0.2948 0.1777 0.1149 0.1320 0.0137 0.0332 0.0124 
        D448  5 0.0231 0.1400 0.0153 0.3356 0.0378 0.0215 0.0348 0.2603 0.0262 0.1053 
        D459  5 0.0053 0.0201 0.8513 0.0119 0.0176 0.0106 0.0116 0.0158 0.0399 0.0158 
        D460  5 0.8980 0.0093 0.0099 0.0073 0.0128 0.0161 0.0171 0.0121 0.0111 0.0062 
        D461  5 0.0196 0.0198 0.0127 0.0087 0.0057 0.8727 0.0210 0.0124 0.0102 0.0171 
        D468  5 0.0696 0.0266 0.0231 0.0335 0.6355 0.0639 0.0699 0.0476 0.0155 0.0147 
        D469  5 0.2775 0.0946 0.0457 0.0159 0.0725 0.1363 0.1597 0.0444 0.0509 0.1026 
        D470  5 0.0219 0.0364 0.0145 0.0936 0.0304 0.0352 0.0653 0.0483 0.0168 0.6375 
        D471  5 0.0178 0.0723 0.0611 0.0618 0.0594 0.0563 0.1049 0.4691 0.0516 0.0458 
        D472  5 0.0170 0.0313 0.3742 0.0181 0.0076 0.0135 0.4456 0.0213 0.0568 0.0148 
        D479  5 0.0143 0.0227 0.0536 0.8022 0.0105 0.0287 0.0234 0.0164 0.0110 0.0170 
        D485  5 0.0091 0.1595 0.0186 0.0923 0.0927 0.5033 0.0278 0.0248 0.0280 0.0438 
        D486  5 0.0338 0.0771 0.0394 0.0231 0.6570 0.0325 0.0298 0.0343 0.0173 0.0556 
        D487  5 0.0227 0.0585 0.0174 0.2006 0.0242 0.0300 0.0300 0.2986 0.2218 0.0961 
        D555  5 0.0090 0.0204 0.0188 0.0163 0.0098 0.0120 0.0111 0.8702 0.0224 0.0101 
        D556  5 0.1357 0.0257 0.0145 0.0408 0.0211 0.4448 0.0239 0.0312 0.2331 0.0293 
        D557  5 0.0255 0.0236 0.0613 0.0232 0.0137 0.0263 0.0280 0.7494 0.0163 0.0326 
        D564  5 0.0712 0.1024 0.0144 0.1505 0.0315 0.3329 0.1174 0.1402 0.0155 0.0239 
        D594  5 0.0250 0.4699 0.0310 0.1918 0.0154 0.0324 0.0874 0.0460 0.0235 0.0775 
        D595  5 0.1169 0.0948 0.0432 0.0697 0.1743 0.0649 0.0957 0.2357 0.0695 0.0353 
        D596  5 0.0115 0.0204 0.0105 0.0457 0.0085 0.0164 0.0189 0.8451 0.0110 0.0121 
        D597  5 0.0377 0.0352 0.3455 0.0330 0.0092 0.0309 0.0285 0.2224 0.2309 0.0267 
        D598  5 0.0303 0.0403 0.0241 0.1487 0.0462 0.2175 0.0706 0.2466 0.0802 0.0954 
        D617  5 0.0727 0.0721 0.0272 0.5323 0.1691 0.0122 0.0239 0.0133 0.0171 0.0600 
        D618  5 0.0229 0.0224 0.0314 0.0364 0.0237 0.0367 0.1412 0.5412 0.1128 0.0311 
        D619  5 0.2511 0.1089 0.0314 0.2556 0.0337 0.0482 0.1073 0.1286 0.0240 0.0113 
        D620  5 0.0284 0.0199 0.7543 0.0451 0.0118 0.0124 0.0375 0.0263 0.0285 0.0358 
        D628  5 0.0092 0.0173 0.0124 0.0196 0.0186 0.8521 0.0143 0.0266 0.0144 0.0154 
        D714  5 0.0165 0.0383 0.0320 0.0354 0.1035 0.3789 0.0252 0.0902 0.2409 0.0391 
        D715  5 0.0218 0.0391 0.0396 0.0145 0.0218 0.0454 0.1487 0.5873 0.0685 0.0132 
        D716  5 0.0118 0.4235 0.0315 0.1599 0.0233 0.0248 0.1003 0.0246 0.0574 0.1427 
        D717  5 0.0181 0.1941 0.0737 0.0113 0.0305 0.1006 0.2142 0.1844 0.1380 0.0350 
        D718  5 0.0092 0.1112 0.0224 0.0605 0.5563 0.0466 0.0145 0.0531 0.0347 0.0914 
        D769  5 0.0191 0.0813 0.0148 0.5450 0.0485 0.0227 0.0176 0.0151 0.0142 0.2218 
        D770  5 0.0195 0.0170 0.0688 0.0333 0.1599 0.6121 0.0286 0.0187 0.0281 0.0142 
        D771  5 0.0649 0.1898 0.0448 0.2580 0.0314 0.1552 0.0614 0.0357 0.0883 0.0705 
        D772  5 0.0573 0.0355 0.0169 0.0141 0.0181 0.6962 0.0333 0.0494 0.0394 0.0399 
        D782  5 0.4259 0.0412 0.0907 0.0203 0.0752 0.0294 0.0222 0.0299 0.2473 0.0178 
        D783  5 0.0106 0.0628 0.1449 0.0535 0.0499 0.4642 0.0389 0.0865 0.0635 0.0251 
        D784  5 0.0235 0.0818 0.0615 0.0136 0.0153 0.1928 0.3344 0.0606 0.1716 0.0450 
        D785  5 0.0903 0.0263 0.0165 0.0187 0.0342 0.1202 0.0818 0.5604 0.0304 0.0212 
        D786  5 0.0584 0.2170 0.1204 0.0525 0.0314 0.0976 0.1411 0.0197 0.0155 0.2466 
        D821  5 0.0098 0.0076 0.0082 0.0094 0.0123 0.0159 0.0173 0.8859 0.0234 0.0103 
        D822  5 0.0221 0.2718 0.0708 0.0428 0.0639 0.0623 0.3427 0.0569 0.0489 0.0176 
        D826  5 0.0685 0.0565 0.2535 0.0240 0.0374 0.0479 0.0566 0.2863 0.0910 0.0783 
        D827  5 0.0172 0.1040 0.2211 0.0256 0.0927 0.0462 0.4187 0.0225 0.0251 0.0268 
        D851  5 0.5048 0.0668 0.0224 0.0640 0.0400 0.0604 0.0950 0.0648 0.0464 0.0355 
        D852  5 0.0157 0.0368 0.0274 0.1753 0.0347 0.1655 0.0275 0.2067 0.1939 0.1165 
        D853  5 0.0819 0.1421 0.0259 0.0348 0.0568 0.0325 0.0543 0.2272 0.3097 0.0349 
        D854  5 0.0296 0.0854 0.0363 0.0514 0.5653 0.0377 0.1181 0.0111 0.0396 0.0255 
        D861  5 0.0383 0.0656 0.0501 0.1123 0.4324 0.0342 0.0499 0.1531 0.0389 0.0254 
        D862  5 0.0748 0.1345 0.0632 0.0200 0.0454 0.0977 0.2906 0.1951 0.0364 0.0422 
        D865  5 0.1320 0.0630 0.0220 0.1625 0.0546 0.0764 0.0212 0.3652 0.0717 0.0315 
        D868  5 0.0380 0.0961 0.1020 0.0233 0.0270 0.0367 0.1691 0.1444 0.1114 0.2520 
        D869  5 0.2826 0.0259 0.0305 0.0341 0.4118 0.0192 0.0211 0.0123 0.0155 0.1470 
        D870  5 0.0674 0.3926 0.0884 0.0775 0.0135 0.0230 0.2983 0.0094 0.0155 0.0145 
        D907  5 0.1156 0.0912 0.0118 0.1138 0.0188 0.0157 0.0202 0.5308 0.0415 0.0407 
        D908  5 0.0402 0.0296 0.0153 0.3124 0.0225 0.0882 0.0193 0.1861 0.2579 0.0284 
        D910  5 0.0205 0.1131 0.1738 0.0779 0.0871 0.0172 0.1092 0.3027 0.0606 0.0379 
        D911  5 0.0064 0.0332 0.6950 0.0092 0.0201 0.0110 0.0199 0.0138 0.1652 0.0262 
        D934  5 0.0145 0.0432 0.0216 0.1851 0.1103 0.3729 0.1266 0.0244 0.0732 0.0282 
        D946  5 0.0200 0.0234 0.0120 0.2599 0.0779 0.4226 0.0596 0.0270 0.0386 0.0589 
        D947  5 0.1354 0.1642 0.0289 0.0179 0.0229 0.1180 0.0578 0.0205 0.2497 0.1849 
        D948  5 0.8238 0.0127 0.0121 0.0128 0.0092 0.0134 0.0192 0.0667 0.0173 0.0128 
        D949  5 0.8883 0.0120 0.0090 0.0082 0.0098 0.0105 0.0175 0.0183 0.0118 0.0144 
        D950  5 0.0163 0.0271 0.6510 0.0177 0.0130 0.0256 0.0252 0.0197 0.1888 0.0157 
        D951  5 0.2346 0.3308 0.0711 0.0784 0.0321 0.1100 0.0915 0.0165 0.0191 0.0159 
        D952  5 0.0359 0.2635 0.0359 0.0229 0.0149 0.0134 0.4363 0.0591 0.0544 0.0636 
        D953  5 0.0782 0.0579 0.0135 0.0359 0.0202 0.0462 0.0669 0.5152 0.1506 0.0153 
        D954  5 0.1204 0.0634 0.0215 0.0162 0.0187 0.0270 0.5299 0.1687 0.0245 0.0096 
        D961  5 0.0093 0.0320 0.0117 0.0637 0.1629 0.6485 0.0167 0.0273 0.0120 0.0159 
        D962  5 0.0339 0.0721 0.0116 0.0294 0.0235 0.5640 0.0392 0.1774 0.0206 0.0282 
        D963  5 0.0128 0.0642 0.0456 0.0221 0.0306 0.2375 0.1356 0.3250 0.1038 0.0227 
        D964  5 0.0362 0.1557 0.0225 0.0614 0.2811 0.2143 0.0764 0.0233 0.0984 0.0307 
        D965  5 0.0388 0.1640 0.0368 0.1339 0.0230 0.3710 0.0914 0.0298 0.0393 0.0720 
        D966  5 0.0500 0.1067 0.0279 0.0953 0.0128 0.1252 0.2525 0.0717 0.1204 0.1373 
        D967  5 0.0466 0.1535 0.0577 0.1802 0.0271 0.0337 0.0491 0.1494 0.2833 0.0194 
        D991  5 0.0201 0.0783 0.0168 0.0432 0.0329 0.2240 0.0267 0.0647 0.0215 0.4719 
        D132  8 0.0336 0.0142 0.0175 0.0085 0.2065 0.0258 0.0173 0.0204 0.0182 0.6379 
        D133  8 0.0184 0.0409 0.4104 0.3704 0.0135 0.0122 0.0193 0.0176 0.0420 0.0552 
        D200  8 0.0082 0.5696 0.0094 0.1164 0.1122 0.0251 0.0149 0.0107 0.1015 0.0321 
        D500  8 0.0790 0.0306 0.0077 0.0250 0.0887 0.0220 0.0200 0.0176 0.0174 0.6919 
        D614  8 0.0366 0.1837 0.0259 0.0254 0.1412 0.0842 0.0400 0.2233 0.1408 0.0989 
        D723  8 0.0296 0.0395 0.1853 0.0238 0.5604 0.0126 0.0516 0.0178 0.0214 0.0581 
        D888  8 0.0118 0.0394 0.0198 0.0208 0.0161 0.0148 0.0214 0.0113 0.8178 0.0267 
        D901  8 0.0109 0.0276 0.0134 0.0145 0.8590 0.0147 0.0120 0.0107 0.0158 0.0214 
        D902  8 0.0207 0.0505 0.0326 0.0191 0.1309 0.0818 0.0186 0.5490 0.0636 0.0332 
        D903  8 0.0448 0.1951 0.0710 0.0103 0.0196 0.0447 0.4525 0.0510 0.0239 0.0871 
        D904  8 0.1782 0.0783 0.0230 0.0468 0.0203 0.2545 0.2097 0.0392 0.0430 0.1071 
        D905  8 0.0071 0.0137 0.0087 0.0209 0.0176 0.0171 0.0116 0.0490 0.8195 0.0348 
        D906  8 0.0472 0.1776 0.0987 0.2507 0.0127 0.0611 0.1809 0.0209 0.0991 0.0511 
        D937  8 0.0117 0.0142 0.0115 0.0125 0.0741 0.0110 0.0097 0.8102 0.0342 0.0107 
        D943  8 0.0373 0.2336 0.0421 0.0220 0.0500 0.0780 0.0583 0.0206 0.3179 0.1402 
        D972  8 0.0104 0.0223 0.0327 0.0203 0.8509 0.0106 0.0134 0.0100 0.0093 0.0200 
        D973  8 0.0404 0.1255 0.1935 0.0207 0.3151 0.0208 0.1101 0.0257 0.0187 0.1295 
        D974  8 0.0646 0.3233 0.1122 0.0663 0.1354 0.0225 0.0783 0.0466 0.0514 0.0994 
        D975  8 0.0098 0.5193 0.0258 0.0862 0.1135 0.0214 0.0278 0.0455 0.1131 0.0377 
        D976  8 0.0430 0.1581 0.0353 0.0795 0.1603 0.0923 0.0650 0.0810 0.1969 0.0887 
        D142 10 0.0359 0.2660 0.0381 0.2009 0.0581 0.1424 0.1226 0.0399 0.0693 0.0268 
        D143 10 0.0216 0.0339 0.5299 0.2128 0.0264 0.0378 0.0260 0.0534 0.0183 0.0399 
        D144 10 0.1580 0.0843 0.0405 0.0317 0.0284 0.4557 0.0662 0.0467 0.0616 0.0267 
        D145 10 0.0210 0.0259 0.0172 0.0181 0.0134 0.0217 0.0257 0.0160 0.6457 0.1953 
        D146 10 0.1661 0.1631 0.0235 0.0334 0.2979 0.0704 0.0865 0.0219 0.0126 0.1245 
        D147 10 0.0086 0.2712 0.0376 0.0237 0.4326 0.0729 0.1029 0.0143 0.0155 0.0207 
        D148 10 0.0227 0.2299 0.0289 0.0389 0.0692 0.1883 0.3692 0.0226 0.0170 0.0133 
        D149 10 0.0994 0.0537 0.1866 0.2412 0.0198 0.0240 0.0495 0.0376 0.2635 0.0246 
        D151 10 0.0193 0.2198 0.0827 0.0461 0.1647 0.0248 0.1615 0.0726 0.1891 0.0194 
        D152 10 0.0094 0.0268 0.0375 0.7651 0.0294 0.0192 0.0205 0.0075 0.0717 0.0129 
        D153 10 0.1018 0.3669 0.0318 0.0200 0.0523 0.0816 0.0747 0.0384 0.0344 0.1981 
        D156 10 0.0242 0.0406 0.0203 0.0321 0.0145 0.8025 0.0247 0.0125 0.0130 0.0157 
        D157 10 0.2247 0.1595 0.0111 0.2432 0.0491 0.0365 0.0437 0.1564 0.0304 0.0454 
        D158 10 0.0146 0.0745 0.0149 0.0343 0.6362 0.0328 0.0143 0.0335 0.0993 0.0456 
        D159 10 0.0201 0.0193 0.8335 0.0139 0.0105 0.0139 0.0282 0.0199 0.0134 0.0272 
        D160 10 0.0089 0.0101 0.0106 0.0096 0.0171 0.0095 0.0070 0.1767 0.7424 0.0082 
        D161 10 0.2362 0.0429 0.0877 0.0357 0.0336 0.1154 0.3445 0.0363 0.0414 0.0262 
        D162 10 0.0159 0.0146 0.0142 0.0168 0.0098 0.8703 0.0163 0.0158 0.0141 0.0122 
        D169 10 0.1223 0.1272 0.0337 0.0219 0.1051 0.0199 0.0828 0.0251 0.2354 0.2266 
