        D023  2 0.1118 0.0285 0.0275 0.8131 0.0191 
        D130  2 0.2674 0.1384 0.4574 0.1056 0.0312 
        D131  2 0.0539 0.3465 0.2161 0.2692 0.1142 
        D163  2 0.2465 0.0634 0.1569 0.4192 0.1140 
        D164  2 0.1087 0.4856 0.3346 0.0507 0.0203 
        D165  2 0.2060 0.0398 0.0649 0.6615 0.0279 
        D166  2 0.3306 0.0557 0.4344 0.1368 0.0425 
        D167  2 0.5897 0.3049 0.0459 0.0242 0.0353 
        D192  2 0.5869 0.3322 0.0168 0.0298 0.0343 
        D193  2 0.6466 0.0493 0.1350 0.0557 0.1133 
        D206  2 0.1131 0.4258 0.1958 0.2313 0.0339 
        D207  2 0.1175 0.6285 0.0857 0.0754 0.0929 
        D208  2 0.1705 0.0603 0.0506 0.0645 0.6542 
        D209  2 0.5059 0.2058 0.0396 0.2109 0.0378 
        D210  2 0.1424 0.1460 0.0402 0.0584 0.6130 
     D229599  2 0.1162 0.0427 0.0540 0.6747 0.1125 
     D229600  2 0.5170 0.2583 0.1174 0.0632 0.0440 
     D237227  2 0.0767 0.0311 0.1151 0.0755 0.7016 
     D237228  2 0.0909 0.0721 0.5988 0.0289 0.2092 
     D237258  2 0.2099 0.1139 0.2192 0.3289 0.1280 
     D237310  2 0.0473 0.0242 0.8792 0.0162 0.0331 
     D237311  2 0.0816 0.0940 0.7638 0.0240 0.0366 
     D237312  2 0.0521 0.0422 0.8267 0.0432 0.0358 
     D237313  2 0.1165 0.0951 0.1513 0.4890 0.1481 
     D237322  2 0.1824 0.1006 0.1987 0.0726 0.4458 
     D237323  2 0.0693 0.0242 0.6713 0.0228 0.2124 
     D237324  2 0.3411 0.3213 0.1465 0.1205 0.0705 
     D237325  2 0.1721 0.1324 0.5959 0.0272 0.0725 
     D237326  2 0.0651 0.2542 0.4660 0.1156 0.0992 
     D237327  2 0.2459 0.1211 0.0436 0.1173 0.4721 
     D237337  2 0.0274 0.0340 0.8693 0.0266 0.0427 
     D237338  2 0.1479 0.1261 0.3303 0.1158 0.2799 
     D237339  2 0.1519 0.6674 0.0314 0.1209 0.0283 
     D237340  2 0.2464 0.1367 0.4230 0.0299 0.1640 
     D237389  2 0.0770 0.0380 0.8385 0.0261 0.0204 
     D237390  2 0.0775 0.0868 0.6708 0.0477 0.1173 
     D244017  2 0.4902 0.1130 0.0530 0.0921 0.2517 
     D244112  2 0.5918 0.2942 0.0625 0.0256 0.0260 
     D244118  2 0.6861 0.2259 0.0315 0.0293 0.0271 
     D244119  2 0.2606 0.2309 0.0410 0.0383 0.4292 
     D244120  2 0.5955 0.0862 0.2207 0.0353 0.0623 
     D244122  2 0.6049 0.2602 0.0482 0.0510 0.0356 
        D291  2 0.1795 0.1143 0.0598 0.1625 0.4840 
        D292  2 0.2447 0.1216 0.0460 0.2714 0.3164 
        D293  2 0.0135 0.9295 0.0145 0.0250 0.0175 
        D322  2 0.0340 0.7988 0.0298 0.1123 0.0251 
        D323  2 0.1884 0.4346 0.1195 0.1888 0.0686 
        D324  2 0.0499 0.2172 0.1289 0.2286 0.3754 
        D325  2 0.0182 0.8981 0.0234 0.0352 0.0251 
        D326  2 0.0253 0.2576 0.0351 0.6146 0.0674 
        D340  2 0.0239 0.9060 0.0178 0.0228 0.0294 
        D341  2 0.0863 0.7834 0.0587 0.0354 0.0362 
        D342  2 0.3639 0.3760 0.0775 0.1359 0.0466 
        D343  2 0.0136 0.9398 0.0138 0.0186 0.0142 
        D344  2 0.1554 0.0777 0.0949 0.6516 0.0204 
        D345  2 0.0500 0.0320 0.0218 0.8355 0.0607 
        D346  2 0.0687 0.1675 0.1927 0.2423 0.3288 
        D351  2 0.0447 0.3935 0.0941 0.3581 0.1096 
        D352  2 0.1329 0.1969 0.1347 0.4355 0.1001 
        D353  2 0.0703 0.1560 0.0854 0.6356 0.0527 
        D354  2 0.0867 0.0395 0.0625 0.7579 0.0534 
        D362  2 0.0685 0.0425 0.0361 0.8100 0.0428 
        D363  2 0.0453 0.0352 0.0270 0.8441 0.0485 
        D364  2 0.0608 0.0403 0.0414 0.8356 0.0219 
        D365  2 0.0151 0.9266 0.0229 0.0169 0.0186 
        D369  2 0.0790 0.2493 0.3180 0.1585 0.1952 
        D374  2 0.6828 0.0348 0.0779 0.0551 0.1495 
        D375  2 0.1023 0.0579 0.0999 0.7207 0.0191 
        D376  2 0.6345 0.0447 0.0986 0.0675 0.1547 
        D377  2 0.0583 0.1609 0.4624 0.2146 0.1038 
        D378  2 0.0424 0.4487 0.0265 0.4472 0.0353 
        D379  2 0.0724 0.1449 0.0582 0.6710 0.0535 
        D384  2 0.0437 0.1931 0.0524 0.6307 0.0801 
        D385  2 0.0348 0.8074 0.0594 0.0580 0.0405 
        D386  2 0.0446 0.1033 0.0332 0.7882 0.0307 
        D391  2 0.0230 0.8955 0.0281 0.0332 0.0202 
        D392  2 0.0917 0.6267 0.1165 0.0992 0.0659 
        D393  2 0.0347 0.2893 0.0396 0.5462 0.0902 
        D394  2 0.4230 0.1555 0.1415 0.1881 0.0918 
        D395  2 0.0581 0.6093 0.0767 0.2052 0.0507 
        D401  2 0.0299 0.0265 0.8963 0.0142 0.0331 
        D402  2 0.0351 0.8665 0.0267 0.0388 0.0329 
        D403  2 0.1526 0.0904 0.0553 0.6640 0.0378 
        D415  2 0.0597 0.2067 0.2563 0.4535 0.0237 
        D435  2 0.0438 0.5876 0.0586 0.2763 0.0337 
        D436  2 0.2078 0.3261 0.2048 0.2094 0.0519 
        D438  2 0.0228 0.9127 0.0228 0.0197 0.0220 
        D439  2 0.0415 0.1391 0.0232 0.7693 0.0269 
        D449  2 0.1411 0.5539 0.0413 0.2375 0.0263 
        D450  2 0.1282 0.0352 0.3052 0.4247 0.1067 
        D456  2 0.0218 0.2884 0.0260 0.5962 0.0677 
        D462  2 0.0316 0.8914 0.0242 0.0356 0.0171 
        D463  2 0.0344 0.1672 0.0349 0.7237 0.0398 
        D464  2 0.1023 0.2689 0.1472 0.4306 0.0510 
        D465  2 0.0288 0.6816 0.2118 0.0461 0.0318 
        D473  2 0.0673 0.0858 0.3176 0.0809 0.4484 
        D474  2 0.0398 0.0746 0.0488 0.6216 0.2152 
        D476  2 0.2361 0.1858 0.0784 0.4703 0.0294 
        D477  2 0.0505 0.0551 0.0739 0.7335 0.0870 
        D478  2 0.2051 0.0593 0.0432 0.5447 0.1477 
        D480  2 0.0545 0.4856 0.0530 0.2879 0.1189 
        D481  2 0.1022 0.0581 0.0381 0.6395 0.1621 
        D482  2 0.1561 0.0582 0.1443 0.1692 0.4723 
        D483  2 0.5470 0.3340 0.0213 0.0302 0.0676 
        D484  2 0.2715 0.2084 0.1196 0.2776 0.1228 
        D510  2 0.5096 0.0625 0.0668 0.0506 0.3105 
        D511  2 0.0551 0.3069 0.0396 0.5511 0.0472 
        D512  2 0.0321 0.0664 0.8524 0.0296 0.0194 
        D513  2 0.0303 0.7657 0.0595 0.0679 0.0766 
        D635  2 0.0355 0.0396 0.0255 0.8629 0.0364 
        D636  2 0.1804 0.0456 0.0935 0.6469 0.0336 
        D637  2 0.1145 0.2664 0.3547 0.1580 0.1064 
        D658  2 0.2043 0.3428 0.3399 0.0521 0.0609 
        D659  2 0.1737 0.1542 0.0519 0.5163 0.1039 
        D677  2 0.1545 0.2330 0.3743 0.1850 0.0532 
        D678  2 0.6606 0.2356 0.0425 0.0362 0.0251 
        D679  2 0.0406 0.3635 0.0542 0.4148 0.1269 
        D719  2 0.0624 0.4746 0.0586 0.1247 0.2797 
        D720  2 0.0392 0.5015 0.0631 0.2477 0.1485 
        D721  2 0.1522 0.1212 0.0342 0.6398 0.0527 
        D722  2 0.5703 0.1076 0.0989 0.0761 0.1472 
        D734  2 0.1125 0.4170 0.1003 0.1419 0.2283 
        D735  2 0.0654 0.1854 0.0624 0.5933 0.0936 
        D736  2 0.0835 0.1017 0.0752 0.1952 0.5444 
        D737  2 0.6432 0.1449 0.0616 0.0712 0.0791 
        D807  2 0.1172 0.1590 0.1341 0.2484 0.3413 
        D808  2 0.0679 0.2066 0.5450 0.1289 0.0516 
        D817  2 0.0569 0.1416 0.1596 0.5724 0.0694 
        D818  2 0.0755 0.4886 0.0979 0.2377 0.1003 
        D819  2 0.0578 0.0539 0.5698 0.2512 0.0674 
        D820  2 0.0439 0.7101 0.0334 0.1783 0.0343 
        D895  2 0.2379 0.1204 0.0839 0.5078 0.0499 
        D896  2 0.0215 0.0284 0.8968 0.0202 0.0330 
        D897  2 0.2632 0.5086 0.0918 0.0760 0.0605 
        D898  2 0.1446 0.0400 0.2792 0.3029 0.2333 
        D918  2 0.0491 0.1398 0.6264 0.0734 0.1113 
        D919  2 0.1131 0.2379 0.0253 0.5752 0.0485 
        D920  2 0.5425 0.0703 0.2476 0.0935 0.0461 
        D923  2 0.0506 0.0917 0.0333 0.7989 0.0255 
        D930  2 0.0593 0.2518 0.2037 0.3836 0.1017 
        D931  2 0.1197 0.2355 0.1690 0.3936 0.0822 
        D968  2 0.0279 0.8900 0.0212 0.0281 0.0327 
        D969  2 0.1166 0.1621 0.0636 0.4469 0.2108 
        D977  2 0.0664 0.7565 0.0673 0.0634 0.0465 
        D978  2 0.1590 0.2158 0.0473 0.2546 0.3234 
        D009  4 0.3959 0.0519 0.3302 0.1518 0.0702 
        D057  4 0.6352 0.1727 0.0560 0.0815 0.0547 
        D109  4 0.0714 0.0271 0.8265 0.0386 0.0363 
     D237222  4 0.7600 0.0705 0.0395 0.0714 0.0586 
     D237223  4 0.1321 0.4742 0.2598 0.0347 0.0992 
     D237224  4 0.1085 0.0979 0.0407 0.6184 0.1345 
     D237225  4 0.2897 0.2191 0.1135 0.2438 0.1340 
     D237299  4 0.0525 0.1095 0.6790 0.0576 0.1013 
     D237300  4 0.1084 0.0471 0.1026 0.0458 0.6962 
     D237306  4 0.2629 0.1413 0.3798 0.0941 0.1219 
     D237307  4 0.2172 0.2071 0.1186 0.1580 0.2991 
     D237308  4 0.4069 0.3563 0.0569 0.0896 0.0903 
     D237309  4 0.3201 0.0771 0.0605 0.4750 0.0673 
     D237317  4 0.1490 0.0517 0.0408 0.5613 0.1972 
     D237318  4 0.0538 0.1305 0.0611 0.0440 0.7106 
     D237319  4 0.2742 0.0866 0.4660 0.1119 0.0613 
     D237320  4 0.0943 0.3514 0.4280 0.0455 0.0808 
     D237321  4 0.1152 0.0473 0.0986 0.0881 0.6508 
     D237397  4 0.3229 0.3151 0.1354 0.0304 0.1963 
     D237398  4 0.0492 0.1654 0.0720 0.2532 0.4601 
     D237399  4 0.1076 0.0966 0.0620 0.1410 0.5928 
     D244001  4 0.8075 0.0879 0.0336 0.0441 0.0268 
        D289  4 0.1669 0.3269 0.0624 0.1706 0.2731 
        D290  4 0.6331 0.0725 0.0711 0.0610 0.1624 
        D294  4 0.4376 0.1003 0.0530 0.2373 0.1718 
        D295  4 0.2138 0.1480 0.3906 0.1523 0.0952 
        D301  4 0.6231 0.0313 0.2020 0.0612 0.0824 
        D302  4 0.1139 0.0574 0.0352 0.7605 0.0331 
        D303  4 0.1893 0.0740 0.3070 0.0598 0.3700 
        D304  4 0.3547 0.0482 0.0383 0.1080 0.4508 
        D305  4 0.5321 0.1730 0.0446 0.2222 0.0281 
        D306  4 0.5914 0.0486 0.1216 0.0913 0.1470 
        D307  4 0.4692 0.0243 0.2046 0.1129 0.1890 
        D327  4 0.0875 0.2711 0.2053 0.3442 0.0919 
        D328  4 0.3081 0.0626 0.3632 0.1236 0.1425 
        D329  4 0.6597 0.0671 0.0368 0.1517 0.0847 
        D330  4 0.1497 0.2833 0.1948 0.3466 0.0256 
        D331  4 0.2177 0.0697 0.0678 0.1922 0.4526 
        D333  4 0.5723 0.1224 0.1469 0.0735 0.0849 
        D334  4 0.1935 0.0600 0.0598 0.0972 0.5895 
        D335  4 0.1289 0.2673 0.0283 0.5380 0.0375 
        D370  4 0.5732 0.0616 0.1662 0.1221 0.0770 
        D371  4 0.2468 0.0904 0.2685 0.1356 0.2587 
        D372  4 0.1957 0.0397 0.0316 0.0230 0.7101 
        D373  4 0.4054 0.0549 0.1254 0.3272 0.0870 
        D455  4 0.5458 0.0339 0.0883 0.2305 0.1015 
        D490  4 0.3340 0.0167 0.5902 0.0297 0.0294 
        D497  4 0.3002 0.0223 0.5928 0.0419 0.0429 
        D498  4 0.2758 0.0769 0.1294 0.0718 0.4460 
        D499  4 0.0956 0.1568 0.5413 0.1267 0.0796 
        D514  4 0.1809 0.0618 0.2220 0.4982 0.0371 
        D515  4 0.0493 0.1413 0.7393 0.0453 0.0248 
        D516  4 0.2147 0.4399 0.1812 0.0845 0.0797 
        D517  4 0.4798 0.0320 0.0989 0.2563 0.1329 
        D518  4 0.6408 0.1528 0.0575 0.1096 0.0394 
        D519  4 0.0430 0.2199 0.6426 0.0411 0.0534 
        D560  4 0.0881 0.2351 0.5712 0.0690 0.0365 
        D561  4 0.0704 0.4252 0.1151 0.3567 0.0326 
        D562  4 0.4122 0.1369 0.0727 0.1988 0.1794 
        D563  4 0.1022 0.4108 0.1241 0.3091 0.0537 
        D572  4 0.3826 0.2304 0.0760 0.2659 0.0451 
        D629  4 0.0663 0.0858 0.0677 0.7113 0.0689 
        D630  4 0.3517 0.1050 0.1390 0.2522 0.1522 
        D631  4 0.4003 0.3176 0.1216 0.1016 0.0590 
        D632  4 0.1928 0.1433 0.2020 0.4410 0.0209 
        D646  4 0.1615 0.5682 0.1665 0.0676 0.0362 
        D647  4 0.2019 0.3921 0.1363 0.2272 0.0426 
        D648  4 0.4977 0.0493 0.3463 0.0629 0.0438 
        D649  4 0.0778 0.0439 0.2444 0.6027 0.0312 
        D650  4 0.0861 0.2032 0.4020 0.1579 0.1508 
        D708  4 0.3482 0.0690 0.2413 0.1975 0.1440 
        D709  4 0.3489 0.1185 0.3173 0.1084 0.1069 
        D738  4 0.2022 0.1884 0.2022 0.0695 0.3376 
        D739  4 0.5126 0.0618 0.2475 0.0811 0.0970 
        D740  4 0.1298 0.0729 0.1963 0.1143 0.4866 
        D741  4 0.0311 0.5990 0.3211 0.0303 0.0185 
        D742  4 0.0890 0.5572 0.1583 0.0736 0.1220 
        D743  4 0.0679 0.3359 0.0733 0.4461 0.0768 
        D744  4 0.0424 0.2955 0.0641 0.5449 0.0531 
        D745  4 0.0343 0.0865 0.8010 0.0349 0.0433 
        D814  4 0.4135 0.3379 0.0617 0.1429 0.0441 
        D815  4 0.2035 0.1337 0.0944 0.4703 0.0981 
        D828  4 0.6007 0.0669 0.1406 0.0520 0.1398 
        D845  4 0.0260 0.1038 0.0198 0.0300 0.8204 
        D846  4 0.2321 0.1788 0.0330 0.5155 0.0407 
        D847  4 0.1631 0.1078 0.1573 0.1989 0.3729 
        D848  4 0.4323 0.0723 0.0402 0.1921 0.2631 
        D849  4 0.3090 0.2345 0.3318 0.0911 0.0336 
        D850  4 0.0525 0.3873 0.0626 0.2308 0.2667 
        D856  4 0.1132 0.0926 0.5325 0.1880 0.0737 
        D857  4 0.1969 0.0438 0.6968 0.0262 0.0362 
        D859  4 0.2645 0.1409 0.1746 0.3407 0.0793 
        D860  4 0.1340 0.1396 0.0194 0.1189 0.5881 
        D883  4 0.3717 0.0591 0.2672 0.1626 0.1394 
        D884  4 0.0938 0.1266 0.7072 0.0406 0.0317 
        D885  4 0.0458 0.4977 0.2488 0.1120 0.0957 
        D886  4 0.3583 0.1857 0.1633 0.2124 0.0803 
        D887  4 0.1550 0.1030 0.2395 0.3565 0.1459 
        D889  4 0.2172 0.0359 0.0422 0.0960 0.6087 
        D890  4 0.2123 0.0968 0.2135 0.3590 0.1184 
        D891  4 0.0230 0.0378 0.0196 0.0252 0.8944 
        D899  4 0.2545 0.4115 0.0689 0.0730 0.1921 
        D900  4 0.1916 0.1701 0.1247 0.3567 0.1570 
        D970  4 0.2744 0.1079 0.0389 0.3585 0.2204 
        D971  4 0.1171 0.6350 0.0636 0.1318 0.0525 
        D979  4 0.1011 0.2675 0.0366 0.5469 0.0479 
        D093  5 0.1737 0.0490 0.1595 0.0489 0.5689 
        D154  5 0.1355 0.3927 0.3091 0.0691 0.0935 
        D168  5 0.1447 0.4727 0.2266 0.0935 0.0625 
        D189  5 0.2367 0.0924 0.0780 0.0507 0.5421 
        D190  5 0.1540 0.1140 0.1493 0.1106 0.4721 
     D237220  5 0.1892 0.0437 0.1091 0.0729 0.5850 
     D237221  5 0.0922 0.1769 0.0678 0.1046 0.5585 
     D237274  5 0.0584 0.2164 0.0468 0.6572 0.0211 
     D237275  5 0.2365 0.5535 0.0691 0.0321 0.1089 
     D237276  5 0.3052 0.1424 0.3288 0.0914 0.1322 
     D237277  5 0.0469 0.0736 0.0657 0.0827 0.7311 
     D237278  5 0.2686 0.1975 0.3379 0.1102 0.0858 
     D237279  5 0.0243 0.0838 0.5997 0.2553 0.0370 
     D237280  5 0.2616 0.0338 0.1360 0.4652 0.1034 
     D237281  5 0.1183 0.5670 0.0473 0.0793 0.1880 
     D237351  5 0.0652 0.0365 0.7939 0.0301 0.0743 
     D237352  5 0.2855 0.2377 0.0958 0.3194 0.0616 
     D237353  5 0.0630 0.0405 0.0602 0.0741 0.7622 
     D237359  5 0.1655 0.0585 0.0944 0.0773 0.6042 
     D237361  5 0.0519 0.0297 0.0483 0.0488 0.8214 
     D237362  5 0.0855 0.2091 0.3962 0.1998 0.1094 
     D237363  5 0.1249 0.3539 0.1988 0.1885 0.1339 
     D237364  5 0.1091 0.2288 0.4160 0.2100 0.0362 
     D237376  5 0.3997 0.0504 0.4010 0.0368 0.1121 
     D237377  5 0.1072 0.0635 0.2973 0.4214 0.1107 
     D237378  5 0.5442 0.0414 0.1173 0.0291 0.2679 
     D237379  5 0.2283 0.0822 0.3443 0.1097 0.2355 
     D237380  5 0.4887 0.0245 0.2864 0.1491 0.0513 
     D237381  5 0.4924 0.0925 0.1083 0.2059 0.1008 
     D237391  5 0.0285 0.0355 0.0437 0.0565 0.8358 
     D237392  5 0.0739 0.4061 0.1097 0.3810 0.0292 
     D237393  5 0.2894 0.0868 0.0657 0.4237 0.1344 
     D237394  5 0.0357 0.0415 0.0502 0.1192 0.7534 
     D237395  5 0.1666 0.0760 0.1885 0.0808 0.4881 
     D237396  5 0.0417 0.1861 0.0412 0.5663 0.1646 
     D244016  5 0.0410 0.3039 0.0967 0.3301 0.2283 
     D244018  5 0.1211 0.4311 0.0407 0.0444 0.3628 
     D244019  5 0.0691 0.3994 0.0474 0.3709 0.1133 
        D279  5 0.0900 0.2832 0.2135 0.0725 0.3408 
        D280  5 0.1331 0.0440 0.0386 0.1899 0.5944 
        D281  5 0.0754 0.3361 0.0483 0.0446 0.4956 
        D283  5 0.1040 0.0839 0.0528 0.2027 0.5566 
        D284  5 0.0883 0.1173 0.6293 0.0658 0.0993 
        D285  5 0.0623 0.0381 0.0392 0.0670 0.7935 
        D286  5 0.2846 0.0716 0.1386 0.2368 0.2685 
        D287  5 0.2506 0.0237 0.5776 0.0442 0.1038 
        D288  5 0.0739 0.0760 0.0507 0.2791 0.5204 
        D308  5 0.0664 0.0489 0.6730 0.1670 0.0448 
        D309  5 0.1227 0.1513 0.0476 0.6465 0.0319 
        D310  5 0.1924 0.0346 0.0313 0.0380 0.7036 
        D311  5 0.1959 0.3138 0.2191 0.1789 0.0923 
        D312  5 0.2605 0.1124 0.1345 0.3228 0.1698 
        D313  5 0.1778 0.0242 0.7294 0.0286 0.0400 
        D314  5 0.1759 0.2062 0.3915 0.1121 0.1143 
        D315  5 0.2513 0.0554 0.1315 0.3902 0.1715 
        D317  5 0.3814 0.0563 0.0737 0.0501 0.4385 
        D318  5 0.0930 0.1883 0.1582 0.4422 0.1183 
        D319  5 0.1815 0.1135 0.0829 0.0351 0.5870 
        D320  5 0.0734 0.0387 0.0678 0.0588 0.7614 
        D321  5 0.0631 0.0321 0.5086 0.1104 0.2857 
        D336  5 0.4366 0.0298 0.1406 0.0583 0.3348 
        D337  5 0.1030 0.0482 0.0309 0.0358 0.7820 
        D338  5 0.1714 0.1574 0.3441 0.1193 0.2077 
        D339  5 0.3307 0.0761 0.0919 0.0285 0.4729 
        D347  5 0.7096 0.0820 0.0271 0.1086 0.0727 
        D348  5 0.5771 0.0632 0.0220 0.0514 0.2863 
        D349  5 0.0763 0.0309 0.7080 0.0950 0.0897 
        D350  5 0.1246 0.2237 0.1717 0.4423 0.0377 
        D355  5 0.0994 0.6654 0.0526 0.0800 0.1025 
        D356  5 0.1108 0.0384 0.1120 0.2384 0.5005 
        D357  5 0.3735 0.0615 0.1493 0.2629 0.1529 
        D358  5 0.1535 0.0981 0.1576 0.2699 0.3209 
        D359  5 0.0815 0.1050 0.0428 0.5218 0.2488 
        D360  5 0.0792 0.0343 0.0658 0.1286 0.6921 
        D361  5 0.0599 0.0244 0.8589 0.0338 0.0230 
        D366  5 0.0329 0.7780 0.0750 0.0771 0.0370 
        D367  5 0.3314 0.0393 0.3087 0.0554 0.2652 
        D368  5 0.0557 0.0797 0.6503 0.1302 0.0842 
        D380  5 0.0473 0.1842 0.0655 0.6419 0.0612 
        D381  5 0.1864 0.0937 0.0482 0.1546 0.5171 
        D400  5 0.5871 0.1095 0.0577 0.0506 0.1950 
        D411  5 0.1220 0.0357 0.8020 0.0265 0.0137 
        D412  5 0.7061 0.0857 0.0255 0.0870 0.0957 
        D413  5 0.0511 0.6993 0.0659 0.1500 0.0337 
        D414  5 0.1992 0.4450 0.1021 0.1897 0.0640 
        D420  5 0.0859 0.0392 0.1023 0.1197 0.6528 
        D431  5 0.1007 0.0176 0.7105 0.0791 0.0921 
        D432  5 0.3410 0.0511 0.0668 0.1654 0.3756 
        D433  5 0.2612 0.0953 0.1184 0.0770 0.4480 
        D434  5 0.2218 0.0926 0.0620 0.0996 0.5239 
        D440  5 0.2055 0.2002 0.1454 0.4102 0.0388 
        D447  5 0.1226 0.2975 0.0755 0.4666 0.0378 
        D448  5 0.6766 0.0562 0.0957 0.0456 0.1259 
        D459  5 0.0352 0.8200 0.0283 0.0334 0.0831 
        D460  5 0.0401 0.0393 0.6754 0.1925 0.0526 
        D461  5 0.0904 0.1132 0.0480 0.7112 0.0373 
        D468  5 0.0465 0.0727 0.7633 0.0736 0.0439 
        D469  5 0.0751 0.1054 0.4073 0.2932 0.1190 
        D470  5 0.6329 0.0965 0.1511 0.0760 0.0436 
        D471  5 0.2935 0.1610 0.1215 0.1045 0.3195 
        D472  5 0.0440 0.5170 0.0186 0.3497 0.0708 
        D479  5 0.5040 0.3947 0.0360 0.0464 0.0190 
        D485  5 0.2888 0.0791 0.4381 0.1145 0.0795 
        D486  5 0.0824 0.0880 0.7342 0.0560 0.0394 
        D487  5 0.3368 0.0600 0.0687 0.0748 0.4596 
        D555  5 0.1297 0.0588 0.0261 0.0232 0.7622 
        D556  5 0.0824 0.0403 0.2567 0.1844 0.4363 
        D557  5 0.3165 0.0901 0.0879 0.1045 0.4010 
        D564  5 0.1475 0.0536 0.3008 0.3980 0.1001 
        D594  5 0.4340 0.1683 0.0596 0.2399 0.0981 
        D595  5 0.1420 0.1081 0.2721 0.2178 0.2600 
        D596  5 0.2247 0.0356 0.0351 0.0484 0.6562 
        D597  5 0.0761 0.3726 0.0217 0.0865 0.4430 
        D598  5 0.3899 0.0558 0.1560 0.1199 0.2784 
        D617  5 0.4219 0.1582 0.3329 0.0576 0.0293 
        D618  5 0.0869 0.0875 0.0722 0.1092 0.6441 
        D619  5 0.3604 0.0890 0.1326 0.3342 0.0838 
        D620  5 0.0820 0.7845 0.0286 0.0567 0.0481 
        D628  5 0.4240 0.0947 0.1825 0.2178 0.0810 
        D714  5 0.1160 0.0716 0.1874 0.0805 0.5444 
        D715  5 0.0340 0.1354 0.0634 0.1111 0.6561 
        D716  5 0.5141 0.1702 0.0774 0.1337 0.1047 
        D717  5 0.1036 0.1632 0.0634 0.2312 0.4386 
        D718  5 0.3625 0.0540 0.4738 0.0270 0.0827 
        D769  5 0.6787 0.1236 0.0815 0.0811 0.0350 
        D770  5 0.0996 0.1627 0.5539 0.1186 0.0652 
        D771  5 0.3714 0.1212 0.1393 0.1944 0.1737 
        D772  5 0.0965 0.0883 0.1634 0.3194 0.3323 
        D782  5 0.0607 0.1591 0.3024 0.1692 0.3086 
        D783  5 0.1192 0.4998 0.0858 0.1623 0.1328 
        D784  5 0.0576 0.1826 0.0421 0.5163 0.2014 
        D785  5 0.0772 0.0558 0.2977 0.1678 0.4016 
        D786  5 0.2797 0.2455 0.1428 0.3024 0.0296 
        D821  5 0.0298 0.0274 0.0392 0.0438 0.8598 
        D822  5 0.1128 0.3463 0.0762 0.3295 0.1352 
        D826  5 0.1378 0.2543 0.1462 0.0882 0.3735 
        D827  5 0.0577 0.5425 0.0799 0.2781 0.0418 
        D851  5 0.1159 0.0793 0.1036 0.5939 0.1072 
        D852  5 0.4252 0.0687 0.0844 0.1041 0.3177 
        D853  5 0.0886 0.0585 0.0685 0.0897 0.6947 
        D854  5 0.1106 0.1848 0.4818 0.1726 0.0502 
        D861  5 0.2286 0.1748 0.3693 0.0726 0.1546 
        D862  5 0.1235 0.2393 0.0824 0.3497 0.2051 
        D865  5 0.2359 0.0611 0.1276 0.0986 0.4767 
        D868  5 0.1534 0.1787 0.1112 0.2000 0.3568 
        D869  5 0.1701 0.0727 0.6790 0.0521 0.0261 
        D870  5 0.0679 0.3756 0.0447 0.4763 0.0356 
        D907  5 0.5158 0.0309 0.0650 0.0629 0.3255 
        D908  5 0.3235 0.0559 0.0848 0.0749 0.4609 
        D910  5 0.2319 0.3937 0.1034 0.0629 0.2081 
        D911  5 0.1076 0.6015 0.0269 0.0329 0.2310 
        D934  5 0.1169 0.1105 0.3165 0.3118 0.1442 
        D946  5 0.1510 0.0328 0.5714 0.1754 0.0695 
        D947  5 0.1751 0.0744 0.1601 0.4329 0.1575 
        D948  5 0.0967 0.0264 0.5518 0.1288 0.1962 
        D949  5 0.0861 0.0223 0.7727 0.0464 0.0725 
        D950  5 0.0971 0.5334 0.0436 0.0945 0.2313 
        D951  5 0.1079 0.1498 0.0782 0.6328 0.0314 
        D952  5 0.1345 0.1714 0.0381 0.4695 0.1865 
        D953  5 0.0613 0.0296 0.0686 0.1056 0.7350 
        D954  5 0.0458 0.1107 0.0947 0.5482 0.2006 
        D961  5 0.3811 0.0396 0.4543 0.0744 0.0507 
        D962  5 0.2250 0.0352 0.1752 0.3540 0.2106 
        D963  5 0.1101 0.1822 0.0677 0.1932 0.4468 
        D964  5 0.0659 0.0674 0.5609 0.1326 0.1732 
        D965  5 0.3116 0.1820 0.1169 0.3173 0.0722 
        D966  5 0.2416 0.0674 0.0462 0.4044 0.2404 
        D967  5 0.0992 0.1197 0.0602 0.1049 0.6160 
        D991  5 0.6287 0.0465 0.1392 0.0968 0.0888 
        D132  8 0.2431 0.0325 0.6442 0.0386 0.0416 
        D133  8 0.2377 0.6541 0.0286 0.0419 0.0377 
        D200  8 0.6411 0.0503 0.1548 0.0386 0.1152 
        D500  8 0.3188 0.0208 0.5780 0.0500 0.0325 
        D614  8 0.2697 0.0720 0.2031 0.0965 0.3588 
        D723  8 0.0902 0.3856 0.4334 0.0522 0.0386 
        D888  8 0.0988 0.0497 0.0432 0.0577 0.7507 
        D901  8 0.0384 0.0326 0.8785 0.0205 0.0301 
        D902  8 0.1467 0.1007 0.4039 0.0380 0.3108 
        D903  8 0.0446 0.3291 0.0478 0.5146 0.0639 
        D904  8 0.2155 0.0835 0.0640 0.5728 0.0642 
        D905  8 0.0654 0.0186 0.0251 0.0218 0.8691 
        D906  8 0.1197 0.3635 0.0417 0.3792 0.0960 
        D937  8 0.1901 0.0603 0.3057 0.0231 0.4208 
        D943  8 0.1865 0.1259 0.1918 0.1824 0.3134 
        D972  8 0.0960 0.2105 0.6233 0.0392 0.0309 
        D973  8 0.0781 0.2991 0.4657 0.1190 0.0381 
        D974  8 0.2203 0.3294 0.2233 0.0836 0.1434 
        D975  8 0.4825 0.0886 0.1263 0.0461 0.2565 
        D976  8 0.1763 0.0907 0.3878 0.0733 0.2719 
        D142 10 0.2573 0.2046 0.1151 0.3092 0.1137 
        D143 10 0.2347 0.6315 0.0514 0.0372 0.0453 
        D144 10 0.0604 0.1224 0.1273 0.5065 0.1835 
        D145 10 0.1169 0.0615 0.1383 0.0484 0.6349 
        D146 10 0.0933 0.0633 0.6935 0.1181 0.0318 
        D147 10 0.0776 0.1570 0.6574 0.0756 0.0324 
        D148 10 0.0459 0.3081 0.1629 0.4024 0.0807 
        D149 10 0.1533 0.4637 0.0684 0.1209 0.1938 
        D151 10 0.0974 0.2970 0.1423 0.1556 0.3077 
        D152 10 0.3430 0.3618 0.1586 0.0593 0.0774 
        D153 10 0.1446 0.0934 0.3081 0.3722 0.0817 
        D156 10 0.1503 0.1607 0.0643 0.5815 0.0433 
        D157 10 0.5100 0.0330 0.1552 0.1778 0.1240 
        D158 10 0.1195 0.0278 0.6922 0.0319 0.1285 
        D159 10 0.0464 0.8445 0.0350 0.0356 0.0386 
        D160 10 0.0178 0.0145 0.0202 0.0128 0.9348 
        D161 10 0.0626 0.2497 0.1071 0.4722 0.1084 
        D162 10 0.1215 0.1624 0.0463 0.6037 0.0661 
        D169 10 0.2240 0.0774 0.2596 0.1363 0.3027 
        D170 10 0.3751 0.0361 0.2759 0.2713 0.0416 
        D171 10 0.1093 0.0659 0.4642 0.3288 0.0318 
        D172 10 0.1625 0.1363 0.5482 0.1262 0.0268 
        D173 10 0.0294 0.8673 0.0410 0.0345 0.0278 
        D181 10 0.0868 0.1253 0.2740 0.2916 0.2224 
        D182 10 0.1702 0.3270 0.1614 0.1684 0.1729 
        D183 10 0.1036 0.0360 0.0551 0.0643 0.7410 
        D184 10 0.2432 0.0304 0.1224 0.5855 0.0185 
        D185 10 0.0286 0.1113 0.2543 0.5436 0.0622 
        D186 10 0.2247 0.0550 0.6260 0.0328 0.0615 
        D194 10 0.3126 0.1980 0.2456 0.1763 0.0675 
        D195 10 0.2733 0.1932 0.0633 0.2460 0.2243 
        D196 10 0.2132 0.4202 0.0300 0.1859 0.1507 
        D197 10 0.2530 0.1415 0.4008 0.0889 0.1158 
        D198 10 0.0257 0.0738 0.1170 0.6415 0.1420 
     D237226 10 0.0237 0.1806 0.1525 0.1263 0.5169 
     D237232 10 0.0874 0.1038 0.1243 0.0492 0.6352 
     D237233 10 0.4137 0.0936 0.2603 0.0755 0.1570 
     D237234 10 0.1726 0.0797 0.2546 0.1904 0.3028 
     D237354 10 0.0484 0.0791 0.0299 0.0338 0.8087 
     D237355 10 0.0157 0.0292 0.0225 0.0184 0.9142 
     D237356 10 0.0697 0.0730 0.0612 0.5896 0.2066 
     D237357 10 0.1702 0.3761 0.3151 0.0729 0.0656 
     D237358 10 0.1711 0.1612 0.0250 0.5800 0.0627 
     D237369 10 0.0375 0.1284 0.7771 0.0408 0.0161 
     D237370 10 0.1019 0.3293 0.1437 0.1202 0.3049 
     D237371 10 0.0780 0.0686 0.1008 0.7012 0.0514 
     D237372 10 0.2751 0.3941 0.0436 0.1702 0.1170 
     D237373 10 0.1064 0.0721 0.5309 0.1054 0.1852 
     D237374 10 0.0457 0.0309 0.0329 0.0269 0.8636 
     D237375 10 0.0747 0.4098 0.1147 0.3115 0.0893 
     D237400 10 0.4600 0.3760 0.0550 0.0428 0.0663 
     D244002 10 0.2907 0.2558 0.1772 0.2329 0.0433 
     D244003 10 0.1565 0.0291 0.0520 0.0208 0.7416 
     D244004 10 0.0374 0.0183 0.0944 0.0207 0.8292 
     D244005 10 0.0823 0.0398 0.0364 0.0536 0.7879 
     D244020 10 0.0523 0.1230 0.2719 0.3557 0.1972 
     D244021 10 0.0515 0.2090 0.6779 0.0282 0.0334 
     D244116 10 0.2760 0.0995 0.3516 0.2227 0.0503 
     D244117 10 0.0784 0.0780 0.0447 0.1015 0.6974 
     D244121 10 0.3736 0.0804 0.1773 0.0521 0.3166 
     D244123 10 0.3802 0.0695 0.1488 0.0927 0.3089 
     D244124 10 0.6200 0.1380 0.1110 0.0549 0.0761 
        D332 10 0.0691 0.3613 0.2243 0.3038 0.0415 
        D570 10 0.1998 0.0721 0.1630 0.2909 0.2741 
        D602 10 0.2202 0.2887 0.0769 0.3560 0.0582 
        D603 10 0.2223 0.1622 0.3971 0.0758 0.1426 
        D604 10 0.2092 0.2554 0.0360 0.3479 0.1515 
        D605 10 0.0975 0.2232 0.1072 0.3834 0.1887 
        D606 10 0.2667 0.0431 0.1275 0.2337 0.3290 
        D607 10 0.0323 0.2946 0.0340 0.6049 0.0343 
        D608 10 0.0425 0.8716 0.0174 0.0498 0.0187 
        D609 10 0.0970 0.0458 0.2214 0.2563 0.3795 
        D610 10 0.0739 0.0285 0.0338 0.0888 0.7750 
        D611 10 0.1147 0.0357 0.1043 0.0460 0.6994 
        D613 10 0.0803 0.0737 0.1186 0.6218 0.1056 
        D633 10 0.0739 0.1702 0.0382 0.6915 0.0263 
        D634 10 0.0866 0.0960 0.3605 0.3643 0.0926 
        D638 10 0.4824 0.2769 0.0638 0.0573 0.1195 
        D681 10 0.3258 0.0747 0.4223 0.1356 0.0415 
        D754 10 0.2509 0.0311 0.6469 0.0210 0.0502 
        D755 10 0.2248 0.1245 0.1178 0.0253 0.5075 
        D756 10 0.3118 0.0599 0.3653 0.0476 0.2153 
        D757 10 0.1572 0.1338 0.0548 0.2823 0.3719 
        D758 10 0.4441 0.1080 0.2139 0.1450 0.0890 
        D759 10 0.0427 0.0828 0.0443 0.1097 0.7205 
        D760 10 0.1195 0.2546 0.1031 0.0801 0.4428 
        D761 10 0.0751 0.0399 0.0280 0.0210 0.8360 
        D762 10 0.0400 0.1165 0.0417 0.7656 0.0362 
        D775 10 0.0411 0.0425 0.1154 0.0382 0.7628 
        D776 10 0.0765 0.1321 0.0532 0.0425 0.6957 
        D777 10 0.0372 0.0330 0.0579 0.0440 0.8279 
        D778 10 0.0675 0.0943 0.3140 0.0291 0.4951 
        D779 10 0.2693 0.0445 0.5666 0.0345 0.0851 
        D780 10 0.3418 0.1371 0.1513 0.1863 0.1834 
        D781 10 0.3481 0.2632 0.0901 0.2705 0.0280 
        D858 10 0.0896 0.0693 0.6297 0.0855 0.1260 
        D933 10 0.0380 0.1405 0.0367 0.3545 0.4303 
        D038 11 0.1163 0.0963 0.1493 0.1669 0.4711 
        D063 11 0.8075 0.0458 0.0342 0.0326 0.0798 
        D155 11 0.0618 0.1082 0.0821 0.0995 0.6484 
        D175 11 0.2170 0.0463 0.6307 0.0290 0.0770 
        D176 11 0.4480 0.2261 0.1976 0.0336 0.0946 
        D205 11 0.2466 0.0765 0.1919 0.0541 0.4310 
     D237229 11 0.3741 0.1613 0.0854 0.2450 0.1342 
     D237230 11 0.0281 0.8153 0.0895 0.0461 0.0210 
     D237231 11 0.1089 0.5707 0.0590 0.2221 0.0393 
     D237269 11 0.1268 0.3818 0.0999 0.2693 0.1222 
     D237270 11 0.0625 0.0971 0.4606 0.3102 0.0695 
     D237271 11 0.4603 0.0918 0.1446 0.1805 0.1229 
     D237272 11 0.1455 0.4795 0.2431 0.0939 0.0379 
     D237273 11 0.7063 0.0502 0.0920 0.0364 0.1150 
     D237301 11 0.1721 0.3724 0.1044 0.2892 0.0618 
     D237302 11 0.4158 0.0977 0.2582 0.1767 0.0516 
     D237303 11 0.0654 0.2679 0.4805 0.1574 0.0287 
     D237304 11 0.1707 0.1690 0.3658 0.2028 0.0917 
     D237305 11 0.3247 0.0480 0.1763 0.0321 0.4188 
     D237314 11 0.1931 0.0724 0.2696 0.1328 0.3321 
     D237315 11 0.0830 0.0516 0.5981 0.2024 0.0649 
     D237316 11 0.1344 0.0654 0.0248 0.7454 0.0301 
     D237328 11 0.0678 0.2489 0.3920 0.2109 0.0804 
     D237329 11 0.0768 0.1755 0.1398 0.1233 0.4847 
     D237330 11 0.4395 0.0701 0.1247 0.0532 0.3125 
     D237331 11 0.1630 0.0383 0.0739 0.2679 0.4570 
     D237332 11 0.4594 0.1033 0.0527 0.2460 0.1387 
     D237333 11 0.1318 0.0666 0.0346 0.1262 0.6407 
     D237334 11 0.1838 0.1415 0.1024 0.5086 0.0637 
     D237335 11 0.3636 0.1837 0.1330 0.1262 0.1935 
     D237336 11 0.0700 0.0303 0.0467 0.0759 0.7770 
     D237350 11 0.6277 0.1285 0.0439 0.0864 0.1135 
     D237383 11 0.5150 0.0558 0.1218 0.1038 0.2036 
     D237384 11 0.0568 0.0475 0.0513 0.7134 0.1309 
     D237385 11 0.2323 0.3191 0.1629 0.1283 0.1575 
     D237386 11 0.0857 0.5049 0.1891 0.1312 0.0892 
     D237387 11 0.4812 0.1286 0.0792 0.2667 0.0444 
     D237388 11 0.2265 0.0969 0.2026 0.2968 0.1771 
        D239 11 0.1164 0.0673 0.0822 0.1846 0.5494 
        D240 11 0.0669 0.0524 0.0292 0.0435 0.8081 
        D241 11 0.2047 0.1198 0.0490 0.3338 0.2927 
        D242 11 0.1478 0.2545 0.0765 0.3532 0.1680 
        D243 11 0.0914 0.0384 0.0464 0.0912 0.7327 
        D244 11 0.1849 0.0303 0.0354 0.0815 0.6678 
        D245 11 0.0863 0.0958 0.7275 0.0543 0.0360 
        D246 11 0.2050 0.1216 0.3862 0.1035 0.1837 
        D247 11 0.2431 0.0915 0.1574 0.1828 0.3251 
        D248 11 0.0652 0.6696 0.0579 0.1526 0.0546 
        D249 11 0.0728 0.0263 0.7698 0.0767 0.0545 
        D250 11 0.0761 0.6296 0.0790 0.1182 0.0971 
        D251 11 0.1405 0.0582 0.4611 0.1623 0.1779 
        D252 11 0.1406 0.0678 0.3872 0.3626 0.0418 
        D253 11 0.7488 0.0251 0.0801 0.0306 0.1155 
        D254 11 0.0500 0.7539 0.1380 0.0303 0.0279 
        D255 11 0.3134 0.1999 0.2740 0.1607 0.0520 
        D256 11 0.0902 0.0428 0.0672 0.2380 0.5617 
        D257 11 0.0877 0.1084 0.5464 0.0822 0.1752 
        D258 11 0.0762 0.0266 0.6227 0.1955 0.0789 
        D259 11 0.1618 0.1629 0.3829 0.2506 0.0418 
        D260 11 0.7449 0.0446 0.1065 0.0525 0.0516 
        D261 11 0.3296 0.0686 0.2504 0.2810 0.0704 
        D262 11 0.1192 0.1011 0.6632 0.0611 0.0555 
        D263 11 0.2699 0.0458 0.0942 0.4345 0.1556 
        D264 11 0.2968 0.3440 0.2707 0.0564 0.0321 
        D265 11 0.0521 0.5491 0.1800 0.0583 0.1606 
        D266 11 0.2386 0.1732 0.0485 0.3487 0.1910 
        D267 11 0.1153 0.0592 0.1556 0.1850 0.4849 
        D268 11 0.0743 0.0810 0.0738 0.0876 0.6833 
        D269 11 0.1162 0.0587 0.0488 0.7289 0.0474 
        D270 11 0.2216 0.1715 0.2685 0.2518 0.0866 
        D271 11 0.0859 0.0763 0.1686 0.2011 0.4681 
        D272 11 0.1398 0.1059 0.0313 0.4259 0.2970 
        D273 11 0.0938 0.0285 0.8067 0.0433 0.0277 
        D274 11 0.2107 0.1419 0.1280 0.3217 0.1977 
        D275 11 0.0864 0.1435 0.0797 0.4170 0.2734 
        D276 11 0.1165 0.0901 0.0420 0.4077 0.3436 
        D277 11 0.0665 0.2276 0.0835 0.3557 0.2667 
        D278 11 0.6652 0.0490 0.2236 0.0251 0.0370 
        D282 11 0.4316 0.0331 0.2349 0.2159 0.0845 
        D296 11 0.0816 0.1369 0.0595 0.2489 0.4730 
        D297 11 0.2076 0.0831 0.0433 0.2537 0.4124 
        D298 11 0.1340 0.2462 0.0690 0.2531 0.2977 
        D299 11 0.6711 0.0828 0.1401 0.0356 0.0704 
        D300 11 0.2193 0.1322 0.0791 0.3071 0.2623 
        D382 11 0.0940 0.0457 0.0669 0.3881 0.4052 
        D383 11 0.2651 0.0300 0.1130 0.0701 0.5218 
        D387 11 0.1141 0.1080 0.4107 0.1026 0.2645 
        D388 11 0.0411 0.0849 0.0417 0.7867 0.0456 
        D389 11 0.6459 0.0825 0.1071 0.0800 0.0846 
        D390 11 0.1540 0.3794 0.0687 0.2427 0.1552 
        D396 11 0.1389 0.4733 0.1141 0.1263 0.1474 
        D397 11 0.5788 0.0437 0.1026 0.1915 0.0833 
        D398 11 0.0990 0.0409 0.0600 0.3875 0.4125 
        D399 11 0.1089 0.2025 0.1387 0.5200 0.0299 
        D437 11 0.5915 0.0552 0.2155 0.0870 0.0508 
        D441 11 0.0540 0.1036 0.1377 0.0754 0.6294 
        D442 11 0.4947 0.1011 0.1273 0.1428 0.1340 
        D443 11 0.0354 0.0293 0.0235 0.0328 0.8790 
        D444 11 0.1688 0.2570 0.1010 0.3599 0.1132 
        D445 11 0.3358 0.1383 0.1356 0.3426 0.0477 
        D446 11 0.2059 0.2031 0.0987 0.3645 0.1278 
        D451 11 0.0921 0.1512 0.2661 0.2696 0.2210 
        D452 11 0.3758 0.1819 0.0536 0.3124 0.0764 
        D453 11 0.0547 0.3628 0.0305 0.4788 0.0732 
        D454 11 0.0690 0.0914 0.4372 0.2658 0.1367 
        D457 11 0.1170 0.0398 0.7031 0.0435 0.0966 
        D458 11 0.1482 0.1201 0.0550 0.3083 0.3684 
        D466 11 0.0852 0.7689 0.0581 0.0384 0.0495 
        D467 11 0.6068 0.0442 0.2305 0.0654 0.0531 
        D475 11 0.1965 0.0329 0.5900 0.1409 0.0396 
        D488 11 0.1058 0.4464 0.1201 0.2131 0.1146 
        D489 11 0.1254 0.5114 0.2182 0.0612 0.0838 
        D493 11 0.0781 0.3816 0.0701 0.3190 0.1511 
        D494 11 0.0855 0.4435 0.1513 0.1906 0.1291 
        D495 11 0.2080 0.1360 0.4511 0.0983 0.1066 
        D496 11 0.0499 0.1226 0.0257 0.0322 0.7695 
        D674 11 0.1388 0.1178 0.0466 0.1049 0.5919 
        D675 11 0.0499 0.0909 0.0194 0.0393 0.8006 
        D676 11 0.3979 0.0799 0.4332 0.0364 0.0526 
        D680 11 0.0593 0.0257 0.0263 0.1046 0.7840 
        D701 11 0.3333 0.1730 0.2872 0.0713 0.1351 
        D702 11 0.2911 0.1616 0.1183 0.3782 0.0507 
        D703 11 0.1879 0.2194 0.0577 0.1760 0.3589 
        D704 11 0.3969 0.1070 0.3283 0.0657 0.1021 
        D705 11 0.1073 0.6166 0.1513 0.0987 0.0261 
        D706 11 0.6362 0.0658 0.0610 0.0971 0.1400 
        D707 11 0.2644 0.1897 0.1482 0.2929 0.1048 
        D751 11 0.2408 0.0483 0.0693 0.5410 0.1006 
        D752 11 0.4559 0.0823 0.1327 0.0785 0.2506 
        D753 11 0.0672 0.7581 0.0711 0.0444 0.0592 
        D773 11 0.0382 0.0331 0.8731 0.0360 0.0197 
        D774 11 0.1541 0.2178 0.0537 0.3832 0.1912 
        D801 11 0.1351 0.3061 0.1566 0.0693 0.3328 
        D802 11 0.0567 0.3661 0.3406 0.1882 0.0484 
        D803 11 0.1830 0.0395 0.0779 0.0864 0.6132 
        D804 11 0.2055 0.0948 0.4978 0.1059 0.0960 
        D805 11 0.0762 0.0502 0.1639 0.5434 0.1663 
        D806 11 0.0813 0.0348 0.8102 0.0408 0.0329 
        D809 11 0.4726 0.1118 0.0875 0.2115 0.1166 
        D810 11 0.2608 0.0792 0.0498 0.1588 0.4514 
        D812 11 0.1747 0.1307 0.3796 0.2210 0.0940 
        D813 11 0.2275 0.1002 0.0538 0.2674 0.3511 
        D823 11 0.5640 0.0850 0.0942 0.1878 0.0690 
        D824 11 0.6632 0.1060 0.1263 0.0325 0.0720 
        D829 11 0.1560 0.2355 0.0364 0.4334 0.1388 
        D830 11 0.1697 0.2370 0.2462 0.2829 0.0641 
        D831 11 0.3459 0.1008 0.4018 0.0481 0.1035 
        D832 11 0.5316 0.1649 0.1025 0.0497 0.1514 
        D833 11 0.2055 0.0753 0.0378 0.2534 0.4280 
        D834 11 0.0726 0.2009 0.0530 0.4449 0.2285 
        D835 11 0.1014 0.0232 0.7415 0.0736 0.0604 
        D855 11 0.1100 0.2585 0.3008 0.1177 0.2129 
        D863 11 0.0597 0.0349 0.0245 0.0449 0.8360 
        D864 11 0.6002 0.0551 0.1650 0.0751 0.1047 
        D878 11 0.2105 0.1179 0.1478 0.1265 0.3973 
        D879 11 0.0922 0.0658 0.6450 0.1344 0.0626 
        D880 11 0.1084 0.5543 0.0269 0.1067 0.2036 
        D881 11 0.0508 0.0282 0.0316 0.0593 0.8302 
        D882 11 0.1718 0.4697 0.1176 0.0889 0.1520 
        D909 11 0.0787 0.4097 0.1383 0.0971 0.2761 
        D921 11 0.3636 0.0637 0.1296 0.3346 0.1085 
        D924 11 0.0846 0.1979 0.0504 0.1594 0.5076 
        D935 11 0.1925 0.1913 0.0780 0.4921 0.0462 
        D940 11 0.0350 0.0240 0.0240 0.0289 0.8881 
        D941 11 0.0509 0.0682 0.0416 0.3232 0.5161 
        D942 11 0.1004 0.0545 0.7452 0.0654 0.0345 
        D980 11 0.1332 0.1506 0.0957 0.4653 0.1553 
        D981 11 0.2612 0.0443 0.1107 0.5332 0.0507 
        D982 11 0.3364 0.5285 0.0254 0.0707 0.0390 
        D983 11 0.1469 0.1044 0.0626 0.1892 0.4969 
        D984 11 0.4347 0.2476 0.0615 0.1763 0.0800 
        D992 11 0.2509 0.2720 0.3561 0.0836 0.0373 
        D993 11 0.1277 0.2149 0.1187 0.3824 0.1564 
        D994 11 0.5235 0.0659 0.1708 0.0627 0.1770 
        D995 11 0.0366 0.0545 0.7457 0.1294 0.0339 
        H354 11 0.0628 0.1060 0.4908 0.2913 0.0490 
