        D023  2 0.0121 0.9064 0.0175 0.0094 0.0115 0.0093 0.0202 0.0136 
        D130  2 0.0173 0.3685 0.1234 0.0411 0.0258 0.1901 0.0782 0.1555 
        D131  2 0.0567 0.0335 0.0853 0.0481 0.0744 0.1558 0.5209 0.0254 
        D163  2 0.0313 0.4889 0.0254 0.1552 0.0993 0.0610 0.0796 0.0592 
        D164  2 0.0091 0.3952 0.5072 0.0117 0.0111 0.0218 0.0189 0.0250 
        D165  2 0.0118 0.8808 0.0202 0.0117 0.0213 0.0155 0.0153 0.0235 
        D166  2 0.0559 0.0305 0.0329 0.0468 0.0416 0.4137 0.1594 0.2192 
        D167  2 0.0345 0.0125 0.8321 0.0192 0.0174 0.0448 0.0163 0.0232 
        D192  2 0.0153 0.0119 0.8742 0.0176 0.0216 0.0124 0.0202 0.0268 
        D193  2 0.1368 0.0173 0.0178 0.2395 0.0366 0.0729 0.0583 0.4208 
        D206  2 0.0666 0.0983 0.3568 0.0515 0.0191 0.0465 0.3048 0.0565 
        D207  2 0.0190 0.0260 0.5525 0.0539 0.1320 0.1024 0.0750 0.0391 
        D208  2 0.2690 0.0721 0.0613 0.1498 0.3201 0.0266 0.0406 0.0606 
        D209  2 0.0420 0.0332 0.5902 0.0265 0.0268 0.0226 0.1411 0.1176 
        D210  2 0.2892 0.0265 0.1166 0.2172 0.2358 0.0351 0.0324 0.0473 
     D229599  2 0.0385 0.1265 0.0202 0.0566 0.2232 0.0315 0.3883 0.1151 
     D229600  2 0.0346 0.1054 0.5265 0.0428 0.0330 0.1083 0.0292 0.1203 
     D237227  2 0.2917 0.1507 0.0326 0.0463 0.2927 0.1282 0.0355 0.0223 
     D237228  2 0.0693 0.0397 0.0366 0.0383 0.0493 0.7225 0.0235 0.0208 
     D237258  2 0.0939 0.1552 0.1261 0.0403 0.2100 0.1525 0.1046 0.1174 
     D237310  2 0.0184 0.0129 0.0192 0.0111 0.0160 0.9002 0.0107 0.0116 
     D237311  2 0.0202 0.0191 0.0712 0.0135 0.0137 0.8315 0.0131 0.0177 
     D237312  2 0.0328 0.0324 0.0164 0.0335 0.0221 0.8054 0.0245 0.0329 
     D237313  2 0.0550 0.2319 0.0238 0.0879 0.0471 0.0304 0.4741 0.0498 
     D237322  2 0.0588 0.0822 0.0606 0.0509 0.4485 0.1205 0.0745 0.1040 
     D237323  2 0.0378 0.0156 0.0189 0.0209 0.0460 0.8254 0.0122 0.0231 
     D237324  2 0.0266 0.1070 0.4837 0.0910 0.0735 0.0378 0.0625 0.1178 
     D237325  2 0.0410 0.0203 0.0450 0.0731 0.0289 0.7154 0.0203 0.0560 
     D237326  2 0.0627 0.0643 0.0672 0.1112 0.0432 0.5529 0.0540 0.0445 
     D237327  2 0.0229 0.0243 0.0514 0.2559 0.4514 0.0255 0.0545 0.1141 
     D237337  2 0.0333 0.0544 0.0122 0.0254 0.0132 0.8179 0.0284 0.0152 
     D237338  2 0.1013 0.0613 0.0805 0.0663 0.1665 0.3851 0.0749 0.0641 
     D237339  2 0.0218 0.0199 0.3153 0.1348 0.0365 0.0238 0.1441 0.3038 
     D237340  2 0.0686 0.0140 0.1032 0.0447 0.0568 0.6543 0.0230 0.0354 
     D237389  2 0.0200 0.0307 0.0290 0.0208 0.0135 0.8466 0.0151 0.0243 
     D237390  2 0.0316 0.0150 0.0158 0.0457 0.0362 0.8012 0.0190 0.0356 
     D244017  2 0.2406 0.0236 0.2656 0.0456 0.1651 0.1010 0.0865 0.0721 
     D244112  2 0.0199 0.0211 0.7816 0.0348 0.0191 0.0499 0.0202 0.0533 
     D244118  2 0.0186 0.0621 0.7274 0.0251 0.0347 0.0192 0.0240 0.0889 
     D244119  2 0.2929 0.0181 0.4459 0.0627 0.0957 0.0389 0.0226 0.0233 
     D244120  2 0.1018 0.0125 0.1384 0.0673 0.0330 0.4861 0.0323 0.1286 
     D244122  2 0.0717 0.0428 0.6626 0.0465 0.0237 0.0299 0.0302 0.0926 
        D291  2 0.0165 0.0389 0.0371 0.2636 0.5023 0.0210 0.0858 0.0348 
        D292  2 0.1228 0.0724 0.1329 0.1296 0.2902 0.0324 0.1559 0.0637 
        D293  2 0.0156 0.0094 0.8057 0.0854 0.0137 0.0125 0.0374 0.0203 
        D322  2 0.0162 0.0297 0.8073 0.0203 0.0214 0.0256 0.0452 0.0342 
        D323  2 0.1010 0.0393 0.2265 0.0741 0.0421 0.0568 0.3219 0.1383 
        D324  2 0.0639 0.0604 0.0565 0.2671 0.2758 0.0898 0.1567 0.0299 
        D325  2 0.0201 0.0143 0.7568 0.0896 0.0318 0.0245 0.0415 0.0215 
        D326  2 0.0368 0.0181 0.0669 0.0369 0.0210 0.0163 0.7857 0.0183 
        D340  2 0.0192 0.0111 0.8903 0.0161 0.0200 0.0130 0.0173 0.0131 
        D341  2 0.0339 0.0477 0.6505 0.1252 0.0356 0.0366 0.0250 0.0455 
        D342  2 0.0262 0.1050 0.6994 0.0259 0.0362 0.0274 0.0382 0.0416 
        D343  2 0.0087 0.0094 0.9240 0.0105 0.0132 0.0099 0.0129 0.0114 
        D344  2 0.0305 0.0204 0.0257 0.0256 0.0156 0.0558 0.5094 0.3171 
        D345  2 0.0506 0.1435 0.0349 0.0452 0.0580 0.0109 0.4746 0.1822 
        D346  2 0.4859 0.0518 0.1140 0.0546 0.0511 0.1030 0.1074 0.0320 
        D351  2 0.0398 0.0345 0.0461 0.1080 0.1363 0.0728 0.4876 0.0749 
        D352  2 0.0781 0.0235 0.0985 0.0518 0.0665 0.0659 0.2719 0.3438 
        D353  2 0.0479 0.0212 0.0531 0.0395 0.0516 0.0305 0.6799 0.0763 
        D354  2 0.0637 0.0364 0.0156 0.0140 0.0349 0.0240 0.4255 0.3860 
        D362  2 0.0403 0.5765 0.0398 0.0519 0.0366 0.0165 0.1987 0.0397 
        D363  2 0.0838 0.4955 0.0317 0.0468 0.0206 0.0166 0.2709 0.0342 
        D364  2 0.0262 0.1147 0.0172 0.0169 0.0195 0.0179 0.5386 0.2490 
        D365  2 0.0157 0.0110 0.9060 0.0118 0.0145 0.0177 0.0121 0.0112 
        D369  2 0.2025 0.0590 0.1638 0.1199 0.0501 0.2574 0.1186 0.0287 
        D374  2 0.2855 0.0172 0.0181 0.2368 0.0176 0.0226 0.0211 0.3810 
        D375  2 0.0428 0.0209 0.0152 0.0125 0.0141 0.0367 0.4662 0.3915 
        D376  2 0.2762 0.0283 0.0385 0.2285 0.0267 0.0270 0.0379 0.3369 
        D377  2 0.2042 0.1284 0.0793 0.0489 0.0684 0.2653 0.1390 0.0665 
        D378  2 0.0280 0.0835 0.4350 0.0481 0.0509 0.0151 0.2089 0.1305 
        D379  2 0.0447 0.0430 0.0617 0.0546 0.0247 0.0309 0.6803 0.0601 
        D384  2 0.0638 0.0578 0.0518 0.0419 0.0213 0.0134 0.7137 0.0364 
        D385  2 0.0282 0.0194 0.8040 0.0128 0.0296 0.0323 0.0329 0.0409 
        D386  2 0.0765 0.0548 0.0933 0.0186 0.0297 0.0166 0.4426 0.2679 
        D391  2 0.0168 0.0135 0.8597 0.0170 0.0220 0.0179 0.0285 0.0245 
        D392  2 0.0423 0.0425 0.7196 0.0246 0.0258 0.0627 0.0604 0.0221 
        D393  2 0.2611 0.0566 0.1120 0.0554 0.0858 0.0227 0.2415 0.1648 
        D394  2 0.0746 0.0779 0.0921 0.1448 0.0779 0.1227 0.1365 0.2735 
        D395  2 0.0264 0.0150 0.5724 0.0182 0.0519 0.0559 0.1059 0.1542 
        D401  2 0.0279 0.0484 0.0180 0.0145 0.0165 0.8477 0.0135 0.0135 
        D402  2 0.0257 0.0159 0.8353 0.0194 0.0244 0.0198 0.0208 0.0386 
        D403  2 0.0376 0.1779 0.0578 0.0452 0.0295 0.0276 0.3032 0.3212 
        D415  2 0.0226 0.0418 0.0319 0.0439 0.0177 0.1521 0.6431 0.0469 
        D435  2 0.0381 0.1207 0.4057 0.0802 0.0548 0.0309 0.1785 0.0913 
        D436  2 0.0688 0.0201 0.0500 0.3304 0.0281 0.0843 0.2053 0.2130 
        D438  2 0.0156 0.0149 0.9077 0.0139 0.0111 0.0114 0.0123 0.0131 
        D439  2 0.0212 0.0356 0.0763 0.0292 0.0294 0.0155 0.5344 0.2584 
        D449  2 0.0281 0.0365 0.6141 0.1551 0.0216 0.0187 0.0841 0.0417 
        D450  2 0.1111 0.2201 0.0209 0.0755 0.0719 0.1156 0.2325 0.1523 
        D456  2 0.0228 0.0173 0.0217 0.0611 0.0271 0.0183 0.8147 0.0171 
        D462  2 0.0208 0.0132 0.8583 0.0174 0.0140 0.0120 0.0332 0.0314 
        D463  2 0.0391 0.0216 0.0488 0.0254 0.0154 0.0147 0.8054 0.0297 
        D464  2 0.1426 0.0240 0.1845 0.0245 0.0323 0.0696 0.3734 0.1491 
        D465  2 0.0333 0.0364 0.5474 0.0326 0.0178 0.2237 0.0872 0.0217 
        D473  2 0.3236 0.1007 0.0504 0.0369 0.2071 0.1885 0.0429 0.0498 
        D474  2 0.0690 0.3943 0.0467 0.0796 0.2084 0.0203 0.1447 0.0370 
        D476  2 0.0181 0.2456 0.1611 0.0251 0.0419 0.0248 0.1800 0.3034 
        D477  2 0.2999 0.0577 0.0245 0.0184 0.0470 0.0308 0.3274 0.1943 
        D478  2 0.0754 0.0887 0.0907 0.0949 0.1377 0.0897 0.3706 0.0523 
        D480  2 0.2086 0.0511 0.1836 0.0640 0.0867 0.0300 0.1242 0.2518 
        D481  2 0.1715 0.1498 0.0574 0.0322 0.1030 0.0251 0.3437 0.1173 
        D482  2 0.1343 0.0637 0.0314 0.0425 0.3749 0.0604 0.0804 0.2124 
        D483  2 0.0345 0.0113 0.8535 0.0207 0.0292 0.0174 0.0185 0.0149 
        D484  2 0.1300 0.0145 0.0566 0.0403 0.0800 0.0462 0.1410 0.4913 
        D510  2 0.2035 0.0150 0.0194 0.4066 0.0662 0.0305 0.0330 0.2257 
        D511  2 0.1042 0.0555 0.2239 0.0315 0.0355 0.0203 0.2083 0.3209 
        D512  2 0.0191 0.0465 0.0435 0.0140 0.0133 0.8295 0.0176 0.0165 
        D513  2 0.1004 0.0277 0.5826 0.0614 0.0447 0.0357 0.1258 0.0218 
        D635  2 0.0334 0.7291 0.0398 0.0225 0.0297 0.0163 0.1114 0.0179 
        D636  2 0.0119 0.9095 0.0186 0.0103 0.0104 0.0083 0.0195 0.0115 
        D637  2 0.1618 0.0609 0.1737 0.0783 0.0653 0.2161 0.0732 0.1708 
        D658  2 0.0428 0.0453 0.4708 0.0281 0.0454 0.2159 0.0367 0.1151 
        D659  2 0.1084 0.0576 0.0244 0.4373 0.0456 0.0200 0.2133 0.0934 
        D677  2 0.0355 0.0861 0.0716 0.1823 0.0450 0.2102 0.2241 0.1453 
        D678  2 0.0317 0.0444 0.7156 0.0221 0.0262 0.0499 0.0501 0.0599 
        D679  2 0.1988 0.0563 0.0790 0.0962 0.0667 0.0234 0.4380 0.0416 
        D719  2 0.3446 0.0275 0.2153 0.1335 0.1000 0.0416 0.0856 0.0520 
        D720  2 0.1223 0.0515 0.1362 0.1057 0.0511 0.0242 0.4760 0.0331 
        D721  2 0.0188 0.8495 0.0446 0.0156 0.0187 0.0107 0.0195 0.0226 
        D722  2 0.2100 0.0229 0.0542 0.2567 0.0287 0.0429 0.0381 0.3465 
        D734  2 0.4805 0.0161 0.1347 0.0361 0.0460 0.0304 0.0637 0.1925 
        D735  2 0.1446 0.2341 0.1266 0.0518 0.0508 0.0223 0.2842 0.0856 
        D736  2 0.2210 0.0448 0.0422 0.2293 0.2970 0.0642 0.0598 0.0418 
        D737  2 0.0516 0.0263 0.5073 0.0378 0.1207 0.0734 0.0675 0.1154 
        D807  2 0.2578 0.0743 0.0541 0.3117 0.0761 0.0860 0.0801 0.0600 
        D808  2 0.0253 0.0215 0.1266 0.0312 0.0365 0.5631 0.1610 0.0348 
        D817  2 0.0788 0.1127 0.0256 0.0789 0.0286 0.0557 0.5521 0.0676 
        D818  2 0.0450 0.0566 0.2939 0.1235 0.1564 0.0894 0.1884 0.0469 
        D819  2 0.1499 0.1057 0.0410 0.0289 0.0393 0.3379 0.2544 0.0430 
        D820  2 0.0602 0.0127 0.1013 0.4369 0.0201 0.0305 0.2061 0.1322 
        D895  2 0.0748 0.2181 0.0316 0.2620 0.0433 0.0192 0.2409 0.1101 
        D896  2 0.0175 0.0287 0.0088 0.0153 0.0119 0.8956 0.0111 0.0111 
        D897  2 0.0344 0.0312 0.6502 0.0711 0.0485 0.0668 0.0402 0.0575 
        D898  2 0.0386 0.0737 0.0212 0.0588 0.2555 0.2086 0.2830 0.0607 
        D918  2 0.2446 0.0435 0.0616 0.0911 0.0534 0.4118 0.0426 0.0514 
        D919  2 0.0324 0.0199 0.1885 0.0736 0.0643 0.0203 0.3810 0.2200 
        D920  2 0.0372 0.3665 0.0944 0.0965 0.0381 0.0732 0.0357 0.2583 
        D923  2 0.0466 0.0310 0.0498 0.0245 0.0176 0.0273 0.6890 0.1142 
        D930  2 0.1942 0.0899 0.0769 0.0469 0.0454 0.0775 0.3815 0.0878 
        D931  2 0.2000 0.0774 0.2271 0.0364 0.0551 0.0907 0.1321 0.1812 
        D968  2 0.0159 0.0091 0.8377 0.0272 0.0326 0.0163 0.0379 0.0232 
        D969  2 0.1014 0.0714 0.1032 0.1031 0.2660 0.0444 0.2593 0.0512 
        D977  2 0.0265 0.0252 0.7342 0.0664 0.0408 0.0353 0.0366 0.0349 
        D978  2 0.0399 0.0428 0.2029 0.0599 0.3594 0.0451 0.1990 0.0511 
        D009  4 0.0250 0.4870 0.0247 0.1491 0.0417 0.0712 0.0729 0.1284 
        D057  4 0.0264 0.1955 0.1509 0.1095 0.0367 0.0189 0.0232 0.4390 
        D109  4 0.0746 0.3271 0.0205 0.0412 0.0538 0.3916 0.0451 0.0461 
     D237222  4 0.0547 0.0957 0.0718 0.3707 0.0246 0.0175 0.0218 0.3433 
     D237223  4 0.0450 0.0120 0.1221 0.2866 0.0512 0.2932 0.0236 0.1663 
     D237224  4 0.0958 0.0832 0.1038 0.0453 0.1678 0.0242 0.3450 0.1350 
     D237225  4 0.0392 0.3304 0.0456 0.2901 0.0574 0.0303 0.1335 0.0734 
     D237299  4 0.0329 0.0195 0.0357 0.0474 0.0573 0.7291 0.0533 0.0249 
     D237300  4 0.0575 0.0297 0.0455 0.2204 0.5175 0.0522 0.0369 0.0403 
     D237306  4 0.1354 0.0193 0.0218 0.4041 0.0216 0.2497 0.0291 0.1190 
     D237307  4 0.1844 0.0980 0.0732 0.1673 0.0966 0.0441 0.2230 0.1134 
     D237308  4 0.0708 0.0601 0.4348 0.0742 0.0863 0.0315 0.0402 0.2021 
     D237309  4 0.0176 0.4054 0.0390 0.1131 0.0986 0.0344 0.1396 0.1523 
     D237317  4 0.0786 0.2653 0.0210 0.1558 0.1147 0.0174 0.2821 0.0652 
     D237318  4 0.0283 0.0126 0.0667 0.3529 0.4606 0.0369 0.0293 0.0128 
     D237319  4 0.0356 0.0337 0.0499 0.0441 0.0338 0.5112 0.2107 0.0809 
     D237320  4 0.0306 0.0321 0.0705 0.2617 0.0725 0.4593 0.0460 0.0273 
     D237321  4 0.0551 0.0539 0.0518 0.0279 0.6432 0.0763 0.0704 0.0214 
     D237397  4 0.0542 0.0264 0.0422 0.5696 0.0448 0.0428 0.0222 0.1979 
     D237398  4 0.0260 0.0204 0.0512 0.1978 0.5105 0.0367 0.1077 0.0498 
     D237399  4 0.1276 0.0372 0.0313 0.1912 0.3497 0.1087 0.1133 0.0411 
     D244001  4 0.0293 0.2993 0.1403 0.1008 0.0310 0.0146 0.0189 0.3657 
        D289  4 0.3760 0.0239 0.0807 0.2457 0.0777 0.0281 0.0647 0.1032 
        D290  4 0.0273 0.0236 0.0388 0.1321 0.1663 0.2108 0.0984 0.3026 
        D294  4 0.1602 0.0465 0.0616 0.0727 0.1746 0.0482 0.1369 0.2994 
        D295  4 0.0482 0.0589 0.0333 0.2647 0.0920 0.1892 0.1138 0.1999 
        D301  4 0.0647 0.3841 0.0389 0.0576 0.1240 0.0900 0.0421 0.1985 
        D302  4 0.2392 0.0555 0.0198 0.0239 0.0186 0.0199 0.0917 0.5314 
        D303  4 0.6516 0.0339 0.0451 0.0458 0.0621 0.0911 0.0300 0.0403 
        D304  4 0.0482 0.0437 0.0246 0.1392 0.4212 0.0346 0.1111 0.1774 
        D305  4 0.0254 0.0499 0.0806 0.0715 0.0779 0.0220 0.2088 0.4639 
        D306  4 0.0321 0.0258 0.0816 0.1216 0.0544 0.2861 0.1858 0.2126 
        D307  4 0.0716 0.5383 0.0173 0.0220 0.1101 0.0257 0.0200 0.1950 
        D327  4 0.0522 0.0514 0.0719 0.0368 0.0661 0.0523 0.5956 0.0737 
        D328  4 0.4106 0.0204 0.0211 0.0645 0.0463 0.2160 0.0515 0.1698 
        D329  4 0.0694 0.0752 0.1190 0.0879 0.1058 0.0263 0.1238 0.3926 
        D330  4 0.0224 0.0430 0.0766 0.2093 0.0195 0.1558 0.3589 0.1145 
        D331  4 0.0581 0.0798 0.0374 0.0767 0.4122 0.0644 0.1261 0.1453 
        D333  4 0.0612 0.1529 0.0521 0.3071 0.0605 0.0265 0.0287 0.3111 
        D334  4 0.5019 0.0512 0.0252 0.1313 0.1339 0.0411 0.0527 0.0626 
        D335  4 0.0840 0.0367 0.0636 0.0925 0.0245 0.0177 0.2184 0.4626 
        D370  4 0.1372 0.0805 0.0440 0.1166 0.0449 0.0838 0.0785 0.4145 
        D371  4 0.4875 0.0375 0.0402 0.0878 0.0788 0.1167 0.0700 0.0815 
        D372  4 0.0308 0.0211 0.0399 0.0590 0.7539 0.0265 0.0200 0.0488 
        D373  4 0.0263 0.7067 0.0354 0.0186 0.0430 0.0157 0.0422 0.1121 
        D455  4 0.0207 0.4963 0.0280 0.0484 0.0915 0.0221 0.0251 0.2679 
        D490  4 0.0301 0.5888 0.0093 0.0479 0.0236 0.1019 0.0166 0.1818 
        D497  4 0.0272 0.5405 0.0157 0.0624 0.0616 0.1227 0.0253 0.1446 
        D498  4 0.0899 0.0414 0.0609 0.1069 0.2820 0.1875 0.0658 0.1656 
        D499  4 0.2161 0.0152 0.1732 0.0191 0.0382 0.3999 0.0788 0.0596 
        D514  4 0.0378 0.0655 0.0270 0.0907 0.0624 0.1533 0.3561 0.2073 
        D515  4 0.0365 0.0178 0.0225 0.1557 0.0143 0.6774 0.0327 0.0433 
        D516  4 0.0379 0.0653 0.0778 0.4880 0.0453 0.0608 0.0565 0.1683 
        D517  4 0.0191 0.3747 0.0321 0.0873 0.1942 0.0312 0.0653 0.1961 
        D518  4 0.0579 0.1494 0.0798 0.1212 0.0135 0.0206 0.0296 0.5280 
        D519  4 0.0176 0.0252 0.0426 0.2835 0.0316 0.5520 0.0293 0.0183 
        D560  4 0.0279 0.0264 0.0907 0.2103 0.0507 0.3917 0.0886 0.1137 
        D561  4 0.0312 0.0580 0.2369 0.0391 0.0222 0.1791 0.3739 0.0595 
        D562  4 0.0897 0.0394 0.0777 0.1550 0.1339 0.0568 0.2700 0.1775 
        D563  4 0.0385 0.0497 0.4654 0.0475 0.0505 0.0931 0.1078 0.1475 
        D572  4 0.1489 0.0348 0.0832 0.0588 0.0276 0.0277 0.2267 0.3923 
        D629  4 0.2192 0.2284 0.0256 0.0598 0.0562 0.0253 0.3236 0.0620 
        D630  4 0.1216 0.0473 0.0427 0.1731 0.1290 0.1915 0.1362 0.1587 
        D631  4 0.0709 0.0484 0.1955 0.0480 0.0625 0.0442 0.0444 0.4860 
        D632  4 0.0410 0.4352 0.1725 0.0105 0.0133 0.0375 0.0878 0.2022 
        D646  4 0.0174 0.0173 0.0499 0.5948 0.0174 0.1561 0.0396 0.1074 
        D647  4 0.0251 0.0234 0.0860 0.1760 0.0371 0.1469 0.2321 0.2734 
        D648  4 0.3301 0.0256 0.0401 0.0258 0.0200 0.1112 0.0418 0.4055 
        D649  4 0.0715 0.2914 0.0197 0.0340 0.0273 0.0930 0.3149 0.1483 
        D650  4 0.1561 0.1441 0.0395 0.0881 0.0679 0.1856 0.2523 0.0664 
        D708  4 0.2341 0.0592 0.0355 0.1547 0.0642 0.0752 0.1758 0.2013 
        D709  4 0.0431 0.0278 0.0354 0.0504 0.0381 0.4608 0.1851 0.1593 
        D738  4 0.1672 0.0265 0.0136 0.5114 0.0478 0.0707 0.0218 0.1410 
        D739  4 0.0949 0.1321 0.0362 0.1943 0.1109 0.1338 0.0648 0.2329 
        D740  4 0.1612 0.2035 0.0425 0.1008 0.3314 0.0501 0.0532 0.0573 
        D741  4 0.0256 0.0125 0.0596 0.4178 0.0126 0.3813 0.0395 0.0509 
        D742  4 0.1481 0.0660 0.2564 0.2451 0.0606 0.1168 0.0560 0.0510 
        D743  4 0.2397 0.0243 0.0958 0.0731 0.0342 0.0398 0.3641 0.1290 
        D744  4 0.1920 0.0234 0.0815 0.0208 0.0384 0.0491 0.2427 0.3522 
        D745  4 0.0319 0.0271 0.0266 0.2140 0.0469 0.6012 0.0294 0.0229 
        D814  4 0.0329 0.0374 0.2464 0.3183 0.0636 0.0492 0.0914 0.1608 
        D815  4 0.1054 0.0373 0.0367 0.0744 0.0462 0.0535 0.2550 0.3916 
        D828  4 0.1929 0.0258 0.0569 0.1184 0.1113 0.2396 0.0511 0.2041 
        D845  4 0.0444 0.0144 0.0285 0.3023 0.5664 0.0124 0.0188 0.0130 
        D846  4 0.0220 0.0634 0.1244 0.0419 0.0639 0.0173 0.4188 0.2483 
        D847  4 0.0652 0.1058 0.0512 0.1332 0.3198 0.1064 0.1532 0.0652 
        D848  4 0.0156 0.5885 0.0487 0.0492 0.1548 0.0102 0.0274 0.1057 
        D849  4 0.0291 0.1126 0.0799 0.3054 0.0418 0.1260 0.0623 0.2428 
        D850  4 0.0632 0.0562 0.0751 0.3528 0.1985 0.0435 0.1631 0.0476 
        D856  4 0.0478 0.0450 0.0425 0.0309 0.0300 0.3479 0.3776 0.0783 
        D857  4 0.0449 0.3160 0.0503 0.0234 0.0283 0.4241 0.0191 0.0939 
        D859  4 0.0485 0.0243 0.0325 0.2532 0.0894 0.0506 0.2880 0.2133 
        D860  4 0.2651 0.0212 0.1027 0.2636 0.1766 0.0151 0.0916 0.0641 
        D883  4 0.0906 0.1894 0.0219 0.2446 0.0651 0.0817 0.0746 0.2321 
        D884  4 0.0369 0.0205 0.0112 0.4426 0.0153 0.3164 0.0231 0.1340 
        D885  4 0.0877 0.1670 0.1069 0.1606 0.1515 0.0970 0.2054 0.0240 
        D886  4 0.0466 0.1306 0.1117 0.0815 0.0708 0.1335 0.1366 0.2887 
        D887  4 0.0686 0.1748 0.0572 0.0477 0.2635 0.1069 0.1460 0.1354 
        D889  4 0.0268 0.0149 0.0126 0.2011 0.5108 0.0274 0.0657 0.1407 
        D890  4 0.2072 0.3040 0.0810 0.0301 0.0701 0.0643 0.1054 0.1379 
        D891  4 0.0104 0.0076 0.0086 0.3370 0.6073 0.0083 0.0119 0.0088 
        D899  4 0.1410 0.0281 0.3986 0.1522 0.1007 0.0591 0.0306 0.0898 
        D900  4 0.0514 0.0851 0.0607 0.1561 0.1279 0.1287 0.2660 0.1239 
        D970  4 0.0488 0.0782 0.0574 0.0855 0.1882 0.0202 0.3699 0.1518 
        D971  4 0.0679 0.0404 0.5812 0.0402 0.0297 0.0522 0.0685 0.1202 
        D979  4 0.0947 0.0372 0.0452 0.0512 0.0276 0.0144 0.5289 0.2009 
        D093  5 0.3310 0.0845 0.0264 0.0787 0.2944 0.0835 0.0393 0.0622 
        D154  5 0.0694 0.0575 0.1595 0.3113 0.0614 0.1880 0.0590 0.0939 
        D168  5 0.0434 0.1384 0.2573 0.1842 0.0783 0.1568 0.0762 0.0655 
        D189  5 0.1470 0.0272 0.0404 0.3269 0.2106 0.0852 0.0354 0.1273 
        D190  5 0.5627 0.0536 0.0427 0.0749 0.0752 0.0498 0.0648 0.0763 
     D237220  5 0.1103 0.0537 0.0167 0.1380 0.5116 0.0647 0.0550 0.0499 
     D237221  5 0.4205 0.0543 0.0971 0.0601 0.1658 0.0453 0.1149 0.0419 
     D237274  5 0.0209 0.0228 0.0439 0.0539 0.0154 0.0368 0.6687 0.1376 
     D237275  5 0.0332 0.0204 0.5476 0.1210 0.0990 0.0878 0.0419 0.0491 
     D237276  5 0.1234 0.0838 0.0611 0.2956 0.0682 0.1040 0.0535 0.2104 
     D237277  5 0.6676 0.0310 0.0317 0.0276 0.1525 0.0210 0.0407 0.0279 
     D237278  5 0.1800 0.1377 0.3338 0.0583 0.0372 0.0964 0.0700 0.0866 
     D237279  5 0.0544 0.4477 0.0594 0.0178 0.0336 0.2707 0.0737 0.0427 
     D237280  5 0.0523 0.6808 0.0151 0.0353 0.0228 0.0131 0.1096 0.0710 
     D237281  5 0.0264 0.0225 0.2723 0.4256 0.1178 0.0309 0.0706 0.0339 
     D237351  5 0.0289 0.8538 0.0133 0.0198 0.0202 0.0336 0.0140 0.0163 
     D237352  5 0.1237 0.3496 0.1230 0.0790 0.0254 0.0201 0.0757 0.2036 
     D237353  5 0.6820 0.0354 0.0264 0.0618 0.1004 0.0215 0.0416 0.0309 
     D237359  5 0.1408 0.0525 0.0217 0.1662 0.4407 0.0311 0.0969 0.0501 
     D237361  5 0.4719 0.0533 0.0288 0.0501 0.2938 0.0300 0.0362 0.0359 
     D237362  5 0.1772 0.2908 0.0500 0.0950 0.0342 0.0782 0.2208 0.0540 
     D237363  5 0.0814 0.0218 0.2286 0.1035 0.0397 0.0916 0.3912 0.0423 
     D237364  5 0.0291 0.1363 0.1477 0.0705 0.0717 0.2744 0.1587 0.1114 
     D237376  5 0.2218 0.0121 0.0208 0.0214 0.0332 0.4847 0.0202 0.1858 
     D237377  5 0.0685 0.6686 0.0324 0.0196 0.0515 0.0311 0.0962 0.0321 
     D237378  5 0.4570 0.0268 0.0419 0.0373 0.1775 0.0837 0.0324 0.1434 
     D237379  5 0.3752 0.0182 0.0395 0.0571 0.0689 0.2338 0.0950 0.1121 
     D237380  5 0.0780 0.2107 0.0125 0.0530 0.0246 0.0757 0.0646 0.4809 
     D237381  5 0.0598 0.2643 0.0772 0.1992 0.0474 0.0458 0.0871 0.2193 
     D237391  5 0.5976 0.0249 0.0197 0.0321 0.2596 0.0248 0.0259 0.0153 
     D237392  5 0.0536 0.0259 0.2142 0.0665 0.0209 0.1444 0.3836 0.0908 
     D237393  5 0.1061 0.2383 0.0720 0.2868 0.0589 0.0193 0.0962 0.1224 
     D237394  5 0.7929 0.0280 0.0122 0.0451 0.0583 0.0116 0.0373 0.0146 
     D237395  5 0.2488 0.1532 0.0926 0.0616 0.2238 0.1144 0.0553 0.0503 
     D237396  5 0.2076 0.3267 0.1203 0.0824 0.0986 0.0290 0.0970 0.0385 
     D244016  5 0.4888 0.0344 0.0929 0.0425 0.0663 0.0462 0.1145 0.1143 
     D244018  5 0.1271 0.0946 0.3430 0.1412 0.1742 0.0290 0.0293 0.0615 
     D244019  5 0.0920 0.0348 0.1261 0.1046 0.0507 0.0292 0.5200 0.0426 
        D279  5 0.0620 0.1705 0.0615 0.2103 0.3732 0.0302 0.0481 0.0441 
        D280  5 0.0469 0.0821 0.0206 0.2255 0.4865 0.0192 0.0758 0.0434 
        D281  5 0.0353 0.0181 0.1222 0.2758 0.4194 0.0440 0.0223 0.0631 
        D283  5 0.0761 0.0597 0.0302 0.4239 0.2535 0.0198 0.1040 0.0329 
        D284  5 0.0755 0.0570 0.0576 0.0793 0.0690 0.5198 0.0704 0.0714 
        D285  5 0.1483 0.0245 0.0150 0.0736 0.6129 0.0263 0.0538 0.0455 
        D286  5 0.2297 0.0542 0.0353 0.0742 0.2048 0.0996 0.1272 0.1750 
        D287  5 0.1917 0.0140 0.0123 0.0118 0.0763 0.6052 0.0164 0.0722 
        D288  5 0.0273 0.0299 0.0240 0.3449 0.3419 0.0236 0.1896 0.0188 
        D308  5 0.0331 0.5552 0.0299 0.0272 0.0261 0.1352 0.1516 0.0417 
        D309  5 0.3413 0.0210 0.0190 0.0167 0.0125 0.0145 0.0490 0.5260 
        D310  5 0.2532 0.0267 0.0109 0.4648 0.1194 0.0199 0.0259 0.0792 
        D311  5 0.0704 0.0496 0.0608 0.1380 0.0823 0.0498 0.3981 0.1511 
        D312  5 0.2884 0.2026 0.0692 0.1286 0.0571 0.0423 0.0988 0.1130 
        D313  5 0.0217 0.8488 0.0133 0.0367 0.0138 0.0290 0.0137 0.0230 
        D314  5 0.1279 0.1658 0.0738 0.1412 0.1771 0.1410 0.0634 0.1098 
        D315  5 0.2888 0.0848 0.0847 0.0821 0.0611 0.0848 0.2236 0.0901 
        D317  5 0.2852 0.0457 0.0167 0.3484 0.0542 0.0243 0.0309 0.1947 
        D318  5 0.1733 0.0692 0.0985 0.0873 0.0798 0.0756 0.3073 0.1090 
        D319  5 0.2562 0.0181 0.0238 0.5421 0.0699 0.0241 0.0178 0.0480 
        D320  5 0.5852 0.0192 0.0143 0.0873 0.1750 0.0394 0.0380 0.0415 
        D321  5 0.0262 0.7553 0.0120 0.0481 0.0944 0.0194 0.0311 0.0136 
        D336  5 0.3929 0.0197 0.0201 0.0842 0.1163 0.1078 0.0414 0.2175 
        D337  5 0.4045 0.0156 0.0231 0.3079 0.1024 0.0226 0.0242 0.0997 
        D338  5 0.0669 0.1882 0.0862 0.1499 0.1677 0.1517 0.1140 0.0754 
        D339  5 0.2389 0.0339 0.0322 0.4455 0.0869 0.0364 0.0306 0.0957 
        D347  5 0.0288 0.0171 0.0369 0.5218 0.0566 0.0217 0.0858 0.2312 
        D348  5 0.2341 0.0141 0.0240 0.5119 0.0222 0.0134 0.0382 0.1421 
        D349  5 0.0238 0.8728 0.0137 0.0154 0.0228 0.0216 0.0162 0.0137 
        D350  5 0.3375 0.0217 0.0188 0.0286 0.0192 0.0381 0.0405 0.4956 
        D355  5 0.0328 0.0201 0.0514 0.7384 0.0289 0.0402 0.0461 0.0422 
        D356  5 0.3292 0.0882 0.0342 0.0669 0.2175 0.1054 0.1131 0.0454 
        D357  5 0.0561 0.0533 0.0360 0.2394 0.1455 0.1909 0.1596 0.1192 
        D358  5 0.4886 0.0729 0.0420 0.0458 0.0704 0.1570 0.0404 0.0830 
        D359  5 0.1393 0.0538 0.0184 0.4247 0.0535 0.0233 0.2514 0.0355 
        D360  5 0.3840 0.0732 0.0230 0.0740 0.2048 0.0953 0.1091 0.0366 
        D361  5 0.0185 0.7555 0.0167 0.0220 0.0143 0.1397 0.0190 0.0143 
        D366  5 0.0499 0.0265 0.5551 0.0609 0.0237 0.0535 0.1905 0.0398 
        D367  5 0.1564 0.0921 0.0202 0.2743 0.1329 0.0642 0.0500 0.2099 
        D368  5 0.0632 0.4764 0.0298 0.0819 0.0385 0.1342 0.1406 0.0354 
        D380  5 0.3516 0.0765 0.0572 0.0313 0.0310 0.0423 0.1009 0.3092 
        D381  5 0.1660 0.0243 0.0252 0.5811 0.0737 0.0196 0.0665 0.0436 
        D400  5 0.0811 0.0344 0.0495 0.3315 0.1386 0.0338 0.0407 0.2904 
        D411  5 0.0382 0.2945 0.0338 0.0244 0.0112 0.5410 0.0189 0.0380 
        D412  5 0.0447 0.0847 0.0667 0.5432 0.0440 0.0102 0.0440 0.1625 
        D413  5 0.0785 0.0283 0.6856 0.0199 0.0239 0.0382 0.0806 0.0451 
        D414  5 0.1160 0.0202 0.1154 0.0532 0.0867 0.0913 0.0839 0.4333 
        D420  5 0.0381 0.0742 0.0222 0.1476 0.4652 0.1673 0.0524 0.0331 
        D431  5 0.1685 0.0297 0.0160 0.0160 0.0651 0.5946 0.0256 0.0845 
        D432  5 0.2262 0.1215 0.0403 0.0482 0.3612 0.0459 0.0400 0.1167 
        D433  5 0.2241 0.0820 0.0340 0.3355 0.1212 0.0419 0.0406 0.1207 
        D434  5 0.1045 0.0342 0.0239 0.5088 0.1443 0.0513 0.0639 0.0692 
        D440  5 0.3056 0.0388 0.0222 0.0303 0.0236 0.0340 0.0510 0.4945 
        D447  5 0.0351 0.0330 0.1196 0.2581 0.0329 0.1167 0.2750 0.1297 
        D448  5 0.0990 0.0221 0.0123 0.5090 0.0279 0.0390 0.0220 0.2685 
        D459  5 0.0229 0.0103 0.1993 0.5958 0.0623 0.0189 0.0268 0.0636 
        D460  5 0.0390 0.8197 0.0152 0.0205 0.0187 0.0317 0.0390 0.0161 
        D461  5 0.3281 0.0329 0.0146 0.0176 0.0165 0.0122 0.0716 0.5066 
        D468  5 0.1974 0.1178 0.0453 0.0408 0.0186 0.4611 0.0923 0.0267 
        D469  5 0.0928 0.4336 0.0249 0.0445 0.0623 0.0878 0.1910 0.0632 
        D470  5 0.0786 0.0347 0.0276 0.3787 0.0174 0.0587 0.0683 0.3361 
        D471  5 0.2383 0.0221 0.0527 0.3348 0.0615 0.0728 0.0786 0.1393 
        D472  5 0.0323 0.0204 0.1213 0.1870 0.0824 0.0125 0.5178 0.0263 
        D479  5 0.0352 0.0294 0.6917 0.0469 0.0189 0.0217 0.0563 0.0999 
        D485  5 0.1203 0.0214 0.0229 0.0482 0.0440 0.4885 0.0465 0.2083 
        D486  5 0.1447 0.0902 0.0438 0.0521 0.0261 0.5102 0.0593 0.0735 
        D487  5 0.2239 0.0321 0.0591 0.0622 0.4650 0.0468 0.0299 0.0811 
        D555  5 0.5435 0.0187 0.0776 0.1298 0.1348 0.0292 0.0223 0.0441 
        D556  5 0.2252 0.1240 0.0236 0.0631 0.3376 0.0595 0.0459 0.1211 
        D557  5 0.5345 0.0344 0.0533 0.1304 0.0902 0.0216 0.0459 0.0898 
        D564  5 0.2910 0.0620 0.0626 0.0258 0.0439 0.1201 0.2269 0.1676 
        D594  5 0.0431 0.0481 0.0372 0.4286 0.0461 0.0254 0.2188 0.1527 
        D595  5 0.3351 0.0730 0.0581 0.1028 0.1033 0.1448 0.1268 0.0561 
        D596  5 0.6302 0.0226 0.0390 0.0990 0.0957 0.0169 0.0321 0.0645 
        D597  5 0.1733 0.0202 0.2483 0.1901 0.2522 0.0151 0.0359 0.0650 
        D598  5 0.2568 0.1074 0.0322 0.0630 0.2221 0.0582 0.0543 0.2060 
        D617  5 0.0270 0.2055 0.1516 0.2213 0.0250 0.1849 0.0348 0.1500 
        D618  5 0.5481 0.0296 0.0413 0.0548 0.1682 0.0284 0.0734 0.0561 
        D619  5 0.1250 0.1704 0.0400 0.2242 0.0218 0.0711 0.1614 0.1861 
        D620  5 0.0307 0.0412 0.6779 0.1006 0.0525 0.0140 0.0299 0.0532 
        D628  5 0.1275 0.0239 0.0330 0.0229 0.0957 0.0889 0.1230 0.4851 
        D714  5 0.3611 0.0410 0.0295 0.1048 0.1626 0.1260 0.0445 0.1305 
        D715  5 0.6220 0.0318 0.0387 0.0654 0.0956 0.0257 0.0965 0.0242 
        D716  5 0.0501 0.0218 0.0419 0.3544 0.0803 0.0373 0.1390 0.2752 
        D717  5 0.3616 0.0413 0.0411 0.0946 0.1669 0.0425 0.1662 0.0857 
        D718  5 0.1057 0.0172 0.0158 0.0920 0.0233 0.6193 0.0117 0.1148 
        D769  5 0.0208 0.0822 0.1061 0.3723 0.0222 0.0630 0.0538 0.2796 
        D770  5 0.2215 0.0477 0.0905 0.0339 0.0614 0.3468 0.0572 0.1409 
        D771  5 0.0941 0.1055 0.0813 0.1401 0.2103 0.1066 0.1012 0.1609 
        D772  5 0.4514 0.1208 0.0235 0.0300 0.0795 0.0330 0.0620 0.1998 
        D782  5 0.0393 0.3613 0.0654 0.1108 0.2016 0.1268 0.0440 0.0507 
        D783  5 0.1069 0.0256 0.3434 0.0465 0.1531 0.0622 0.0599 0.2023 
        D784  5 0.3171 0.0332 0.0414 0.0481 0.1073 0.0182 0.2901 0.1446 
        D785  5 0.6983 0.0842 0.0187 0.0311 0.0277 0.0285 0.0465 0.0650 
        D786  5 0.0387 0.1855 0.1719 0.1063 0.0188 0.0436 0.1154 0.3198 
        D821  5 0.8090 0.0112 0.0106 0.0151 0.1006 0.0152 0.0265 0.0118 
        D822  5 0.1333 0.0306 0.1343 0.2133 0.0575 0.0673 0.2803 0.0835 
        D826  5 0.1487 0.0916 0.0897 0.4031 0.0944 0.0624 0.0446 0.0656 
        D827  5 0.0316 0.0183 0.1236 0.1513 0.0284 0.1014 0.5040 0.0416 
        D851  5 0.1934 0.3150 0.0409 0.0550 0.0605 0.0852 0.1804 0.0698 
        D852  5 0.1232 0.0252 0.0461 0.1637 0.2293 0.0424 0.0390 0.3310 
        D853  5 0.2140 0.0579 0.0420 0.1256 0.3608 0.0654 0.0678 0.0667 
        D854  5 0.0406 0.0279 0.0609 0.1156 0.0469 0.4831 0.1767 0.0483 
        D861  5 0.1112 0.0609 0.1136 0.2951 0.0560 0.1907 0.0775 0.0951 
        D862  5 0.1044 0.0686 0.0295 0.3638 0.0551 0.0424 0.2282 0.1081 
        D865  5 0.3410 0.1009 0.0533 0.1692 0.1277 0.0735 0.0403 0.0942 
        D868  5 0.1050 0.0444 0.0412 0.2787 0.2021 0.0437 0.1936 0.0913 
        D869  5 0.0435 0.5794 0.0437 0.0241 0.0163 0.2240 0.0345 0.0345 
        D870  5 0.0755 0.0678 0.3326 0.0197 0.0259 0.0700 0.3690 0.0395 
        D907  5 0.1884 0.1454 0.0216 0.3355 0.0995 0.0291 0.0311 0.1493 
        D908  5 0.1964 0.0484 0.0479 0.0255 0.4605 0.0468 0.0283 0.1463 
        D910  5 0.1051 0.0190 0.0743 0.4978 0.0495 0.0523 0.0567 0.1453 
        D911  5 0.0118 0.0085 0.0246 0.8667 0.0478 0.0128 0.0124 0.0154 
        D934  5 0.3224 0.0284 0.0713 0.0187 0.1011 0.1252 0.2386 0.0944 
        D946  5 0.1182 0.0382 0.0341 0.0288 0.0734 0.4053 0.0967 0.2054 
        D947  5 0.0761 0.1740 0.0291 0.0720 0.2451 0.0623 0.1807 0.1606 
        D948  5 0.0619 0.8232 0.0147 0.0223 0.0286 0.0146 0.0180 0.0167 
        D949  5 0.0249 0.8940 0.0104 0.0122 0.0154 0.0151 0.0129 0.0150 
        D950  5 0.0234 0.0231 0.0311 0.7577 0.0795 0.0209 0.0380 0.0263 
        D951  5 0.0730 0.1261 0.1575 0.0432 0.0230 0.1047 0.2923 0.1802 
        D952  5 0.0289 0.0473 0.0227 0.4856 0.0730 0.0152 0.2583 0.0690 
        D953  5 0.4604 0.0650 0.0230 0.0614 0.2405 0.0517 0.0546 0.0434 
        D954  5 0.2949 0.0876 0.0388 0.0491 0.0314 0.0302 0.4385 0.0293 
        D961  5 0.1491 0.0164 0.0150 0.0237 0.0194 0.5507 0.0407 0.1850 
        D962  5 0.6344 0.0316 0.0129 0.0493 0.0201 0.0316 0.0452 0.1748 
        D963  5 0.4398 0.0178 0.0518 0.0375 0.1510 0.0383 0.1159 0.1479 
        D964  5 0.0947 0.0606 0.0476 0.0260 0.1476 0.4918 0.0751 0.0565 
        D965  5 0.0827 0.0644 0.1127 0.0549 0.0758 0.0785 0.1964 0.3345 
        D966  5 0.1588 0.0894 0.0702 0.0524 0.1555 0.0231 0.2975 0.1529 
        D967  5 0.2152 0.0360 0.1878 0.1248 0.2990 0.0437 0.0583 0.0351 
        D991  5 0.1558 0.0497 0.0282 0.1275 0.0557 0.0709 0.0491 0.4631 
        D132  8 0.0595 0.5872 0.0162 0.0556 0.0237 0.1707 0.0184 0.0688 
        D133  8 0.0150 0.0179 0.8113 0.0556 0.0344 0.0137 0.0206 0.0315 
        D200  8 0.0225 0.0109 0.0257 0.0639 0.0811 0.5033 0.0712 0.2213 
        D500  8 0.0263 0.5831 0.0120 0.0361 0.0217 0.1516 0.0216 0.1475 
        D614  8 0.1429 0.0617 0.0218 0.2324 0.1365 0.1793 0.0499 0.1754 
        D723  8 0.0200 0.0480 0.0517 0.4166 0.0221 0.3441 0.0339 0.0635 
        D888  8 0.0242 0.0159 0.0189 0.1576 0.6581 0.0342 0.0532 0.0379 
        D901  8 0.0210 0.0189 0.0131 0.0384 0.0163 0.8576 0.0160 0.0187 
        D902  8 0.1937 0.0449 0.0622 0.0425 0.2210 0.3115 0.0188 0.1052 
        D903  8 0.2142 0.0544 0.0485 0.0501 0.0405 0.0292 0.4666 0.0965 
        D904  8 0.0512 0.2903 0.0615 0.0382 0.0524 0.0231 0.1902 0.2930 
        D905  8 0.0463 0.0116 0.0169 0.0822 0.7685 0.0292 0.0137 0.0317 
        D906  8 0.0346 0.0421 0.3187 0.1016 0.1040 0.0302 0.3178 0.0510 
        D937  8 0.2724 0.0276 0.0434 0.1108 0.2391 0.2257 0.0186 0.0624 
        D943  8 0.0621 0.0870 0.0479 0.1917 0.3059 0.0763 0.1176 0.1115 
        D972  8 0.0202 0.0173 0.0387 0.2296 0.0169 0.6251 0.0229 0.0293 
        D973  8 0.0281 0.0427 0.0557 0.1633 0.0255 0.4642 0.1223 0.0981 
        D974  8 0.0868 0.0663 0.1275 0.2506 0.0671 0.1799 0.0897 0.1322 
        D975  8 0.0409 0.0139 0.0796 0.0742 0.1399 0.4164 0.0726 0.1624 
        D976  8 0.2081 0.0528 0.0540 0.0914 0.2026 0.2563 0.0619 0.0730 
        D142 10 0.0926 0.0290 0.2103 0.0429 0.0938 0.1779 0.1686 0.1848 
        D143 10 0.0547 0.0348 0.7505 0.0252 0.0248 0.0326 0.0264 0.0511 
        D144 10 0.3629 0.1221 0.0637 0.0744 0.0807 0.0514 0.1547 0.0902 
        D145 10 0.0400 0.0412 0.0240 0.1526 0.6405 0.0242 0.0245 0.0530 
        D146 10 0.1165 0.1470 0.0329 0.0514 0.0307 0.3589 0.1359 0.1267 
        D147 10 0.0930 0.0103 0.0354 0.0272 0.0198 0.6547 0.1076 0.0521 
        D148 10 0.3122 0.0275 0.1821 0.0195 0.0195 0.1118 0.2676 0.0598 
        D149 10 0.0512 0.0794 0.3331 0.1839 0.2286 0.0220 0.0563 0.0455 
        D151 10 0.1350 0.0211 0.1872 0.1721 0.1119 0.2108 0.1185 0.0435 
        D152 10 0.0272 0.0144 0.6351 0.0313 0.1138 0.1069 0.0409 0.0303 
        D153 10 0.0684 0.1537 0.0398 0.1003 0.0582 0.2208 0.1789 0.1798 
        D156 10 0.0947 0.0276 0.0550 0.0369 0.0269 0.0267 0.2351 0.4972 
        D157 10 0.1909 0.2587 0.0383 0.0658 0.1031 0.1147 0.0717 0.1568 
        D158 10 0.0319 0.0183 0.0183 0.0299 0.0892 0.7461 0.0206 0.0458 
        D159 10 0.0430 0.0601 0.7300 0.0420 0.0298 0.0147 0.0488 0.0316 
        D160 10 0.0719 0.0093 0.0090 0.0538 0.8191 0.0175 0.0100 0.0095 
        D161 10 0.2193 0.1468 0.0892 0.0430 0.0457 0.0267 0.3817 0.0477 
        D162 10 0.1718 0.0324 0.0516 0.0359 0.0369 0.0166 0.1625 0.4924 
        D169 10 0.0416 0.3988 0.0560 0.1183 0.1710 0.0696 0.0711 0.0736 
        D170 10 0.0682 0.5436 0.0238 0.0282 0.0288 0.0467 0.0889 0.1718 
        D171 10 0.3860 0.0919 0.0235 0.0244 0.0191 0.1218 0.0983 0.2349 
        D172 10 0.0579 0.0198 0.0279 0.0598 0.0514 0.2745 0.1433 0.3655 
        D173 10 0.0231 0.0158 0.6895 0.1055 0.0453 0.0540 0.0390 0.0277 
        D181 10 0.6473 0.0197 0.0301 0.0229 0.0276 0.0744 0.0783 0.0996 
        D182 10 0.1500 0.0679 0.1040 0.3211 0.1579 0.0468 0.0894 0.0628 
        D183 10 0.4529 0.0783 0.0158 0.0755 0.2413 0.0359 0.0610 0.0394 
        D184 10 0.0157 0.8288 0.0151 0.0336 0.0140 0.0248 0.0302 0.0379 
        D185 10 0.3243 0.0755 0.0325 0.0208 0.0273 0.0629 0.4253 0.0315 
        D186 10 0.0155 0.3127 0.0311 0.2142 0.0579 0.2733 0.0241 0.0711 
        D194 10 0.0662 0.0408 0.2048 0.1381 0.0533 0.1699 0.1473 0.1796 
        D195 10 0.0958 0.0944 0.1556 0.1552 0.1777 0.0317 0.0673 0.2223 
        D196 10 0.1145 0.0269 0.1965 0.3452 0.0626 0.0211 0.0983 0.1349 
        D197 10 0.0441 0.7082 0.0736 0.0309 0.0407 0.0511 0.0173 0.0343 
        D198 10 0.1124 0.3123 0.0196 0.0600 0.0482 0.0337 0.3907 0.0231 
     D237226 10 0.0460 0.0732 0.0658 0.2007 0.3991 0.0607 0.1377 0.0169 
     D237232 10 0.0935 0.0307 0.0446 0.3162 0.2776 0.1651 0.0338 0.0386 
     D237233 10 0.0719 0.0382 0.0996 0.0729 0.1834 0.2784 0.0313 0.2243 
     D237234 10 0.2572 0.0328 0.0228 0.0456 0.1492 0.0982 0.0529 0.3413 
     D237354 10 0.0162 0.0123 0.0169 0.3570 0.5395 0.0162 0.0203 0.0217 
     D237355 10 0.0252 0.0191 0.0158 0.1167 0.7789 0.0143 0.0157 0.0142 
     D237356 10 0.1154 0.6654 0.0120 0.0265 0.0214 0.0103 0.1296 0.0193 
     D237357 10 0.0467 0.1559 0.3609 0.0906 0.0464 0.1688 0.0652 0.0655 
     D237358 10 0.0343 0.6628 0.1149 0.0646 0.0330 0.0117 0.0401 0.0386 
     D237369 10 0.0148 0.0319 0.0324 0.2461 0.0124 0.5951 0.0298 0.0376 
     D237370 10 0.2485 0.1476 0.1995 0.0508 0.1008 0.0754 0.0796 0.0977 
     D237371 10 0.0176 0.1550 0.0317 0.0231 0.0251 0.0268 0.6972 0.0235 
     D237372 10 0.0237 0.1072 0.4424 0.0588 0.1557 0.0231 0.1159 0.0732 
     D237373 10 0.1097 0.0250 0.0577 0.0740 0.1046 0.4684 0.0823 0.0782 
     D237374 10 0.0947 0.0208 0.0168 0.1803 0.5820 0.0225 0.0303 0.0527 
     D237375 10 0.0451 0.0509 0.4476 0.0546 0.0711 0.0655 0.2136 0.0516 
     D237400 10 0.0325 0.0197 0.7388 0.0325 0.0608 0.0352 0.0210 0.0595 
     D244002 10 0.0404 0.0785 0.1300 0.1069 0.0429 0.1021 0.3190 0.1802 
     D244003 10 0.2343 0.0156 0.0278 0.0216 0.5895 0.0544 0.0129 0.0438 
     D244004 10 0.4125 0.0292 0.0126 0.0241 0.4003 0.0899 0.0110 0.0205 
     D244005 10 0.0198 0.0870 0.0215 0.2862 0.5285 0.0149 0.0163 0.0259 
     D244020 10 0.3901 0.0777 0.0427 0.0250 0.0587 0.0908 0.2627 0.0523 
     D244021 10 0.0352 0.0399 0.0896 0.3119 0.0272 0.4354 0.0178 0.0430 
     D244116 10 0.0754 0.1290 0.0438 0.0519 0.0658 0.2165 0.0776 0.3401 
     D244117 10 0.2744 0.0130 0.0560 0.0437 0.4891 0.0202 0.0621 0.0416 
     D244121 10 0.3265 0.0744 0.0744 0.0659 0.2655 0.0806 0.0238 0.0889 
     D244123 10 0.1408 0.0194 0.0444 0.1919 0.2204 0.1785 0.0941 0.1105 
     D244124 10 0.0543 0.2252 0.2968 0.0322 0.0703 0.0746 0.0438 0.2029 
        D332 10 0.1009 0.0485 0.1331 0.0711 0.0355 0.1805 0.3193 0.1113 
        D570 10 0.6281 0.0297 0.0322 0.0274 0.0471 0.0325 0.0783 0.1246 
        D602 10 0.2551 0.0541 0.0439 0.0672 0.0376 0.0250 0.0512 0.4659 
        D603 10 0.0646 0.0215 0.2318 0.0305 0.0597 0.4679 0.0845 0.0395 
        D604 10 0.0600 0.0286 0.1727 0.0480 0.1075 0.0238 0.1493 0.4102 
        D605 10 0.0408 0.0133 0.0589 0.0524 0.1903 0.2487 0.3323 0.0634 
        D606 10 0.1881 0.5202 0.0247 0.0665 0.0594 0.0301 0.0351 0.0759 
        D607 10 0.0211 0.0189 0.0512 0.0281 0.0177 0.0243 0.8095 0.0293 
        D608 10 0.0141 0.0130 0.8784 0.0122 0.0106 0.0118 0.0444 0.0154 
        D609 10 0.2011 0.3624 0.0168 0.0978 0.1264 0.0507 0.0750 0.0699 
        D610 10 0.0866 0.0627 0.0130 0.2442 0.4812 0.0205 0.0617 0.0302 
        D611 10 0.4648 0.0235 0.0157 0.1030 0.2192 0.0781 0.0259 0.0697 
        D613 10 0.3185 0.0416 0.0164 0.0385 0.0474 0.0438 0.1065 0.3874 
        D633 10 0.0431 0.0621 0.1833 0.0343 0.0195 0.0201 0.3303 0.3072 
        D634 10 0.3888 0.2027 0.0394 0.0165 0.0263 0.0681 0.1110 0.1473 
        D638 10 0.0459 0.0588 0.5623 0.0411 0.1594 0.0258 0.0177 0.0890 
        D681 10 0.1845 0.0860 0.0453 0.0583 0.0357 0.0925 0.0794 0.4183 
        D754 10 0.0414 0.0172 0.0181 0.0580 0.0387 0.7593 0.0125 0.0547 
        D755 10 0.2754 0.0222 0.1699 0.0302 0.3347 0.1268 0.0142 0.0265 
        D756 10 0.1852 0.0382 0.0413 0.0454 0.1938 0.3707 0.0448 0.0807 
        D757 10 0.0633 0.0706 0.0939 0.2660 0.3399 0.0226 0.1120 0.0318 
        D758 10 0.0824 0.1507 0.0700 0.0892 0.0738 0.0523 0.1265 0.3551 
        D759 10 0.2530 0.0563 0.0573 0.0227 0.5220 0.0191 0.0283 0.0413 
        D760 10 0.1191 0.1346 0.0626 0.1503 0.2234 0.0368 0.0773 0.1959 
        D761 10 0.0234 0.0161 0.0456 0.0742 0.7795 0.0215 0.0114 0.0282 
        D762 10 0.1515 0.0959 0.1062 0.0320 0.0238 0.0181 0.4767 0.0958 
        D775 10 0.3363 0.0405 0.0172 0.0248 0.4938 0.0473 0.0168 0.0232 
        D776 10 0.0445 0.0274 0.1095 0.3167 0.4090 0.0437 0.0257 0.0234 
        D777 10 0.2191 0.0359 0.0232 0.0345 0.5816 0.0314 0.0485 0.0257 
        D778 10 0.0299 0.0881 0.0762 0.1276 0.4066 0.2317 0.0186 0.0212 
        D779 10 0.1782 0.0308 0.0241 0.1025 0.0735 0.3525 0.0256 0.2128 
        D780 10 0.1345 0.0430 0.0958 0.0513 0.1380 0.0431 0.0875 0.4068 
        D781 10 0.1821 0.0302 0.0975 0.0646 0.0198 0.0463 0.0392 0.5202 
        D858 10 0.0158 0.7259 0.0394 0.0260 0.1263 0.0307 0.0179 0.0180 
        D933 10 0.0649 0.1650 0.0709 0.1190 0.3501 0.0158 0.1877 0.0265 
        D038 11 0.0483 0.0433 0.0427 0.0866 0.4865 0.0674 0.1332 0.0919 
        D063 11 0.0831 0.0585 0.0370 0.1493 0.1690 0.0190 0.0395 0.4447 
        D155 11 0.1364 0.0329 0.0457 0.0250 0.5294 0.0487 0.1587 0.0232 
        D175 11 0.1183 0.0378 0.0252 0.0531 0.0309 0.6132 0.0389 0.0826 
        D176 11 0.0910 0.0271 0.3704 0.0686 0.1067 0.2149 0.0313 0.0900 
        D205 11 0.3299 0.0280 0.0225 0.3560 0.0531 0.1170 0.0299 0.0635 
     D237229 11 0.0236 0.0468 0.0974 0.1519 0.2518 0.0351 0.0977 0.2956 
     D237230 11 0.0324 0.0204 0.4380 0.1569 0.0192 0.1347 0.1452 0.0531 
     D237231 11 0.0528 0.0170 0.1576 0.1727 0.0253 0.0418 0.2734 0.2593 
     D237269 11 0.0881 0.0820 0.2091 0.1649 0.0851 0.0522 0.1659 0.1527 
