        D023  2 0.3702 0.0329 0.0160 0.0173 0.0148 0.5207 0.0280 
        D130  2 0.1440 0.0404 0.5879 0.1208 0.0190 0.0593 0.0285 
        D131  2 0.0242 0.1178 0.1965 0.3671 0.0428 0.1742 0.0775 
        D163  2 0.2978 0.1025 0.1914 0.0336 0.0947 0.2476 0.0325 
        D164  2 0.1305 0.0147 0.0769 0.3679 0.0162 0.3690 0.0247 
        D165  2 0.4360 0.0522 0.0496 0.0162 0.0139 0.3879 0.0444 
        D166  2 0.3101 0.0870 0.2787 0.0341 0.0318 0.0743 0.1839 
        D167  2 0.8857 0.0176 0.0146 0.0375 0.0172 0.0138 0.0138 
        D192  2 0.9108 0.0159 0.0113 0.0235 0.0126 0.0130 0.0128 
        D193  2 0.3699 0.0503 0.0951 0.0311 0.3180 0.0450 0.0906 
        D206  2 0.1130 0.0225 0.1417 0.2789 0.0382 0.3461 0.0597 
        D207  2 0.2163 0.2559 0.0809 0.3337 0.0244 0.0467 0.0421 
        D208  2 0.1484 0.3697 0.0386 0.0530 0.2637 0.0332 0.0935 
        D209  2 0.7782 0.0170 0.0232 0.0212 0.0254 0.0561 0.0788 
        D210  2 0.0692 0.2543 0.0323 0.1091 0.4391 0.0452 0.0508 
     D229599  2 0.2079 0.1956 0.0237 0.0250 0.0418 0.3761 0.1299 
     D229600  2 0.6670 0.0429 0.1179 0.0856 0.0239 0.0329 0.0299 
     D237227  2 0.1531 0.2236 0.1664 0.0266 0.3093 0.0914 0.0297 
     D237228  2 0.0596 0.0630 0.6224 0.0426 0.1460 0.0358 0.0306 
     D237258  2 0.2811 0.1881 0.1154 0.0561 0.0462 0.1275 0.1856 
     D237310  2 0.0203 0.0221 0.8756 0.0208 0.0214 0.0136 0.0262 
     D237311  2 0.0979 0.0338 0.7453 0.0552 0.0239 0.0184 0.0255 
     D237312  2 0.0292 0.0253 0.7770 0.0260 0.0436 0.0208 0.0782 
     D237313  2 0.0266 0.0485 0.0580 0.0457 0.1489 0.6250 0.0473 
     D237322  2 0.0649 0.3823 0.1330 0.0851 0.1350 0.0378 0.1619 
     D237323  2 0.0216 0.0638 0.7928 0.0142 0.0701 0.0144 0.0230 
     D237324  2 0.3647 0.1478 0.1539 0.2029 0.0271 0.0632 0.0403 
     D237325  2 0.0570 0.0208 0.7599 0.0421 0.0703 0.0194 0.0305 
     D237326  2 0.0462 0.0398 0.4542 0.1711 0.1273 0.1132 0.0483 
     D237327  2 0.0832 0.7456 0.0237 0.0409 0.0315 0.0198 0.0553 
     D237337  2 0.0194 0.0182 0.8007 0.0219 0.0692 0.0513 0.0193 
     D237338  2 0.1559 0.1038 0.3830 0.0649 0.1185 0.0390 0.1348 
     D237339  2 0.1136 0.0602 0.0228 0.5693 0.0351 0.0451 0.1539 
     D237340  2 0.1497 0.0703 0.4587 0.0847 0.1399 0.0208 0.0759 
     D237389  2 0.0703 0.0196 0.7960 0.0208 0.0245 0.0320 0.0368 
     D237390  2 0.0307 0.0511 0.6964 0.0336 0.0766 0.0238 0.0879 
     D244017  2 0.6676 0.0926 0.0242 0.0344 0.1025 0.0437 0.0349 
     D244112  2 0.8657 0.0160 0.0254 0.0391 0.0181 0.0183 0.0174 
     D244118  2 0.9089 0.0197 0.0124 0.0126 0.0166 0.0172 0.0125 
     D244119  2 0.1942 0.0560 0.0287 0.1394 0.5278 0.0327 0.0212 
     D244120  2 0.6813 0.0419 0.0663 0.0218 0.0442 0.0176 0.1270 
     D244122  2 0.8049 0.0233 0.0215 0.0392 0.0409 0.0297 0.0404 
        D291  2 0.1679 0.6542 0.0256 0.0537 0.0218 0.0594 0.0174 
        D292  2 0.3243 0.1409 0.0238 0.0365 0.1486 0.2706 0.0554 
        D293  2 0.0105 0.0140 0.0102 0.9272 0.0113 0.0127 0.0142 
        D322  2 0.0588 0.0319 0.0217 0.7643 0.0167 0.0316 0.0751 
        D323  2 0.1872 0.0648 0.0795 0.2793 0.1153 0.1336 0.1402 
        D324  2 0.0425 0.4754 0.0647 0.1527 0.0484 0.1858 0.0305 
        D325  2 0.0189 0.0315 0.0209 0.8745 0.0113 0.0258 0.0170 
        D326  2 0.0219 0.0705 0.0236 0.1559 0.0417 0.6501 0.0362 
        D340  2 0.0285 0.0229 0.0169 0.8717 0.0261 0.0160 0.0180 
        D341  2 0.0444 0.0267 0.0500 0.7659 0.0412 0.0483 0.0236 
        D342  2 0.7093 0.0344 0.0357 0.0674 0.0216 0.0989 0.0327 
        D343  2 0.0143 0.0140 0.0117 0.9230 0.0097 0.0111 0.0162 
        D344  2 0.1489 0.0263 0.0501 0.0373 0.0319 0.3057 0.3997 
        D345  2 0.0469 0.0533 0.0123 0.0331 0.0345 0.7327 0.0871 
        D346  2 0.0750 0.0683 0.0779 0.0986 0.2590 0.2075 0.2137 
        D351  2 0.0242 0.2650 0.0882 0.3492 0.0322 0.1762 0.0650 
        D352  2 0.0524 0.0328 0.0382 0.0796 0.0881 0.0361 0.6728 
        D353  2 0.0210 0.0627 0.0325 0.1187 0.0193 0.3301 0.4156 
        D354  2 0.0308 0.0248 0.0176 0.0159 0.0439 0.3109 0.5561 
        D362  2 0.0652 0.0202 0.0185 0.0332 0.0343 0.8074 0.0213 
        D363  2 0.0491 0.0343 0.0133 0.0296 0.0383 0.8139 0.0217 
        D364  2 0.0379 0.0174 0.0156 0.0147 0.0229 0.6751 0.2164 
        D365  2 0.0120 0.0154 0.0189 0.9129 0.0145 0.0113 0.0150 
        D369  2 0.0738 0.0819 0.3289 0.1774 0.1599 0.1412 0.0370 
        D374  2 0.3184 0.0173 0.0174 0.0185 0.5349 0.0393 0.0542 
        D375  2 0.0355 0.0172 0.0243 0.0139 0.0178 0.1109 0.7805 
        D376  2 0.2412 0.0201 0.0252 0.0213 0.5424 0.0480 0.1017 
        D377  2 0.0514 0.0580 0.2316 0.1294 0.0736 0.2143 0.2417 
        D378  2 0.0900 0.1092 0.0202 0.4196 0.0205 0.1730 0.1675 
        D379  2 0.0381 0.0289 0.0291 0.0884 0.0508 0.7227 0.0420 
        D384  2 0.0180 0.0235 0.0220 0.1072 0.0445 0.7657 0.0190 
        D385  2 0.0246 0.0225 0.0223 0.7001 0.0232 0.0243 0.1830 
        D386  2 0.0253 0.0380 0.0145 0.0939 0.0190 0.2618 0.5475 
        D391  2 0.0180 0.0204 0.0253 0.8637 0.0150 0.0224 0.0351 
        D392  2 0.1529 0.0438 0.0763 0.5812 0.0343 0.0868 0.0246 
        D393  2 0.0278 0.2417 0.0333 0.2293 0.0311 0.2358 0.2010 
        D394  2 0.3692 0.0811 0.1149 0.0528 0.1032 0.0904 0.1884 
        D395  2 0.0918 0.0575 0.0549 0.2843 0.0191 0.0178 0.4746 
        D401  2 0.0244 0.0219 0.8700 0.0176 0.0249 0.0251 0.0162 
        D402  2 0.0351 0.0388 0.0203 0.7984 0.0246 0.0247 0.0581 
        D403  2 0.0471 0.0380 0.0233 0.0650 0.0287 0.6152 0.1827 
        D415  2 0.0399 0.0257 0.2223 0.2201 0.0294 0.3466 0.1161 
        D435  2 0.0425 0.0575 0.0365 0.4728 0.0217 0.3023 0.0668 
        D436  2 0.0805 0.0283 0.0974 0.2028 0.1585 0.0559 0.3766 
        D438  2 0.0263 0.0185 0.0234 0.8697 0.0211 0.0189 0.0222 
        D439  2 0.2039 0.0660 0.0161 0.1246 0.0244 0.1938 0.3712 
        D449  2 0.5521 0.0166 0.0274 0.2183 0.0221 0.1369 0.0266 
        D450  2 0.0907 0.0821 0.1015 0.0312 0.0966 0.3330 0.2650 
        D456  2 0.0168 0.1747 0.0218 0.1985 0.0307 0.5271 0.0304 
        D462  2 0.0354 0.0154 0.0157 0.8532 0.0131 0.0150 0.0521 
        D463  2 0.0192 0.0347 0.0257 0.1060 0.0438 0.7301 0.0404 
        D464  2 0.0500 0.0375 0.0477 0.1446 0.0480 0.0789 0.5933 
        D465  2 0.0223 0.0207 0.2555 0.6160 0.0190 0.0390 0.0275 
        D473  2 0.0399 0.1403 0.1393 0.0593 0.2606 0.0621 0.2985 
        D474  2 0.0486 0.1478 0.0159 0.0454 0.0544 0.6383 0.0496 
        D476  2 0.2310 0.0977 0.1257 0.1810 0.0208 0.0540 0.2897 
        D477  2 0.0297 0.0700 0.0276 0.0333 0.0440 0.4534 0.3421 
        D478  2 0.4814 0.1787 0.0328 0.0329 0.0641 0.1463 0.0640 
        D480  2 0.0274 0.0826 0.0381 0.3951 0.1260 0.1433 0.1875 
        D481  2 0.1487 0.1095 0.0257 0.0423 0.0894 0.3159 0.2684 
        D482  2 0.0540 0.2516 0.0419 0.0260 0.0971 0.0678 0.4615 
        D483  2 0.8486 0.0216 0.0159 0.0488 0.0346 0.0152 0.0152 
        D484  2 0.0230 0.0383 0.0244 0.0306 0.0299 0.0145 0.8392 
        D510  2 0.2002 0.0698 0.0386 0.0319 0.5820 0.0402 0.0371 
        D511  2 0.0434 0.0670 0.0351 0.1777 0.0296 0.0881 0.5592 
        D512  2 0.0199 0.0173 0.8716 0.0323 0.0101 0.0201 0.0286 
        D513  2 0.0235 0.0308 0.0224 0.8016 0.0405 0.0501 0.0311 
        D635  2 0.0997 0.0312 0.0177 0.0318 0.0162 0.7815 0.0219 
        D636  2 0.3069 0.0246 0.0295 0.0205 0.0169 0.5810 0.0206 
        D637  2 0.0820 0.0465 0.1947 0.1316 0.0635 0.0907 0.3909 
        D658  2 0.0927 0.0365 0.1855 0.3088 0.0981 0.0232 0.2552 
        D659  2 0.0872 0.0688 0.0305 0.0990 0.0849 0.5583 0.0713 
        D677  2 0.0975 0.0586 0.3228 0.1320 0.0555 0.2731 0.0605 
        D678  2 0.8705 0.0167 0.0277 0.0184 0.0161 0.0255 0.0250 
        D679  2 0.0254 0.0780 0.0428 0.2326 0.0932 0.4050 0.1230 
        D719  2 0.0357 0.0377 0.0356 0.4528 0.2590 0.1465 0.0326 
        D720  2 0.0216 0.0592 0.0292 0.5560 0.0817 0.2289 0.0233 
        D721  2 0.4427 0.0701 0.0237 0.0592 0.0335 0.3197 0.0510 
        D722  2 0.3145 0.0415 0.0410 0.0619 0.3982 0.0752 0.0677 
        D734  2 0.0326 0.0405 0.0239 0.1802 0.1044 0.0259 0.5925 
        D735  2 0.0503 0.0937 0.0310 0.1971 0.0754 0.4579 0.0946 
        D736  2 0.0877 0.3247 0.0527 0.0550 0.2165 0.1859 0.0775 
        D737  2 0.8246 0.0395 0.0256 0.0193 0.0344 0.0181 0.0385 
        D807  2 0.1095 0.1198 0.0968 0.1038 0.2503 0.1518 0.1680 
        D808  2 0.0674 0.0779 0.5697 0.1368 0.0257 0.0769 0.0456 
        D817  2 0.0430 0.0489 0.0861 0.0616 0.0767 0.5914 0.0922 
        D818  2 0.0410 0.2349 0.0722 0.4807 0.0242 0.0733 0.0737 
        D819  2 0.0657 0.0736 0.4411 0.0387 0.0287 0.2622 0.0899 
        D820  2 0.0205 0.0206 0.0210 0.7834 0.0475 0.0441 0.0629 
        D895  2 0.1288 0.0274 0.0369 0.0490 0.0425 0.6620 0.0534 
        D896  2 0.0127 0.0156 0.8924 0.0160 0.0253 0.0226 0.0155 
        D897  2 0.4268 0.0789 0.0851 0.2318 0.0674 0.0526 0.0574 
        D898  2 0.1230 0.4134 0.1186 0.0183 0.0422 0.2240 0.0605 
        D918  2 0.0240 0.0510 0.6193 0.1019 0.0622 0.0359 0.1057 
        D919  2 0.2307 0.0804 0.0187 0.2973 0.0397 0.0963 0.2368 
        D920  2 0.5676 0.0326 0.2159 0.0332 0.0456 0.0782 0.0269 
        D923  2 0.0854 0.0341 0.0179 0.1083 0.0248 0.5372 0.1922 
        D930  2 0.0321 0.0499 0.0350 0.2186 0.1067 0.3442 0.2135 
        D931  2 0.0800 0.0410 0.0625 0.1273 0.0451 0.1216 0.5225 
        D968  2 0.0288 0.0316 0.0140 0.8639 0.0181 0.0178 0.0257 
        D969  2 0.1256 0.2628 0.0569 0.0816 0.0774 0.3339 0.0617 
        D977  2 0.0674 0.0604 0.0624 0.6548 0.0272 0.0649 0.0629 
        D978  2 0.1613 0.5526 0.0344 0.0857 0.0482 0.0836 0.0342 
        D009  4 0.1427 0.0716 0.5244 0.0368 0.0715 0.1245 0.0285 
        D057  4 0.3329 0.1343 0.0597 0.2851 0.0517 0.0320 0.1042 
        D109  4 0.0280 0.0291 0.7130 0.0256 0.0601 0.0909 0.0533 
     D237222  4 0.4695 0.0470 0.0672 0.0876 0.2605 0.0369 0.0313 
     D237223  4 0.0645 0.0507 0.3008 0.2951 0.1922 0.0261 0.0706 
     D237224  4 0.1223 0.1771 0.0213 0.0552 0.0361 0.3178 0.2702 
     D237225  4 0.1828 0.1462 0.1072 0.1437 0.1391 0.2497 0.0313 
     D237299  4 0.0355 0.1043 0.5957 0.1299 0.0458 0.0305 0.0583 
     D237300  4 0.0770 0.6817 0.0503 0.0257 0.0573 0.0527 0.0553 
     D237306  4 0.0504 0.0242 0.1519 0.0413 0.6184 0.0373 0.0765 
     D237307  4 0.0762 0.0970 0.0927 0.1254 0.3681 0.2132 0.0274 
     D237308  4 0.3356 0.0453 0.0364 0.2480 0.1507 0.0761 0.1078 
     D237309  4 0.3953 0.1525 0.0462 0.0366 0.0449 0.2359 0.0887 
     D237317  4 0.1366 0.1200 0.0252 0.0382 0.2464 0.4019 0.0318 
     D237318  4 0.0354 0.7872 0.0280 0.0759 0.0282 0.0230 0.0223 
     D237319  4 0.0994 0.0734 0.5446 0.0700 0.0470 0.1186 0.0471 
     D237320  4 0.0533 0.0750 0.6585 0.1199 0.0371 0.0245 0.0318 
     D237321  4 0.2079 0.5204 0.0671 0.0235 0.0351 0.1193 0.0267 
     D237397  4 0.0753 0.0579 0.1471 0.1240 0.5475 0.0266 0.0216 
     D237398  4 0.0281 0.7729 0.0331 0.0512 0.0147 0.0559 0.0440 
     D237399  4 0.0969 0.4686 0.0696 0.0565 0.2026 0.0724 0.0333 
     D244001  4 0.6832 0.0352 0.0356 0.0599 0.1034 0.0393 0.0435 
        D289  4 0.0991 0.1133 0.0323 0.1574 0.3707 0.0510 0.1761 
        D290  4 0.2243 0.5325 0.0609 0.0572 0.0655 0.0238 0.0358 
        D294  4 0.1401 0.3106 0.0280 0.0694 0.0750 0.0512 0.3257 
        D295  4 0.1020 0.0766 0.3017 0.1001 0.1318 0.1701 0.1177 
        D301  4 0.5695 0.0944 0.1599 0.0222 0.0663 0.0570 0.0308 
        D302  4 0.0379 0.0287 0.0169 0.0299 0.0212 0.1063 0.7592 
        D303  4 0.0822 0.0398 0.1156 0.0328 0.5388 0.0423 0.1485 
        D304  4 0.0962 0.6753 0.0306 0.0278 0.0725 0.0618 0.0358 
        D305  4 0.5871 0.0521 0.0241 0.0442 0.0257 0.0520 0.2149 
        D306  4 0.4513 0.2120 0.1071 0.0409 0.0834 0.0644 0.0408 
        D307  4 0.4096 0.2255 0.1505 0.0195 0.0843 0.0466 0.0640 
        D327  4 0.0579 0.0870 0.1178 0.1614 0.0681 0.4537 0.0540 
        D328  4 0.0793 0.0358 0.1237 0.0283 0.1407 0.0347 0.5576 
        D329  4 0.3736 0.1599 0.0262 0.0344 0.0794 0.0657 0.2609 
        D330  4 0.2586 0.0349 0.2202 0.1569 0.0484 0.1530 0.1280 
        D331  4 0.1272 0.5569 0.0468 0.0393 0.0951 0.0973 0.0374 
        D333  4 0.1716 0.0887 0.1321 0.1149 0.3013 0.0819 0.1094 
        D334  4 0.0445 0.1907 0.0413 0.0511 0.5963 0.0259 0.0502 
        D335  4 0.0941 0.0365 0.0207 0.4265 0.1065 0.0957 0.2199 
        D370  4 0.3027 0.0409 0.0713 0.0317 0.2051 0.1558 0.1925 
        D371  4 0.0722 0.0253 0.0813 0.0482 0.4628 0.2110 0.0992 
        D372  4 0.1693 0.7046 0.0236 0.0203 0.0396 0.0211 0.0217 
        D373  4 0.5644 0.1845 0.0344 0.0327 0.0196 0.1074 0.0569 
        D455  4 0.5098 0.2730 0.0594 0.0297 0.0323 0.0495 0.0462 
        D490  4 0.0307 0.0202 0.8760 0.0130 0.0206 0.0210 0.0185 
        D497  4 0.0496 0.0581 0.7953 0.0147 0.0211 0.0219 0.0392 
        D498  4 0.1519 0.3692 0.1243 0.0546 0.2168 0.0478 0.0353 
        D499  4 0.0795 0.0527 0.2600 0.1057 0.0416 0.1072 0.3532 
        D514  4 0.1091 0.0965 0.2588 0.0432 0.0197 0.2929 0.1798 
        D515  4 0.0349 0.0236 0.7024 0.0897 0.0323 0.0216 0.0955 
        D516  4 0.0899 0.0598 0.1700 0.2520 0.2781 0.1158 0.0343 
        D517  4 0.5249 0.1951 0.0724 0.0261 0.0476 0.1056 0.0282 
        D518  4 0.2424 0.0301 0.0662 0.2517 0.1590 0.0486 0.2021 
        D519  4 0.0207 0.0378 0.7960 0.0767 0.0249 0.0208 0.0230 
        D560  4 0.0509 0.0546 0.5946 0.1347 0.0229 0.0695 0.0730 
        D561  4 0.1374 0.0538 0.2080 0.4572 0.0274 0.0635 0.0527 
        D562  4 0.3889 0.2385 0.0524 0.0956 0.0962 0.0455 0.0829 
        D563  4 0.2396 0.1265 0.0853 0.1687 0.0246 0.0503 0.3050 
        D572  4 0.0932 0.0470 0.0294 0.1374 0.0600 0.0296 0.6034 
        D629  4 0.0372 0.1098 0.0393 0.0536 0.0320 0.5468 0.1813 
        D630  4 0.2641 0.1874 0.1358 0.0813 0.1131 0.0753 0.1431 
        D631  4 0.1473 0.0831 0.0639 0.2829 0.0385 0.0246 0.3597 
        D632  4 0.1856 0.0219 0.0695 0.0687 0.0154 0.2527 0.3862 
        D646  4 0.1134 0.0316 0.2855 0.3005 0.1711 0.0594 0.0386 
        D647  4 0.2033 0.0866 0.1828 0.2995 0.0463 0.1059 0.0757 
        D648  4 0.1122 0.0140 0.0568 0.0255 0.0965 0.0208 0.6741 
        D649  4 0.0308 0.0355 0.1728 0.0444 0.0228 0.4255 0.2682 
        D650  4 0.0261 0.0681 0.3636 0.1883 0.1501 0.1334 0.0703 
        D708  4 0.1316 0.0624 0.1082 0.0409 0.2094 0.1944 0.2532 
        D709  4 0.2161 0.1536 0.2732 0.0679 0.0798 0.1191 0.0903 
        D738  4 0.0320 0.0262 0.0847 0.0389 0.7717 0.0252 0.0213 
        D739  4 0.2486 0.1618 0.3507 0.0487 0.0975 0.0406 0.0521 
        D740  4 0.0886 0.3178 0.1258 0.0522 0.2326 0.1070 0.0760 
        D741  4 0.0205 0.0182 0.4464 0.4268 0.0393 0.0202 0.0285 
        D742  4 0.0546 0.0803 0.1553 0.5300 0.0725 0.0285 0.0787 
        D743  4 0.0365 0.0544 0.0455 0.2466 0.0422 0.1358 0.4390 
        D744  4 0.0219 0.0383 0.0260 0.0642 0.0178 0.0326 0.7994 
        D745  4 0.0190 0.0251 0.8378 0.0489 0.0208 0.0200 0.0284 
        D814  4 0.6497 0.0675 0.0464 0.0925 0.0369 0.0540 0.0531 
        D815  4 0.0874 0.0802 0.0372 0.0859 0.0513 0.1814 0.4765 
        D828  4 0.4687 0.0598 0.0652 0.0260 0.1484 0.0218 0.2101 
        D845  4 0.0156 0.7266 0.0177 0.1136 0.0768 0.0273 0.0224 
        D846  4 0.3321 0.1185 0.0324 0.1858 0.0238 0.1317 0.1757 
        D847  4 0.0533 0.6126 0.0974 0.0706 0.0654 0.0610 0.0399 
        D848  4 0.5133 0.3284 0.0224 0.0349 0.0231 0.0489 0.0290 
        D849  4 0.1530 0.0418 0.4490 0.1672 0.0787 0.0679 0.0424 
        D850  4 0.0526 0.1561 0.0445 0.5031 0.0865 0.0906 0.0666 
        D856  4 0.0479 0.1078 0.4396 0.0740 0.0370 0.1944 0.0993 
        D857  4 0.1726 0.0343 0.6244 0.0185 0.0481 0.0578 0.0444 
        D859  4 0.1384 0.0969 0.0608 0.0625 0.0770 0.1098 0.4546 
        D860  4 0.1047 0.2112 0.0134 0.1245 0.4521 0.0437 0.0504 
        D883  4 0.0906 0.0943 0.3743 0.0390 0.1416 0.1559 0.1042 
        D884  4 0.0262 0.0188 0.5720 0.0498 0.2358 0.0270 0.0703 
        D885  4 0.0230 0.0686 0.1868 0.5791 0.0333 0.0676 0.0417 
        D886  4 0.1889 0.1720 0.2737 0.1056 0.0749 0.1282 0.0568 
        D887  4 0.0557 0.2171 0.0750 0.0524 0.0373 0.2045 0.3578 
        D889  4 0.0468 0.8070 0.0136 0.0185 0.0296 0.0318 0.0526 
        D890  4 0.1565 0.0497 0.0600 0.0382 0.0728 0.2424 0.3804 
        D891  4 0.0110 0.9163 0.0099 0.0194 0.0157 0.0132 0.0145 
        D899  4 0.1606 0.1545 0.0520 0.3332 0.1174 0.0295 0.1528 
        D900  4 0.0929 0.3144 0.1041 0.1000 0.1065 0.1489 0.1331 
        D970  4 0.2100 0.4404 0.0237 0.0548 0.0635 0.0795 0.1282 
        D971  4 0.1244 0.0335 0.0344 0.5720 0.0861 0.0623 0.0873 
        D979  4 0.0811 0.0411 0.0222 0.3899 0.0873 0.2037 0.1748 
        D093  5 0.0523 0.1114 0.0880 0.0318 0.6219 0.0494 0.0451 
        D154  5 0.0492 0.0973 0.3039 0.2879 0.1241 0.0721 0.0656 
        D168  5 0.1354 0.0788 0.3499 0.2349 0.0423 0.0968 0.0619 
        D189  5 0.0773 0.2894 0.0500 0.0570 0.4446 0.0278 0.0540 
        D190  5 0.0301 0.0264 0.0285 0.0443 0.7318 0.0681 0.0708 
     D237220  5 0.0381 0.6647 0.0957 0.0391 0.1052 0.0265 0.0307 
     D237221  5 0.0566 0.2088 0.0529 0.1789 0.3065 0.1470 0.0493 
     D237274  5 0.0947 0.0296 0.0393 0.1658 0.0255 0.5138 0.1315 
     D237275  5 0.2136 0.1401 0.0705 0.4491 0.0801 0.0253 0.0214 
     D237276  5 0.0838 0.0489 0.1705 0.0663 0.4548 0.0920 0.0837 
     D237277  5 0.0314 0.1529 0.0285 0.0687 0.4013 0.1815 0.1357 
     D237278  5 0.2159 0.0433 0.1556 0.1438 0.1755 0.0887 0.1772 
     D237279  5 0.0284 0.0494 0.2347 0.0835 0.0198 0.4918 0.0924 
     D237280  5 0.0612 0.0294 0.0334 0.0228 0.0407 0.7817 0.0309 
     D237281  5 0.1299 0.1997 0.0348 0.4628 0.0816 0.0524 0.0388 
     D237351  5 0.0203 0.0287 0.3769 0.0392 0.1028 0.4043 0.0278 
     D237352  5 0.1209 0.0534 0.1146 0.2840 0.1220 0.1345 0.1705 
     D237353  5 0.0210 0.0354 0.0177 0.0274 0.6320 0.2032 0.0634 
     D237359  5 0.0344 0.6690 0.0817 0.0357 0.0818 0.0533 0.0442 
     D237361  5 0.0401 0.1451 0.0321 0.0253 0.6452 0.0751 0.0371 
     D237362  5 0.0357 0.0304 0.2169 0.1230 0.1096 0.4131 0.0713 
     D237363  5 0.1826 0.0822 0.1588 0.2926 0.0997 0.1418 0.0423 
     D237364  5 0.0653 0.0928 0.4827 0.1712 0.0224 0.0632 0.1023 
     D237376  5 0.0760 0.0382 0.1061 0.0252 0.1032 0.0175 0.6339 
     D237377  5 0.0505 0.0468 0.0605 0.0316 0.0698 0.6924 0.0484 
     D237378  5 0.3286 0.0794 0.0676 0.0260 0.3182 0.0248 0.1554 
     D237379  5 0.0852 0.0702 0.1641 0.0540 0.1448 0.0325 0.4492 
     D237380  5 0.1207 0.0236 0.0647 0.0146 0.1341 0.3907 0.2515 
     D237381  5 0.4873 0.0642 0.0920 0.0396 0.1454 0.1228 0.0488 
     D237391  5 0.0238 0.1958 0.0280 0.0264 0.5769 0.1163 0.0328 
     D237392  5 0.0745 0.0268 0.0645 0.3535 0.0277 0.2801 0.1729 
     D237393  5 0.1837 0.0407 0.0292 0.0486 0.1938 0.4535 0.0505 
     D237394  5 0.0166 0.0394 0.0181 0.0202 0.7345 0.1228 0.0484 
     D237395  5 0.1404 0.2050 0.0873 0.0594 0.3095 0.1332 0.0654 
     D237396  5 0.0820 0.0806 0.0286 0.1919 0.1345 0.4325 0.0501 
     D244016  5 0.0353 0.0798 0.0316 0.2445 0.1868 0.1645 0.2575 
     D244018  5 0.0733 0.1416 0.0500 0.4311 0.2554 0.0271 0.0214 
     D244019  5 0.1223 0.0910 0.0451 0.2708 0.0918 0.3270 0.0519 
        D279  5 0.0290 0.2721 0.1375 0.2845 0.1410 0.0856 0.0503 
        D280  5 0.0713 0.6507 0.0285 0.0242 0.0604 0.1074 0.0577 
        D281  5 0.0320 0.6072 0.0284 0.2155 0.0673 0.0189 0.0308 
        D283  5 0.0376 0.3730 0.0268 0.0421 0.3377 0.1565 0.0262 
        D284  5 0.0225 0.1055 0.6843 0.0657 0.0429 0.0326 0.0466 
        D285  5 0.0321 0.5981 0.0275 0.0382 0.1865 0.0667 0.0508 
        D286  5 0.1556 0.1537 0.0595 0.0419 0.2792 0.0954 0.2146 
        D287  5 0.0911 0.0489 0.1665 0.0174 0.0684 0.0239 0.5837 
        D288  5 0.0493 0.5747 0.0254 0.0495 0.0669 0.2072 0.0271 
        D308  5 0.0199 0.0161 0.0443 0.0289 0.0241 0.8399 0.0268 
        D309  5 0.0344 0.0198 0.0173 0.0328 0.0262 0.0343 0.8351 
        D310  5 0.0458 0.0720 0.0183 0.0167 0.7998 0.0271 0.0203 
        D311  5 0.0772 0.0377 0.1404 0.1948 0.2699 0.1695 0.1105 
        D312  5 0.1481 0.0644 0.0659 0.0752 0.1235 0.1952 0.3277 
        D313  5 0.0379 0.0151 0.6480 0.0151 0.1098 0.1630 0.0112 
        D314  5 0.1208 0.0777 0.2144 0.1197 0.1765 0.0882 0.2028 
        D315  5 0.3249 0.0505 0.0464 0.0244 0.1468 0.2749 0.1320 
        D317  5 0.0258 0.0267 0.0224 0.0163 0.8635 0.0325 0.0127 
        D318  5 0.1018 0.1386 0.0651 0.1488 0.0435 0.1647 0.3375 
        D319  5 0.0128 0.0205 0.0192 0.0281 0.8915 0.0143 0.0136 
        D320  5 0.0354 0.1466 0.0300 0.0237 0.6203 0.0389 0.1052 
        D321  5 0.0127 0.0941 0.0340 0.0118 0.0275 0.8087 0.0113 
        D336  5 0.1252 0.0488 0.0846 0.0255 0.6152 0.0298 0.0710 
        D337  5 0.0272 0.0586 0.0182 0.0406 0.7967 0.0241 0.0347 
        D338  5 0.0444 0.2233 0.2138 0.1542 0.2020 0.1239 0.0385 
        D339  5 0.0445 0.0273 0.0548 0.0348 0.7903 0.0329 0.0154 
        D347  5 0.5851 0.0865 0.0183 0.0289 0.2273 0.0290 0.0250 
        D348  5 0.0837 0.0256 0.0115 0.0280 0.7917 0.0206 0.0389 
        D349  5 0.0192 0.0233 0.0491 0.0169 0.0404 0.8246 0.0266 
        D350  5 0.0196 0.0176 0.0285 0.0224 0.0156 0.0156 0.8807 
        D355  5 0.0259 0.1351 0.0385 0.6103 0.1162 0.0347 0.0393 
        D356  5 0.0981 0.2399 0.0823 0.0393 0.2670 0.1779 0.0955 
        D357  5 0.3909 0.1613 0.0895 0.0316 0.1080 0.1142 0.1045 
        D358  5 0.1228 0.0848 0.0994 0.0400 0.1996 0.0803 0.3732 
        D359  5 0.0367 0.0572 0.0258 0.0274 0.6190 0.2013 0.0326 
        D360  5 0.0667 0.2336 0.0701 0.0360 0.3836 0.1251 0.0849 
        D361  5 0.0381 0.0122 0.4765 0.0168 0.0361 0.4053 0.0149 
        D366  5 0.0284 0.0214 0.0486 0.7695 0.0378 0.0640 0.0303 
        D367  5 0.0470 0.0851 0.1400 0.0271 0.5754 0.0396 0.0856 
        D368  5 0.0313 0.0381 0.2519 0.0465 0.1032 0.4837 0.0454 
        D380  5 0.0332 0.0357 0.0506 0.0754 0.0328 0.1216 0.6506 
        D381  5 0.0384 0.0928 0.0244 0.0718 0.6986 0.0514 0.0226 
        D400  5 0.1720 0.1403 0.0427 0.1023 0.4620 0.0364 0.0444 
        D411  5 0.0332 0.0136 0.8982 0.0133 0.0090 0.0164 0.0162 
        D412  5 0.4942 0.0562 0.0213 0.0325 0.2901 0.0832 0.0225 
        D413  5 0.0474 0.0347 0.0324 0.6585 0.0247 0.1362 0.0661 
        D414  5 0.0303 0.0351 0.0368 0.0672 0.0296 0.0193 0.7818 
        D420  5 0.0406 0.7599 0.0823 0.0200 0.0306 0.0406 0.0261 
        D431  5 0.0446 0.0859 0.1104 0.0137 0.0252 0.0426 0.6777 
        D432  5 0.3869 0.1348 0.0247 0.0239 0.2924 0.0619 0.0755 
        D433  5 0.0515 0.0459 0.0312 0.0468 0.6757 0.1111 0.0378 
        D434  5 0.0535 0.1739 0.0559 0.0367 0.6029 0.0466 0.0305 
        D440  5 0.0266 0.0287 0.0618 0.0541 0.0332 0.0226 0.7731 
        D447  5 0.4340 0.0700 0.0788 0.1375 0.0289 0.1339 0.1170 
        D448  5 0.3616 0.0308 0.0374 0.0205 0.4838 0.0326 0.0333 
        D459  5 0.0218 0.0525 0.0209 0.8267 0.0389 0.0124 0.0268 
        D460  5 0.0135 0.0139 0.0488 0.0170 0.0244 0.8589 0.0234 
        D461  5 0.0219 0.0250 0.0129 0.0271 0.0208 0.0535 0.8389 
        D468  5 0.0283 0.0179 0.6466 0.0495 0.0548 0.1334 0.0694 
        D469  5 0.0411 0.0942 0.2780 0.0736 0.0891 0.3002 0.1238 
        D470  5 0.4192 0.0321 0.1380 0.0502 0.1834 0.0765 0.1007 
        D471  5 0.0844 0.0671 0.0418 0.0605 0.5931 0.0600 0.0932 
        D472  5 0.0345 0.1352 0.0130 0.4415 0.0395 0.3160 0.0203 
        D479  5 0.6918 0.0157 0.0177 0.1460 0.0458 0.0236 0.0593 
        D485  5 0.1011 0.0414 0.1129 0.0361 0.0429 0.0243 0.6414 
        D486  5 0.0236 0.0264 0.7780 0.0489 0.0403 0.0393 0.0435 
        D487  5 0.2967 0.1981 0.0341 0.0376 0.2651 0.0388 0.1295 
        D555  5 0.0391 0.0704 0.0156 0.0471 0.7819 0.0214 0.0245 
        D556  5 0.0397 0.2361 0.0400 0.0262 0.0378 0.1128 0.5074 
        D557  5 0.0615 0.0212 0.0211 0.0759 0.6905 0.0725 0.0573 
        D564  5 0.0887 0.0298 0.0449 0.0248 0.0898 0.1680 0.5539 
        D594  5 0.4189 0.0717 0.0362 0.1055 0.2114 0.1002 0.0562 
        D595  5 0.0906 0.0645 0.1694 0.0654 0.2314 0.2693 0.1093 
        D596  5 0.0628 0.0388 0.0154 0.0193 0.7969 0.0434 0.0234 
        D597  5 0.0507 0.2341 0.0166 0.3671 0.2318 0.0580 0.0416 
        D598  5 0.1690 0.1081 0.0810 0.0445 0.3097 0.0821 0.2055 
        D617  5 0.4309 0.0392 0.3837 0.0434 0.0325 0.0450 0.0253 
        D618  5 0.0486 0.1409 0.0321 0.0479 0.4754 0.1989 0.0561 
        D619  5 0.1813 0.0327 0.0282 0.0388 0.1325 0.5385 0.0480 
        D620  5 0.0592 0.0546 0.0221 0.7312 0.0581 0.0602 0.0144 
        D628  5 0.0462 0.0308 0.0225 0.0205 0.0256 0.0243 0.8300 
        D714  5 0.0531 0.1456 0.0644 0.0492 0.0630 0.0202 0.6045 
        D715  5 0.0222 0.0879 0.0331 0.0985 0.5211 0.1737 0.0634 
        D716  5 0.3958 0.1123 0.0619 0.1262 0.1703 0.0415 0.0919 
        D717  5 0.0288 0.2811 0.0676 0.1248 0.2965 0.0777 0.1236 
        D718  5 0.1447 0.0734 0.5188 0.0366 0.1072 0.0234 0.0958 
        D769  5 0.8164 0.0228 0.0621 0.0227 0.0291 0.0229 0.0240 
        D770  5 0.0334 0.0318 0.0985 0.0846 0.0259 0.0253 0.7006 
        D771  5 0.2727 0.1961 0.0411 0.0670 0.0791 0.0833 0.2608 
        D772  5 0.0234 0.0549 0.0352 0.0372 0.0655 0.0605 0.7233 
        D782  5 0.0458 0.3126 0.1092 0.0800 0.0358 0.3684 0.0482 
        D783  5 0.0909 0.0730 0.0667 0.2058 0.1564 0.0293 0.3779 
        D784  5 0.0348 0.3027 0.0268 0.1530 0.0749 0.2048 0.2031 
        D785  5 0.0281 0.0314 0.0508 0.0344 0.3732 0.2664 0.2156 
        D786  5 0.1838 0.0375 0.1732 0.2844 0.0658 0.1208 0.1345 
        D821  5 0.0163 0.0604 0.0233 0.0222 0.6763 0.0860 0.1154 
        D822  5 0.0978 0.1567 0.0988 0.2274 0.1769 0.1638 0.0786 
        D826  5 0.0470 0.1110 0.1019 0.1936 0.3907 0.0765 0.0792 
        D827  5 0.0571 0.0560 0.0847 0.4889 0.0480 0.1533 0.1120 
        D851  5 0.1988 0.0547 0.0573 0.0491 0.1224 0.3937 0.1240 
        D852  5 0.2142 0.1505 0.0439 0.0365 0.2348 0.0341 0.2861 
        D853  5 0.0911 0.3829 0.0488 0.0756 0.2656 0.0904 0.0456 
        D854  5 0.0805 0.0924 0.4872 0.0809 0.0310 0.1495 0.0784 
        D861  5 0.0639 0.0476 0.4563 0.0758 0.2231 0.0837 0.0497 
        D862  5 0.0448 0.0748 0.0534 0.1675 0.3674 0.1979 0.0941 
        D865  5 0.1531 0.0771 0.0619 0.0327 0.4722 0.1066 0.0964 
        D868  5 0.0626 0.1634 0.0578 0.1701 0.2548 0.2408 0.0505 
        D869  5 0.0535 0.0195 0.7792 0.0348 0.0271 0.0668 0.0191 
        D870  5 0.1821 0.0468 0.0300 0.4664 0.0181 0.1855 0.0711 
        D907  5 0.1548 0.0542 0.0423 0.0169 0.6450 0.0549 0.0319 
        D908  5 0.2959 0.1737 0.0352 0.0270 0.1738 0.0615 0.2329 
        D910  5 0.0639 0.0723 0.0867 0.2119 0.4626 0.0536 0.0490 
        D911  5 0.0185 0.2077 0.0233 0.5667 0.1516 0.0138 0.0184 
        D934  5 0.1087 0.0745 0.0777 0.0335 0.0350 0.0858 0.5848 
        D946  5 0.0741 0.0589 0.1006 0.0134 0.0299 0.0527 0.6704 
        D947  5 0.0510 0.2899 0.0652 0.0541 0.0294 0.2800 0.2304 
        D948  5 0.0188 0.0244 0.0295 0.0140 0.0621 0.8354 0.0158 
        D949  5 0.0220 0.0178 0.0981 0.0177 0.0495 0.7717 0.0231 
        D950  5 0.0365 0.2146 0.0217 0.5027 0.1297 0.0546 0.0402 
        D951  5 0.1550 0.0355 0.0681 0.1049 0.0357 0.4821 0.1188 
        D952  5 0.0720 0.1574 0.0278 0.1004 0.2515 0.3630 0.0279 
        D953  5 0.0811 0.0943 0.0360 0.0289 0.5008 0.1779 0.0810 
        D954  5 0.0215 0.0323 0.0286 0.0418 0.1928 0.6399 0.0431 
        D961  5 0.0623 0.0250 0.0799 0.0207 0.0344 0.0206 0.7570 
        D962  5 0.0318 0.0232 0.0269 0.0183 0.1051 0.0428 0.7519 
        D963  5 0.0411 0.1663 0.0282 0.0944 0.3211 0.1006 0.2484 
        D964  5 0.0607 0.1942 0.3065 0.0274 0.0372 0.0728 0.3013 
        D965  5 0.2145 0.0504 0.0356 0.0798 0.0639 0.0593 0.4965 
        D966  5 0.2073 0.1404 0.0182 0.0571 0.0976 0.2639 0.2155 
        D967  5 0.1984 0.3661 0.0525 0.0942 0.1374 0.1145 0.0369 
        D991  5 0.1249 0.0728 0.1724 0.0276 0.1981 0.0443 0.3598 
        D132  8 0.0187 0.0279 0.8657 0.0222 0.0224 0.0214 0.0216 
        D133  8 0.3942 0.0572 0.0236 0.4496 0.0325 0.0203 0.0226 
        D200  8 0.2658 0.4228 0.1811 0.0239 0.0274 0.0174 0.0615 
        D500  8 0.0526 0.0227 0.8180 0.0143 0.0248 0.0422 0.0253 
        D614  8 0.0682 0.1785 0.1820 0.0363 0.3789 0.0458 0.1104 
        D723  8 0.0313 0.0257 0.6450 0.1764 0.0513 0.0440 0.0262 
        D888  8 0.0440 0.8216 0.0271 0.0291 0.0202 0.0268 0.0312 
        D901  8 0.0192 0.0270 0.8653 0.0310 0.0218 0.0142 0.0215 
        D902  8 0.0312 0.0559 0.1496 0.0464 0.5370 0.0234 0.1566 
        D903  8 0.0344 0.0419 0.0438 0.4830 0.1121 0.1485 0.1363 
        D904  8 0.1560 0.1113 0.0667 0.0582 0.0647 0.2553 0.2879 
        D905  8 0.0294 0.8095 0.0293 0.0174 0.0624 0.0171 0.0349 
        D906  8 0.4484 0.1285 0.0226 0.1976 0.0367 0.0898 0.0763 
        D937  8 0.0222 0.0384 0.0607 0.0263 0.7977 0.0157 0.0390 
        D943  8 0.0464 0.5355 0.1454 0.0738 0.0394 0.0797 0.0798 
        D972  8 0.0284 0.0207 0.8252 0.0638 0.0238 0.0158 0.0225 
        D973  8 0.0417 0.0322 0.5390 0.2143 0.0528 0.0736 0.0464 
        D974  8 0.1281 0.1180 0.2563 0.2442 0.1318 0.0717 0.0499 
        D975  8 0.2392 0.4744 0.1035 0.0514 0.0635 0.0194 0.0486 
        D976  8 0.1020 0.2504 0.3625 0.0588 0.0861 0.0388 0.1013 
        D142 10 0.2838 0.1082 0.0643 0.1109 0.0695 0.1162 0.2471 
        D143 10 0.2527 0.0246 0.0449 0.5446 0.0705 0.0244 0.0383 
        D144 10 0.0808 0.0928 0.0533 0.0794 0.0786 0.1916 0.4234 
        D145 10 0.0328 0.6927 0.0964 0.0344 0.0310 0.0288 0.0839 
        D146 10 0.1089 0.0196 0.4492 0.0616 0.0469 0.1093 0.2045 
        D147 10 0.0576 0.0243 0.4833 0.1458 0.0310 0.0337 0.2242 
        D148 10 0.0799 0.0295 0.0727 0.2976 0.0472 0.0921 0.3809 
        D149 10 0.2066 0.2594 0.0417 0.2323 0.0715 0.1348 0.0538 
        D151 10 0.0947 0.1355 0.1080 0.3875 0.1651 0.0378 0.0714 
        D152 10 0.4632 0.2171 0.0551 0.1578 0.0155 0.0359 0.0554 
        D153 10 0.0566 0.0830 0.1952 0.0874 0.0965 0.2113 0.2700 
        D156 10 0.0355 0.0239 0.0204 0.0320 0.0220 0.0531 0.8131 
        D157 10 0.5426 0.0371 0.0504 0.0189 0.1536 0.1288 0.0687 
        D158 10 0.0478 0.1541 0.6628 0.0237 0.0389 0.0209 0.0518 
        D159 10 0.0381 0.0223 0.0167 0.8418 0.0331 0.0305 0.0175 
        D160 10 0.0133 0.7375 0.0204 0.0158 0.1840 0.0129 0.0161 
        D161 10 0.0560 0.0546 0.0515 0.1696 0.0553 0.4482 0.1647 
        D162 10 0.0237 0.0257 0.0155 0.0311 0.0287 0.0373 0.8380 
        D169 10 0.1705 0.3157 0.2962 0.0594 0.0390 0.0893 0.0299 
        D170 10 0.3779 0.0403 0.2067 0.0229 0.0370 0.1593 0.1559 
        D171 10 0.0196 0.0128 0.0476 0.0230 0.0231 0.0294 0.8445 
        D172 10 0.0337 0.0176 0.1206 0.0427 0.0291 0.0228 0.7335 
        D173 10 0.0302 0.0430 0.0277 0.8355 0.0168 0.0208 0.0260 
        D181 10 0.0300 0.0343 0.0508 0.0675 0.1168 0.0644 0.6363 
        D182 10 0.1539 0.1533 0.1208 0.1423 0.0487 0.2667 0.1143 
        D183 10 0.0343 0.1736 0.0389 0.0217 0.6406 0.0681 0.0227 
        D184 10 0.3285 0.0288 0.0932 0.0236 0.0177 0.4776 0.0305 
        D185 10 0.0408 0.0436 0.0809 0.0745 0.0247 0.3222 0.4131 
        D186 10 0.0751 0.1134 0.6792 0.0332 0.0356 0.0417 0.0218 
        D194 10 0.3451 0.0458 0.1728 0.1348 0.0690 0.1654 0.0671 
        D195 10 0.2839 0.1395 0.0282 0.0628 0.0987 0.1421 0.2448 
        D196 10 0.1301 0.1218 0.0201 0.4822 0.0896 0.0622 0.0940 
        D197 10 0.1877 0.0969 0.3982 0.1106 0.0668 0.0967 0.0431 
        D198 10 0.0397 0.0956 0.0484 0.0529 0.0533 0.6606 0.0494 
     D237226 10 0.0247 0.4849 0.0775 0.1267 0.0240 0.2249 0.0372 
     D237232 10 0.0689 0.5059 0.1466 0.0784 0.1269 0.0347 0.0385 
     D237233 10 0.2598 0.1068 0.1399 0.0499 0.0798 0.0418 0.3220 
     D237234 10 0.0432 0.0866 0.0503 0.0367 0.0800 0.0437 0.6594 
     D237354 10 0.0297 0.8204 0.0225 0.0481 0.0361 0.0215 0.0218 
     D237355 10 0.0107 0.8596 0.0234 0.0333 0.0325 0.0197 0.0208 
     D237356 10 0.0229 0.0341 0.0193 0.0417 0.1533 0.7081 0.0206 
     D237357 10 0.1828 0.0478 0.3425 0.2540 0.0474 0.0382 0.0872 
     D237358 10 0.4692 0.0534 0.0192 0.0513 0.0394 0.3126 0.0547 
     D237369 10 0.0304 0.0150 0.8123 0.0694 0.0145 0.0273 0.0312 
     D237370 10 0.1058 0.0866 0.0396 0.2669 0.2416 0.1395 0.1200 
     D237371 10 0.1191 0.0341 0.0424 0.0402 0.0298 0.7060 0.0284 
     D237372 10 0.5034 0.1494 0.0223 0.1857 0.0415 0.0588 0.0388 
     D237373 10 0.0904 0.2533 0.2845 0.0393 0.0694 0.0507 0.2123 
     D237374 10 0.0210 0.7191 0.0272 0.0226 0.0958 0.0322 0.0821 
     D237375 10 0.1741 0.1228 0.1168 0.3382 0.0481 0.0852 0.1148 
     D237400 10 0.6451 0.0485 0.0325 0.1035 0.0312 0.0232 0.1159 
     D244002 10 0.2430 0.0612 0.2194 0.2610 0.0408 0.0449 0.1297 
     D244003 10 0.1428 0.4180 0.0438 0.0194 0.2915 0.0156 0.0688 
     D244004 10 0.0243 0.1243 0.0458 0.0138 0.7474 0.0184 0.0261 
     D244005 10 0.0521 0.8125 0.0402 0.0208 0.0284 0.0297 0.0163 
     D244020 10 0.0454 0.0693 0.1650 0.0823 0.0911 0.2493 0.2976 
     D244021 10 0.0237 0.0339 0.6412 0.1845 0.0519 0.0293 0.0355 
     D244116 10 0.1327 0.0318 0.1022 0.0543 0.0277 0.0497 0.6016 
     D244117 10 0.0842 0.1745 0.0239 0.0472 0.5394 0.0451 0.0856 
     D244121 10 0.2086 0.0615 0.0860 0.0282 0.5009 0.0321 0.0826 
     D244123 10 0.3415 0.3630 0.0557 0.0330 0.0805 0.0333 0.0929 
     D244124 10 0.5256 0.0763 0.1060 0.0844 0.1176 0.0418 0.0483 
        D332 10 0.0678 0.0296 0.2226 0.2372 0.0788 0.2205 0.1435 
        D570 10 0.0744 0.0334 0.0361 0.0338 0.2847 0.0580 0.4796 
        D602 10 0.0860 0.0428 0.0477 0.1024 0.0612 0.0714 0.5885 
        D603 10 0.2286 0.1006 0.3281 0.1413 0.0959 0.0544 0.0511 
        D604 10 0.1944 0.0922 0.0288 0.0896 0.0419 0.0590 0.4941 
        D605 10 0.1003 0.4188 0.1328 0.1115 0.0369 0.1442 0.0555 
        D606 10 0.2764 0.0818 0.0962 0.0393 0.3108 0.1640 0.0315 
        D607 10 0.0422 0.0516 0.0378 0.2965 0.0356 0.4525 0.0839 
        D608 10 0.1453 0.0232 0.0168 0.7327 0.0193 0.0330 0.0297 
        D609 10 0.0301 0.0914 0.0530 0.0356 0.3518 0.3202 0.1179 
        D610 10 0.0615 0.6498 0.0270 0.0250 0.1353 0.0574 0.0440 
        D611 10 0.0188 0.0496 0.0285 0.0154 0.8180 0.0208 0.0489 
        D613 10 0.0210 0.0311 0.0213 0.0262 0.0284 0.0714 0.8007 
        D633 10 0.1936 0.0359 0.0284 0.0672 0.0241 0.2031 0.4477 
        D634 10 0.0258 0.0314 0.0559 0.0366 0.0370 0.1113 0.7021 
        D638 10 0.5245 0.1377 0.0393 0.1267 0.0546 0.0346 0.0827 
        D681 10 0.0976 0.0218 0.0696 0.0254 0.0401 0.0658 0.6797 
        D754 10 0.1096 0.0431 0.7155 0.0160 0.0638 0.0185 0.0334 
        D755 10 0.1524 0.0988 0.0710 0.0792 0.5132 0.0286 0.0569 
        D756 10 0.1449 0.1294 0.3428 0.0352 0.1792 0.0340 0.1344 
        D757 10 0.1458 0.3471 0.0340 0.0862 0.1176 0.2416 0.0277 
        D758 10 0.1637 0.0738 0.1331 0.0570 0.1091 0.2221 0.2413 
        D759 10 0.0667 0.2315 0.0288 0.0536 0.4642 0.0486 0.1065 
        D760 10 0.0429 0.2639 0.0566 0.2602 0.1363 0.0479 0.1922 
        D761 10 0.0638 0.8120 0.0214 0.0262 0.0313 0.0140 0.0313 
        D762 10 0.0448 0.0338 0.0233 0.1015 0.0318 0.4781 0.2867 
        D775 10 0.0296 0.1962 0.0439 0.0298 0.6442 0.0272 0.0290 
        D776 10 0.1149 0.6170 0.0632 0.0858 0.0637 0.0274 0.0281 
        D777 10 0.0267 0.4433 0.0440 0.0339 0.3181 0.0874 0.0466 
        D778 10 0.0610 0.4699 0.2474 0.0611 0.0407 0.0951 0.0248 
        D779 10 0.0543 0.0394 0.2538 0.0235 0.0828 0.0225 0.5236 
        D780 10 0.1047 0.0866 0.0269 0.0340 0.0412 0.0245 0.6821 
        D781 10 0.2511 0.0350 0.0590 0.1431 0.0497 0.0337 0.4285 
        D858 10 0.0494 0.1746 0.3008 0.0495 0.0352 0.3647 0.0258 
        D933 10 0.0319 0.3761 0.0163 0.1256 0.0292 0.3962 0.0248 
        D038 11 0.1091 0.3840 0.0712 0.0826 0.0652 0.1271 0.1608 
        D063 11 0.4052 0.1737 0.0454 0.0500 0.1562 0.0225 0.1471 
        D155 11 0.0715 0.3824 0.1045 0.1162 0.2002 0.0893 0.0360 
        D175 11 0.0456 0.0405 0.7752 0.0210 0.0616 0.0188 0.0373 
        D176 11 0.4989 0.0629 0.1597 0.0847 0.0837 0.0344 0.0758 
        D205 11 0.0523 0.0429 0.1267 0.0271 0.6989 0.0212 0.0309 
     D237229 11 0.2581 0.3669 0.0428 0.0858 0.0382 0.0389 0.1693 
     D237230 11 0.0164 0.0127 0.0676 0.8119 0.0233 0.0305 0.0376 
     D237231 11 0.0562 0.0380 0.0397 0.6362 0.0624 0.0411 0.1264 
     D237269 11 0.1458 0.2046 0.0531 0.3506 0.0398 0.1098 0.0962 
     D237270 11 0.0763 0.0614 0.4537 0.0457 0.0378 0.2920 0.0331 
     D237271 11 0.2014 0.0650 0.0768 0.0435 0.1840 0.0637 0.3656 
     D237272 11 0.0430 0.0381 0.2125 0.3549 0.0747 0.2521 0.0247 
     D237273 11 0.4640 0.1280 0.0341 0.0247 0.2239 0.0227 0.1026 
     D237301 11 0.0614 0.0329 0.0571 0.3684 0.2136 0.1054 0.1612 
     D237302 11 0.1893 0.1175 0.2297 0.0705 0.0548 0.1261 0.2121 
     D237303 11 0.1215 0.0258 0.4677 0.1939 0.0206 0.0773 0.0931 
     D237304 11 0.1095 0.0667 0.2989 0.1275 0.1012 0.1017 0.1945 
     D237305 11 0.0847 0.2464 0.1868 0.0258 0.3800 0.0252 0.0511 
     D237314 11 0.0747 0.1375 0.1070 0.0460 0.2953 0.0575 0.2820 
     D237315 11 0.0304 0.1201 0.5766 0.0366 0.0226 0.0864 0.1273 
     D237316 11 0.1056 0.0200 0.0184 0.0384 0.1107 0.5142 0.1927 
     D237328 11 0.0497 0.0640 0.3734 0.2188 0.1040 0.1124 0.0776 
     D237329 11 0.0634 0.3794 0.0419 0.0759 0.0549 0.3650 0.0196 
     D237330 11 0.1026 0.0672 0.0596 0.0384 0.4185 0.0240 0.2897 
     D237331 11 0.1651 0.2602 0.0461 0.0212 0.1048 0.1847 0.2180 
     D237332 11 0.2773 0.1620 0.0390 0.0917 0.1747 0.1659 0.0894 
     D237333 11 0.1718 0.3519 0.0218 0.0526 0.1381 0.0525 0.2113 
     D237334 11 0.0740 0.0311 0.0321 0.1035 0.0551 0.6348 0.0694 
     D237335 11 0.1727 0.0649 0.1214 0.0586 0.4343 0.0671 0.0810 
     D237336 11 0.0356 0.7177 0.0485 0.0288 0.0512 0.0525 0.0658 
     D237350 11 0.2094 0.0333 0.0161 0.0540 0.2934 0.0255 0.3683 
     D237383 11 0.3387 0.4139 0.0729 0.0232 0.0394 0.0553 0.0566 
     D237384 11 0.0705 0.1484 0.0255 0.0290 0.0271 0.6598 0.0396 
     D237385 11 0.1031 0.1303 0.1030 0.2304 0.2018 0.0781 0.1533 
     D237386 11 0.0563 0.0461 0.1296 0.5467 0.0931 0.0948 0.0335 
     D237387 11 0.1640 0.0442 0.0792 0.1464 0.1953 0.2166 0.1543 
     D237388 11 0.0875 0.0392 0.0543 0.0382 0.2412 0.1147 0.4250 
        D239 11 0.0577 0.4595 0.0319 0.0304 0.0974 0.1094 0.2136 
        D240 11 0.0322 0.8514 0.0146 0.0335 0.0251 0.0164 0.0268 
        D241 11 0.0698 0.7541 0.0346 0.0243 0.0458 0.0478 0.0235 
        D242 11 0.2219 0.2414 0.0516 0.1475 0.0663 0.1235 0.1479 
        D243 11 0.0691 0.4915 0.0470 0.0304 0.2199 0.1105 0.0315 
        D244 11 0.1262 0.1695 0.0199 0.0251 0.5712 0.0703 0.0179 
        D245 11 0.0286 0.0476 0.7263 0.0647 0.0239 0.0311 0.0779 
        D246 11 0.0891 0.1253 0.3501 0.0824 0.1266 0.0759 0.1506 
        D247 11 0.0775 0.1978 0.0436 0.0563 0.0718 0.0567 0.4964 
        D248 11 0.0452 0.0381 0.0363 0.6784 0.0710 0.1002 0.0308 
        D249 11 0.0408 0.0342 0.6655 0.0244 0.0334 0.0273 0.1745 
        D250 11 0.0614 0.0386 0.0488 0.5459 0.1861 0.0498 0.0694 
        D251 11 0.0409 0.0945 0.1825 0.0270 0.1472 0.0917 0.4162 
        D252 11 0.0495 0.0303 0.3305 0.0598 0.0653 0.3839 0.0807 
        D253 11 0.7467 0.0895 0.0462 0.0147 0.0541 0.0220 0.0268 
        D254 11 0.0259 0.0217 0.1143 0.7632 0.0337 0.0277 0.0136 
        D255 11 0.1897 0.0436 0.1836 0.1687 0.1185 0.1372 0.1587 
        D256 11 0.0734 0.4491 0.0337 0.0301 0.0683 0.2879 0.0575 
        D257 11 0.0845 0.0907 0.2507 0.0510 0.0770 0.3907 0.0554 
        D258 11 0.0157 0.0238 0.0257 0.0183 0.0164 0.8709 0.0292 
        D259 11 0.2584 0.0691 0.1966 0.1217 0.0472 0.1271 0.1799 
        D260 11 0.5186 0.0441 0.0852 0.0275 0.0915 0.0416 0.1915 
        D261 11 0.0912 0.0813 0.0438 0.0288 0.0207 0.0675 0.6666 
        D262 11 0.0456 0.0526 0.5923 0.0673 0.0468 0.0630 0.1324 
        D263 11 0.1169 0.0337 0.0303 0.0244 0.2858 0.1549 0.3540 
        D264 11 0.1050 0.0254 0.2660 0.3719 0.1307 0.0269 0.0742 
        D265 11 0.0500 0.0912 0.1807 0.4772 0.1126 0.0523 0.0361 
        D266 11 0.2831 0.1386 0.0310 0.1390 0.1200 0.1918 0.0965 
        D267 11 0.0790 0.1867 0.0901 0.0450 0.2541 0.0906 0.2546 
        D268 11 0.0421 0.1173 0.0600 0.0899 0.5057 0.0666 0.1183 
        D269 11 0.0681 0.0499 0.0353 0.0552 0.1584 0.5521 0.0811 
