        D023  2 0.0530 0.9039 0.0260 0.0172 
        D130  2 0.0456 0.4586 0.4781 0.0177 
        D131  2 0.5187 0.1034 0.2747 0.1031 
        D163  2 0.1090 0.0997 0.6913 0.1000 
        D164  2 0.0537 0.7049 0.2325 0.0089 
        D165  2 0.0343 0.8845 0.0663 0.0149 
        D166  2 0.3264 0.1085 0.4711 0.0940 
        D167  2 0.0365 0.9013 0.0194 0.0429 
        D192  2 0.0240 0.9462 0.0112 0.0185 
        D193  2 0.5355 0.0349 0.1501 0.2795 
        D206  2 0.4343 0.2337 0.3096 0.0225 
        D207  2 0.2036 0.5597 0.1092 0.1275 
        D208  2 0.0778 0.1505 0.0708 0.7009 
        D209  2 0.1554 0.7851 0.0309 0.0286 
        D210  2 0.0919 0.1582 0.0506 0.6993 
     D229599  2 0.5011 0.1704 0.0573 0.2712 
     D229600  2 0.0277 0.8476 0.0993 0.0254 
     D237227  2 0.0779 0.0813 0.1214 0.7193 
     D237228  2 0.0943 0.0404 0.5822 0.2831 
     D237258  2 0.2840 0.3413 0.1460 0.2288 
     D237310  2 0.0174 0.0274 0.9079 0.0473 
     D237311  2 0.0409 0.1349 0.7730 0.0513 
     D237312  2 0.0747 0.0262 0.8531 0.0460 
     D237313  2 0.6712 0.0505 0.1530 0.1253 
     D237322  2 0.1029 0.0799 0.1470 0.6702 
     D237323  2 0.0309 0.0301 0.6517 0.2874 
     D237324  2 0.0665 0.8429 0.0580 0.0327 
     D237325  2 0.0514 0.0752 0.7821 0.0913 
     D237326  2 0.2131 0.1291 0.5315 0.1263 
     D237327  2 0.0951 0.1538 0.0276 0.7235 
     D237337  2 0.0318 0.0135 0.9308 0.0239 
     D237338  2 0.0653 0.1687 0.5496 0.2165 
     D237339  2 0.2114 0.7240 0.0249 0.0396 
     D237340  2 0.0464 0.1939 0.5046 0.2552 
     D237389  2 0.0338 0.0301 0.9183 0.0179 
     D237390  2 0.0603 0.0227 0.8045 0.1124 
     D244017  2 0.1712 0.2132 0.0341 0.5814 
     D244112  2 0.0451 0.8165 0.0845 0.0540 
     D244118  2 0.0196 0.9347 0.0178 0.0280 
     D244119  2 0.0432 0.4864 0.0331 0.4373 
     D244120  2 0.1637 0.1981 0.2403 0.3978 
     D244122  2 0.0893 0.8201 0.0481 0.0424 
        D291  2 0.1643 0.2532 0.0548 0.5277 
        D292  2 0.2521 0.2193 0.0429 0.4857 
        D293  2 0.0514 0.9182 0.0144 0.0159 
        D322  2 0.0398 0.9293 0.0153 0.0157 
        D323  2 0.4387 0.3454 0.1056 0.1102 
        D324  2 0.2901 0.2725 0.1243 0.3132 
        D325  2 0.0764 0.8475 0.0563 0.0198 
        D326  2 0.8525 0.0692 0.0222 0.0561 
        D340  2 0.0166 0.9455 0.0196 0.0184 
        D341  2 0.0475 0.7868 0.1321 0.0336 
        D342  2 0.1293 0.7428 0.0726 0.0553 
        D343  2 0.0136 0.9615 0.0140 0.0109 
        D344  2 0.8280 0.0976 0.0536 0.0209 
        D345  2 0.8613 0.0794 0.0210 0.0384 
        D346  2 0.4224 0.2008 0.1403 0.2365 
        D351  2 0.5250 0.2133 0.1339 0.1278 
        D352  2 0.3392 0.4352 0.0628 0.1628 
        D353  2 0.9279 0.0193 0.0242 0.0285 
        D354  2 0.8555 0.0721 0.0265 0.0460 
        D362  2 0.5872 0.2489 0.0714 0.0924 
        D363  2 0.6365 0.2054 0.0545 0.1035 
        D364  2 0.8950 0.0618 0.0181 0.0251 
        D365  2 0.0166 0.9572 0.0125 0.0137 
        D369  2 0.2965 0.1730 0.3137 0.2168 
        D374  2 0.5556 0.0272 0.0456 0.3716 
        D375  2 0.8248 0.1039 0.0353 0.0360 
        D376  2 0.5211 0.0745 0.0683 0.3362 
        D377  2 0.3417 0.1123 0.4634 0.0826 
        D378  2 0.0836 0.8809 0.0126 0.0229 
        D379  2 0.8329 0.0661 0.0723 0.0288 
        D384  2 0.8313 0.0737 0.0543 0.0407 
        D385  2 0.0253 0.9303 0.0263 0.0181 
        D386  2 0.6949 0.2699 0.0166 0.0186 
        D391  2 0.0225 0.9389 0.0195 0.0191 
        D392  2 0.0542 0.8712 0.0390 0.0356 
        D393  2 0.4522 0.4162 0.0357 0.0960 
        D394  2 0.3268 0.2716 0.1543 0.2473 
        D395  2 0.0735 0.8601 0.0360 0.0303 
        D401  2 0.0191 0.0187 0.9352 0.0270 
        D402  2 0.0309 0.9252 0.0177 0.0262 
        D403  2 0.7344 0.1474 0.0873 0.0309 
        D415  2 0.6143 0.0735 0.2980 0.0143 
        D435  2 0.2390 0.6399 0.0958 0.0253 
        D436  2 0.3882 0.1107 0.4333 0.0678 
        D438  2 0.0153 0.9503 0.0206 0.0138 
        D439  2 0.4802 0.4733 0.0197 0.0269 
        D449  2 0.3708 0.5034 0.1072 0.0187 
        D450  2 0.3135 0.1191 0.3762 0.1913 
        D456  2 0.8492 0.0559 0.0376 0.0573 
        D462  2 0.0206 0.9555 0.0117 0.0122 
        D463  2 0.8996 0.0488 0.0189 0.0327 
        D464  2 0.7469 0.1312 0.0673 0.0545 
        D465  2 0.1168 0.4833 0.3758 0.0242 
        D473  2 0.1258 0.1307 0.2426 0.5010 
        D474  2 0.3186 0.2629 0.0570 0.3616 
        D476  2 0.0435 0.8777 0.0585 0.0203 
        D477  2 0.7168 0.1097 0.0602 0.1133 
        D478  2 0.4552 0.2040 0.0503 0.2905 
        D480  2 0.2470 0.6024 0.0461 0.1045 
        D481  2 0.4731 0.2106 0.0273 0.2889 
        D482  2 0.2561 0.0317 0.0983 0.6140 
        D483  2 0.0166 0.9330 0.0120 0.0385 
        D484  2 0.3201 0.3572 0.0624 0.2604 
        D510  2 0.1475 0.0325 0.0716 0.7484 
        D511  2 0.3243 0.5981 0.0294 0.0482 
        D512  2 0.0614 0.0945 0.8239 0.0202 
        D513  2 0.2653 0.4825 0.1957 0.0565 
        D635  2 0.3177 0.5907 0.0466 0.0451 
        D636  2 0.0968 0.6901 0.1928 0.0203 
        D637  2 0.2368 0.3249 0.3594 0.0789 
        D658  2 0.0560 0.7207 0.1651 0.0582 
        D659  2 0.6882 0.0632 0.1630 0.0856 
        D677  2 0.2278 0.0810 0.6451 0.0461 
        D678  2 0.1057 0.8115 0.0381 0.0447 
        D679  2 0.6934 0.1234 0.0626 0.1206 
        D719  2 0.3757 0.3040 0.0645 0.2558 
        D720  2 0.4681 0.2888 0.0919 0.1513 
        D721  2 0.0227 0.9360 0.0220 0.0194 
        D722  2 0.5234 0.0821 0.0753 0.3192 
        D734  2 0.3754 0.3401 0.0473 0.2373 
        D735  2 0.3210 0.5510 0.0414 0.0866 
        D736  2 0.2079 0.0988 0.1037 0.5897 
        D737  2 0.0950 0.7274 0.0258 0.1518 
        D807  2 0.2661 0.1569 0.1717 0.4053 
        D808  2 0.2042 0.3358 0.3812 0.0789 
        D817  2 0.6296 0.0637 0.2204 0.0863 
        D818  2 0.1764 0.5099 0.1786 0.1351 
        D819  2 0.4598 0.0717 0.4105 0.0580 
        D820  2 0.4774 0.3973 0.0780 0.0472 
        D895  2 0.6957 0.0514 0.2138 0.0392 
        D896  2 0.0156 0.0137 0.9483 0.0223 
        D897  2 0.1292 0.6403 0.1282 0.1023 
        D898  2 0.3820 0.0363 0.1890 0.3928 
        D918  2 0.0900 0.0492 0.8075 0.0533 
        D919  2 0.2450 0.6385 0.0224 0.0940 
        D920  2 0.0293 0.2824 0.6619 0.0264 
        D923  2 0.6689 0.2739 0.0331 0.0241 
        D930  2 0.5160 0.2076 0.1642 0.1121 
        D931  2 0.3539 0.4516 0.1068 0.0877 
        D968  2 0.0318 0.9282 0.0149 0.0251 
        D969  2 0.5639 0.1314 0.0390 0.2657 
        D977  2 0.1140 0.6713 0.1930 0.0217 
        D978  2 0.3002 0.2882 0.0555 0.3561 
        D009  4 0.1696 0.0351 0.7357 0.0596 
        D057  4 0.0229 0.8867 0.0483 0.0421 
        D109  4 0.0579 0.0209 0.8826 0.0386 
     D237222  4 0.0590 0.6187 0.2073 0.1150 
     D237223  4 0.0629 0.1034 0.7417 0.0920 
     D237224  4 0.5889 0.2225 0.0375 0.1512 
     D237225  4 0.2182 0.0894 0.5833 0.1091 
     D237299  4 0.0665 0.0646 0.7256 0.1433 
     D237300  4 0.0676 0.0588 0.0592 0.8144 
     D237306  4 0.1438 0.0411 0.6828 0.1323 
     D237307  4 0.4181 0.0730 0.2433 0.2656 
     D237308  4 0.0612 0.8076 0.0594 0.0718 
     D237309  4 0.3370 0.3601 0.2062 0.0967 
     D237317  4 0.5113 0.1048 0.0783 0.3055 
     D237318  4 0.1105 0.1008 0.0295 0.7592 
     D237319  4 0.3346 0.0601 0.5153 0.0900 
     D237320  4 0.0664 0.0870 0.7467 0.0998 
     D237321  4 0.1454 0.0683 0.0864 0.6998 
     D237397  4 0.0832 0.0782 0.5031 0.3356 
     D237398  4 0.2987 0.1174 0.0542 0.5296 
     D237399  4 0.1732 0.0978 0.1376 0.5914 
     D244001  4 0.1122 0.6440 0.1984 0.0455 
        D289  4 0.2932 0.2704 0.0645 0.3720 
        D290  4 0.1335 0.0958 0.0678 0.7030 
        D294  4 0.3396 0.3194 0.0668 0.2741 
        D295  4 0.1307 0.0330 0.7211 0.1152 
        D301  4 0.0559 0.1669 0.6704 0.1068 
        D302  4 0.4359 0.4874 0.0378 0.0389 
        D303  4 0.1886 0.0783 0.2800 0.4530 
        D304  4 0.1544 0.0395 0.0415 0.7647 
        D305  4 0.4902 0.3745 0.0614 0.0739 
        D306  4 0.1912 0.1218 0.0615 0.6254 
        D307  4 0.0280 0.4522 0.3728 0.1470 
        D327  4 0.6160 0.1088 0.1889 0.0862 
        D328  4 0.4314 0.0435 0.3924 0.1327 
        D329  4 0.2554 0.4719 0.0425 0.2302 
        D330  4 0.3638 0.1816 0.4240 0.0306 
        D331  4 0.1469 0.1106 0.0739 0.6686 
        D333  4 0.1697 0.1969 0.3753 0.2581 
        D334  4 0.0975 0.1181 0.1185 0.6660 
        D335  4 0.2126 0.7250 0.0285 0.0339 
        D370  4 0.6278 0.0877 0.1358 0.1487 
        D371  4 0.5138 0.0420 0.1704 0.2738 
        D372  4 0.0298 0.0306 0.0253 0.9142 
        D373  4 0.0611 0.7617 0.1285 0.0487 
        D455  4 0.0274 0.7685 0.1209 0.0832 
        D490  4 0.0119 0.0135 0.9605 0.0141 
        D497  4 0.0258 0.0382 0.8936 0.0425 
        D498  4 0.0921 0.0976 0.1439 0.6664 
        D499  4 0.3954 0.2617 0.2277 0.1151 
        D514  4 0.5795 0.0775 0.2901 0.0530 
        D515  4 0.0491 0.0469 0.8813 0.0226 
        D516  4 0.1262 0.0987 0.6009 0.1742 
        D517  4 0.0792 0.4369 0.2671 0.2169 
        D518  4 0.0866 0.7855 0.0985 0.0294 
        D519  4 0.0238 0.0288 0.9188 0.0286 
        D560  4 0.1388 0.0832 0.7514 0.0266 
        D561  4 0.2183 0.6393 0.1131 0.0293 
        D562  4 0.3045 0.2803 0.0866 0.3286 
        D563  4 0.0905 0.8298 0.0431 0.0367 
        D572  4 0.4402 0.3922 0.0750 0.0925 
        D629  4 0.6528 0.1266 0.1444 0.0762 
        D630  4 0.2522 0.1818 0.3748 0.1911 
        D631  4 0.0812 0.7775 0.0630 0.0784 
        D632  4 0.2290 0.6525 0.1035 0.0150 
        D646  4 0.1633 0.0397 0.7433 0.0538 
        D647  4 0.3490 0.3163 0.2836 0.0511 
        D648  4 0.4068 0.1760 0.3096 0.1075 
        D649  4 0.6081 0.1002 0.2550 0.0367 
        D650  4 0.2519 0.0865 0.5243 0.1372 
        D708  4 0.5045 0.0555 0.2082 0.2317 
        D709  4 0.3021 0.0675 0.2505 0.3799 
        D738  4 0.1035 0.0500 0.4894 0.3571 
        D739  4 0.1504 0.0759 0.6313 0.1424 
        D740  4 0.0957 0.0484 0.1901 0.6658 
        D741  4 0.0543 0.0511 0.8777 0.0169 
        D742  4 0.1685 0.4618 0.2008 0.1689 
        D743  4 0.6720 0.1908 0.0720 0.0652 
        D744  4 0.3735 0.5263 0.0405 0.0597 
        D745  4 0.0221 0.0192 0.9372 0.0215 
        D814  4 0.3970 0.3175 0.2113 0.0743 
        D815  4 0.6483 0.1548 0.0866 0.1104 
        D828  4 0.1409 0.1282 0.1243 0.6066 
        D845  4 0.1104 0.0463 0.0245 0.8188 
        D846  4 0.2557 0.6714 0.0386 0.0343 
        D847  4 0.2364 0.0962 0.1917 0.4757 
        D848  4 0.0152 0.9061 0.0242 0.0545 
        D849  4 0.0663 0.0589 0.8550 0.0198 
        D850  4 0.2568 0.3222 0.1286 0.2923 
        D856  4 0.4889 0.0734 0.3700 0.0678 
        D857  4 0.0434 0.0426 0.8675 0.0465 
        D859  4 0.4956 0.0873 0.1939 0.2233 
        D860  4 0.0841 0.1391 0.0140 0.7627 
        D883  4 0.2564 0.0463 0.5495 0.1477 
        D884  4 0.0399 0.0213 0.9111 0.0277 
        D885  4 0.2129 0.1560 0.5453 0.0857 
        D886  4 0.2103 0.4024 0.2330 0.1543 
        D887  4 0.3800 0.1532 0.1926 0.2741 
        D889  4 0.1008 0.0217 0.0281 0.8494 
        D890  4 0.4734 0.2109 0.1719 0.1438 
        D891  4 0.1254 0.0359 0.0126 0.8261 
        D899  4 0.0850 0.5784 0.0545 0.2821 
        D900  4 0.4288 0.1153 0.1814 0.2745 
        D970  4 0.3022 0.3341 0.0358 0.3279 
        D971  4 0.0362 0.9078 0.0285 0.0275 
        D979  4 0.4940 0.4268 0.0329 0.0463 
        D093  5 0.0903 0.0401 0.2910 0.5787 
        D154  5 0.1854 0.1440 0.5267 0.1439 
        D168  5 0.1634 0.2176 0.5097 0.1093 
        D189  5 0.0679 0.0678 0.0834 0.7809 
        D190  5 0.4325 0.0759 0.1509 0.3407 
     D237220  5 0.1115 0.0232 0.2620 0.6033 
     D237221  5 0.2781 0.1457 0.1094 0.4667 
     D237274  5 0.9133 0.0366 0.0336 0.0165 
     D237275  5 0.0512 0.6587 0.0988 0.1913 
     D237276  5 0.1272 0.0469 0.6829 0.1429 
     D237277  5 0.3544 0.0644 0.0823 0.4989 
     D237278  5 0.1329 0.5628 0.1789 0.1254 
     D237279  5 0.1959 0.2137 0.5423 0.0481 
     D237280  5 0.6623 0.0722 0.1696 0.0959 
     D237281  5 0.1771 0.4151 0.0679 0.3399 
     D237351  5 0.0406 0.0195 0.9106 0.0293 
     D237352  5 0.1490 0.6385 0.1662 0.0462 
     D237353  5 0.3372 0.0359 0.0481 0.5788 
     D237359  5 0.2594 0.0213 0.2469 0.4724 
     D237361  5 0.0957 0.0394 0.0785 0.7864 
     D237362  5 0.3927 0.0591 0.4700 0.0781 
     D237363  5 0.4741 0.1737 0.2098 0.1424 
     D237364  5 0.1792 0.2864 0.4863 0.0481 
     D237376  5 0.1767 0.0933 0.3624 0.3676 
     D237377  5 0.4140 0.1509 0.3049 0.1302 
     D237378  5 0.1570 0.0718 0.1692 0.6020 
     D237379  5 0.3500 0.0818 0.2294 0.3388 
     D237380  5 0.6349 0.0311 0.2078 0.1262 
     D237381  5 0.2154 0.3937 0.2831 0.1077 
     D237391  5 0.1947 0.0551 0.0905 0.6597 
     D237392  5 0.6290 0.2415 0.1055 0.0241 
     D237393  5 0.4759 0.1885 0.0899 0.2457 
     D237394  5 0.3944 0.0472 0.0765 0.4820 
     D237395  5 0.1111 0.1424 0.2738 0.4727 
     D237396  5 0.1855 0.6350 0.0444 0.1351 
     D244016  5 0.5232 0.2456 0.0580 0.1731 
     D244018  5 0.0457 0.6193 0.1607 0.1743 
     D244019  5 0.6220 0.1843 0.0652 0.1286 
        D279  5 0.1587 0.0609 0.4026 0.3778 
        D280  5 0.1848 0.0404 0.0352 0.7397 
        D281  5 0.0695 0.1735 0.0440 0.7130 
        D283  5 0.2728 0.0416 0.0507 0.6350 
        D284  5 0.0722 0.0478 0.7565 0.1235 
        D285  5 0.1460 0.0218 0.0573 0.7750 
        D286  5 0.2883 0.1785 0.2042 0.3290 
        D287  5 0.2627 0.0254 0.3966 0.3153 
        D288  5 0.3652 0.0475 0.0406 0.5467 
        D308  5 0.3170 0.0257 0.6259 0.0313 
        D309  5 0.3417 0.6110 0.0267 0.0206 
        D310  5 0.0507 0.0162 0.0606 0.8726 
        D311  5 0.4593 0.0980 0.2950 0.1477 
        D312  5 0.3471 0.2827 0.1382 0.2320 
        D313  5 0.0150 0.0190 0.9208 0.0452 
        D314  5 0.1835 0.1656 0.5155 0.1353 
        D315  5 0.5003 0.0957 0.0890 0.3150 
        D317  5 0.1160 0.0331 0.1563 0.6946 
        D318  5 0.5560 0.1471 0.1413 0.1556 
        D319  5 0.0364 0.0343 0.0881 0.8413 
        D320  5 0.1389 0.0289 0.0877 0.7446 
        D321  5 0.2898 0.0180 0.5402 0.1519 
        D336  5 0.1749 0.0388 0.1331 0.6532 
        D337  5 0.0505 0.0280 0.0220 0.8995 
        D338  5 0.1186 0.1848 0.4046 0.2920 
        D339  5 0.0454 0.0222 0.1127 0.8198 
        D347  5 0.4612 0.1052 0.0517 0.3819 
        D348  5 0.1303 0.0362 0.0218 0.8116 
        D349  5 0.1669 0.0233 0.7735 0.0363 
        D350  5 0.4215 0.4572 0.0833 0.0380 
        D355  5 0.3003 0.2024 0.1206 0.3767 
        D356  5 0.2649 0.0862 0.1179 0.5310 
        D357  5 0.4490 0.0439 0.0995 0.4076 
        D358  5 0.2241 0.2628 0.1584 0.3547 
        D359  5 0.5273 0.0579 0.0832 0.3315 
        D360  5 0.1712 0.0575 0.0958 0.6755 
        D361  5 0.0407 0.0177 0.9232 0.0184 
        D366  5 0.2767 0.4935 0.1995 0.0303 
        D367  5 0.0883 0.0249 0.2603 0.6265 
        D368  5 0.2241 0.0347 0.6364 0.1047 
        D380  5 0.3444 0.5680 0.0445 0.0431 
        D381  5 0.1320 0.0488 0.0385 0.7807 
        D400  5 0.0748 0.1289 0.1256 0.6708 
        D411  5 0.0137 0.0150 0.9597 0.0115 
        D412  5 0.1713 0.1846 0.0411 0.6031 
        D413  5 0.0652 0.8776 0.0310 0.0262 
        D414  5 0.2951 0.4619 0.1025 0.1405 
        D420  5 0.1041 0.0990 0.0853 0.7117 
        D431  5 0.2812 0.0339 0.3953 0.2896 
        D432  5 0.0953 0.2737 0.0532 0.5778 
        D433  5 0.1638 0.0433 0.0931 0.6997 
        D434  5 0.1600 0.0444 0.1159 0.6797 
        D440  5 0.4210 0.4368 0.1069 0.0354 
        D447  5 0.6217 0.1973 0.1087 0.0722 
        D448  5 0.2505 0.0434 0.1825 0.5236 
        D459  5 0.1204 0.5695 0.0582 0.2519 
        D460  5 0.2391 0.0472 0.6779 0.0359 
        D461  5 0.5178 0.4125 0.0350 0.0348 
        D468  5 0.2281 0.0411 0.6923 0.0384 
        D469  5 0.2880 0.0713 0.4898 0.1510 
        D470  5 0.2385 0.0492 0.6591 0.0532 
        D471  5 0.3099 0.0807 0.1106 0.4989 
        D472  5 0.5887 0.2757 0.0193 0.1163 
        D479  5 0.0739 0.8734 0.0285 0.0241 
        D485  5 0.2977 0.1231 0.3938 0.1854 
        D486  5 0.1016 0.0373 0.8307 0.0304 
        D487  5 0.0819 0.1813 0.0692 0.6676 
        D555  5 0.0481 0.0576 0.0235 0.8708 
        D556  5 0.3007 0.1038 0.1721 0.4234 
        D557  5 0.2601 0.1467 0.0539 0.5394 
        D564  5 0.6152 0.1376 0.1015 0.1457 
        D594  5 0.5400 0.1708 0.1044 0.1849 
        D595  5 0.3476 0.0619 0.2886 0.3019 
        D596  5 0.1592 0.0482 0.0172 0.7753 
        D597  5 0.1426 0.3011 0.0228 0.5335 
        D598  5 0.2033 0.1324 0.1730 0.4914 
        D617  5 0.0563 0.1101 0.7982 0.0353 
        D618  5 0.3119 0.0825 0.0915 0.5141 
        D619  5 0.6993 0.0554 0.0758 0.1695 
        D620  5 0.0364 0.8799 0.0306 0.0531 
        D628  5 0.4197 0.3365 0.0599 0.1838 
        D714  5 0.1516 0.1044 0.1190 0.6250 
        D715  5 0.3448 0.0879 0.0608 0.5065 
        D716  5 0.4482 0.1444 0.1447 0.2627 
        D717  5 0.2551 0.1642 0.0900 0.4908 
        D718  5 0.0508 0.0285 0.7780 0.1427 
        D769  5 0.1230 0.2451 0.5875 0.0444 
        D770  5 0.3724 0.2098 0.2881 0.1297 
        D771  5 0.3460 0.1555 0.1243 0.3742 
        D772  5 0.4335 0.1754 0.1660 0.2251 
        D782  5 0.1779 0.2743 0.2898 0.2580 
        D783  5 0.1676 0.6218 0.0576 0.1529 
        D784  5 0.5021 0.2903 0.0344 0.1732 
        D785  5 0.5159 0.0411 0.2475 0.1955 
        D786  5 0.1528 0.6116 0.2095 0.0261 
        D821  5 0.2865 0.0247 0.0690 0.6198 
        D822  5 0.4939 0.2644 0.0907 0.1510 
        D826  5 0.1360 0.1293 0.1852 0.5496 
        D827  5 0.6849 0.1150 0.1587 0.0414 
        D851  5 0.3027 0.4480 0.0962 0.1530 
        D852  5 0.1531 0.2099 0.0774 0.5596 
        D853  5 0.1365 0.1097 0.1285 0.6254 
        D854  5 0.2874 0.1020 0.5488 0.0618 
        D861  5 0.1439 0.0592 0.5311 0.2659 
        D862  5 0.4885 0.0952 0.1825 0.2338 
        D865  5 0.1100 0.0685 0.0872 0.7342 
        D868  5 0.2878 0.0800 0.1599 0.4723 
        D869  5 0.0185 0.0324 0.9357 0.0135 
        D870  5 0.2590 0.6820 0.0288 0.0302 
        D907  5 0.0580 0.0367 0.0772 0.8281 
        D908  5 0.1013 0.2105 0.0518 0.6364 
        D910  5 0.2123 0.1128 0.1901 0.4847 
        D911  5 0.1878 0.1011 0.0551 0.6560 
        D934  5 0.5054 0.2193 0.1745 0.1008 
        D946  5 0.3970 0.1379 0.2946 0.1705 
        D947  5 0.4504 0.1084 0.2388 0.2024 
        D948  5 0.2398 0.0321 0.6279 0.1001 
        D949  5 0.0811 0.0201 0.8604 0.0384 
        D950  5 0.1989 0.1483 0.0366 0.6162 
        D951  5 0.3712 0.5214 0.0602 0.0472 
        D952  5 0.4896 0.0744 0.0776 0.3583 
        D953  5 0.1360 0.0360 0.0486 0.7793 
        D954  5 0.6696 0.0819 0.0653 0.1831 
        D961  5 0.4316 0.0434 0.3104 0.2146 
        D962  5 0.5935 0.0414 0.0806 0.2846 
        D963  5 0.3366 0.1739 0.0511 0.4385 
        D964  5 0.2118 0.0890 0.3962 0.3031 
        D965  5 0.3601 0.4401 0.0765 0.1233 
        D966  5 0.4980 0.1631 0.0386 0.3003 
        D967  5 0.1721 0.2120 0.0385 0.5773 
        D991  5 0.2688 0.1707 0.3184 0.2421 
        D132  8 0.0222 0.0249 0.9360 0.0169 
        D133  8 0.0269 0.9048 0.0406 0.0277 
        D200  8 0.1568 0.0654 0.1245 0.6533 
        D500  8 0.0188 0.0273 0.9373 0.0166 
        D614  8 0.1127 0.0412 0.3275 0.5186 
        D723  8 0.0448 0.0297 0.8972 0.0283 
        D888  8 0.1121 0.0882 0.0311 0.7687 
        D901  8 0.0256 0.0162 0.9179 0.0403 
        D902  8 0.0615 0.1234 0.3064 0.5087 
        D903  8 0.3300 0.5369 0.0522 0.0810 
        D904  8 0.4050 0.4358 0.0628 0.0963 
        D905  8 0.0159 0.0138 0.0155 0.9547 
        D906  8 0.2360 0.5863 0.0443 0.1334 
        D937  8 0.0352 0.0602 0.2471 0.6575 
        D943  8 0.2459 0.0908 0.3082 0.3551 
        D972  8 0.0280 0.0243 0.9236 0.0241 
        D973  8 0.1457 0.0895 0.7213 0.0434 
        D974  8 0.1127 0.1894 0.5249 0.1730 
        D975  8 0.1161 0.0949 0.0720 0.7170 
        D976  8 0.1932 0.0639 0.4626 0.2802 
        D142 10 0.4604 0.3294 0.0718 0.1385 
        D143 10 0.0231 0.9135 0.0329 0.0305 
        D144 10 0.4274 0.2224 0.1617 0.1885 
        D145 10 0.0905 0.0354 0.1396 0.7345 
        D146 10 0.1982 0.0546 0.7220 0.0252 
        D147 10 0.3783 0.0796 0.5045 0.0377 
        D148 10 0.4852 0.3791 0.0600 0.0757 
        D149 10 0.2788 0.2973 0.1170 0.3069 
        D151 10 0.1865 0.3500 0.0954 0.3682 
        D152 10 0.0823 0.8254 0.0416 0.0506 
        D153 10 0.2433 0.1687 0.4931 0.0950 
        D156 10 0.5812 0.3408 0.0411 0.0369 
        D157 10 0.2568 0.2023 0.2093 0.3315 
        D158 10 0.0728 0.0412 0.5449 0.3410 
        D159 10 0.0255 0.9240 0.0206 0.0299 
        D160 10 0.0112 0.0089 0.0114 0.9685 
        D161 10 0.4683 0.3107 0.1476 0.0735 
        D162 10 0.4543 0.3945 0.0292 0.1219 
        D169 10 0.0625 0.4859 0.2880 0.1635 
        D170 10 0.1483 0.2168 0.6020 0.0329 
        D171 10 0.5239 0.0811 0.3620 0.0329 
        D172 10 0.3652 0.1312 0.4588 0.0448 
        D173 10 0.0335 0.8843 0.0529 0.0294 
        D181 10 0.6214 0.0828 0.1337 0.1622 
        D182 10 0.5228 0.0645 0.3231 0.0895 
        D183 10 0.0783 0.0542 0.1657 0.7017 
        D184 10 0.0733 0.2417 0.6713 0.0138 
        D185 10 0.6496 0.1256 0.1810 0.0438 
        D186 10 0.0214 0.0325 0.9122 0.0340 
        D194 10 0.3057 0.2638 0.3668 0.0637 
        D195 10 0.1604 0.4767 0.0713 0.2916 
        D196 10 0.1834 0.6095 0.0261 0.1810 
        D197 10 0.0231 0.4559 0.4770 0.0440 
        D198 10 0.4910 0.2128 0.1651 0.1312 
     D237226 10 0.2517 0.1679 0.0993 0.4811 
     D237232 10 0.0532 0.0755 0.1148 0.7564 
     D237233 10 0.1823 0.2110 0.2500 0.3567 
     D237234 10 0.3271 0.0750 0.2506 0.3473 
     D237354 10 0.1128 0.0324 0.0223 0.8325 
     D237355 10 0.0488 0.0165 0.0189 0.9158 
     D237356 10 0.4074 0.2497 0.2065 0.1364 
     D237357 10 0.1059 0.5433 0.2996 0.0512 
     D237358 10 0.0439 0.9185 0.0151 0.0225 
     D237369 10 0.0279 0.0141 0.9471 0.0108 
     D237370 10 0.1497 0.4354 0.1197 0.2951 
     D237371 10 0.6323 0.1073 0.1934 0.0669 
     D237372 10 0.0622 0.7398 0.1137 0.0842 
     D237373 10 0.2649 0.0985 0.2590 0.3776 
     D237374 10 0.0619 0.0262 0.0197 0.8923 
     D237375 10 0.1762 0.6494 0.0885 0.0859 
     D237400 10 0.0863 0.8167 0.0416 0.0554 
     D244002 10 0.4197 0.1974 0.3397 0.0431 
     D244003 10 0.0156 0.0332 0.0298 0.9215 
     D244004 10 0.0170 0.0149 0.0651 0.9030 
     D244005 10 0.0886 0.1429 0.0508 0.7177 
     D244020 10 0.4727 0.1346 0.2688 0.1238 
     D244021 10 0.0282 0.0230 0.9254 0.0234 
     D244116 10 0.2009 0.2246 0.4837 0.0908 
     D244117 10 0.0845 0.0603 0.0468 0.8083 
     D244121 10 0.0888 0.2026 0.2200 0.4886 
     D244123 10 0.1337 0.0768 0.0955 0.6941 
     D244124 10 0.0648 0.7148 0.1381 0.0823 
        D332 10 0.5188 0.2111 0.2313 0.0388 
        D570 10 0.5952 0.0803 0.0734 0.2511 
        D602 10 0.3600 0.5248 0.0737 0.0415 
        D603 10 0.1706 0.3076 0.2643 0.2575 
        D604 10 0.1622 0.7660 0.0170 0.0548 
        D605 10 0.4403 0.2971 0.0769 0.1857 
        D606 10 0.0488 0.4335 0.3327 0.1851 
        D607 10 0.8161 0.1369 0.0244 0.0226 
        D608 10 0.0405 0.9344 0.0121 0.0130 
        D609 10 0.2482 0.0521 0.3929 0.3067 
        D610 10 0.1594 0.0441 0.0356 0.7609 
        D611 10 0.0866 0.0193 0.1057 0.7884 
        D613 10 0.5794 0.1608 0.0994 0.1604 
        D633 10 0.3994 0.5479 0.0241 0.0286 
        D634 10 0.5036 0.1715 0.2467 0.0782 
        D638 10 0.0400 0.7638 0.0453 0.1509 
        D681 10 0.3954 0.0813 0.4714 0.0520 
        D754 10 0.0298 0.0181 0.8381 0.1140 
        D755 10 0.0269 0.2244 0.0921 0.6566 
        D756 10 0.1235 0.0431 0.3716 0.4618 
        D757 10 0.2631 0.2185 0.0529 0.4655 
        D758 10 0.4066 0.1047 0.3074 0.1812 
        D759 10 0.0472 0.1429 0.0278 0.7822 
        D760 10 0.1426 0.2183 0.1212 0.5178 
        D761 10 0.0159 0.0907 0.0163 0.8771 
        D762 10 0.5002 0.4134 0.0412 0.0452 
        D775 10 0.0338 0.0402 0.0944 0.8316 
        D776 10 0.0469 0.1135 0.0539 0.7858 
        D777 10 0.0826 0.0221 0.0575 0.8378 
        D778 10 0.1023 0.1051 0.2774 0.5153 
        D779 10 0.1243 0.0446 0.6908 0.1403 
        D780 10 0.2186 0.4072 0.0764 0.2978 
        D781 10 0.2170 0.7072 0.0449 0.0310 
        D858 10 0.0532 0.0336 0.8064 0.1068 
        D933 10 0.3605 0.1985 0.0379 0.4030 
        D038 11 0.2369 0.0706 0.1206 0.5719 
        D063 11 0.1315 0.2579 0.1165 0.4941 
        D155 11 0.1727 0.0758 0.0919 0.6596 
        D175 11 0.0599 0.0346 0.7426 0.1629 
        D176 11 0.1974 0.1863 0.3290 0.2873 
        D205 11 0.0878 0.0439 0.2842 0.5841 
     D237229 11 0.2392 0.3400 0.0700 0.3508 
     D237230 11 0.1607 0.2772 0.5446 0.0175 
     D237231 11 0.3156 0.5627 0.0706 0.0510 
     D237269 11 0.2064 0.6258 0.0577 0.1101 
     D237270 11 0.1749 0.3183 0.4328 0.0740 
     D237271 11 0.3586 0.2007 0.1536 0.2872 
     D237272 11 0.1039 0.0709 0.7857 0.0395 
     D237273 11 0.1480 0.0623 0.1046 0.6851 
     D237301 11 0.4764 0.1828 0.2491 0.0917 
     D237302 11 0.0959 0.4319 0.4261 0.0461 
     D237303 11 0.1047 0.2964 0.5748 0.0241 
     D237304 11 0.3729 0.1694 0.3116 0.1461 
     D237305 11 0.0635 0.0385 0.1843 0.7136 
     D237314 11 0.2312 0.0266 0.1971 0.5451 
     D237315 11 0.1399 0.0809 0.6733 0.1059 
     D237316 11 0.8472 0.0951 0.0281 0.0296 
     D237328 11 0.1018 0.1006 0.7275 0.0702 
     D237329 11 0.1609 0.2973 0.1487 0.3931 
     D237330 11 0.1133 0.1222 0.0870 0.6775 
     D237331 11 0.4209 0.0501 0.0626 0.4663 
     D237332 11 0.3078 0.0750 0.3888 0.2283 
     D237333 11 0.2259 0.2319 0.0366 0.5056 
     D237334 11 0.7554 0.0897 0.1070 0.0479 
     D237335 11 0.2724 0.0395 0.3157 0.3723 
     D237336 11 0.0962 0.0320 0.0397 0.8321 
     D237350 11 0.3128 0.3982 0.0407 0.2483 
     D237383 11 0.2131 0.1024 0.1472 0.5373 
     D237384 11 0.7599 0.0733 0.0759 0.0909 
     D237385 11 0.2522 0.1458 0.2918 0.3103 
     D237386 11 0.2893 0.4656 0.1557 0.0894 
     D237387 11 0.2780 0.1148 0.5251 0.0820 
     D237388 11 0.6241 0.0713 0.0904 0.2142 
        D239 11 0.2345 0.0592 0.0676 0.6388 
        D240 11 0.0265 0.0675 0.0187 0.8873 
        D241 11 0.4047 0.0588 0.0606 0.4759 
        D242 11 0.3446 0.3809 0.0741 0.2004 
        D243 11 0.0935 0.0369 0.0428 0.8268 
        D244 11 0.0538 0.0747 0.0353 0.8362 
        D245 11 0.0845 0.0442 0.8278 0.0436 
        D246 11 0.2385 0.0988 0.4095 0.2532 
        D247 11 0.2751 0.1658 0.0966 0.4624 
        D248 11 0.2611 0.5766 0.0933 0.0690 
        D249 11 0.1455 0.0312 0.7291 0.0941 
        D250 11 0.2799 0.5201 0.0704 0.1297 
        D251 11 0.1502 0.0953 0.4872 0.2672 
        D252 11 0.2547 0.0884 0.6259 0.0311 
        D253 11 0.1345 0.0945 0.1416 0.6294 
        D254 11 0.0317 0.2932 0.6506 0.0245 
        D255 11 0.3770 0.2158 0.2550 0.1522 
        D256 11 0.3392 0.0673 0.1018 0.4917 
        D257 11 0.1816 0.0365 0.6882 0.0938 
        D258 11 0.2757 0.0430 0.6419 0.0394 
        D259 11 0.1530 0.1916 0.6012 0.0542 
        D260 11 0.2922 0.2598 0.2281 0.2200 
        D261 11 0.5833 0.0883 0.1686 0.1598 
        D262 11 0.1831 0.0468 0.7214 0.0487 
        D263 11 0.4880 0.1321 0.1340 0.2460 
        D264 11 0.0807 0.0878 0.7980 0.0334 
        D265 11 0.1113 0.2975 0.4200 0.1713 
        D266 11 0.4944 0.1530 0.0351 0.3175 
        D267 11 0.2853 0.0675 0.1248 0.5224 
        D268 11 0.1745 0.0793 0.0785 0.6677 
        D269 11 0.6533 0.0960 0.1303 0.1205 
        D270 11 0.2356 0.0589 0.6160 0.0895 
        D271 11 0.1955 0.1421 0.1349 0.5275 
        D272 11 0.3165 0.1331 0.0324 0.5180 
        D273 11 0.0314 0.0168 0.9307 0.0211 
        D274 11 0.2999 0.2166 0.1100 0.3735 
        D275 11 0.5415 0.1632 0.0755 0.2199 
        D276 11 0.3197 0.1516 0.0605 0.4682 
        D277 11 0.1227 0.5627 0.1188 0.1959 
        D278 11 0.1435 0.1434 0.3526 0.3605 
        D282 11 0.0684 0.1252 0.7408 0.0656 
        D296 11 0.4260 0.0736 0.0600 0.4404 
        D297 11 0.2545 0.1652 0.0745 0.5058 
        D298 11 0.2213 0.2932 0.0647 0.4207 
        D299 11 0.1956 0.1905 0.2475 0.3664 
        D300 11 0.4800 0.1359 0.0539 0.3302 
        D382 11 0.5441 0.0440 0.0735 0.3383 
        D383 11 0.0479 0.0264 0.1392 0.7865 
        D387 11 0.1946 0.1865 0.3350 0.2838 
        D388 11 0.8995 0.0495 0.0213 0.0296 
        D389 11 0.4390 0.1607 0.1592 0.2411 
        D390 11 0.3658 0.2921 0.1295 0.2127 
        D396 11 0.4804 0.1721 0.1881 0.1593 
        D397 11 0.0401 0.1034 0.7833 0.0733 
        D398 11 0.2594 0.0870 0.0486 0.6050 
        D399 11 0.3817 0.4863 0.0998 0.0321 
        D437 11 0.2804 0.1807 0.4189 0.1200 
        D441 11 0.0999 0.0830 0.1183 0.6988 
        D442 11 0.1918 0.2170 0.1166 0.4746 
        D443 11 0.1128 0.0223 0.0213 0.8437 
        D444 11 0.5286 0.2751 0.0771 0.1192 
        D445 11 0.1990 0.0415 0.7120 0.0476 
        D446 11 0.6514 0.1250 0.0680 0.1557 
        D451 11 0.2055 0.0897 0.5214 0.1834 
        D452 11 0.4479 0.3577 0.0499 0.1445 
        D453 11 0.4039 0.4125 0.0852 0.0985 
        D454 11 0.4113 0.1337 0.3164 0.1385 
        D457 11 0.0757 0.0243 0.8027 0.0973 
        D458 11 0.4511 0.0410 0.0535 0.4544 
        D466 11 0.0482 0.8355 0.0740 0.0423 
        D467 11 0.5994 0.0690 0.1294 0.2022 
        D475 11 0.0838 0.1073 0.7718 0.0370 
        D488 11 0.2660 0.4047 0.1702 0.1592 
        D489 11 0.1068 0.1923 0.6308 0.0700 
        D493 11 0.3367 0.4507 0.0348 0.1778 
        D494 11 0.3988 0.2814 0.2017 0.1181 
        D495 11 0.1025 0.2424 0.5200 0.1351 
        D496 11 0.0353 0.0538 0.0184 0.8925 
        D674 11 0.1693 0.1127 0.0403 0.6777 
        D675 11 0.0789 0.0622 0.0157 0.8432 
        D676 11 0.0820 0.0772 0.6891 0.1516 
        D680 11 0.0461 0.0267 0.0223 0.9049 
        D701 11 0.1761 0.0429 0.5107 0.2702 
        D702 11 0.2813 0.5054 0.1726 0.0408 
        D703 11 0.2028 0.3115 0.0562 0.4295 
        D704 11 0.1974 0.1541 0.4530 0.1954 
        D705 11 0.0700 0.1285 0.7876 0.0139 
        D706 11 0.1411 0.4665 0.1577 0.2347 
        D707 11 0.2058 0.0549 0.6254 0.1139 
        D751 11 0.7198 0.0434 0.1201 0.1167 
        D752 11 0.1845 0.1412 0.1103 0.5640 
        D753 11 0.0789 0.1753 0.6839 0.0619 
        D773 11 0.0194 0.0146 0.9537 0.0123 
        D774 11 0.4378 0.2140 0.0587 0.2894 
        D801 11 0.2588 0.1663 0.1599 0.4150 
        D802 11 0.4422 0.0700 0.4420 0.0457 
        D803 11 0.1919 0.0452 0.0686 0.6942 
        D804 11 0.2183 0.0663 0.6134 0.1020 
        D805 11 0.6389 0.0374 0.1444 0.1793 
        D806 11 0.0544 0.0237 0.9051 0.0168 
        D809 11 0.3457 0.2599 0.1557 0.2387 
        D810 11 0.3184 0.0668 0.0373 0.5775 
        D812 11 0.2955 0.1355 0.4643 0.1046 
        D813 11 0.2492 0.3601 0.0386 0.3521 
        D823 11 0.4171 0.1913 0.2223 0.1694 
        D824 11 0.3404 0.1936 0.1873 0.2787 
        D829 11 0.3759 0.3763 0.0344 0.2134 
        D830 11 0.2904 0.0772 0.5890 0.0433 
        D831 11 0.1374 0.0551 0.6295 0.1780 
        D832 11 0.0769 0.4133 0.1837 0.3261 
        D833 11 0.3928 0.0809 0.0356 0.4907 
        D834 11 0.6508 0.0943 0.0597 0.1951 
        D835 11 0.0795 0.0225 0.8393 0.0587 
        D855 11 0.1721 0.1129 0.4602 0.2548 
        D863 11 0.0334 0.0835 0.0169 0.8663 
        D864 11 0.4619 0.0858 0.1535 0.2988 
        D878 11 0.2451 0.0477 0.2760 0.4312 
        D879 11 0.1716 0.0854 0.6687 0.0743 
        D880 11 0.1236 0.4937 0.0232 0.3594 
        D881 11 0.0677 0.0216 0.0255 0.8851 
        D882 11 0.2875 0.1498 0.3090 0.2537 
        D909 11 0.1159 0.2638 0.2676 0.3527 
        D921 11 0.4359 0.2362 0.1149 0.2130 
        D924 11 0.1024 0.3662 0.0421 0.4894 
        D935 11 0.7889 0.0803 0.0577 0.0731 
        D940 11 0.0243 0.0238 0.0132 0.9386 
        D941 11 0.3804 0.0399 0.0343 0.5454 
        D942 11 0.1425 0.0422 0.7742 0.0412 
        D980 11 0.4962 0.2231 0.0866 0.1942 
        D981 11 0.4497 0.2862 0.1949 0.0692 
        D982 11 0.0513 0.9001 0.0176 0.0310 
        D983 11 0.1754 0.0992 0.1373 0.5880 
        D984 11 0.5724 0.1581 0.1057 0.1638 
        D992 11 0.1086 0.0843 0.7656 0.0415 
        D993 11 0.4498 0.2167 0.1894 0.1441 
        D994 11 0.1791 0.0448 0.2632 0.5129 
        D995 11 0.1372 0.0427 0.7772 0.0429 
        H354 11 0.3749 0.1240 0.4702 0.0308 
