        D023  2 0.4893 0.0225 0.0298 0.0183 0.0190 0.0295 0.3916 
        D130  2 0.0984 0.0259 0.1059 0.0312 0.1422 0.0359 0.5606 
        D131  2 0.3498 0.0983 0.0971 0.0576 0.2720 0.0609 0.0644 
        D163  2 0.1052 0.1018 0.0375 0.0643 0.0529 0.0426 0.5957 
        D164  2 0.0511 0.0218 0.5296 0.0205 0.3098 0.0361 0.0312 
        D165  2 0.2802 0.0369 0.0476 0.0234 0.0313 0.0526 0.5281 
        D166  2 0.0903 0.0654 0.0688 0.0849 0.2629 0.1963 0.2314 
        D167  2 0.0281 0.0398 0.7063 0.1109 0.0310 0.0331 0.0508 
        D192  2 0.0212 0.0425 0.7501 0.0390 0.0191 0.0405 0.0877 
        D193  2 0.0542 0.0617 0.0519 0.4679 0.1035 0.1846 0.0764 
        D206  2 0.4144 0.0272 0.2772 0.0514 0.0795 0.0537 0.0966 
        D207  2 0.0719 0.1418 0.5831 0.0370 0.0715 0.0468 0.0478 
        D208  2 0.0770 0.3053 0.0845 0.2251 0.0405 0.0825 0.1852 
        D209  2 0.0789 0.0373 0.3878 0.0437 0.0361 0.1784 0.2377 
        D210  2 0.0453 0.3286 0.1366 0.3318 0.0459 0.0585 0.0533 
     D229599  2 0.3721 0.1844 0.0413 0.0617 0.0334 0.1330 0.1742 
     D229600  2 0.0582 0.0437 0.3406 0.0529 0.1049 0.0440 0.3558 
     D237227  2 0.0663 0.2501 0.0471 0.2761 0.1711 0.0428 0.1465 
     D237228  2 0.0220 0.0969 0.0591 0.1395 0.6173 0.0341 0.0311 
     D237258  2 0.1726 0.1562 0.1330 0.0669 0.1181 0.2238 0.1294 
     D237310  2 0.0145 0.0255 0.0354 0.0273 0.8359 0.0359 0.0256 
     D237311  2 0.0228 0.0335 0.1122 0.0321 0.7386 0.0281 0.0327 
     D237312  2 0.0343 0.0336 0.0238 0.0434 0.7029 0.1086 0.0534 
     D237313  2 0.4428 0.0714 0.0379 0.1419 0.1217 0.0661 0.1181 
     D237322  2 0.0518 0.3606 0.0806 0.1018 0.1958 0.1033 0.1060 
     D237323  2 0.0191 0.1023 0.0213 0.0977 0.6837 0.0330 0.0429 
     D237324  2 0.0694 0.0915 0.4198 0.0368 0.0627 0.0318 0.2881 
     D237325  2 0.0290 0.0370 0.0904 0.1073 0.6020 0.0518 0.0824 
     D237326  2 0.1001 0.0571 0.0824 0.0886 0.5811 0.0529 0.0378 
     D237327  2 0.0356 0.5622 0.0810 0.0331 0.0340 0.0869 0.1672 
     D237337  2 0.0334 0.0243 0.0200 0.0381 0.8374 0.0209 0.0260 
     D237338  2 0.0700 0.1367 0.0844 0.1205 0.2689 0.0922 0.2273 
     D237339  2 0.0766 0.0445 0.5208 0.0812 0.0335 0.1572 0.0862 
     D237340  2 0.0301 0.0786 0.1587 0.1643 0.4179 0.0871 0.0633 
     D237389  2 0.0200 0.0256 0.0815 0.0384 0.7205 0.0576 0.0563 
     D237390  2 0.0454 0.0629 0.0359 0.0827 0.6163 0.0753 0.0814 
     D244017  2 0.0925 0.1488 0.2828 0.3238 0.0415 0.0561 0.0546 
     D244112  2 0.0196 0.0260 0.6695 0.0493 0.0593 0.0402 0.1362 
     D244118  2 0.0328 0.0441 0.5036 0.0587 0.0251 0.0359 0.2997 
     D244119  2 0.0327 0.1086 0.3043 0.4525 0.0395 0.0277 0.0347 
     D244120  2 0.0294 0.0902 0.1948 0.1825 0.1655 0.2662 0.0716 
     D244122  2 0.0407 0.0371 0.5346 0.0835 0.0290 0.0777 0.1973 
        D291  2 0.1616 0.5435 0.0691 0.0347 0.0451 0.0193 0.1266 
        D292  2 0.2091 0.2660 0.1559 0.1763 0.0402 0.0791 0.0733 
        D293  2 0.0431 0.0221 0.8449 0.0279 0.0219 0.0211 0.0190 
        D322  2 0.0936 0.0308 0.7523 0.0222 0.0338 0.0398 0.0276 
        D323  2 0.2940 0.0658 0.2393 0.1501 0.0745 0.0899 0.0863 
        D324  2 0.2770 0.3272 0.1015 0.0576 0.1559 0.0351 0.0457 
        D325  2 0.0393 0.0469 0.8059 0.0208 0.0306 0.0326 0.0239 
        D326  2 0.8361 0.0345 0.0221 0.0291 0.0281 0.0219 0.0282 
        D340  2 0.0251 0.0292 0.8410 0.0263 0.0276 0.0316 0.0191 
        D341  2 0.0458 0.0505 0.5992 0.0704 0.1177 0.0310 0.0855 
        D342  2 0.0891 0.0571 0.6585 0.0430 0.0528 0.0366 0.0628 
        D343  2 0.0191 0.0196 0.9032 0.0126 0.0154 0.0165 0.0136 
        D344  2 0.2475 0.0273 0.0707 0.0618 0.0626 0.4709 0.0590 
        D345  2 0.4632 0.1127 0.0730 0.0724 0.0367 0.1705 0.0714 
        D346  2 0.1738 0.0817 0.1369 0.2116 0.1259 0.2348 0.0355 
        D351  2 0.4275 0.1748 0.1223 0.0354 0.1225 0.0646 0.0528 
        D352  2 0.1050 0.0598 0.0818 0.0632 0.0844 0.5702 0.0356 
        D353  2 0.3568 0.0705 0.0488 0.0284 0.0481 0.3847 0.0628 
        D354  2 0.1877 0.0328 0.0239 0.0506 0.0343 0.6325 0.0383 
        D362  2 0.6805 0.0311 0.0411 0.0690 0.0309 0.0372 0.1102 
        D363  2 0.7568 0.0393 0.0339 0.0565 0.0281 0.0358 0.0497 
        D364  2 0.4283 0.0248 0.0350 0.0421 0.0275 0.3955 0.0468 
        D365  2 0.0225 0.0218 0.8643 0.0253 0.0250 0.0257 0.0153 
        D369  2 0.1617 0.0684 0.2097 0.1816 0.2815 0.0421 0.0550 
        D374  2 0.0394 0.0321 0.0351 0.6422 0.0310 0.1854 0.0349 
        D375  2 0.1214 0.0186 0.0253 0.0280 0.0366 0.7297 0.0404 
        D376  2 0.0311 0.0419 0.0408 0.5662 0.0474 0.2297 0.0429 
        D377  2 0.1707 0.0710 0.0970 0.0737 0.3584 0.1700 0.0592 
        D378  2 0.3568 0.0597 0.3875 0.0270 0.0231 0.0910 0.0548 
        D379  2 0.6995 0.0378 0.0503 0.0667 0.0374 0.0531 0.0552 
        D384  2 0.7940 0.0293 0.0278 0.0575 0.0347 0.0239 0.0328 
        D385  2 0.0355 0.0269 0.6823 0.0295 0.0427 0.1573 0.0258 
        D386  2 0.3079 0.0382 0.0942 0.0274 0.0286 0.4637 0.0400 
        D391  2 0.0339 0.0285 0.8091 0.0227 0.0347 0.0466 0.0246 
        D392  2 0.1003 0.0487 0.6033 0.0504 0.1343 0.0277 0.0353 
        D393  2 0.4092 0.1487 0.1656 0.0329 0.0407 0.1674 0.0354 
        D394  2 0.1068 0.0959 0.1254 0.1804 0.1213 0.1889 0.1813 
        D395  2 0.0572 0.0469 0.4031 0.0306 0.0494 0.3687 0.0440 
        D401  2 0.0201 0.0294 0.0246 0.0292 0.8493 0.0208 0.0264 
        D402  2 0.0373 0.0418 0.7522 0.0348 0.0337 0.0765 0.0236 
        D403  2 0.3860 0.0478 0.0733 0.0632 0.0408 0.2389 0.1501 
        D415  2 0.4044 0.0339 0.0618 0.0248 0.3170 0.0779 0.0801 
        D435  2 0.2076 0.0910 0.4484 0.0301 0.0859 0.0792 0.0577 
        D436  2 0.1210 0.0429 0.0863 0.1453 0.0755 0.3134 0.2157 
        D438  2 0.0200 0.0223 0.8626 0.0261 0.0232 0.0258 0.0199 
        D439  2 0.3970 0.0480 0.1448 0.0312 0.0215 0.2734 0.0841 
        D449  2 0.0991 0.0281 0.6809 0.0386 0.0391 0.0379 0.0762 
        D450  2 0.2636 0.0893 0.0332 0.1039 0.1836 0.1678 0.1586 
        D456  2 0.7870 0.0629 0.0332 0.0290 0.0418 0.0229 0.0233 
        D462  2 0.0405 0.0248 0.8053 0.0234 0.0192 0.0514 0.0354 
        D463  2 0.8067 0.0256 0.0221 0.0520 0.0281 0.0345 0.0308 
        D464  2 0.1428 0.0372 0.1303 0.0534 0.0511 0.5343 0.0509 
        D465  2 0.0578 0.0289 0.5595 0.0320 0.2586 0.0335 0.0297 
        D473  2 0.0680 0.1526 0.0654 0.1752 0.2600 0.2085 0.0703 
        D474  2 0.4465 0.2438 0.0699 0.0620 0.0575 0.0590 0.0612 
        D476  2 0.1011 0.0375 0.1380 0.0250 0.0272 0.1961 0.4752 
        D477  2 0.4268 0.0782 0.0443 0.0534 0.0697 0.2983 0.0292 
        D478  2 0.3784 0.1303 0.0745 0.1158 0.0514 0.0825 0.1671 
        D480  2 0.2642 0.1219 0.2460 0.0894 0.0605 0.1697 0.0484 
        D481  2 0.4358 0.1100 0.0665 0.0976 0.0370 0.1952 0.0579 
        D482  2 0.0614 0.2895 0.0371 0.0834 0.0603 0.3961 0.0721 
        D483  2 0.0388 0.0506 0.6736 0.0874 0.0266 0.0299 0.0931 
        D484  2 0.0195 0.0421 0.0452 0.0369 0.0217 0.8083 0.0263 
        D510  2 0.0526 0.1134 0.0382 0.6143 0.0525 0.0697 0.0592 
        D511  2 0.2182 0.0618 0.1903 0.0409 0.0413 0.3932 0.0542 
        D512  2 0.0333 0.0264 0.0784 0.0164 0.7779 0.0359 0.0317 
        D513  2 0.1347 0.0766 0.5925 0.0577 0.0717 0.0393 0.0275 
        D635  2 0.6791 0.0512 0.0416 0.0235 0.0284 0.0258 0.1504 
        D636  2 0.3876 0.0306 0.0487 0.0271 0.0411 0.0275 0.4373 
        D637  2 0.0830 0.0677 0.2123 0.0882 0.1886 0.3037 0.0564 
        D658  2 0.0267 0.0492 0.3425 0.0858 0.1454 0.2576 0.0928 
        D659  2 0.3338 0.0929 0.0680 0.1497 0.0325 0.0660 0.2572 
        D677  2 0.2390 0.0601 0.1143 0.0695 0.2390 0.0531 0.2249 
        D678  2 0.0328 0.0392 0.5307 0.0500 0.0468 0.0944 0.2061 
        D679  2 0.5678 0.0885 0.0763 0.0721 0.0510 0.0824 0.0619 
        D719  2 0.1579 0.1052 0.2967 0.2873 0.0721 0.0414 0.0395 
        D720  2 0.5783 0.0806 0.1301 0.0945 0.0541 0.0260 0.0365 
        D721  2 0.3612 0.0338 0.0829 0.0323 0.0232 0.0398 0.4269 
        D722  2 0.0692 0.0506 0.0996 0.5149 0.0585 0.1613 0.0459 
        D734  2 0.0507 0.0597 0.2192 0.1673 0.0389 0.4300 0.0342 
        D735  2 0.5252 0.0752 0.1315 0.0696 0.0507 0.0712 0.0765 
        D736  2 0.1274 0.3479 0.0690 0.2046 0.0823 0.1025 0.0664 
        D737  2 0.0429 0.1386 0.3139 0.0781 0.0432 0.1263 0.2569 
        D807  2 0.1494 0.1305 0.1105 0.2172 0.1434 0.1648 0.0841 
        D808  2 0.0869 0.0630 0.1648 0.0396 0.5340 0.0580 0.0536 
        D817  2 0.6261 0.0397 0.0390 0.0668 0.0910 0.0589 0.0785 
        D818  2 0.2513 0.1876 0.2797 0.0372 0.0802 0.0556 0.1083 
        D819  2 0.2752 0.0470 0.0563 0.0518 0.4240 0.0772 0.0684 
        D820  2 0.2639 0.0480 0.3048 0.1327 0.0517 0.0648 0.1341 
        D895  2 0.3047 0.0602 0.0828 0.1119 0.0422 0.0640 0.3341 
        D896  2 0.0188 0.0198 0.0178 0.0317 0.8803 0.0157 0.0159 
        D897  2 0.0573 0.0686 0.6469 0.0530 0.0791 0.0495 0.0457 
        D898  2 0.1607 0.3284 0.0362 0.0813 0.2232 0.0566 0.1136 
        D918  2 0.0541 0.0712 0.0749 0.0972 0.5029 0.1318 0.0680 
        D919  2 0.3933 0.0783 0.1905 0.0531 0.0252 0.1865 0.0731 
        D920  2 0.0513 0.0416 0.0584 0.1091 0.0827 0.0371 0.6198 
        D923  2 0.7103 0.0255 0.0546 0.0287 0.0355 0.1061 0.0392 
        D930  2 0.3638 0.0521 0.0987 0.0975 0.1766 0.1815 0.0298 
        D931  2 0.1625 0.0655 0.1640 0.0530 0.0802 0.4106 0.0641 
        D968  2 0.0375 0.0383 0.8247 0.0251 0.0289 0.0246 0.0208 
        D969  2 0.3066 0.2613 0.1384 0.1048 0.0519 0.0610 0.0760 
        D977  2 0.0528 0.0524 0.7056 0.0295 0.0554 0.0522 0.0521 
        D978  2 0.2001 0.4198 0.1530 0.0537 0.0448 0.0530 0.0756 
        D009  4 0.0603 0.0361 0.0295 0.0517 0.0529 0.0297 0.7398 
        D057  4 0.0275 0.0431 0.1447 0.0732 0.0162 0.0514 0.6440 
        D109  4 0.0401 0.0424 0.0228 0.0521 0.7020 0.0738 0.0669 
     D237222  4 0.0326 0.0353 0.0544 0.2419 0.0254 0.0349 0.5755 
     D237223  4 0.0309 0.0799 0.2428 0.1635 0.3017 0.0843 0.0970 
     D237224  4 0.3514 0.1803 0.1051 0.0491 0.0301 0.2159 0.0681 
     D237225  4 0.1181 0.0767 0.0787 0.1163 0.0595 0.0397 0.5109 
     D237299  4 0.0370 0.0828 0.0430 0.0407 0.7175 0.0447 0.0342 
     D237300  4 0.0405 0.6769 0.0733 0.0686 0.0498 0.0475 0.0434 
     D237306  4 0.0409 0.0338 0.0440 0.5235 0.1690 0.1132 0.0756 
     D237307  4 0.2472 0.1231 0.0744 0.2293 0.0739 0.0294 0.2228 
     D237308  4 0.0905 0.0593 0.3694 0.1446 0.0547 0.1328 0.1487 
     D237309  4 0.1614 0.0836 0.0616 0.0539 0.0462 0.0753 0.5180 
     D237317  4 0.3449 0.0818 0.0409 0.2488 0.0383 0.0390 0.2062 
     D237318  4 0.0468 0.7040 0.1112 0.0414 0.0383 0.0262 0.0321 
     D237319  4 0.1522 0.0749 0.0801 0.0935 0.3793 0.0649 0.1551 
     D237320  4 0.0614 0.1185 0.1453 0.0680 0.4681 0.0380 0.1007 
     D237321  4 0.1000 0.5391 0.0736 0.0683 0.1054 0.0406 0.0731 
     D237397  4 0.0394 0.0872 0.0995 0.4363 0.0897 0.0260 0.2219 
     D237398  4 0.1587 0.6083 0.0570 0.0233 0.0618 0.0607 0.0303 
     D237399  4 0.1103 0.4435 0.0594 0.1548 0.0688 0.0393 0.1240 
     D244001  4 0.0263 0.0280 0.0931 0.1483 0.0211 0.0553 0.6278 
        D289  4 0.0998 0.1441 0.1598 0.2419 0.0456 0.1925 0.1164 
        D290  4 0.0380 0.3215 0.0646 0.1936 0.0591 0.0407 0.2825 
        D294  4 0.1237 0.1760 0.0646 0.0691 0.0430 0.2884 0.2353 
        D295  4 0.0996 0.0785 0.0612 0.1323 0.2329 0.0878 0.3077 
        D301  4 0.0540 0.0895 0.0329 0.1509 0.0563 0.0541 0.5624 
        D302  4 0.2164 0.0374 0.0282 0.0472 0.0258 0.5467 0.0982 
        D303  4 0.0331 0.0955 0.0630 0.4080 0.0942 0.2322 0.0739 
        D304  4 0.0862 0.4131 0.0320 0.1854 0.0246 0.0362 0.2225 
        D305  4 0.0790 0.0754 0.2847 0.0586 0.0336 0.3139 0.1547 
        D306  4 0.1084 0.1857 0.0916 0.2776 0.0755 0.0483 0.2129 
        D307  4 0.0326 0.0604 0.0217 0.0701 0.0345 0.0422 0.7384 
        D327  4 0.5396 0.0629 0.0971 0.0752 0.0994 0.0475 0.0783 
        D328  4 0.0451 0.0444 0.0357 0.1805 0.0821 0.5235 0.0886 
        D329  4 0.0530 0.1227 0.1118 0.0797 0.0358 0.2503 0.3468 
        D330  4 0.2224 0.0276 0.1559 0.0521 0.1615 0.1484 0.2321 
        D331  4 0.1571 0.3881 0.0445 0.1377 0.0767 0.0523 0.1436 
        D333  4 0.0433 0.0660 0.0727 0.2558 0.0581 0.0737 0.4304 
        D334  4 0.0791 0.1933 0.0393 0.3683 0.0356 0.0701 0.2143 
        D335  4 0.4090 0.0370 0.1073 0.1067 0.0283 0.1846 0.1271 
        D370  4 0.0928 0.0538 0.0673 0.3102 0.0756 0.2800 0.1203 
        D371  4 0.1280 0.0632 0.0618 0.4663 0.0855 0.1548 0.0404 
        D372  4 0.0214 0.7599 0.0495 0.0634 0.0343 0.0282 0.0434 
        D373  4 0.0945 0.0818 0.0477 0.0263 0.0243 0.0681 0.6574 
        D455  4 0.0267 0.0870 0.0261 0.0282 0.0220 0.0315 0.7786 
        D490  4 0.0178 0.0217 0.0154 0.0269 0.0373 0.0229 0.8579 
        D497  4 0.0233 0.0500 0.0234 0.0304 0.0607 0.0538 0.7583 
        D498  4 0.0838 0.3281 0.0582 0.2204 0.1338 0.0490 0.1267 
        D499  4 0.0813 0.0655 0.2152 0.0719 0.3605 0.1796 0.0261 
        D514  4 0.2511 0.0989 0.0485 0.0530 0.1646 0.1510 0.2329 
        D515  4 0.0480 0.0295 0.0464 0.0387 0.6305 0.1305 0.0765 
        D516  4 0.1127 0.0622 0.1852 0.2478 0.1470 0.0345 0.2105 
        D517  4 0.0684 0.1009 0.0294 0.0457 0.0368 0.0249 0.6939 
        D518  4 0.0432 0.0256 0.0821 0.1844 0.0229 0.0848 0.5568 
        D519  4 0.0453 0.0756 0.0643 0.0461 0.6599 0.0350 0.0739 
        D560  4 0.1088 0.0670 0.0999 0.0473 0.4613 0.0911 0.1246 
        D561  4 0.2933 0.0370 0.2134 0.0300 0.2142 0.0631 0.1490 
        D562  4 0.1931 0.1777 0.0958 0.1344 0.0600 0.1191 0.2198 
        D563  4 0.1470 0.0715 0.3592 0.0302 0.0690 0.2358 0.0873 
        D572  4 0.0651 0.0465 0.0851 0.0702 0.0280 0.5458 0.1593 
        D629  4 0.6425 0.0728 0.0368 0.0312 0.0413 0.0998 0.0757 
        D630  4 0.1305 0.1377 0.0558 0.1062 0.0879 0.1431 0.3389 
        D631  4 0.0478 0.0614 0.2762 0.0622 0.0675 0.2211 0.2638 
        D632  4 0.1198 0.0220 0.1659 0.0267 0.0602 0.4137 0.1917 
        D646  4 0.0648 0.0495 0.2380 0.1859 0.2207 0.0343 0.2069 
        D647  4 0.2591 0.0585 0.1841 0.1013 0.1166 0.0790 0.2016 
        D648  4 0.0262 0.0170 0.0354 0.1106 0.0424 0.7080 0.0606 
        D649  4 0.3038 0.0388 0.0322 0.0323 0.2364 0.2457 0.1108 
        D650  4 0.2641 0.0677 0.0471 0.1060 0.2957 0.0810 0.1385 
        D708  4 0.1467 0.0838 0.0435 0.2418 0.0947 0.2407 0.1488 
        D709  4 0.0985 0.0929 0.0953 0.1941 0.2894 0.1039 0.1258 
        D738  4 0.0445 0.0489 0.0375 0.6343 0.0985 0.0356 0.1007 
        D739  4 0.0586 0.0789 0.0418 0.0896 0.0703 0.0557 0.6051 
        D740  4 0.0803 0.3170 0.0740 0.1904 0.1544 0.0499 0.1341 
        D741  4 0.0556 0.0362 0.2229 0.0842 0.4483 0.0420 0.1108 
        D742  4 0.0623 0.0933 0.4318 0.0857 0.1425 0.0905 0.0939 
        D743  4 0.2773 0.0664 0.1736 0.0548 0.0527 0.2970 0.0782 
        D744  4 0.1090 0.0428 0.0979 0.0273 0.0492 0.6458 0.0278 
        D745  4 0.0335 0.0519 0.0362 0.0331 0.7126 0.0593 0.0734 
        D814  4 0.0703 0.0779 0.2931 0.1087 0.0400 0.1329 0.2770 
        D815  4 0.1496 0.0608 0.0815 0.1126 0.0626 0.4463 0.0866 
        D828  4 0.0456 0.1062 0.0899 0.3418 0.0823 0.2410 0.0932 
        D845  4 0.0378 0.7405 0.0706 0.0717 0.0233 0.0297 0.0264 
        D846  4 0.3498 0.0619 0.1489 0.0292 0.0252 0.0925 0.2926 
        D847  4 0.1283 0.3879 0.0643 0.0562 0.1084 0.0478 0.2071 
        D848  4 0.0661 0.2143 0.0582 0.0272 0.0162 0.0395 0.5784 
        D849  4 0.0559 0.0300 0.0875 0.0750 0.1543 0.0441 0.5532 
        D850  4 0.3220 0.2163 0.1138 0.0838 0.0856 0.0603 0.1182 
        D856  4 0.1649 0.0558 0.0603 0.0663 0.5118 0.0818 0.0591 
        D857  4 0.0218 0.0429 0.0964 0.1042 0.5951 0.0857 0.0541 
        D859  4 0.1024 0.1217 0.0714 0.0888 0.0628 0.3968 0.1561 
        D860  4 0.1222 0.3049 0.1087 0.3390 0.0202 0.0554 0.0495 
        D883  4 0.0778 0.0839 0.0384 0.1812 0.1098 0.0704 0.4384 
        D884  4 0.0380 0.0289 0.0451 0.2531 0.3875 0.0963 0.1510 
        D885  4 0.1746 0.1169 0.2071 0.0489 0.2167 0.0621 0.1737 
        D886  4 0.1755 0.0975 0.1286 0.1032 0.1606 0.0675 0.2671 
        D887  4 0.0886 0.2183 0.0761 0.0478 0.1357 0.3608 0.0727 
        D889  4 0.0529 0.6188 0.0223 0.0979 0.0268 0.0625 0.1187 
        D890  4 0.2050 0.0723 0.0974 0.1180 0.0933 0.2983 0.1156 
        D891  4 0.0226 0.8894 0.0243 0.0187 0.0147 0.0166 0.0136 
        D899  4 0.0359 0.1250 0.4741 0.1240 0.0463 0.0884 0.1062 
        D900  4 0.1578 0.2239 0.1019 0.0965 0.0910 0.1258 0.2031 
        D970  4 0.2044 0.2602 0.0769 0.0499 0.0305 0.1053 0.2729 
        D971  4 0.1828 0.0410 0.4670 0.0748 0.0848 0.0758 0.0738 
        D979  4 0.6240 0.0329 0.0569 0.0739 0.0242 0.1058 0.0822 
        D093  5 0.0388 0.2177 0.0341 0.4617 0.1011 0.0566 0.0900 
        D154  5 0.0660 0.1281 0.2315 0.1285 0.2613 0.0652 0.1193 
        D168  5 0.1221 0.0683 0.3401 0.0777 0.1664 0.0523 0.1730 
        D189  5 0.0421 0.3063 0.0524 0.3610 0.0678 0.0852 0.0852 
        D190  5 0.1016 0.0880 0.0378 0.5741 0.0634 0.0971 0.0380 
     D237220  5 0.0559 0.5132 0.0285 0.0929 0.1126 0.0334 0.1634 
     D237221  5 0.1156 0.3014 0.1361 0.2331 0.0811 0.0551 0.0777 
     D237274  5 0.4772 0.0284 0.1777 0.0315 0.0524 0.1897 0.0431 
     D237275  5 0.0348 0.1299 0.5399 0.1041 0.0748 0.0254 0.0911 
     D237276  5 0.0591 0.0575 0.0715 0.3271 0.1707 0.1000 0.2143 
     D237277  5 0.0587 0.3155 0.0683 0.3588 0.0456 0.1217 0.0314 
     D237278  5 0.0599 0.0573 0.2804 0.1692 0.1379 0.1620 0.1334 
     D237279  5 0.1200 0.0670 0.0514 0.0248 0.6094 0.0714 0.0560 
     D237280  5 0.2467 0.0662 0.0350 0.1809 0.0802 0.1114 0.2797 
     D237281  5 0.0937 0.2391 0.4274 0.0932 0.0575 0.0501 0.0389 
     D237351  5 0.0485 0.0431 0.0292 0.0787 0.7320 0.0283 0.0403 
     D237352  5 0.1272 0.0342 0.0931 0.1170 0.0310 0.0995 0.4982 
     D237353  5 0.0701 0.1829 0.0324 0.5588 0.0440 0.0889 0.0229 
     D237359  5 0.0734 0.5585 0.0351 0.0666 0.0554 0.0590 0.1520 
     D237361  5 0.0506 0.2809 0.0316 0.5040 0.0537 0.0425 0.0367 
     D237362  5 0.3555 0.0532 0.0764 0.1321 0.1764 0.0645 0.1418 
     D237363  5 0.3015 0.0833 0.2382 0.1171 0.1614 0.0317 0.0669 
     D237364  5 0.0961 0.0682 0.1321 0.0300 0.3305 0.0901 0.2530 
     D237376  5 0.0195 0.0364 0.0274 0.1251 0.0607 0.7005 0.0304 
     D237377  5 0.3334 0.0567 0.0464 0.1228 0.2822 0.0585 0.1001 
     D237378  5 0.0294 0.1018 0.0565 0.3494 0.0613 0.2492 0.1523 
     D237379  5 0.0653 0.0864 0.0581 0.1894 0.1130 0.3983 0.0896 
     D237380  5 0.0690 0.0276 0.0250 0.2185 0.2036 0.3934 0.0629 
     D237381  5 0.0833 0.0607 0.0995 0.2132 0.0581 0.0659 0.4192 
     D237391  5 0.0649 0.3445 0.0339 0.4309 0.0589 0.0372 0.0297 
     D237392  5 0.2558 0.0320 0.3835 0.0352 0.0949 0.1736 0.0251 
     D237393  5 0.1734 0.0713 0.0907 0.4019 0.0469 0.0577 0.1581 
     D237394  5 0.1044 0.1713 0.0228 0.5464 0.0368 0.0787 0.0396 
     D237395  5 0.0671 0.2728 0.0746 0.2602 0.1663 0.0614 0.0977 
     D237396  5 0.4186 0.1439 0.1363 0.1109 0.0557 0.0419 0.0929 
     D244016  5 0.1802 0.1138 0.1165 0.2100 0.0695 0.2776 0.0325 
     D244018  5 0.0471 0.1709 0.3297 0.2027 0.0497 0.0262 0.1736 
     D244019  5 0.4828 0.0782 0.1879 0.0997 0.0473 0.0501 0.0540 
        D279  5 0.0711 0.3352 0.1196 0.1122 0.1558 0.0652 0.1409 
        D280  5 0.0967 0.5451 0.0399 0.0932 0.0531 0.0542 0.1178 
        D281  5 0.0328 0.5989 0.1560 0.0776 0.0611 0.0413 0.0322 
        D283  5 0.1623 0.3609 0.0414 0.2267 0.0405 0.0434 0.1248 
        D284  5 0.0714 0.1051 0.0618 0.0389 0.5163 0.0680 0.1386 
        D285  5 0.0484 0.6375 0.0239 0.1376 0.0453 0.0543 0.0530 
        D286  5 0.1449 0.1441 0.0477 0.2358 0.0803 0.1962 0.1510 
        D287  5 0.0272 0.0612 0.0269 0.0915 0.1598 0.5935 0.0398 
        D288  5 0.3035 0.4520 0.0390 0.0795 0.0308 0.0264 0.0688 
        D308  5 0.1498 0.0287 0.0452 0.0441 0.6476 0.0603 0.0243 
        D309  5 0.0854 0.0292 0.0289 0.0357 0.0242 0.7489 0.0476 
        D310  5 0.0320 0.1688 0.0215 0.6488 0.0295 0.0366 0.0628 
        D311  5 0.2977 0.0508 0.0750 0.2119 0.1157 0.0931 0.1558 
        D312  5 0.1348 0.0887 0.0762 0.1352 0.0838 0.2648 0.2166 
        D313  5 0.0273 0.0215 0.0196 0.0801 0.5209 0.0133 0.3174 
        D314  5 0.0732 0.0901 0.0962 0.1186 0.1839 0.2310 0.2068 
        D315  5 0.2400 0.0764 0.0957 0.2516 0.0971 0.1668 0.0724 
        D317  5 0.0460 0.0700 0.0285 0.7048 0.0324 0.0238 0.0945 
        D318  5 0.2673 0.1276 0.1227 0.0748 0.1003 0.2367 0.0706 
        D319  5 0.0255 0.0899 0.0385 0.7205 0.0563 0.0239 0.0454 
        D320  5 0.0485 0.2374 0.0239 0.4864 0.0439 0.1129 0.0470 
        D321  5 0.1724 0.1585 0.0207 0.0901 0.4897 0.0307 0.0379 
        D336  5 0.0426 0.0853 0.0279 0.6047 0.0472 0.0936 0.0987 
        D337  5 0.0450 0.1493 0.0392 0.6483 0.0328 0.0428 0.0425 
        D338  5 0.1064 0.2033 0.0832 0.0702 0.3144 0.0482 0.1744 
        D339  5 0.0393 0.1031 0.0508 0.6390 0.0649 0.0207 0.0821 
        D347  5 0.0958 0.0934 0.1018 0.4006 0.0195 0.0439 0.2449 
        D348  5 0.0445 0.0367 0.0440 0.7004 0.0172 0.0828 0.0744 
        D349  5 0.0788 0.0652 0.0329 0.0754 0.6657 0.0458 0.0363 
        D350  5 0.0252 0.0258 0.0314 0.0223 0.0321 0.8385 0.0247 
        D355  5 0.1114 0.2288 0.3052 0.1283 0.0910 0.0557 0.0797 
        D356  5 0.2491 0.2036 0.0366 0.2137 0.0891 0.0932 0.1147 
        D357  5 0.1360 0.2056 0.0643 0.2008 0.1131 0.1790 0.1012 
        D358  5 0.1007 0.1103 0.0563 0.2451 0.1266 0.3023 0.0588 
        D359  5 0.3571 0.0515 0.0313 0.3826 0.0515 0.0507 0.0754 
        D360  5 0.1745 0.2657 0.0349 0.2767 0.0768 0.0553 0.1161 
        D361  5 0.0341 0.0188 0.0263 0.0323 0.8346 0.0193 0.0346 
        D366  5 0.1577 0.0322 0.5981 0.0556 0.0668 0.0377 0.0519 
        D367  5 0.0479 0.1223 0.0290 0.4224 0.1252 0.0972 0.1559 
        D368  5 0.1498 0.0404 0.0376 0.0635 0.6405 0.0369 0.0313 
        D380  5 0.2354 0.0451 0.0801 0.0439 0.0568 0.4882 0.0505 
        D381  5 0.1492 0.1157 0.0505 0.4981 0.0467 0.0429 0.0968 
        D400  5 0.0437 0.1130 0.0727 0.3848 0.0438 0.0459 0.2962 
        D411  5 0.0370 0.0217 0.0400 0.0287 0.4204 0.0569 0.3953 
        D412  5 0.0805 0.0858 0.0962 0.4262 0.0238 0.0275 0.2600 
        D413  5 0.1432 0.0411 0.5910 0.0308 0.0767 0.0848 0.0325 
        D414  5 0.0290 0.0502 0.0911 0.0372 0.0517 0.7086 0.0322 
        D420  5 0.0835 0.5805 0.0277 0.0494 0.0988 0.0315 0.1286 
        D431  5 0.0278 0.1418 0.0231 0.0280 0.2133 0.5351 0.0309 
        D432  5 0.0948 0.2754 0.0514 0.2598 0.0417 0.1384 0.1385 
        D433  5 0.0714 0.1069 0.0465 0.5812 0.0818 0.0498 0.0624 
        D434  5 0.1024 0.1984 0.0371 0.4262 0.0631 0.0504 0.1224 
        D440  5 0.0278 0.0323 0.0355 0.0375 0.0556 0.7254 0.0860 
        D447  5 0.2722 0.0687 0.2442 0.0413 0.0876 0.1815 0.1046 
        D448  5 0.0397 0.0468 0.0279 0.5637 0.0332 0.0699 0.2189 
        D459  5 0.0330 0.1572 0.5560 0.1207 0.0434 0.0301 0.0596 
        D460  5 0.1543 0.0327 0.0391 0.0573 0.6539 0.0408 0.0218 
        D461  5 0.0657 0.0290 0.0273 0.0296 0.0240 0.7693 0.0552 
        D468  5 0.1463 0.0302 0.0643 0.0769 0.5042 0.1176 0.0606 
        D469  5 0.2662 0.0863 0.0451 0.0776 0.2323 0.1273 0.1651 
        D470  5 0.0782 0.0282 0.0520 0.2279 0.0498 0.1101 0.4537 
        D471  5 0.0907 0.0883 0.0768 0.5419 0.0475 0.1070 0.0478 
        D472  5 0.6004 0.1071 0.1680 0.0493 0.0184 0.0252 0.0316 
        D479  5 0.0598 0.0242 0.5783 0.0792 0.0260 0.1442 0.0882 
        D485  5 0.0481 0.0525 0.0502 0.0727 0.0857 0.6107 0.0801 
        D486  5 0.0792 0.0379 0.0568 0.1028 0.4124 0.1102 0.2008 
        D487  5 0.0433 0.3588 0.0664 0.2277 0.0472 0.1300 0.1266 
        D555  5 0.0264 0.1833 0.0666 0.6430 0.0195 0.0291 0.0322 
        D556  5 0.0828 0.2749 0.0324 0.0633 0.1123 0.3684 0.0658 
        D557  5 0.0529 0.0709 0.0818 0.6488 0.0333 0.0600 0.0522 
        D564  5 0.1234 0.0415 0.0626 0.1611 0.1103 0.4649 0.0361 
        D594  5 0.1397 0.0793 0.1018 0.2974 0.0397 0.0823 0.2597 
        D595  5 0.1690 0.1003 0.0841 0.2927 0.1425 0.1240 0.0875 
        D596  5 0.0408 0.1549 0.0351 0.6677 0.0198 0.0406 0.0411 
        D597  5 0.0639 0.3202 0.2958 0.2089 0.0235 0.0454 0.0423 
        D598  5 0.0888 0.1623 0.0579 0.2782 0.0673 0.2175 0.1280 
        D617  5 0.0524 0.0356 0.1598 0.1074 0.1243 0.0380 0.4825 
        D618  5 0.1041 0.2703 0.0499 0.3867 0.0593 0.0821 0.0476 
        D619  5 0.1509 0.0464 0.0983 0.3580 0.1411 0.1666 0.0386 
        D620  5 0.0680 0.0715 0.6745 0.0775 0.0319 0.0252 0.0515 
        D628  5 0.0227 0.0306 0.0280 0.0358 0.0346 0.8145 0.0337 
        D714  5 0.0307 0.1956 0.0434 0.0756 0.0474 0.5610 0.0463 
        D715  5 0.1666 0.1811 0.0733 0.4274 0.0472 0.0706 0.0338 
        D716  5 0.0938 0.1082 0.0890 0.2723 0.0312 0.0825 0.3229 
        D717  5 0.1931 0.2274 0.0698 0.2238 0.0579 0.1178 0.1102 
        D718  5 0.0192 0.0714 0.0553 0.1960 0.2956 0.1692 0.1933 
        D769  5 0.0431 0.0338 0.0917 0.1233 0.0328 0.0391 0.6362 
        D770  5 0.0353 0.0387 0.1106 0.0330 0.0776 0.6736 0.0311 
        D771  5 0.0855 0.2163 0.1068 0.0896 0.0635 0.2845 0.1538 
        D772  5 0.0909 0.0648 0.0385 0.0942 0.0416 0.5993 0.0708 
        D782  5 0.0897 0.3464 0.1068 0.0504 0.2972 0.0542 0.0552 
        D783  5 0.0623 0.0792 0.2787 0.1145 0.0627 0.3562 0.0464 
        D784  5 0.4333 0.1709 0.0646 0.0701 0.0405 0.1658 0.0547 
        D785  5 0.1022 0.0807 0.0364 0.3839 0.1050 0.2519 0.0399 
        D786  5 0.1389 0.0311 0.1386 0.1097 0.0674 0.0925 0.4218 
        D821  5 0.0348 0.2543 0.0218 0.5251 0.0382 0.1038 0.0220 
        D822  5 0.3242 0.1004 0.1927 0.1524 0.0754 0.0730 0.0820 
        D826  5 0.0650 0.1398 0.1655 0.3062 0.1075 0.0782 0.1378 
        D827  5 0.4570 0.0453 0.1577 0.0582 0.1121 0.1088 0.0609 
        D851  5 0.4582 0.0747 0.0580 0.1220 0.1098 0.0790 0.0983 
        D852  5 0.0368 0.2575 0.0559 0.2040 0.0592 0.2861 0.1007 
        D853  5 0.0848 0.3958 0.0484 0.2542 0.0755 0.0571 0.0843 
        D854  5 0.2423 0.1028 0.1152 0.0486 0.3217 0.0806 0.0888 
        D861  5 0.0823 0.0830 0.1502 0.2351 0.2784 0.0595 0.1115 
        D862  5 0.3127 0.0697 0.0689 0.2757 0.0708 0.1008 0.1014 
        D865  5 0.0644 0.1275 0.0574 0.4629 0.1013 0.0964 0.0900 
        D868  5 0.2011 0.2290 0.0742 0.1914 0.0725 0.0537 0.1782 
        D869  5 0.0649 0.0292 0.0668 0.0456 0.1995 0.0274 0.5665 
        D870  5 0.3842 0.0531 0.2651 0.0268 0.1262 0.0696 0.0750 
        D907  5 0.0293 0.0757 0.0275 0.6377 0.0406 0.0330 0.1562 
        D908  5 0.0456 0.3557 0.0743 0.1783 0.0722 0.2103 0.0636 
        D910  5 0.0760 0.0777 0.1626 0.4643 0.0672 0.0448 0.1074 
        D911  5 0.0506 0.4032 0.1998 0.1770 0.0452 0.0269 0.0974 
        D934  5 0.1788 0.1093 0.0773 0.0376 0.0827 0.4593 0.0550 
        D946  5 0.0368 0.1125 0.0280 0.0422 0.1472 0.5845 0.0489 
        D947  5 0.1421 0.2898 0.0480 0.0330 0.1354 0.1723 0.1794 
        D948  5 0.0892 0.0916 0.0287 0.2288 0.4692 0.0389 0.0535 
        D949  5 0.0739 0.0359 0.0264 0.0793 0.6912 0.0321 0.0612 
        D950  5 0.0985 0.3952 0.2061 0.1347 0.0515 0.0543 0.0597 
        D951  5 0.5325 0.0359 0.1187 0.0759 0.0681 0.0865 0.0823 
        D952  5 0.4174 0.1081 0.0582 0.2051 0.0317 0.0326 0.1468 
        D953  5 0.1025 0.2459 0.0296 0.4522 0.0600 0.0731 0.0366 
        D954  5 0.6478 0.0512 0.0395 0.1326 0.0542 0.0489 0.0258 
        D961  5 0.0212 0.0222 0.0201 0.0477 0.0654 0.7964 0.0269 
        D962  5 0.0568 0.0303 0.0204 0.2088 0.0377 0.5926 0.0534 
        D963  5 0.1230 0.2012 0.0766 0.2559 0.0345 0.2553 0.0534 
        D964  5 0.0853 0.1658 0.0571 0.0420 0.4203 0.1803 0.0492 
        D965  5 0.1607 0.0612 0.0855 0.0784 0.0529 0.4572 0.1042 
        D966  5 0.2272 0.1111 0.0805 0.1132 0.0274 0.2657 0.1749 
        D967  5 0.0895 0.3800 0.1901 0.1752 0.0681 0.0460 0.0512 
        D991  5 0.0389 0.0652 0.0397 0.1865 0.0660 0.2474 0.3563 
        D132  8 0.0322 0.0297 0.0306 0.0459 0.1355 0.0500 0.6759 
        D133  8 0.0322 0.0644 0.7416 0.0350 0.0359 0.0313 0.0597 
        D200  8 0.0274 0.3082 0.0657 0.1473 0.1254 0.0907 0.2355 
        D500  8 0.0374 0.0256 0.0199 0.0495 0.1267 0.0290 0.7119 
        D614  8 0.0517 0.1558 0.0375 0.3297 0.1402 0.0989 0.1862 
        D723  8 0.0646 0.0432 0.1525 0.0880 0.4267 0.0313 0.1936 
        D888  8 0.0438 0.7498 0.0494 0.0286 0.0416 0.0377 0.0490 
        D901  8 0.0191 0.0346 0.0235 0.0233 0.8286 0.0401 0.0308 
        D902  8 0.0347 0.1281 0.0690 0.2630 0.3042 0.1534 0.0476 
        D903  8 0.5912 0.0454 0.0681 0.0834 0.0473 0.0732 0.0915 
        D904  8 0.3118 0.0667 0.0908 0.0703 0.0671 0.2312 0.1622 
        D905  8 0.0217 0.7690 0.0254 0.0786 0.0263 0.0354 0.0435 
        D906  8 0.3199 0.1051 0.3095 0.0417 0.0337 0.0800 0.1100 
        D937  8 0.0217 0.0975 0.0386 0.5361 0.2277 0.0497 0.0286 
        D943  8 0.1164 0.4178 0.0685 0.0498 0.0809 0.0678 0.1989 
        D972  8 0.0376 0.0324 0.1051 0.0704 0.6036 0.0288 0.1221 
        D973  8 0.1283 0.0330 0.1089 0.0558 0.4769 0.0473 0.1499 
        D974  8 0.0892 0.0889 0.1703 0.1348 0.2188 0.0419 0.2561 
        D975  8 0.0341 0.3220 0.1595 0.1357 0.1055 0.0554 0.1877 
        D976  8 0.0677 0.2571 0.0846 0.1084 0.2023 0.1406 0.1393 
        D142 10 0.1820 0.0721 0.2132 0.1202 0.0795 0.2661 0.0669 
        D143 10 0.0450 0.0297 0.6673 0.0823 0.0446 0.0684 0.0627 
        D144 10 0.2663 0.0920 0.1011 0.0846 0.0741 0.3111 0.0707 
        D145 10 0.0381 0.6097 0.0411 0.0456 0.0607 0.0789 0.1259 
        D146 10 0.1027 0.0256 0.0583 0.0799 0.4240 0.1853 0.1242 
        D147 10 0.0667 0.0304 0.1253 0.0540 0.4187 0.2609 0.0440 
        D148 10 0.1877 0.0481 0.1224 0.0439 0.1903 0.3791 0.0285 
        D149 10 0.0792 0.2334 0.4470 0.0731 0.0556 0.0466 0.0650 
        D151 10 0.0875 0.2505 0.1098 0.0734 0.3582 0.0785 0.0419 
        D152 10 0.0551 0.1969 0.5363 0.0192 0.0845 0.0681 0.0400 
        D153 10 0.1889 0.0612 0.0544 0.0904 0.1950 0.1603 0.2499 
        D156 10 0.0639 0.0285 0.0427 0.0341 0.0331 0.7637 0.0340 
        D157 10 0.1089 0.0635 0.0486 0.3670 0.1000 0.1016 0.2104 
        D158 10 0.0230 0.1914 0.0340 0.0506 0.5965 0.0580 0.0465 
        D159 10 0.0616 0.0372 0.7088 0.0540 0.0333 0.0282 0.0768 
        D160 10 0.0154 0.7706 0.0174 0.1298 0.0294 0.0219 0.0154 
        D161 10 0.5854 0.0581 0.0904 0.0548 0.0595 0.0925 0.0594 
        D162 10 0.0568 0.0350 0.0477 0.0409 0.0216 0.7707 0.0273 
        D169 10 0.1141 0.2381 0.0398 0.0439 0.1014 0.0248 0.4379 
        D170 10 0.1076 0.0332 0.0299 0.0539 0.0446 0.1453 0.5855 
        D171 10 0.0657 0.0187 0.0261 0.0280 0.0406 0.7897 0.0313 
        D172 10 0.0232 0.0246 0.0475 0.0307 0.1328 0.7004 0.0409 
        D173 10 0.0462 0.0849 0.6873 0.0286 0.0628 0.0392 0.0512 
        D181 10 0.1024 0.0525 0.0562 0.1115 0.0636 0.5772 0.0365 
        D182 10 0.0900 0.2436 0.2477 0.0708 0.1097 0.1178 0.1205 
        D183 10 0.0671 0.2818 0.0240 0.4316 0.0591 0.0243 0.1120 
        D184 10 0.2335 0.0215 0.0271 0.0295 0.0446 0.0365 0.6072 
        D185 10 0.5327 0.0477 0.0453 0.0265 0.0849 0.2260 0.0368 
        D186 10 0.0280 0.0675 0.0343 0.0449 0.2823 0.0307 0.5123 
        D194 10 0.1732 0.0550 0.2054 0.0997 0.1837 0.0930 0.1899 
        D195 10 0.0976 0.2107 0.2038 0.1201 0.0540 0.1585 0.1553 
        D196 10 0.1180 0.1313 0.3772 0.1373 0.0359 0.0762 0.1241 
        D197 10 0.0410 0.0790 0.1236 0.0710 0.1012 0.0361 0.5481 
        D198 10 0.6851 0.0576 0.0305 0.0394 0.0854 0.0417 0.0602 
     D237226 10 0.1734 0.4215 0.1101 0.0340 0.1937 0.0375 0.0297 
     D237232 10 0.0460 0.4318 0.0804 0.1595 0.1521 0.0421 0.0880 
     D237233 10 0.0366 0.1643 0.1352 0.1202 0.1066 0.3704 0.0669 
     D237234 10 0.0443 0.1090 0.0317 0.0706 0.0716 0.6012 0.0715 
     D237354 10 0.0351 0.7725 0.0484 0.0546 0.0279 0.0320 0.0295 
     D237355 10 0.0290 0.8352 0.0239 0.0393 0.0243 0.0263 0.0220 
     D237356 10 0.6365 0.0464 0.0292 0.0983 0.0378 0.0306 0.1211 
     D237357 10 0.0624 0.0614 0.2665 0.0531 0.2670 0.0963 0.1932 
     D237358 10 0.3126 0.0511 0.1370 0.0491 0.0198 0.0470 0.3833 
     D237369 10 0.0269 0.0168 0.0416 0.0249 0.7843 0.0412 0.0645 
     D237370 10 0.1422 0.1151 0.2329 0.2509 0.0894 0.1066 0.0628 
     D237371 10 0.6938 0.0500 0.0549 0.0366 0.0580 0.0315 0.0752 
     D237372 10 0.0728 0.1024 0.4372 0.0611 0.0361 0.0376 0.2527 
     D237373 10 0.0761 0.2531 0.0569 0.0630 0.3108 0.1862 0.0537 
     D237374 10 0.0334 0.6727 0.0271 0.0928 0.0357 0.1059 0.0324 
     D237375 10 0.2083 0.0782 0.3461 0.0507 0.1444 0.0988 0.0735 
     D237400 10 0.0225 0.0790 0.6186 0.0455 0.0346 0.1217 0.0782 
     D244002 10 0.1074 0.0512 0.1365 0.0584 0.1115 0.1819 0.3531 
     D244003 10 0.0174 0.5212 0.0449 0.2502 0.0674 0.0499 0.0490 
     D244004 10 0.0195 0.2440 0.0164 0.5497 0.0988 0.0449 0.0268 
     D244005 10 0.0485 0.6909 0.0270 0.0434 0.0235 0.0206 0.1462 
     D244020 10 0.4010 0.0867 0.0533 0.0788 0.1280 0.1869 0.0653 
     D244021 10 0.0277 0.0386 0.1004 0.0756 0.5683 0.0578 0.1315 
     D244116 10 0.0419 0.0377 0.0510 0.0399 0.0692 0.5933 0.1670 
     D244117 10 0.0515 0.3327 0.0606 0.3860 0.0383 0.0893 0.0415 
     D244121 10 0.0466 0.1365 0.0673 0.4020 0.1148 0.1051 0.1277 
     D244123 10 0.0683 0.3622 0.0871 0.1638 0.0878 0.1545 0.0764 
     D244124 10 0.0668 0.0507 0.1763 0.1540 0.0680 0.0552 0.4289 
        D332 10 0.3379 0.0389 0.1465 0.1026 0.1525 0.1350 0.0867 
        D570 10 0.0546 0.0481 0.0394 0.2765 0.0529 0.4833 0.0451 
        D602 10 0.0663 0.0550 0.1214 0.0714 0.0614 0.4944 0.1301 
        D603 10 0.0718 0.0878 0.2090 0.1287 0.4206 0.0398 0.0422 
        D604 10 0.0921 0.1337 0.1522 0.0536 0.0317 0.4524 0.0843 
        D605 10 0.4771 0.1660 0.1114 0.0475 0.1033 0.0514 0.0433 
        D606 10 0.1483 0.0701 0.0325 0.2122 0.0396 0.0288 0.4687 
        D607 10 0.7200 0.0291 0.0787 0.0400 0.0494 0.0504 0.0323 
        D608 10 0.0824 0.0216 0.7969 0.0219 0.0198 0.0306 0.0267 
        D609 10 0.1293 0.1597 0.0339 0.2543 0.1637 0.1204 0.1387 
        D610 10 0.0891 0.5513 0.0226 0.1160 0.0453 0.0491 0.1265 
        D611 10 0.0382 0.1305 0.0220 0.6457 0.0490 0.0694 0.0452 
        D613 10 0.1304 0.0540 0.0298 0.0410 0.0337 0.6740 0.0371 
        D633 10 0.3032 0.0321 0.1737 0.0302 0.0423 0.3536 0.0651 
        D634 10 0.1227 0.0418 0.0436 0.0398 0.0689 0.6292 0.0541 
        D638 10 0.0281 0.1292 0.4738 0.0597 0.0329 0.0765 0.1998 
        D681 10 0.0497 0.0248 0.0404 0.0823 0.0766 0.6347 0.0915 
        D754 10 0.0183 0.0618 0.0335 0.1299 0.5633 0.0418 0.1515 
        D755 10 0.0178 0.2168 0.1374 0.3947 0.1453 0.0594 0.0285 
        D756 10 0.0408 0.1288 0.0555 0.2089 0.2821 0.1807 0.1032 
        D757 10 0.2110 0.3886 0.1111 0.1382 0.0390 0.0273 0.0849 
        D758 10 0.1410 0.0760 0.0843 0.1840 0.0856 0.2475 0.1817 
        D759 10 0.0737 0.3683 0.0850 0.2961 0.0392 0.0971 0.0407 
        D760 10 0.0845 0.2970 0.1031 0.1215 0.0828 0.1631 0.1479 
        D761 10 0.0192 0.7840 0.0496 0.0426 0.0330 0.0289 0.0428 
        D762 10 0.6810 0.0335 0.0584 0.0280 0.0312 0.1206 0.0472 
        D775 10 0.0333 0.3488 0.0316 0.4061 0.1073 0.0340 0.0389 
        D776 10 0.0487 0.5560 0.1524 0.0677 0.0490 0.0399 0.0864 
        D777 10 0.0484 0.5460 0.0330 0.2340 0.0595 0.0460 0.0331 
        D778 10 0.0280 0.4088 0.0696 0.0445 0.3836 0.0275 0.0380 
        D779 10 0.0231 0.0556 0.0338 0.0849 0.1300 0.5211 0.1515 
        D780 10 0.0364 0.1057 0.1011 0.0503 0.0490 0.5622 0.0954 
        D781 10 0.0458 0.0357 0.2033 0.1190 0.0715 0.3757 0.1489 
        D858 10 0.0563 0.1867 0.0728 0.0295 0.5258 0.0282 0.1008 
        D933 10 0.4121 0.3592 0.0895 0.0387 0.0316 0.0326 0.0364 
        D038 11 0.0874 0.4069 0.0706 0.0823 0.1350 0.1368 0.0810 
        D063 11 0.0359 0.0873 0.0473 0.1657 0.0256 0.1146 0.5238 
        D155 11 0.2183 0.3653 0.0835 0.1350 0.0825 0.0502 0.0652 
        D175 11 0.0339 0.0669 0.0451 0.1331 0.3073 0.1002 0.3136 
        D176 11 0.0343 0.0987 0.3459 0.1814 0.1590 0.0980 0.0827 
        D205 11 0.0396 0.0564 0.0349 0.5590 0.0878 0.0458 0.1765 
     D237229 11 0.0916 0.2956 0.1306 0.0534 0.0580 0.2319 0.1390 
     D237230 11 0.0926 0.0245 0.5465 0.0591 0.1698 0.0446 0.0629 
     D237231 11 0.3019 0.0446 0.2094 0.0964 0.0349 0.1138 0.1991 
     D237269 11 0.2209 0.1516 0.2736 0.0630 0.0709 0.0709 0.1492 
     D237270 11 0.2127 0.0378 0.0934 0.0400 0.5172 0.0307 0.0681 
     D237271 11 0.0795 0.0674 0.0865 0.1947 0.0734 0.3252 0.1734 
     D237272 11 0.0990 0.0408 0.1323 0.1595 0.2330 0.0241 0.3113 
     D237273 11 0.0310 0.1203 0.0525 0.3701 0.0390 0.1343 0.2529 
     D237301 11 0.1667 0.0482 0.1404 0.2467 0.0735 0.1316 0.1930 
     D237302 11 0.0537 0.0539 0.0461 0.0699 0.0514 0.0859 0.6391 
     D237303 11 0.1088 0.0302 0.2823 0.0263 0.4419 0.0547 0.0556 
     D237304 11 0.1049 0.0623 0.1081 0.1382 0.2509 0.1958 0.1398 
     D237305 11 0.0323 0.2824 0.0412 0.2778 0.1350 0.0717 0.1597 
     D237314 11 0.0786 0.1763 0.0413 0.2018 0.1251 0.2992 0.0777 
     D237315 11 0.1541 0.0771 0.0329 0.0275 0.4813 0.0934 0.1338 
     D237316 11 0.3175 0.0249 0.0747 0.1476 0.0298 0.2613 0.1442 
     D237328 11 0.2220 0.0516 0.0567 0.0752 0.3427 0.0584 0.1933 
     D237329 11 0.1219 0.3388 0.1848 0.0729 0.1677 0.0264 0.0874 
     D237330 11 0.0281 0.1038 0.0756 0.3694 0.0729 0.2932 0.0570 
     D237331 11 0.1621 0.2560 0.0502 0.1670 0.0367 0.1981 0.1300 
     D237332 11 0.1081 0.1163 0.0425 0.2062 0.0303 0.0663 0.4303 
     D237333 11 0.0760 0.3541 0.1040 0.1341 0.0291 0.2388 0.0639 
     D237334 11 0.5023 0.0507 0.0739 0.0981 0.0536 0.0835 0.1380 
     D237335 11 0.0629 0.0857 0.0659 0.3699 0.1197 0.1146 0.1814 
     D237336 11 0.1100 0.5892 0.0298 0.0703 0.0507 0.0676 0.0825 
     D237350 11 0.0299 0.0455 0.0705 0.3404 0.0212 0.4052 0.0872 
     D237383 11 0.0666 0.3548 0.0787 0.0867 0.0742 0.0852 0.2538 
     D237384 11 0.5987 0.1451 0.0358 0.0364 0.0641 0.0640 0.0559 
     D237385 11 0.0926 0.1576 0.1577 0.1753 0.1022 0.1407 0.1739 
     D237386 11 0.1628 0.0508 0.3227 0.1227 0.2287 0.0470 0.0653 
     D237387 11 0.0898 0.0320 0.0365 0.2262 0.0330 0.0773 0.5052 
     D237388 11 0.1188 0.0554 0.0441 0.1976 0.0695 0.4604 0.0542 
        D239 11 0.0910 0.4410 0.0553 0.1064 0.0625 0.1780 0.0658 
        D240 11 0.0348 0.7565 0.0514 0.0323 0.0249 0.0450 0.0550 
        D241 11 0.2104 0.4953 0.0347 0.0483 0.0340 0.0258 0.1515 
        D242 11 0.2131 0.1956 0.1745 0.0923 0.0924 0.1358 0.0963 
        D243 11 0.0841 0.5268 0.0365 0.1888 0.0540 0.0305 0.0792 
        D244 11 0.0937 0.2124 0.0363 0.5200 0.0386 0.0245 0.0744 
        D245 11 0.0422 0.0684 0.0426 0.0274 0.3705 0.1273 0.3217 
        D246 11 0.1189 0.0929 0.0518 0.1384 0.3360 0.1587 0.1035 
        D247 11 0.0610 0.1886 0.0631 0.0715 0.0418 0.5197 0.0542 
        D248 11 0.4365 0.0504 0.2912 0.0790 0.0460 0.0388 0.0581 
        D249 11 0.0610 0.0383 0.0280 0.0624 0.4595 0.2835 0.0673 
        D250 11 0.1997 0.0577 0.3306 0.2167 0.0686 0.0879 0.0387 
        D251 11 0.0697 0.0977 0.0338 0.0953 0.2575 0.3348 0.1113 
        D252 11 0.3072 0.0271 0.0357 0.0540 0.1891 0.0759 0.3109 
        D253 11 0.0456 0.1564 0.0593 0.2062 0.0559 0.0762 0.4004 
        D254 11 0.0569 0.0383 0.5040 0.0427 0.2275 0.0202 0.1104 
        D255 11 0.1626 0.0475 0.1468 0.2198 0.1342 0.1963 0.0927 
        D256 11 0.2152 0.4920 0.0400 0.0770 0.0512 0.0526 0.0720 
        D257 11 0.0605 0.1129 0.0761 0.1195 0.5125 0.0646 0.0539 
        D258 11 0.1972 0.0447 0.0248 0.0513 0.5627 0.0760 0.0431 
        D259 11 0.1373 0.0794 0.1425 0.0488 0.2326 0.1377 0.2217 
        D260 11 0.0487 0.0576 0.0696 0.1228 0.0558 0.3566 0.2890 
        D261 11 0.0907 0.0745 0.0299 0.0518 0.0660 0.5883 0.0987 
        D262 11 0.0724 0.0687 0.0862 0.0569 0.2841 0.1364 0.2953 
        D263 11 0.1277 0.0543 0.0310 0.2651 0.0536 0.3634 0.1049 
        D264 11 0.0393 0.0350 0.1015 0.1588 0.1727 0.0829 0.4099 
        D265 11 0.0681 0.1270 0.3867 0.0996 0.2234 0.0334 0.0620 
        D266 11 0.2750 0.1527 0.1713 0.1860 0.0363 0.1293 0.0495 
        D267 11 0.1067 0.1744 0.0380 0.2151 0.1037 0.2508 0.1115 
        D268 11 0.0886 0.2106 0.0671 0.3887 0.0890 0.1019 0.0541 
        D269 11 0.4373 0.0456 0.0385 0.1419 0.0502 0.0967 0.1899 
