        D023  2 0.0171 0.0200 0.0247 0.7838 0.0198 0.1006 0.0341 
        D130  2 0.0144 0.0934 0.0219 0.5481 0.2342 0.0593 0.0287 
        D131  2 0.0366 0.1585 0.1087 0.0283 0.3728 0.2595 0.0356 
        D163  2 0.0504 0.0351 0.0693 0.6940 0.0443 0.0848 0.0220 
        D164  2 0.0146 0.4474 0.0137 0.0947 0.3658 0.0335 0.0302 
        D165  2 0.0134 0.0149 0.0255 0.8574 0.0207 0.0391 0.0290 
        D166  2 0.0237 0.0338 0.0517 0.2619 0.3217 0.0828 0.2244 
        D167  2 0.0616 0.2324 0.0342 0.5842 0.0335 0.0311 0.0231 
        D192  2 0.0256 0.1999 0.0412 0.6828 0.0116 0.0147 0.0241 
        D193  2 0.3544 0.0443 0.0534 0.0619 0.0509 0.1063 0.3288 
        D206  2 0.0272 0.2010 0.0214 0.0925 0.0793 0.5251 0.0535 
        D207  2 0.0249 0.5273 0.2058 0.0916 0.0538 0.0543 0.0423 
        D208  2 0.2720 0.0413 0.3704 0.1556 0.0347 0.0491 0.0769 
        D209  2 0.0191 0.0205 0.0166 0.8237 0.0275 0.0429 0.0497 
        D210  2 0.4262 0.1162 0.3022 0.0487 0.0221 0.0295 0.0550 
     D229599  2 0.0431 0.0173 0.2244 0.1493 0.0437 0.4280 0.0941 
     D229600  2 0.0161 0.0847 0.0406 0.7241 0.0591 0.0437 0.0317 
     D237227  2 0.3592 0.0182 0.1294 0.1662 0.2517 0.0524 0.0230 
     D237228  2 0.1703 0.0344 0.0611 0.0445 0.6454 0.0161 0.0281 
     D237258  2 0.0618 0.0663 0.1810 0.2263 0.1169 0.1359 0.2117 
     D237310  2 0.0248 0.0162 0.0225 0.0153 0.8868 0.0117 0.0228 
     D237311  2 0.0255 0.0611 0.0288 0.0493 0.7950 0.0170 0.0233 
     D237312  2 0.0427 0.0446 0.0282 0.0233 0.6744 0.0272 0.1596 
     D237313  2 0.0886 0.0532 0.0452 0.0464 0.0659 0.6515 0.0492 
     D237322  2 0.1063 0.0764 0.4091 0.0800 0.1752 0.0505 0.1026 
     D237323  2 0.0824 0.0152 0.0880 0.0272 0.7444 0.0144 0.0284 
     D237324  2 0.0295 0.1881 0.1229 0.4884 0.0709 0.0689 0.0312 
     D237325  2 0.1005 0.1066 0.0318 0.0971 0.5747 0.0280 0.0613 
     D237326  2 0.0911 0.1200 0.0345 0.0316 0.6106 0.0685 0.0437 
     D237327  2 0.0307 0.0401 0.7251 0.1130 0.0208 0.0161 0.0541 
     D237337  2 0.0370 0.0195 0.0169 0.0164 0.8674 0.0248 0.0180 
     D237338  2 0.1825 0.0676 0.0873 0.2121 0.3078 0.0440 0.0988 
     D237339  2 0.0239 0.5480 0.0508 0.0641 0.0202 0.0789 0.2140 
     D237340  2 0.1803 0.1181 0.0622 0.0951 0.4300 0.0270 0.0874 
     D237389  2 0.0222 0.0409 0.0170 0.0619 0.8024 0.0135 0.0421 
     D237390  2 0.1062 0.0639 0.0572 0.0329 0.5273 0.0401 0.1724 
     D244017  2 0.3295 0.0392 0.0942 0.3376 0.0547 0.1027 0.0422 
     D244112  2 0.0279 0.1819 0.0147 0.7105 0.0273 0.0133 0.0244 
     D244118  2 0.0225 0.0260 0.0187 0.8899 0.0120 0.0138 0.0171 
     D244119  2 0.6992 0.1022 0.0403 0.0727 0.0398 0.0316 0.0143 
     D244120  2 0.1396 0.0615 0.0951 0.2856 0.1237 0.0220 0.2726 
     D244122  2 0.0660 0.1364 0.0201 0.6859 0.0195 0.0277 0.0444 
        D291  2 0.0188 0.0281 0.6798 0.1280 0.0275 0.1052 0.0126 
        D292  2 0.1803 0.0491 0.2058 0.1895 0.0291 0.2929 0.0532 
        D293  2 0.0105 0.9227 0.0133 0.0105 0.0110 0.0193 0.0126 
        D322  2 0.0181 0.7657 0.0330 0.0370 0.0374 0.0601 0.0487 
        D323  2 0.0947 0.1881 0.0555 0.1009 0.0742 0.3619 0.1247 
        D324  2 0.0419 0.0945 0.4697 0.0448 0.1299 0.1909 0.0283 
        D325  2 0.0122 0.8995 0.0253 0.0147 0.0123 0.0208 0.0152 
        D326  2 0.0211 0.0238 0.0247 0.0135 0.0193 0.8851 0.0126 
        D340  2 0.0200 0.8887 0.0205 0.0190 0.0158 0.0166 0.0193 
        D341  2 0.0357 0.8341 0.0199 0.0223 0.0424 0.0243 0.0213 
        D342  2 0.0281 0.3479 0.0653 0.4225 0.0513 0.0528 0.0322 
        D343  2 0.0089 0.9330 0.0139 0.0112 0.0097 0.0117 0.0116 
        D344  2 0.0195 0.0266 0.0160 0.0681 0.0605 0.4829 0.3264 
        D345  2 0.0496 0.0358 0.1013 0.0814 0.0264 0.5991 0.1064 
        D346  2 0.3338 0.0885 0.0804 0.0464 0.1239 0.1935 0.1334 
        D351  2 0.0208 0.2113 0.2399 0.0294 0.1580 0.2818 0.0588 
        D352  2 0.0740 0.0503 0.0388 0.0467 0.0773 0.1101 0.6028 
        D353  2 0.0187 0.0409 0.0586 0.0416 0.0417 0.4941 0.3045 
        D354  2 0.0425 0.0168 0.0186 0.0200 0.0294 0.3919 0.4808 
        D362  2 0.0352 0.0329 0.0443 0.1511 0.0292 0.6746 0.0327 
        D363  2 0.0398 0.0249 0.0350 0.0800 0.0272 0.7733 0.0197 
        D364  2 0.0262 0.0152 0.0168 0.0627 0.0261 0.6811 0.1718 
        D365  2 0.0179 0.9121 0.0130 0.0100 0.0154 0.0149 0.0166 
        D369  2 0.2022 0.1732 0.0623 0.0747 0.3159 0.1473 0.0244 
        D374  2 0.6800 0.0136 0.0176 0.0250 0.0137 0.0321 0.2179 
        D375  2 0.0171 0.0108 0.0161 0.0323 0.0241 0.2055 0.6941 
        D376  2 0.6399 0.0224 0.0186 0.0397 0.0222 0.0289 0.2282 
        D377  2 0.0702 0.1419 0.0421 0.0417 0.3477 0.1584 0.1979 
        D378  2 0.0236 0.3562 0.1050 0.0758 0.0287 0.2665 0.1442 
        D379  2 0.0310 0.0363 0.0234 0.0283 0.0224 0.8339 0.0248 
        D384  2 0.0319 0.0240 0.0213 0.0149 0.0164 0.8773 0.0142 
        D385  2 0.0322 0.6973 0.0155 0.0299 0.0336 0.0256 0.1658 
        D386  2 0.0165 0.0648 0.0401 0.0235 0.0204 0.3404 0.4944 
        D391  2 0.0118 0.8779 0.0163 0.0155 0.0211 0.0273 0.0301 
        D392  2 0.0433 0.4552 0.0392 0.1046 0.2251 0.1120 0.0206 
        D393  2 0.0236 0.1876 0.1989 0.0277 0.0245 0.3947 0.1431 
        D394  2 0.1208 0.0776 0.0904 0.2668 0.1214 0.0938 0.2292 
        D395  2 0.0185 0.2693 0.0508 0.0423 0.0431 0.0324 0.5435 
        D401  2 0.0238 0.0155 0.0182 0.0203 0.8975 0.0123 0.0124 
        D402  2 0.0199 0.8213 0.0283 0.0158 0.0253 0.0298 0.0595 
        D403  2 0.0187 0.0417 0.0347 0.1003 0.0362 0.6116 0.1569 
        D415  2 0.0141 0.0979 0.0336 0.0502 0.3669 0.3942 0.0430 
        D435  2 0.0193 0.5741 0.0744 0.0395 0.0496 0.1804 0.0628 
        D436  2 0.1161 0.2303 0.0372 0.0787 0.0562 0.1041 0.3774 
        D438  2 0.0186 0.8943 0.0156 0.0244 0.0158 0.0156 0.0158 
        D439  2 0.0248 0.0665 0.0672 0.0896 0.0266 0.4670 0.2583 
        D449  2 0.0270 0.4704 0.0165 0.3087 0.0247 0.1326 0.0201 
        D450  2 0.0934 0.0189 0.1080 0.1122 0.2024 0.2607 0.2044 
        D456  2 0.0133 0.0382 0.0666 0.0148 0.0200 0.8329 0.0143 
        D462  2 0.0119 0.8647 0.0124 0.0317 0.0157 0.0268 0.0368 
        D463  2 0.0237 0.0149 0.0156 0.0122 0.0133 0.9031 0.0171 
        D464  2 0.0437 0.0862 0.0376 0.0488 0.0952 0.2573 0.4313 
        D465  2 0.0215 0.6017 0.0153 0.0255 0.2598 0.0531 0.0231 
        D473  2 0.2456 0.0510 0.0994 0.0409 0.3396 0.0347 0.1887 
        D474  2 0.0965 0.0513 0.2221 0.0709 0.0389 0.4832 0.0372 
        D476  2 0.0162 0.1002 0.0456 0.4912 0.0378 0.0880 0.2210 
        D477  2 0.0439 0.0175 0.0754 0.0189 0.0639 0.5268 0.2537 
        D478  2 0.0569 0.0259 0.1562 0.3961 0.0312 0.2676 0.0660 
        D480  2 0.0844 0.3912 0.0689 0.0298 0.0373 0.2005 0.1880 
        D481  2 0.1232 0.0277 0.1170 0.0862 0.0482 0.4292 0.1686 
        D482  2 0.1072 0.0314 0.2894 0.0400 0.0587 0.0455 0.4280 
        D483  2 0.0795 0.1819 0.0465 0.6268 0.0204 0.0260 0.0188 
        D484  2 0.0250 0.0251 0.0244 0.0202 0.0166 0.0143 0.8745 
        D510  2 0.6928 0.0344 0.0663 0.0465 0.0312 0.0417 0.0870 
        D511  2 0.0284 0.1348 0.0586 0.0373 0.0324 0.1913 0.5172 
        D512  2 0.0092 0.0404 0.0200 0.0210 0.8691 0.0182 0.0222 
        D513  2 0.0397 0.7736 0.0431 0.0188 0.0372 0.0634 0.0242 
        D635  2 0.0262 0.0283 0.0779 0.2862 0.0270 0.5216 0.0327 
        D636  2 0.0207 0.0176 0.0224 0.7199 0.0407 0.1532 0.0255 
        D637  2 0.0946 0.2317 0.0537 0.0490 0.1689 0.0674 0.3347 
        D658  2 0.0998 0.2598 0.0311 0.1271 0.1826 0.0219 0.2777 
        D659  2 0.0813 0.1073 0.0848 0.1725 0.0223 0.4841 0.0475 
        D677  2 0.0323 0.2069 0.0508 0.1073 0.1735 0.3840 0.0451 
        D678  2 0.0167 0.0376 0.0203 0.8577 0.0257 0.0196 0.0224 
        D679  2 0.0690 0.1319 0.0965 0.0246 0.0300 0.5774 0.0707 
        D719  2 0.2974 0.3336 0.0604 0.0274 0.0766 0.1726 0.0320 
        D720  2 0.0702 0.2966 0.0587 0.0237 0.0444 0.4846 0.0218 
        D721  2 0.0270 0.0267 0.0300 0.8173 0.0179 0.0340 0.0470 
        D722  2 0.4769 0.0589 0.0419 0.0654 0.0413 0.1080 0.2076 
        D734  2 0.1569 0.2020 0.0371 0.0271 0.0365 0.0416 0.4989 
        D735  2 0.0746 0.0952 0.1122 0.0763 0.1145 0.4472 0.0800 
        D736  2 0.2446 0.0511 0.3901 0.0706 0.0588 0.1089 0.0760 
        D737  2 0.0627 0.0224 0.0590 0.7260 0.0305 0.0268 0.0726 
        D807  2 0.2300 0.1094 0.1754 0.0904 0.1088 0.1578 0.1282 
        D808  2 0.0243 0.0782 0.0500 0.0325 0.7290 0.0597 0.0263 
        D817  2 0.0304 0.0439 0.0367 0.0455 0.0538 0.7427 0.0471 
        D818  2 0.0332 0.4200 0.2578 0.0469 0.0657 0.1286 0.0478 
        D819  2 0.0372 0.0264 0.0372 0.0668 0.6013 0.1807 0.0503 
        D820  2 0.0237 0.6962 0.0286 0.0206 0.0197 0.1767 0.0346 
        D895  2 0.0582 0.0582 0.0373 0.2973 0.0515 0.4484 0.0492 
        D896  2 0.0248 0.0149 0.0143 0.0128 0.9099 0.0102 0.0132 
        D897  2 0.0429 0.5379 0.0710 0.1701 0.0721 0.0446 0.0614 
        D898  2 0.0513 0.0165 0.3117 0.1070 0.2802 0.1860 0.0473 
        D918  2 0.0952 0.1748 0.0753 0.0455 0.4342 0.0496 0.1253 
        D919  2 0.0271 0.1196 0.0837 0.0853 0.0199 0.4386 0.2258 
        D920  2 0.0373 0.0348 0.0255 0.7515 0.0830 0.0394 0.0284 
        D923  2 0.0219 0.0389 0.0248 0.0420 0.0289 0.7416 0.1019 
        D930  2 0.1049 0.1061 0.0320 0.0183 0.1675 0.4240 0.1472 
        D931  2 0.0393 0.1188 0.0582 0.0769 0.0967 0.1772 0.4328 
        D968  2 0.0169 0.8697 0.0308 0.0170 0.0203 0.0230 0.0222 
        D969  2 0.0946 0.0914 0.2347 0.1106 0.0518 0.3671 0.0497 
        D977  2 0.0218 0.7351 0.0557 0.0542 0.0459 0.0342 0.0531 
        D978  2 0.0364 0.0782 0.5173 0.0845 0.0359 0.2080 0.0396 
        D009  4 0.0320 0.0238 0.0726 0.5705 0.1979 0.0631 0.0400 
        D057  4 0.0291 0.1856 0.0462 0.5915 0.0310 0.0214 0.0952 
        D109  4 0.0515 0.0192 0.0209 0.0331 0.8056 0.0223 0.0474 
     D237222  4 0.1019 0.0508 0.0255 0.7432 0.0202 0.0311 0.0273 
     D237223  4 0.1048 0.5966 0.0444 0.0344 0.1173 0.0230 0.0796 
     D237224  4 0.0389 0.0492 0.1818 0.0801 0.0270 0.4080 0.2151 
     D237225  4 0.0640 0.1390 0.1091 0.4468 0.0696 0.1432 0.0283 
     D237299  4 0.0336 0.0454 0.0925 0.0400 0.7140 0.0450 0.0295 
     D237300  4 0.0499 0.0441 0.7453 0.0424 0.0334 0.0294 0.0555 
     D237306  4 0.6412 0.0925 0.0220 0.0519 0.0829 0.0343 0.0751 
     D237307  4 0.2606 0.1046 0.1077 0.0749 0.0642 0.3607 0.0274 
     D237308  4 0.1336 0.2290 0.0401 0.3071 0.0498 0.0850 0.1554 
     D237309  4 0.0281 0.0396 0.0916 0.5611 0.0529 0.1673 0.0594 
     D237317  4 0.2059 0.0362 0.1054 0.1565 0.0299 0.4327 0.0334 
     D237318  4 0.0264 0.0427 0.8337 0.0269 0.0252 0.0292 0.0160 
     D237319  4 0.0535 0.0676 0.0759 0.0964 0.3372 0.3259 0.0434 
     D237320  4 0.0420 0.5394 0.0847 0.0350 0.2342 0.0331 0.0316 
     D237321  4 0.0560 0.0281 0.5475 0.1275 0.1013 0.1113 0.0282 
     D237397  4 0.3725 0.4057 0.0476 0.0824 0.0406 0.0264 0.0248 
     D237398  4 0.0142 0.0421 0.7496 0.0221 0.0304 0.0932 0.0484 
     D237399  4 0.1610 0.0527 0.4809 0.0838 0.0655 0.1167 0.0395 
     D244001  4 0.0493 0.0553 0.0211 0.7714 0.0192 0.0235 0.0601 
        D289  4 0.3150 0.1615 0.1618 0.1273 0.0343 0.0870 0.1130 
        D290  4 0.0348 0.0515 0.6048 0.2104 0.0419 0.0243 0.0324 
        D294  4 0.0579 0.0430 0.3144 0.2294 0.0440 0.0847 0.2266 
        D295  4 0.1058 0.1315 0.0606 0.1219 0.3123 0.1484 0.1194 
        D301  4 0.0973 0.0261 0.0481 0.7017 0.0552 0.0347 0.0369 
        D302  4 0.0161 0.0285 0.0266 0.0506 0.0181 0.1397 0.7203 
        D303  4 0.6321 0.0332 0.0344 0.0806 0.1092 0.0294 0.0810 
        D304  4 0.0495 0.0279 0.6872 0.1119 0.0191 0.0812 0.0232 
        D305  4 0.0227 0.0578 0.0906 0.3186 0.0205 0.0919 0.3979 
        D306  4 0.0760 0.0219 0.3027 0.3338 0.0907 0.1334 0.0415 
        D307  4 0.0621 0.0131 0.0712 0.7492 0.0466 0.0199 0.0378 
        D327  4 0.0412 0.0986 0.0382 0.0409 0.0503 0.6984 0.0324 
        D328  4 0.1826 0.0264 0.0274 0.0615 0.0903 0.0312 0.5805 
        D329  4 0.0540 0.0269 0.1254 0.5305 0.0370 0.0441 0.1821 
        D330  4 0.0299 0.2260 0.0215 0.2549 0.1861 0.1745 0.1071 
        D331  4 0.1005 0.0324 0.4402 0.1066 0.0743 0.1951 0.0511 
        D333  4 0.1730 0.1654 0.0759 0.2708 0.0886 0.0383 0.1880 
        D334  4 0.5452 0.0346 0.1747 0.1030 0.0360 0.0580 0.0485 
        D335  4 0.0401 0.1560 0.0239 0.0882 0.0279 0.3580 0.3060 
        D370  4 0.2201 0.0296 0.0413 0.1033 0.1157 0.1141 0.3759 
        D371  4 0.6839 0.0345 0.0251 0.0253 0.0488 0.0982 0.0842 
        D372  4 0.0403 0.0258 0.7701 0.0958 0.0238 0.0224 0.0218 
        D373  4 0.0214 0.0181 0.0510 0.8056 0.0252 0.0349 0.0439 
        D455  4 0.0239 0.0173 0.0755 0.8019 0.0294 0.0262 0.0259 
        D490  4 0.0259 0.0125 0.0196 0.6519 0.2454 0.0149 0.0298 
        D497  4 0.0203 0.0137 0.0488 0.6089 0.2304 0.0171 0.0608 
        D498  4 0.1840 0.0452 0.4269 0.1011 0.1398 0.0664 0.0364 
        D499  4 0.0442 0.1014 0.0512 0.0362 0.5044 0.0871 0.1756 
        D514  4 0.0185 0.0381 0.0903 0.1862 0.2127 0.3168 0.1376 
        D515  4 0.0254 0.3047 0.0255 0.0342 0.4650 0.0379 0.1073 
        D516  4 0.1787 0.4351 0.0411 0.1236 0.1131 0.0747 0.0338 
        D517  4 0.0348 0.0269 0.0648 0.7412 0.0470 0.0566 0.0286 
        D518  4 0.0764 0.1242 0.0171 0.4908 0.0287 0.0566 0.2062 
        D519  4 0.0224 0.5396 0.0512 0.0247 0.3125 0.0288 0.0207 
        D560  4 0.0288 0.4185 0.0479 0.0440 0.2825 0.0951 0.0832 
        D561  4 0.0190 0.1069 0.0391 0.1995 0.3579 0.2223 0.0554 
        D562  4 0.1140 0.0628 0.2398 0.3033 0.0587 0.1251 0.0963 
        D563  4 0.0226 0.1471 0.0986 0.2101 0.1007 0.0624 0.3585 
        D572  4 0.0577 0.0743 0.0378 0.1329 0.0392 0.0670 0.5911 
        D629  4 0.0286 0.0458 0.1082 0.0428 0.0471 0.5921 0.1354 
        D630  4 0.0932 0.0724 0.1671 0.2690 0.0841 0.1413 0.1728 
        D631  4 0.0356 0.2110 0.0461 0.1981 0.0545 0.0279 0.4269 
        D632  4 0.0163 0.0477 0.0181 0.3962 0.0672 0.0919 0.3626 
        D646  4 0.0619 0.6587 0.0233 0.0796 0.1077 0.0500 0.0187 
        D647  4 0.0246 0.2963 0.0519 0.0992 0.0851 0.3377 0.1052 
        D648  4 0.0757 0.0186 0.0127 0.0984 0.0407 0.0192 0.7346 
        D649  4 0.0227 0.0313 0.0308 0.0455 0.2958 0.3833 0.1906 
        D650  4 0.1142 0.1369 0.0849 0.0484 0.2248 0.3091 0.0818 
        D708  4 0.2795 0.0317 0.0653 0.1116 0.1085 0.1923 0.2111 
        D709  4 0.0616 0.0634 0.1527 0.1970 0.3225 0.1149 0.0879 
        D738  4 0.7710 0.0625 0.0314 0.0312 0.0536 0.0265 0.0238 
        D739  4 0.0587 0.0366 0.1468 0.4940 0.1294 0.0537 0.0807 
        D740  4 0.2213 0.0417 0.3112 0.0969 0.1906 0.0654 0.0728 
        D741  4 0.0198 0.7602 0.0165 0.0174 0.1385 0.0237 0.0241 
        D742  4 0.0576 0.6395 0.0641 0.0499 0.0887 0.0376 0.0627 
        D743  4 0.0332 0.1782 0.0606 0.0483 0.0312 0.3958 0.2526 
        D744  4 0.0203 0.0682 0.0399 0.0244 0.0324 0.0925 0.7223 
        D745  4 0.0310 0.3191 0.0423 0.0303 0.4846 0.0272 0.0655 
        D814  4 0.0272 0.3112 0.0472 0.4309 0.0215 0.0395 0.1225 
        D815  4 0.0510 0.0793 0.0688 0.0687 0.0562 0.2213 0.4547 
        D828  4 0.2926 0.0380 0.0754 0.1935 0.0729 0.0493 0.2782 
        D845  4 0.0618 0.1347 0.7337 0.0147 0.0151 0.0223 0.0177 
        D846  4 0.0156 0.0805 0.0739 0.3394 0.0231 0.3533 0.1142 
        D847  4 0.0525 0.0671 0.5499 0.0767 0.1177 0.0983 0.0378 
        D848  4 0.0197 0.0195 0.1244 0.7865 0.0146 0.0138 0.0215 
        D849  4 0.0245 0.2712 0.0407 0.3405 0.2126 0.0626 0.0479 
        D850  4 0.0813 0.3497 0.2076 0.0685 0.0624 0.1661 0.0643 
        D856  4 0.0319 0.0284 0.0400 0.0299 0.6765 0.1370 0.0563 
        D857  4 0.0529 0.0369 0.0304 0.0749 0.7220 0.0182 0.0647 
        D859  4 0.0601 0.1025 0.1141 0.1054 0.0484 0.1493 0.4204 
        D860  4 0.5231 0.0447 0.2385 0.0482 0.0136 0.0804 0.0514 
        D883  4 0.1910 0.0574 0.0970 0.2385 0.1773 0.1277 0.1111 
        D884  4 0.1768 0.3134 0.0179 0.0403 0.2909 0.0357 0.1250 
        D885  4 0.0319 0.4863 0.0861 0.0577 0.1865 0.1015 0.0500 
        D886  4 0.0621 0.1295 0.1105 0.2435 0.1782 0.2023 0.0739 
        D887  4 0.0462 0.0610 0.3103 0.0476 0.1027 0.1087 0.3234 
        D889  4 0.0225 0.0180 0.8336 0.0445 0.0133 0.0313 0.0368 
        D890  4 0.1055 0.0442 0.0545 0.1569 0.1431 0.1541 0.3416 
        D891  4 0.0119 0.0157 0.9273 0.0085 0.0094 0.0162 0.0110 
        D899  4 0.1329 0.3753 0.1415 0.1642 0.0400 0.0410 0.1052 
        D900  4 0.0628 0.0970 0.2860 0.1462 0.0978 0.2034 0.1067 
        D970  4 0.0694 0.0357 0.3633 0.2466 0.0259 0.1590 0.1002 
        D971  4 0.0622 0.4181 0.0307 0.1411 0.0728 0.1614 0.1136 
        D979  4 0.0336 0.0934 0.0225 0.0320 0.0189 0.6452 0.1543 
        D093  5 0.7298 0.0251 0.0789 0.0452 0.0639 0.0244 0.0326 
        D154  5 0.0641 0.5330 0.1007 0.0435 0.1473 0.0558 0.0553 
        D168  5 0.0390 0.4744 0.0728 0.1842 0.0982 0.0843 0.0472 
        D189  5 0.3863 0.0647 0.3218 0.0554 0.0575 0.0381 0.0761 
        D190  5 0.7122 0.0341 0.0297 0.0330 0.0411 0.0753 0.0746 
     D237220  5 0.0810 0.0260 0.6773 0.0535 0.0945 0.0342 0.0334 
     D237221  5 0.3211 0.1203 0.2240 0.0548 0.0678 0.1748 0.0373 
     D237274  5 0.0198 0.1157 0.0248 0.0403 0.0278 0.6702 0.1013 
     D237275  5 0.0746 0.4366 0.1529 0.1822 0.0989 0.0335 0.0214 
     D237276  5 0.4085 0.1396 0.0506 0.0924 0.1462 0.0541 0.1087 
     D237277  5 0.4957 0.0420 0.1739 0.0279 0.0508 0.0891 0.1206 
     D237278  5 0.1890 0.1288 0.0418 0.2600 0.2158 0.0494 0.1153 
     D237279  5 0.0189 0.0163 0.1137 0.0460 0.6596 0.0865 0.0591 
     D237280  5 0.1226 0.0193 0.0458 0.2929 0.0994 0.3476 0.0725 
     D237281  5 0.0582 0.5247 0.2159 0.0662 0.0261 0.0790 0.0300 
     D237351  5 0.0988 0.0471 0.0226 0.0211 0.7618 0.0285 0.0201 
     D237352  5 0.0592 0.1609 0.0314 0.4527 0.0483 0.1235 0.1240 
     D237353  5 0.7732 0.0189 0.0308 0.0191 0.0301 0.0901 0.0377 
     D237359  5 0.0487 0.0291 0.7360 0.0464 0.0515 0.0508 0.0374 
     D237361  5 0.7454 0.0255 0.0715 0.0261 0.0608 0.0420 0.0288 
     D237362  5 0.1247 0.1450 0.0287 0.0547 0.1482 0.4435 0.0553 
     D237363  5 0.0661 0.1513 0.0497 0.0739 0.2023 0.4375 0.0192 
     D237364  5 0.0165 0.2151 0.0843 0.1760 0.2994 0.0945 0.1142 
     D237376  5 0.1254 0.0202 0.0353 0.0236 0.0836 0.0121 0.6998 
     D237377  5 0.1204 0.0281 0.0354 0.1401 0.3179 0.3114 0.0467 
     D237378  5 0.5984 0.0221 0.0572 0.1442 0.0402 0.0218 0.1161 
     D237379  5 0.2242 0.0487 0.0644 0.0663 0.1353 0.0631 0.3979 
     D237380  5 0.1092 0.0127 0.0172 0.0506 0.2172 0.0690 0.5240 
     D237381  5 0.0991 0.0395 0.0494 0.5941 0.0574 0.1086 0.0518 
     D237391  5 0.6544 0.0302 0.1608 0.0243 0.0440 0.0653 0.0209 
     D237392  5 0.0252 0.3446 0.0224 0.0401 0.0870 0.3564 0.1242 
     D237393  5 0.3428 0.0469 0.0583 0.2070 0.0443 0.2540 0.0466 
     D237394  5 0.8188 0.0171 0.0309 0.0183 0.0229 0.0659 0.0260 
     D237395  5 0.3400 0.0471 0.2192 0.0994 0.1765 0.0700 0.0478 
     D237396  5 0.1466 0.1473 0.1217 0.1243 0.0499 0.3705 0.0396 
     D244016  5 0.1966 0.1026 0.0850 0.0342 0.1657 0.2127 0.2032 
     D244018  5 0.2072 0.3925 0.1346 0.1520 0.0403 0.0413 0.0321 
     D244019  5 0.0462 0.1368 0.0631 0.0547 0.0348 0.6325 0.0319 
        D279  5 0.1024 0.3087 0.3023 0.0604 0.1191 0.0535 0.0536 
        D280  5 0.0675 0.0164 0.6970 0.0718 0.0534 0.0619 0.0321 
        D281  5 0.0654 0.2503 0.5641 0.0189 0.0381 0.0196 0.0436 
        D283  5 0.2694 0.0467 0.3455 0.0683 0.0356 0.2032 0.0312 
        D284  5 0.0361 0.0968 0.1514 0.0417 0.5352 0.0655 0.0733 
        D285  5 0.1622 0.0241 0.6525 0.0284 0.0348 0.0524 0.0454 
        D286  5 0.2673 0.0395 0.1347 0.1162 0.0674 0.1241 0.2509 
        D287  5 0.1128 0.0133 0.0457 0.0344 0.1527 0.0231 0.6179 
        D288  5 0.0440 0.0314 0.5755 0.0437 0.0214 0.2606 0.0234 
        D308  5 0.0339 0.0260 0.0250 0.0205 0.7391 0.1222 0.0334 
        D309  5 0.0180 0.0169 0.0160 0.0369 0.0158 0.0397 0.8568 
        D310  5 0.8370 0.0137 0.0614 0.0283 0.0164 0.0221 0.0211 
        D311  5 0.1437 0.1374 0.0314 0.0613 0.0656 0.4685 0.0920 
        D312  5 0.1239 0.0577 0.0936 0.2840 0.0716 0.1076 0.2617 
        D313  5 0.0603 0.0131 0.0124 0.2898 0.5983 0.0177 0.0084 
        D314  5 0.1608 0.1602 0.0509 0.1437 0.1660 0.0496 0.2688 
        D315  5 0.2768 0.0257 0.0631 0.2061 0.1020 0.2373 0.0889 
        D317  5 0.8537 0.0225 0.0222 0.0421 0.0173 0.0254 0.0167 
        D318  5 0.0541 0.1416 0.1438 0.0774 0.1273 0.2438 0.2120 
        D319  5 0.8614 0.0419 0.0188 0.0179 0.0290 0.0158 0.0153 
        D320  5 0.7128 0.0166 0.1125 0.0260 0.0349 0.0344 0.0629 
        D321  5 0.0515 0.0207 0.1363 0.0216 0.6019 0.1499 0.0181 
        D336  5 0.6988 0.0163 0.0362 0.0647 0.0525 0.0353 0.0962 
        D337  5 0.8502 0.0278 0.0301 0.0176 0.0170 0.0234 0.0339 
        D338  5 0.1207 0.1228 0.2127 0.0802 0.3245 0.0976 0.0415 
        D339  5 0.8112 0.0384 0.0348 0.0374 0.0390 0.0263 0.0129 
        D347  5 0.1580 0.0490 0.1123 0.4322 0.0170 0.1909 0.0406 
        D348  5 0.7803 0.0223 0.0247 0.0777 0.0106 0.0402 0.0441 
        D349  5 0.0544 0.0243 0.0403 0.0238 0.7886 0.0419 0.0268 
        D350  5 0.0172 0.0197 0.0211 0.0154 0.0188 0.0150 0.8929 
        D355  5 0.0210 0.6427 0.2117 0.0256 0.0289 0.0441 0.0260 
        D356  5 0.2637 0.0239 0.2088 0.1044 0.0874 0.2227 0.0891 
        D357  5 0.1667 0.0386 0.2317 0.1566 0.0906 0.1989 0.1169 
        D358  5 0.3168 0.0367 0.0798 0.1289 0.0724 0.0495 0.3158 
        D359  5 0.4164 0.0296 0.0516 0.0346 0.0323 0.4047 0.0308 
        D360  5 0.3377 0.0222 0.3031 0.0855 0.0737 0.1328 0.0450 
        D361  5 0.0245 0.0146 0.0131 0.0271 0.8867 0.0221 0.0118 
        D366  5 0.0334 0.7425 0.0262 0.0328 0.0403 0.0968 0.0280 
        D367  5 0.5346 0.0263 0.0884 0.0752 0.1444 0.0342 0.0969 
        D368  5 0.1307 0.0471 0.0326 0.0257 0.5978 0.1345 0.0315 
        D380  5 0.0370 0.0673 0.0422 0.0478 0.0378 0.1389 0.6290 
        D381  5 0.6230 0.0441 0.0968 0.0685 0.0382 0.1003 0.0291 
        D400  5 0.4175 0.1143 0.1183 0.1977 0.0294 0.0585 0.0644 
        D411  5 0.0117 0.0311 0.0192 0.4384 0.4366 0.0247 0.0383 
        D412  5 0.1884 0.0418 0.0778 0.5373 0.0173 0.1188 0.0187 
        D413  5 0.0230 0.5786 0.0379 0.0702 0.1138 0.1246 0.0520 
        D414  5 0.0223 0.0799 0.0383 0.0172 0.0243 0.0207 0.7973 
        D420  5 0.0282 0.0194 0.7572 0.0484 0.0576 0.0635 0.0257 
        D431  5 0.0277 0.0139 0.1572 0.0374 0.1872 0.0194 0.5572 
        D432  5 0.3893 0.0205 0.1648 0.2454 0.0365 0.0508 0.0928 
        D433  5 0.7170 0.0423 0.0410 0.0345 0.0516 0.0681 0.0455 
        D434  5 0.4984 0.0329 0.1915 0.0810 0.0602 0.0927 0.0434 
        D440  5 0.0262 0.0303 0.0188 0.0479 0.0443 0.0224 0.8100 
        D447  5 0.0220 0.1669 0.1117 0.2441 0.0583 0.3059 0.0911 
        D448  5 0.5822 0.0383 0.0386 0.2074 0.0309 0.0497 0.0530 
        D459  5 0.0189 0.8459 0.0706 0.0186 0.0132 0.0183 0.0145 
        D460  5 0.0349 0.0281 0.0296 0.0151 0.7655 0.1061 0.0207 
        D461  5 0.0199 0.0259 0.0233 0.0280 0.0207 0.0487 0.8336 
        D468  5 0.0732 0.0649 0.0229 0.0357 0.6078 0.1161 0.0794 
        D469  5 0.0952 0.0531 0.0948 0.0711 0.3217 0.2470 0.1171 
        D470  5 0.1431 0.0897 0.0258 0.4293 0.0555 0.1117 0.1449 
        D471  5 0.5647 0.0731 0.0583 0.0403 0.0378 0.1245 0.1013 
        D472  5 0.0269 0.2139 0.1329 0.0187 0.0160 0.5769 0.0146 
        D479  5 0.0419 0.3158 0.0163 0.4608 0.0178 0.0467 0.1006 
        D485  5 0.0387 0.0375 0.0556 0.0680 0.0696 0.0357 0.6949 
        D486  5 0.0625 0.0841 0.0328 0.1047 0.5800 0.0626 0.0733 
        D487  5 0.4206 0.0320 0.2015 0.1585 0.0437 0.0306 0.1132 
        D555  5 0.8548 0.0403 0.0331 0.0192 0.0135 0.0191 0.0202 
        D556  5 0.0473 0.0261 0.3903 0.0322 0.0780 0.0390 0.3872 
        D557  5 0.7982 0.0486 0.0212 0.0349 0.0229 0.0338 0.0405 
        D564  5 0.1851 0.0224 0.0282 0.0587 0.1865 0.1608 0.3583 
        D594  5 0.1310 0.0780 0.0799 0.4211 0.0391 0.2005 0.0504 
        D595  5 0.3618 0.0611 0.0700 0.1055 0.1422 0.1601 0.0993 
        D596  5 0.8463 0.0154 0.0337 0.0371 0.0149 0.0277 0.0249 
        D597  5 0.2731 0.3289 0.2456 0.0303 0.0169 0.0584 0.0469 
        D598  5 0.4250 0.0395 0.1064 0.1388 0.0444 0.0497 0.1961 
        D617  5 0.0321 0.1011 0.0280 0.6776 0.1021 0.0315 0.0276 
        D618  5 0.5008 0.0432 0.1490 0.0357 0.0392 0.1784 0.0538 
        D619  5 0.2196 0.0419 0.0395 0.0750 0.1237 0.4001 0.1002 
        D620  5 0.0389 0.8057 0.0370 0.0414 0.0209 0.0388 0.0174 
        D628  5 0.0268 0.0156 0.0229 0.0318 0.0215 0.0217 0.8597 
        D714  5 0.1112 0.0409 0.2003 0.0361 0.0555 0.0277 0.5283 
        D715  5 0.5921 0.0483 0.0724 0.0224 0.0291 0.2018 0.0340 
        D716  5 0.1187 0.1216 0.1476 0.2749 0.0339 0.1911 0.1122 
        D717  5 0.1887 0.0654 0.3264 0.0479 0.0497 0.2038 0.1181 
        D718  5 0.1191 0.0640 0.0689 0.1485 0.3966 0.0153 0.1875 
        D769  5 0.0232 0.0451 0.0234 0.8333 0.0200 0.0282 0.0268 
        D770  5 0.0330 0.1089 0.0330 0.0278 0.0789 0.0365 0.6819 
        D771  5 0.1052 0.0638 0.2586 0.1742 0.0609 0.0913 0.2461 
        D772  5 0.0675 0.0352 0.0653 0.0326 0.0373 0.0501 0.7121 
        D782  5 0.0340 0.0544 0.4260 0.0597 0.3307 0.0532 0.0420 
        D783  5 0.1408 0.1893 0.0538 0.0441 0.0408 0.0577 0.4735 
        D784  5 0.0531 0.0536 0.2165 0.0310 0.0383 0.4953 0.1122 
        D785  5 0.5405 0.0280 0.0270 0.0190 0.0956 0.1324 0.1575 
        D786  5 0.0272 0.1613 0.0245 0.4090 0.0825 0.1642 0.1314 
        D821  5 0.8042 0.0140 0.0474 0.0127 0.0387 0.0433 0.0396 
        D822  5 0.0820 0.1566 0.1048 0.0904 0.0641 0.4583 0.0437 
        D826  5 0.3497 0.2358 0.1296 0.0658 0.0948 0.0539 0.0704 
        D827  5 0.0270 0.4629 0.0339 0.0399 0.0471 0.3101 0.0792 
        D851  5 0.1263 0.0333 0.0556 0.1696 0.1188 0.4055 0.0910 
        D852  5 0.3166 0.0317 0.1984 0.0751 0.0402 0.0274 0.3106 
        D853  5 0.3092 0.0442 0.3654 0.0659 0.0766 0.0924 0.0463 
        D854  5 0.0189 0.1154 0.0894 0.0506 0.3035 0.3347 0.0874 
        D861  5 0.2068 0.1898 0.0786 0.0978 0.2448 0.1196 0.0626 
        D862  5 0.3393 0.1184 0.1046 0.0465 0.0575 0.2552 0.0785 
        D865  5 0.5631 0.0281 0.0801 0.1185 0.0821 0.0385 0.0897 
        D868  5 0.2288 0.1368 0.1846 0.0779 0.0721 0.2471 0.0528 
        D869  5 0.0253 0.0478 0.0202 0.5712 0.2708 0.0443 0.0205 
        D870  5 0.0169 0.0396 0.0355 0.2377 0.2539 0.3791 0.0372 
        D907  5 0.6811 0.0180 0.0289 0.1931 0.0249 0.0292 0.0248 
        D908  5 0.2707 0.0280 0.2715 0.1103 0.0466 0.0390 0.2339 
        D910  5 0.3834 0.3317 0.0740 0.0441 0.0383 0.0869 0.0416 
        D911  5 0.0333 0.5808 0.3148 0.0156 0.0176 0.0201 0.0178 
        D934  5 0.0402 0.0320 0.0916 0.0729 0.1064 0.2128 0.4441 
        D946  5 0.0381 0.0146 0.1061 0.0643 0.1675 0.0304 0.5790 
        D947  5 0.0231 0.0449 0.4279 0.0710 0.1487 0.1272 0.1571 
        D948  5 0.1985 0.0197 0.0358 0.0458 0.5977 0.0828 0.0198 
        D949  5 0.0879 0.0205 0.0213 0.0293 0.7679 0.0459 0.0273 
        D950  5 0.0584 0.4636 0.3474 0.0233 0.0297 0.0468 0.0307 
        D951  5 0.0380 0.0730 0.0320 0.1899 0.0992 0.4231 0.1447 
        D952  5 0.0931 0.0754 0.1326 0.0524 0.0205 0.6022 0.0237 
        D953  5 0.5921 0.0242 0.1261 0.0343 0.0574 0.1133 0.0525 
        D954  5 0.1034 0.0213 0.0287 0.0140 0.0415 0.7657 0.0253 
        D961  5 0.0436 0.0202 0.0222 0.0271 0.0722 0.0195 0.7952 
        D962  5 0.2842 0.0135 0.0302 0.0484 0.0376 0.0687 0.5174 
        D963  5 0.2845 0.0903 0.1582 0.0355 0.0332 0.1412 0.2571 
        D964  5 0.0317 0.0387 0.2037 0.0616 0.3645 0.0977 0.2021 
        D965  5 0.0472 0.0546 0.0543 0.0916 0.0418 0.0846 0.6260 
        D966  5 0.1389 0.0420 0.1132 0.2459 0.0320 0.2055 0.2226 
        D967  5 0.2413 0.0673 0.4047 0.0826 0.0774 0.0967 0.0300 
        D991  5 0.1208 0.0312 0.0608 0.2622 0.0612 0.0319 0.4319 
        D132  8 0.0385 0.0450 0.0347 0.5354 0.2847 0.0273 0.0345 
        D133  8 0.0200 0.7179 0.0389 0.1604 0.0186 0.0196 0.0246 
        D200  8 0.0218 0.0257 0.5937 0.1804 0.0933 0.0216 0.0636 
        D500  8 0.0349 0.0173 0.0265 0.6191 0.2446 0.0244 0.0332 
        D614  8 0.4285 0.0322 0.1695 0.0860 0.1126 0.0431 0.1282 
        D723  8 0.0297 0.5560 0.0259 0.0586 0.2652 0.0435 0.0212 
        D888  8 0.0198 0.0247 0.8386 0.0248 0.0329 0.0304 0.0288 
        D901  8 0.0203 0.0604 0.0370 0.0177 0.8110 0.0167 0.0369 
        D902  8 0.5220 0.0345 0.0632 0.0267 0.1815 0.0182 0.1538 
        D903  8 0.0568 0.1152 0.0358 0.0349 0.0524 0.5972 0.1077 
        D904  8 0.0516 0.0501 0.0840 0.1756 0.0511 0.3106 0.2771 
        D905  8 0.0626 0.0128 0.8408 0.0216 0.0180 0.0152 0.0289 
        D906  8 0.0349 0.1738 0.1677 0.2706 0.0255 0.2393 0.0882 
        D937  8 0.8084 0.0209 0.0303 0.0139 0.0762 0.0142 0.0361 
        D943  8 0.0260 0.0643 0.6404 0.0748 0.0793 0.0644 0.0508 
        D972  8 0.0320 0.4679 0.0209 0.0743 0.3479 0.0249 0.0321 
        D973  8 0.0332 0.2336 0.0310 0.0385 0.5537 0.0790 0.0311 
        D974  8 0.0834 0.2430 0.1336 0.1508 0.2441 0.0872 0.0579 
        D975  8 0.0756 0.0484 0.5596 0.1775 0.0551 0.0244 0.0594 
        D976  8 0.1012 0.0431 0.2820 0.1017 0.2913 0.0578 0.1229 
        D142 10 0.0727 0.1117 0.1010 0.1590 0.0908 0.1702 0.2946 
        D143 10 0.0714 0.5733 0.0208 0.1990 0.0561 0.0246 0.0548 
        D144 10 0.0742 0.1050 0.1358 0.1069 0.0928 0.1705 0.3148 
        D145 10 0.0329 0.0410 0.7369 0.0470 0.0545 0.0271 0.0605 
        D146 10 0.0506 0.0663 0.0159 0.0851 0.4993 0.0626 0.2202 
        D147 10 0.0320 0.1390 0.0198 0.0344 0.4287 0.0595 0.2866 
        D148 10 0.0342 0.0297 0.0292 0.0754 0.3086 0.3339 0.1888 
        D149 10 0.0417 0.5133 0.1460 0.1686 0.0361 0.0569 0.0373 
        D151 10 0.0691 0.0538 0.2254 0.1024 0.3460 0.1663 0.0369 
        D152 10 0.0115 0.3403 0.2752 0.1864 0.0788 0.0472 0.0606 
        D153 10 0.0664 0.0646 0.0588 0.1453 0.3066 0.1317 0.2267 
        D156 10 0.0138 0.0265 0.0183 0.0273 0.0173 0.0522 0.8446 
        D157 10 0.2792 0.0181 0.0448 0.3902 0.1162 0.0617 0.0899 
        D158 10 0.0466 0.0265 0.2403 0.0368 0.5882 0.0193 0.0422 
        D159 10 0.0359 0.8100 0.0239 0.0499 0.0202 0.0389 0.0212 
        D160 10 0.1811 0.0123 0.7514 0.0110 0.0167 0.0119 0.0157 
        D161 10 0.0596 0.1392 0.0606 0.0528 0.0530 0.5254 0.1093 
        D162 10 0.0290 0.0330 0.0218 0.0226 0.0152 0.0534 0.8251 
        D169 10 0.0379 0.0319 0.2344 0.5088 0.1071 0.0588 0.0211 
        D170 10 0.0456 0.0208 0.0226 0.6520 0.0765 0.0730 0.1095 
        D171 10 0.0249 0.0199 0.0112 0.0220 0.0481 0.0416 0.8323 
        D172 10 0.0192 0.0529 0.0213 0.0318 0.0822 0.0301 0.7625 
        D173 10 0.0121 0.8546 0.0377 0.0254 0.0216 0.0246 0.0240 
        D181 10 0.1419 0.0371 0.0350 0.0211 0.0668 0.1553 0.5428 
        D182 10 0.0536 0.4325 0.1499 0.1307 0.0510 0.1008 0.0813 
        D183 10 0.6296 0.0180 0.1779 0.0513 0.0416 0.0594 0.0224 
        D184 10 0.0133 0.0156 0.0201 0.8015 0.0478 0.0754 0.0263 
        D185 10 0.0273 0.0446 0.0420 0.0382 0.1330 0.5321 0.1829 
        D186 10 0.0251 0.1900 0.0714 0.3784 0.2984 0.0190 0.0176 
        D194 10 0.0639 0.1982 0.0654 0.2292 0.1656 0.1904 0.0873 
        D195 10 0.1391 0.0923 0.2001 0.2654 0.0528 0.0638 0.1865 
        D196 10 0.1018 0.3734 0.1486 0.1195 0.0351 0.1435 0.0781 
        D197 10 0.0572 0.1129 0.0557 0.6134 0.1004 0.0280 0.0323 
        D198 10 0.0442 0.0304 0.0781 0.0250 0.1138 0.6662 0.0423 
     D237226 10 0.0227 0.0843 0.4992 0.0207 0.2295 0.1134 0.0301 
     D237232 10 0.1066 0.0538 0.5421 0.0796 0.1456 0.0376 0.0347 
     D237233 10 0.1204 0.0808 0.1441 0.1231 0.0660 0.0327 0.4329 
     D237234 10 0.0589 0.0304 0.0765 0.0317 0.0546 0.0441 0.7038 
     D237354 10 0.0247 0.0570 0.8404 0.0164 0.0167 0.0251 0.0196 
     D237355 10 0.0359 0.0252 0.8786 0.0105 0.0154 0.0153 0.0191 
     D237356 10 0.2049 0.0489 0.0548 0.0596 0.0415 0.5500 0.0401 
     D237357 10 0.0325 0.2663 0.0532 0.1856 0.3340 0.0403 0.0882 
     D237358 10 0.0400 0.0322 0.0242 0.8035 0.0126 0.0477 0.0399 
     D237369 10 0.0144 0.3668 0.0173 0.0279 0.5022 0.0246 0.0469 
     D237370 10 0.3689 0.1760 0.0734 0.0867 0.0783 0.0972 0.1195 
     D237371 10 0.0196 0.0174 0.0267 0.0758 0.0765 0.7687 0.0153 
     D237372 10 0.0465 0.2543 0.1091 0.4252 0.0421 0.0703 0.0526 
     D237373 10 0.0665 0.0404 0.3225 0.0518 0.3302 0.0504 0.1383 
     D237374 10 0.0809 0.0278 0.7227 0.0208 0.0266 0.0236 0.0977 
     D237375 10 0.0554 0.2303 0.1334 0.1412 0.1431 0.2065 0.0902 
     D237400 10 0.0544 0.3588 0.0616 0.3508 0.0376 0.0157 0.1211 
     D244002 10 0.0251 0.1256 0.0412 0.3304 0.2114 0.1268 0.1395 
     D244003 10 0.4494 0.0204 0.3638 0.0513 0.0359 0.0137 0.0655 
     D244004 10 0.8250 0.0093 0.0350 0.0119 0.0838 0.0114 0.0237 
     D244005 10 0.0277 0.0159 0.7770 0.1274 0.0156 0.0221 0.0142 
     D244020 10 0.0596 0.0552 0.0775 0.0306 0.1941 0.3676 0.2154 
     D244021 10 0.0569 0.4907 0.0233 0.0202 0.3496 0.0215 0.0378 
     D244116 10 0.0194 0.0470 0.0238 0.1434 0.0683 0.0251 0.6729 
     D244117 10 0.6214 0.0349 0.1691 0.0390 0.0353 0.0386 0.0617 
     D244121 10 0.5956 0.0287 0.0562 0.1359 0.0733 0.0319 0.0783 
     D244123 10 0.1379 0.0294 0.4414 0.1417 0.0588 0.0540 0.1369 
     D244124 10 0.0964 0.0567 0.0484 0.6167 0.0666 0.0507 0.0644 
        D332 10 0.0608 0.1747 0.0230 0.0735 0.1880 0.3555 0.1246 
        D570 10 0.3775 0.0257 0.0358 0.0782 0.0514 0.0883 0.3430 
        D602 10 0.0591 0.0908 0.0403 0.1072 0.0467 0.0452 0.6108 
        D603 10 0.1086 0.0594 0.0538 0.0545 0.6132 0.0720 0.0386 
        D604 10 0.0372 0.0573 0.1202 0.1429 0.0310 0.0722 0.5392 
        D605 10 0.0325 0.0557 0.2137 0.0462 0.0960 0.4809 0.0749 
        D606 10 0.1939 0.0233 0.0418 0.6310 0.0344 0.0537 0.0218 
        D607 10 0.0213 0.0654 0.0224 0.0177 0.0303 0.8071 0.0357 
        D608 10 0.0176 0.7738 0.0191 0.0946 0.0164 0.0524 0.0261 
        D609 10 0.4218 0.0296 0.1077 0.0580 0.1746 0.1033 0.1050 
        D610 10 0.1035 0.0161 0.6478 0.0831 0.0490 0.0562 0.0444 
        D611 10 0.8237 0.0115 0.0457 0.0170 0.0470 0.0235 0.0315 
        D613 10 0.0245 0.0310 0.0360 0.0191 0.0244 0.0895 0.7755 
        D633 10 0.0201 0.0578 0.0330 0.1399 0.0446 0.2708 0.4337 
        D634 10 0.0342 0.0393 0.0387 0.0500 0.1008 0.1065 0.6305 
        D638 10 0.0682 0.1763 0.1189 0.5033 0.0384 0.0202 0.0746 
        D681 10 0.0361 0.0297 0.0174 0.0723 0.0527 0.0350 0.7568 
        D754 10 0.0754 0.0403 0.0428 0.1250 0.6505 0.0120 0.0541 
        D755 10 0.6431 0.0802 0.0882 0.0554 0.0800 0.0151 0.0379 
        D756 10 0.2618 0.0384 0.0959 0.1365 0.2724 0.0341 0.1609 
        D757 10 0.1289 0.0769 0.3724 0.1287 0.0322 0.2395 0.0214 
        D758 10 0.1321 0.0872 0.0675 0.1478 0.0736 0.1733 0.3185 
        D759 10 0.4905 0.0519 0.2392 0.0493 0.0291 0.0372 0.1026 
        D760 10 0.1186 0.1932 0.2609 0.0772 0.0729 0.0534 0.2239 
        D761 10 0.0464 0.0318 0.8229 0.0398 0.0232 0.0122 0.0236 
        D762 10 0.0195 0.0565 0.0374 0.0303 0.0349 0.6614 0.1600 
        D775 10 0.6351 0.0269 0.1623 0.0189 0.0989 0.0230 0.0350 
        D776 10 0.0527 0.0931 0.6926 0.0718 0.0370 0.0268 0.0260 
        D777 10 0.3831 0.0292 0.4430 0.0215 0.0356 0.0488 0.0388 
        D778 10 0.0306 0.0427 0.4707 0.0595 0.3511 0.0263 0.0191 
        D779 10 0.0888 0.0377 0.0444 0.0628 0.1368 0.0150 0.6144 
        D780 10 0.0463 0.0452 0.0955 0.0760 0.0487 0.0293 0.6589 
        D781 10 0.0410 0.1177 0.0342 0.2110 0.0697 0.0413 0.4851 
        D858 10 0.0330 0.0416 0.1561 0.0667 0.6560 0.0255 0.0212 
        D933 10 0.0326 0.0872 0.4189 0.0441 0.0234 0.3632 0.0306 
        D038 11 0.0591 0.0622 0.3806 0.0701 0.1405 0.1141 0.1734 
        D063 11 0.1165 0.0409 0.0826 0.4717 0.0224 0.0342 0.2317 
        D155 11 0.2248 0.0698 0.3498 0.0678 0.0888 0.1655 0.0336 
        D175 11 0.1268 0.0471 0.0659 0.2105 0.4440 0.0246 0.0810 
        D176 11 0.1615 0.2431 0.0700 0.2272 0.1728 0.0277 0.0977 
        D205 11 0.7181 0.0395 0.0515 0.0632 0.0610 0.0243 0.0425 
     D237229 11 0.0377 0.0633 0.4267 0.1307 0.0492 0.0550 0.2375 
     D237230 11 0.0241 0.8142 0.0132 0.0160 0.0527 0.0511 0.0288 
     D237231 11 0.0372 0.4382 0.0381 0.0626 0.0332 0.2675 0.1233 
     D237269 11 0.0518 0.2445 0.1722 0.1278 0.0999 0.2142 0.0896 
     D237270 11 0.0311 0.0271 0.0354 0.0497 0.7026 0.1334 0.0209 
     D237271 11 0.1423 0.0516 0.0523 0.2370 0.0778 0.0924 0.3465 
     D237272 11 0.0326 0.4670 0.0440 0.0709 0.2183 0.1367 0.0305 
     D237273 11 0.2302 0.0290 0.1954 0.2852 0.0467 0.0376 0.1760 
     D237301 11 0.1464 0.3015 0.0369 0.0746 0.0470 0.2342 0.1594 
     D237302 11 0.0337 0.0763 0.0539 0.5452 0.0829 0.0485 0.1595 
     D237303 11 0.0200 0.1426 0.0287 0.0869 0.5420 0.1082 0.0717 
     D237304 11 0.0928 0.0810 0.0714 0.0954 0.3882 0.0885 0.1827 
     D237305 11 0.4063 0.0315 0.3224 0.0709 0.0778 0.0293 0.0618 
     D237314 11 0.2306 0.0337 0.1646 0.0505 0.1439 0.0925 0.2842 
     D237315 11 0.0169 0.0368 0.1490 0.0855 0.5039 0.0875 0.1204 
     D237316 11 0.0631 0.0287 0.0202 0.1225 0.0150 0.6073 0.1432 
     D237328 11 0.0782 0.1668 0.0574 0.1044 0.3373 0.1493 0.1067 
     D237329 11 0.0903 0.0922 0.4745 0.0772 0.1472 0.0926 0.0261 
     D237330 11 0.4236 0.0465 0.0681 0.0399 0.0460 0.0298 0.3461 
     D237331 11 0.2059 0.0197 0.2168 0.1535 0.0548 0.1998 0.1495 
     D237332 11 0.1027 0.0794 0.1606 0.3279 0.0309 0.1863 0.1123 
     D237333 11 0.2024 0.0432 0.3370 0.1114 0.0292 0.0610 0.2158 
     D237334 11 0.0474 0.0612 0.0262 0.0838 0.0472 0.6806 0.0535 
     D237335 11 0.3201 0.1555 0.0897 0.1372 0.0965 0.0951 0.1059 
     D237336 11 0.0725 0.0194 0.6666 0.0534 0.0528 0.0834 0.0518 
     D237350 11 0.2450 0.0420 0.0273 0.0812 0.0143 0.0286 0.5616 
     D237383 11 0.0403 0.0376 0.3982 0.3381 0.0719 0.0350 0.0789 
     D237384 11 0.0265 0.0223 0.1193 0.0346 0.0489 0.7180 0.0304 
     D237385 11 0.1335 0.2433 0.1319 0.0810 0.1078 0.0779 0.2247 
     D237386 11 0.1006 0.2788 0.0461 0.0397 0.3141 0.1805 0.0402 
     D237387 11 0.0819 0.0837 0.0437 0.3513 0.0497 0.2168 0.1728 
     D237388 11 0.2436 0.0349 0.0530 0.0593 0.1139 0.1923 0.3030 
        D239 11 0.1063 0.0431 0.5015 0.0660 0.0608 0.0695 0.1528 
        D240 11 0.0607 0.0311 0.8022 0.0353 0.0153 0.0159 0.0395 
        D241 11 0.0180 0.0628 0.6364 0.0858 0.0364 0.1452 0.0154 
        D242 11 0.0660 0.0948 0.2491 0.1584 0.1134 0.1596 0.1587 
        D243 11 0.2422 0.0203 0.5295 0.0513 0.0571 0.0813 0.0184 
        D244 11 0.6371 0.0177 0.1898 0.0608 0.0307 0.0483 0.0156 
        D245 11 0.0226 0.1211 0.0730 0.1158 0.5032 0.0342 0.1300 
        D246 11 0.1132 0.0696 0.1082 0.0461 0.3099 0.1149 0.2382 
        D247 11 0.1089 0.0383 0.2744 0.0433 0.0214 0.0546 0.4592 
        D248 11 0.0567 0.4663 0.0501 0.0455 0.0374 0.2735 0.0706 
        D249 11 0.0695 0.0171 0.0418 0.0464 0.5537 0.0525 0.2189 
        D250 11 0.2041 0.4239 0.0387 0.0280 0.0583 0.1493 0.0977 
        D251 11 0.1070 0.0260 0.0768 0.0549 0.3146 0.0383 0.3825 
        D252 11 0.0347 0.0416 0.0224 0.1964 0.3121 0.3073 0.0855 
        D253 11 0.1295 0.0131 0.1046 0.6263 0.0385 0.0388 0.0492 
        D254 11 0.0152 0.8390 0.0214 0.0215 0.0653 0.0236 0.0141 
        D255 11 0.1063 0.1576 0.0365 0.1053 0.1571 0.1428 0.2943 
        D256 11 0.1011 0.0247 0.4688 0.0640 0.0597 0.2317 0.0499 
        D257 11 0.0870 0.0662 0.0902 0.0685 0.5663 0.0732 0.0486 
        D258 11 0.0357 0.0184 0.0291 0.0361 0.7454 0.1021 0.0332 
        D259 11 0.0335 0.1371 0.0620 0.2216 0.2712 0.1257 0.1490 
        D260 11 0.1117 0.0297 0.0605 0.4702 0.0621 0.0497 0.2161 
        D261 11 0.0282 0.0256 0.0577 0.0554 0.0370 0.0824 0.7138 
        D262 11 0.0511 0.1143 0.0613 0.1695 0.3820 0.0733 0.1485 
        D263 11 0.3044 0.0228 0.0320 0.2149 0.0610 0.0929 0.2721 
        D264 11 0.0511 0.6178 0.0243 0.0841 0.1165 0.0427 0.0634 
        D265 11 0.0557 0.6622 0.0871 0.0305 0.0933 0.0484 0.0227 
        D266 11 0.1510 0.0804 0.1507 0.0741 0.0404 0.4054 0.0979 
        D267 11 0.3081 0.0353 0.1739 0.0741 0.1159 0.1146 0.1780 
        D268 11 0.6102 0.0514 0.0977 0.0411 0.0479 0.0801 0.0716 
        D269 11 0.1051 0.0364 0.0404 0.1185 0.0502 0.5925 0.0569 
