        D023  2 0.9069 0.0071 0.0128 0.0176 0.0146 0.0109 0.0090 0.0103 0.0110 
        D130  2 0.1142 0.0120 0.0330 0.0203 0.3077 0.0886 0.1174 0.2833 0.0234 
        D131  2 0.0224 0.0302 0.0152 0.0710 0.0295 0.3744 0.2735 0.1381 0.0457 
        D163  2 0.3005 0.0877 0.0445 0.0801 0.2392 0.0776 0.0180 0.1271 0.0253 
        D164  2 0.4731 0.0093 0.1273 0.0098 0.0121 0.0215 0.3051 0.0249 0.0169 
        D165  2 0.8228 0.0097 0.0237 0.0314 0.0430 0.0129 0.0095 0.0248 0.0224 
        D166  2 0.0391 0.0189 0.2086 0.0459 0.1411 0.1505 0.0235 0.2188 0.1537 
        D167  2 0.0069 0.0100 0.9287 0.0077 0.0076 0.0099 0.0102 0.0099 0.0091 
        D192  2 0.0092 0.0077 0.9215 0.0104 0.0102 0.0089 0.0127 0.0075 0.0119 
        D193  2 0.0144 0.0647 0.5840 0.0377 0.1114 0.0872 0.0198 0.0583 0.0226 
        D206  2 0.1263 0.0316 0.1821 0.0201 0.0408 0.3297 0.1617 0.0772 0.0305 
        D207  2 0.0348 0.0262 0.2357 0.1390 0.0375 0.1109 0.2972 0.0913 0.0274 
        D208  2 0.0319 0.2314 0.0762 0.2498 0.2275 0.0419 0.0370 0.0253 0.0791 
        D209  2 0.0309 0.0121 0.8239 0.0130 0.0244 0.0229 0.0177 0.0159 0.0391 
        D210  2 0.0292 0.4300 0.0407 0.2929 0.0313 0.0285 0.0829 0.0217 0.0429 
     D229599  2 0.1779 0.0402 0.0604 0.1557 0.2335 0.2232 0.0240 0.0140 0.0711 
     D229600  2 0.0481 0.0191 0.6004 0.0385 0.0565 0.0318 0.0498 0.1223 0.0335 
     D237227  2 0.0952 0.3011 0.0534 0.1924 0.0910 0.0349 0.0279 0.1716 0.0325 
     D237228  2 0.0326 0.1252 0.0614 0.0443 0.0120 0.0181 0.0303 0.6534 0.0227 
     D237258  2 0.1307 0.0405 0.2348 0.1596 0.0562 0.0743 0.0523 0.0808 0.1709 
     D237310  2 0.0128 0.0187 0.0178 0.0160 0.0125 0.0105 0.0155 0.8779 0.0184 
     D237311  2 0.0169 0.0215 0.0625 0.0161 0.0174 0.0145 0.0482 0.7872 0.0157 
     D237312  2 0.0223 0.0209 0.0208 0.0187 0.0345 0.0179 0.0199 0.7761 0.0689 
     D237313  2 0.2532 0.1183 0.0259 0.0350 0.0527 0.4160 0.0234 0.0446 0.0309 
     D237322  2 0.0384 0.0717 0.0669 0.2446 0.3040 0.0590 0.0446 0.1097 0.0612 
     D237323  2 0.0166 0.0622 0.0194 0.0377 0.0252 0.0106 0.0114 0.7999 0.0170 
     D237324  2 0.0659 0.0183 0.1565 0.1507 0.1791 0.1210 0.1862 0.0757 0.0466 
     D237325  2 0.0120 0.0572 0.0408 0.0178 0.0430 0.0195 0.0213 0.7671 0.0214 
     D237326  2 0.0834 0.0738 0.0385 0.0406 0.0261 0.0677 0.1067 0.5303 0.0330 
     D237327  2 0.0201 0.0546 0.0304 0.6140 0.1467 0.0208 0.0371 0.0188 0.0575 
     D237337  2 0.0437 0.0451 0.0095 0.0135 0.0224 0.0226 0.0180 0.8112 0.0139 
     D237338  2 0.0351 0.1356 0.0470 0.0790 0.2758 0.0353 0.0550 0.2976 0.0395 
     D237339  2 0.0183 0.0269 0.0609 0.0394 0.1313 0.1136 0.4677 0.0257 0.1162 
     D237340  2 0.0141 0.1106 0.1415 0.0316 0.0613 0.0233 0.0675 0.5089 0.0410 
     D237389  2 0.0307 0.0170 0.1107 0.0140 0.0248 0.0152 0.0133 0.7495 0.0247 
     D237390  2 0.0119 0.0389 0.0195 0.0198 0.0541 0.0284 0.0216 0.7772 0.0287 
     D244017  2 0.0200 0.0774 0.7660 0.0293 0.0160 0.0297 0.0191 0.0271 0.0154 
     D244112  2 0.0165 0.0115 0.8125 0.0137 0.0469 0.0132 0.0533 0.0189 0.0136 
     D244118  2 0.0129 0.0116 0.9036 0.0117 0.0174 0.0104 0.0100 0.0109 0.0115 
     D244119  2 0.0185 0.5235 0.2462 0.0408 0.0208 0.0240 0.0881 0.0255 0.0126 
     D244120  2 0.0093 0.0192 0.8094 0.0261 0.0105 0.0129 0.0130 0.0500 0.0495 
     D244122  2 0.0257 0.0300 0.8145 0.0178 0.0231 0.0231 0.0250 0.0149 0.0259 
        D291  2 0.0393 0.0244 0.0735 0.6765 0.0340 0.0929 0.0283 0.0203 0.0108 
        D292  2 0.1531 0.1093 0.3258 0.1438 0.0456 0.1135 0.0434 0.0189 0.0467 
        D293  2 0.0076 0.0103 0.0071 0.0115 0.0095 0.0162 0.9149 0.0106 0.0122 
        D322  2 0.0532 0.0137 0.0373 0.0423 0.0207 0.0422 0.7264 0.0188 0.0454 
        D323  2 0.0427 0.0775 0.2157 0.0469 0.0650 0.2909 0.1397 0.0640 0.0575 
        D324  2 0.0865 0.0390 0.0197 0.4749 0.0165 0.1595 0.0742 0.0948 0.0348 
        D325  2 0.0119 0.0097 0.0129 0.0256 0.0142 0.0243 0.8688 0.0172 0.0153 
        D326  2 0.0378 0.0227 0.0108 0.0238 0.0158 0.8418 0.0205 0.0135 0.0132 
        D340  2 0.0102 0.0194 0.0249 0.0179 0.0108 0.0144 0.8666 0.0177 0.0182 
        D341  2 0.0494 0.0460 0.0288 0.0248 0.0489 0.0244 0.7168 0.0422 0.0188 
        D342  2 0.1259 0.0134 0.6870 0.0350 0.0202 0.0344 0.0426 0.0216 0.0198 
        D343  2 0.0083 0.0081 0.0081 0.0110 0.0084 0.0112 0.9259 0.0091 0.0098 
        D344  2 0.0385 0.0129 0.1632 0.0184 0.0361 0.4868 0.0275 0.0512 0.1653 
        D345  2 0.2761 0.0246 0.0327 0.0432 0.0189 0.4916 0.0323 0.0099 0.0709 
        D346  2 0.1328 0.2575 0.0538 0.0716 0.0159 0.1182 0.0712 0.0645 0.2145 
        D351  2 0.0327 0.0213 0.0128 0.1558 0.0460 0.4215 0.1885 0.0810 0.0404 
        D352  2 0.0226 0.0912 0.0477 0.0331 0.1063 0.0694 0.1034 0.0454 0.4807 
        D353  2 0.0149 0.0197 0.0188 0.0446 0.0392 0.6764 0.0314 0.0165 0.1384 
        D354  2 0.0496 0.0355 0.0357 0.0260 0.0388 0.3383 0.0117 0.0132 0.4510 
        D362  2 0.7715 0.0293 0.0311 0.0201 0.0183 0.0704 0.0246 0.0188 0.0158 
        D363  2 0.7609 0.0265 0.0268 0.0201 0.0188 0.0862 0.0209 0.0164 0.0233 
        D364  2 0.2031 0.0179 0.0456 0.0133 0.0230 0.5048 0.0118 0.0099 0.1706 
        D365  2 0.0077 0.0144 0.0093 0.0087 0.0089 0.0117 0.9121 0.0130 0.0142 
        D369  2 0.0701 0.1227 0.0764 0.0638 0.0185 0.1241 0.1091 0.3856 0.0297 
        D374  2 0.0169 0.1629 0.6343 0.0139 0.0546 0.0608 0.0181 0.0179 0.0206 
        D375  2 0.0206 0.0132 0.0515 0.0131 0.0314 0.2530 0.0108 0.0190 0.5875 
        D376  2 0.0230 0.2273 0.5312 0.0200 0.0634 0.0475 0.0218 0.0211 0.0447 
        D377  2 0.1346 0.0635 0.0467 0.0398 0.0655 0.1370 0.1163 0.2169 0.1796 
        D378  2 0.1432 0.0181 0.0288 0.0948 0.0320 0.1779 0.3891 0.0156 0.1005 
        D379  2 0.0353 0.0297 0.0227 0.0220 0.0269 0.7906 0.0228 0.0297 0.0203 
        D384  2 0.0418 0.0379 0.0112 0.0221 0.0259 0.7950 0.0397 0.0136 0.0128 
        D385  2 0.0197 0.0228 0.0220 0.0141 0.0359 0.0246 0.7134 0.0192 0.1283 
        D386  2 0.0771 0.0164 0.0207 0.0264 0.0288 0.3163 0.0872 0.0123 0.4148 
        D391  2 0.0158 0.0124 0.0158 0.0172 0.0222 0.0245 0.8515 0.0174 0.0231 
        D392  2 0.0615 0.0458 0.1416 0.0375 0.0215 0.0708 0.5280 0.0722 0.0210 
        D393  2 0.0770 0.0269 0.0171 0.1492 0.0315 0.1915 0.2282 0.0299 0.2487 
        D394  2 0.0625 0.0779 0.3227 0.0575 0.0987 0.0821 0.0488 0.0989 0.1508 
        D395  2 0.0102 0.0191 0.0358 0.0287 0.1148 0.0597 0.4222 0.0470 0.2625 
        D401  2 0.0294 0.0195 0.0190 0.0185 0.0171 0.0125 0.0124 0.8621 0.0095 
        D402  2 0.0159 0.0154 0.0371 0.0321 0.0114 0.0234 0.8072 0.0139 0.0436 
        D403  2 0.2448 0.0198 0.0388 0.0297 0.1175 0.4039 0.0266 0.0166 0.1024 
        D415  2 0.0649 0.0126 0.0193 0.0156 0.0343 0.5874 0.1025 0.1265 0.0369 
        D435  2 0.1617 0.0155 0.0237 0.0626 0.0447 0.1824 0.4279 0.0272 0.0543 
        D436  2 0.0226 0.0667 0.0553 0.0224 0.3303 0.1855 0.1078 0.0759 0.1335 
        D438  2 0.0178 0.0142 0.0298 0.0144 0.0129 0.0133 0.8639 0.0152 0.0184 
        D439  2 0.0549 0.0173 0.0496 0.0363 0.1557 0.3024 0.1636 0.0103 0.2098 
        D449  2 0.0739 0.0169 0.6286 0.0171 0.0178 0.0835 0.1152 0.0238 0.0231 
        D450  2 0.3376 0.0871 0.0420 0.0555 0.1165 0.1214 0.0249 0.0598 0.1552 
        D456  2 0.0218 0.0164 0.0101 0.0618 0.0119 0.8099 0.0445 0.0118 0.0119 
        D462  2 0.0106 0.0139 0.0176 0.0125 0.0273 0.0203 0.8517 0.0120 0.0341 
        D463  2 0.0127 0.0196 0.0107 0.0132 0.0129 0.8803 0.0174 0.0170 0.0161 
        D464  2 0.0185 0.0354 0.0551 0.0261 0.0453 0.3133 0.0981 0.0492 0.3591 
        D465  2 0.0290 0.0135 0.0185 0.0160 0.0121 0.0438 0.6019 0.2397 0.0255 
        D473  2 0.0790 0.3138 0.0180 0.0717 0.0440 0.0265 0.0554 0.1166 0.2750 
        D474  2 0.6649 0.0423 0.0177 0.0972 0.0178 0.0754 0.0307 0.0183 0.0359 
        D476  2 0.0345 0.0136 0.0230 0.0235 0.5872 0.0622 0.1589 0.0235 0.0736 
        D477  2 0.0982 0.0274 0.0229 0.0411 0.0185 0.2844 0.0318 0.0244 0.4513 
        D478  2 0.1123 0.0935 0.3461 0.1091 0.0387 0.1702 0.0347 0.0505 0.0448 
        D480  2 0.0496 0.0823 0.0181 0.0609 0.0670 0.1102 0.3714 0.0303 0.2102 
        D481  2 0.2076 0.0909 0.1166 0.0838 0.0366 0.1957 0.0365 0.0255 0.2068 
        D482  2 0.0479 0.1129 0.0536 0.1680 0.1453 0.0954 0.0216 0.0505 0.3047 
        D483  2 0.0085 0.0230 0.8829 0.0135 0.0130 0.0140 0.0231 0.0135 0.0087 
        D484  2 0.0102 0.0234 0.0154 0.0210 0.0254 0.0156 0.0185 0.0158 0.8547 
        D510  2 0.0187 0.2907 0.3553 0.1350 0.0567 0.0700 0.0230 0.0264 0.0242 
        D511  2 0.0475 0.0238 0.0245 0.0393 0.0717 0.1242 0.1671 0.0236 0.4783 
        D512  2 0.0405 0.0102 0.0212 0.0155 0.0158 0.0144 0.0374 0.8243 0.0208 
        D513  2 0.0339 0.0322 0.0183 0.0297 0.0167 0.0494 0.7804 0.0192 0.0203 
        D635  2 0.8717 0.0104 0.0158 0.0251 0.0102 0.0216 0.0194 0.0103 0.0155 
        D636  2 0.9118 0.0072 0.0149 0.0080 0.0162 0.0115 0.0097 0.0112 0.0095 
        D637  2 0.0573 0.0548 0.0801 0.0338 0.0782 0.0739 0.1223 0.2103 0.2893 
        D658  2 0.0295 0.0774 0.0647 0.0206 0.1613 0.0240 0.3405 0.1204 0.1614 
        D659  2 0.1947 0.0615 0.0518 0.0683 0.0647 0.4379 0.0557 0.0189 0.0465 
        D677  2 0.1020 0.0363 0.0819 0.0540 0.1413 0.2208 0.0793 0.2565 0.0279 
        D678  2 0.0166 0.0080 0.8859 0.0106 0.0170 0.0125 0.0155 0.0170 0.0169 
        D679  2 0.0744 0.0719 0.0179 0.0612 0.0266 0.4343 0.1562 0.0359 0.1216 
        D719  2 0.0416 0.2621 0.0239 0.0517 0.0478 0.1156 0.4020 0.0340 0.0213 
        D720  2 0.0475 0.0545 0.0153 0.0694 0.0294 0.3144 0.4311 0.0227 0.0158 
        D721  2 0.7970 0.0141 0.0255 0.0190 0.0689 0.0135 0.0292 0.0114 0.0214 
        D722  2 0.0227 0.1167 0.6115 0.0315 0.0484 0.0810 0.0367 0.0269 0.0246 
        D734  2 0.0128 0.0957 0.0327 0.0415 0.0432 0.0680 0.1950 0.0194 0.4916 
        D735  2 0.3483 0.0489 0.0183 0.0873 0.0460 0.1711 0.1937 0.0191 0.0672 
        D736  2 0.1024 0.1717 0.0778 0.3919 0.0207 0.0549 0.0357 0.0533 0.0917 
        D737  2 0.0123 0.0271 0.7980 0.0334 0.0522 0.0177 0.0136 0.0203 0.0254 
        D807  2 0.1086 0.2011 0.0848 0.1306 0.0425 0.0860 0.0533 0.0900 0.2033 
        D808  2 0.0296 0.0200 0.0325 0.0956 0.0446 0.1415 0.1578 0.4492 0.0294 
        D817  2 0.1137 0.0683 0.0329 0.0285 0.0527 0.5331 0.0418 0.0766 0.0524 
        D818  2 0.0462 0.0240 0.0183 0.1402 0.0732 0.1172 0.4513 0.0924 0.0371 
        D819  2 0.1101 0.0283 0.0418 0.0422 0.0258 0.2647 0.0204 0.3890 0.0779 
        D820  2 0.0184 0.0246 0.0119 0.0236 0.0759 0.2073 0.5569 0.0271 0.0543 
        D895  2 0.2676 0.0313 0.1060 0.0218 0.0460 0.4524 0.0216 0.0182 0.0351 
        D896  2 0.0319 0.0192 0.0101 0.0095 0.0096 0.0087 0.0143 0.8855 0.0111 
        D897  2 0.0567 0.0400 0.4032 0.0793 0.0431 0.0538 0.2186 0.0609 0.0446 
        D898  2 0.0918 0.0688 0.0979 0.2529 0.1123 0.1952 0.0119 0.1144 0.0548 
        D918  2 0.0287 0.0584 0.0136 0.0299 0.0725 0.0355 0.0991 0.5478 0.1146 
        D919  2 0.0375 0.0292 0.1297 0.1053 0.1072 0.2175 0.2412 0.0150 0.1174 
        D920  2 0.0871 0.0274 0.1167 0.0234 0.5614 0.0334 0.0223 0.1107 0.0178 
        D923  2 0.0878 0.0158 0.0450 0.0213 0.0369 0.6207 0.0630 0.0175 0.0921 
        D930  2 0.1530 0.1313 0.0245 0.0392 0.0370 0.2539 0.1805 0.0492 0.1314 
        D931  2 0.0911 0.0300 0.0750 0.0432 0.0472 0.0974 0.1083 0.0665 0.4412 
        D968  2 0.0106 0.0130 0.0256 0.0203 0.0208 0.0304 0.8472 0.0184 0.0136 
        D969  2 0.1076 0.0750 0.2084 0.1736 0.0367 0.2179 0.0800 0.0502 0.0505 
        D977  2 0.0343 0.0190 0.0778 0.0367 0.0563 0.0578 0.6572 0.0339 0.0270 
        D978  2 0.0344 0.0424 0.1368 0.3854 0.0563 0.2303 0.0663 0.0241 0.0242 
        D009  4 0.0751 0.0497 0.0398 0.0525 0.4268 0.0874 0.0173 0.2353 0.0162 
        D057  4 0.0124 0.0154 0.0155 0.0147 0.8091 0.0130 0.0799 0.0103 0.0297 
        D109  4 0.2072 0.0656 0.0235 0.0235 0.0509 0.0468 0.0201 0.5169 0.0455 
     D237222  4 0.0352 0.1187 0.1441 0.0234 0.5561 0.0277 0.0630 0.0140 0.0178 
     D237223  4 0.0172 0.1255 0.0530 0.0550 0.0904 0.0302 0.2339 0.3458 0.0490 
     D237224  4 0.1010 0.0332 0.1312 0.0934 0.0846 0.3357 0.0489 0.0137 0.1583 
     D237225  4 0.1452 0.0863 0.0476 0.1288 0.2872 0.1645 0.0715 0.0491 0.0199 
     D237299  4 0.0188 0.0404 0.0190 0.0587 0.0274 0.0666 0.0791 0.6524 0.0376 
     D237300  4 0.0465 0.0382 0.0951 0.6636 0.0409 0.0284 0.0230 0.0271 0.0371 
     D237306  4 0.0233 0.4637 0.0791 0.0216 0.0302 0.0378 0.0288 0.2590 0.0565 
     D237307  4 0.0705 0.2579 0.0647 0.1013 0.1192 0.2342 0.0871 0.0464 0.0188 
     D237308  4 0.0717 0.0962 0.2927 0.0416 0.1064 0.0696 0.1699 0.0319 0.1201 
     D237309  4 0.1406 0.0547 0.0597 0.0701 0.4931 0.0840 0.0257 0.0274 0.0448 
     D237317  4 0.2656 0.2304 0.0462 0.0834 0.1303 0.1730 0.0330 0.0178 0.0203 
     D237318  4 0.0148 0.0244 0.0461 0.7864 0.0165 0.0286 0.0404 0.0251 0.0176 
     D237319  4 0.0266 0.0237 0.0703 0.0325 0.0584 0.2833 0.0241 0.4613 0.0199 
     D237320  4 0.0190 0.0354 0.0375 0.0628 0.0206 0.0340 0.0596 0.7101 0.0210 
     D237321  4 0.0725 0.0431 0.1765 0.4523 0.0731 0.0934 0.0174 0.0456 0.0262 
     D237397  4 0.0283 0.4136 0.0994 0.0805 0.1395 0.0297 0.0886 0.1037 0.0167 
     D237398  4 0.0207 0.0144 0.0183 0.7003 0.0178 0.1012 0.0450 0.0456 0.0368 
     D237399  4 0.0448 0.1815 0.0439 0.3866 0.0961 0.0824 0.0498 0.0868 0.0280 
     D244001  4 0.0274 0.0343 0.3053 0.0190 0.5149 0.0308 0.0304 0.0186 0.0194 
        D289  4 0.0280 0.2633 0.1079 0.1301 0.0510 0.0962 0.1144 0.0395 0.1696 
        D290  4 0.0151 0.1157 0.0942 0.3042 0.2575 0.0456 0.0404 0.0960 0.0313 
        D294  4 0.0246 0.0514 0.1230 0.1749 0.1957 0.0829 0.0448 0.0249 0.2778 
        D295  4 0.0806 0.0707 0.0310 0.0363 0.4435 0.1139 0.0434 0.1394 0.0413 
        D301  4 0.0755 0.0535 0.3067 0.0666 0.3323 0.0383 0.0163 0.0894 0.0214 
        D302  4 0.0507 0.0143 0.0153 0.0167 0.0741 0.0537 0.0261 0.0151 0.7340 
        D303  4 0.0319 0.5052 0.1027 0.0476 0.0347 0.0368 0.0259 0.0535 0.1617 
        D304  4 0.0275 0.1345 0.0751 0.4583 0.1300 0.0988 0.0279 0.0230 0.0248 
        D305  4 0.0310 0.0168 0.5116 0.0366 0.1881 0.0964 0.0318 0.0126 0.0750 
        D306  4 0.0247 0.1503 0.2604 0.1430 0.1308 0.1450 0.0288 0.0968 0.0202 
        D307  4 0.0637 0.0497 0.0354 0.0517 0.6964 0.0158 0.0139 0.0402 0.0331 
        D327  4 0.0599 0.0322 0.0240 0.0373 0.0560 0.6515 0.0621 0.0566 0.0205 
        D328  4 0.0198 0.0950 0.0718 0.0269 0.1052 0.0466 0.0210 0.1045 0.5091 
        D329  4 0.0523 0.0675 0.2726 0.1068 0.1970 0.0588 0.0274 0.0187 0.1989 
        D330  4 0.0464 0.0494 0.0951 0.0236 0.2049 0.2654 0.0861 0.1353 0.0937 
        D331  4 0.0608 0.0832 0.0628 0.3351 0.1674 0.1756 0.0419 0.0494 0.0238 
        D333  4 0.0771 0.1776 0.1235 0.0786 0.3131 0.0408 0.0603 0.0659 0.0631 
        D334  4 0.0240 0.5391 0.0187 0.1221 0.1427 0.0305 0.0326 0.0285 0.0619 
        D335  4 0.0330 0.0517 0.0361 0.0206 0.2993 0.1827 0.1848 0.0191 0.1728 
        D370  4 0.0647 0.0529 0.5101 0.0273 0.1013 0.1001 0.0237 0.0413 0.0787 
        D371  4 0.0418 0.3434 0.1739 0.0260 0.0166 0.2091 0.0301 0.0727 0.0864 
        D372  4 0.0122 0.0300 0.2138 0.5787 0.1115 0.0146 0.0113 0.0147 0.0132 
        D373  4 0.2479 0.0134 0.0549 0.0471 0.5128 0.0360 0.0195 0.0173 0.0512 
        D455  4 0.0189 0.0157 0.0158 0.0332 0.8566 0.0182 0.0142 0.0125 0.0148 
        D490  4 0.0177 0.0132 0.0115 0.0120 0.4958 0.0115 0.0087 0.4158 0.0139 
        D497  4 0.0271 0.0165 0.0154 0.0365 0.4927 0.0154 0.0109 0.3552 0.0304 
        D498  4 0.0334 0.2169 0.1048 0.2054 0.1641 0.0874 0.0403 0.1201 0.0275 
        D499  4 0.0341 0.0434 0.0954 0.0295 0.0245 0.1470 0.0929 0.3332 0.1999 
        D514  4 0.0922 0.0210 0.0551 0.0798 0.0851 0.3794 0.0261 0.1082 0.1532 
        D515  4 0.0193 0.0179 0.0248 0.0161 0.0410 0.0483 0.0369 0.7263 0.0693 
        D516  4 0.0946 0.1698 0.0708 0.0486 0.1775 0.1332 0.1576 0.1292 0.0188 
        D517  4 0.0434 0.0193 0.0455 0.0609 0.7617 0.0306 0.0104 0.0169 0.0113 
        D518  4 0.0235 0.0394 0.0299 0.0135 0.6768 0.0537 0.0949 0.0167 0.0517 
        D519  4 0.0172 0.0202 0.0178 0.0334 0.0298 0.0244 0.0375 0.8042 0.0154 
        D560  4 0.0239 0.0178 0.0463 0.0409 0.1120 0.1549 0.0682 0.4989 0.0371 
        D561  4 0.0325 0.0197 0.0299 0.0334 0.0846 0.2503 0.3165 0.2064 0.0268 
        D562  4 0.0310 0.0819 0.2173 0.1665 0.1601 0.1422 0.0754 0.0514 0.0742 
        D563  4 0.0777 0.0188 0.1453 0.0932 0.0737 0.0686 0.1684 0.0779 0.2763 
        D572  4 0.0172 0.0336 0.0604 0.0296 0.2153 0.0963 0.0842 0.0211 0.4423 
        D629  4 0.2662 0.0249 0.0206 0.0810 0.0373 0.2975 0.0447 0.0285 0.1991 
        D630  4 0.0388 0.0722 0.0725 0.1133 0.3274 0.1227 0.0425 0.1246 0.0861 
        D631  4 0.0159 0.0169 0.0370 0.0241 0.5559 0.0242 0.1526 0.0426 0.1309 
        D632  4 0.2600 0.0111 0.1111 0.0119 0.0464 0.1142 0.0576 0.0370 0.3508 
        D646  4 0.0199 0.1045 0.1041 0.0306 0.1560 0.1007 0.1386 0.3295 0.0160 
        D647  4 0.0214 0.0229 0.0959 0.0402 0.2481 0.3344 0.0889 0.1141 0.0341 
        D648  4 0.0158 0.0513 0.1228 0.0121 0.0727 0.0404 0.0224 0.0346 0.6279 
        D649  4 0.1447 0.0219 0.0159 0.0308 0.0432 0.3244 0.0269 0.0965 0.2956 
        D650  4 0.0890 0.1281 0.0149 0.0572 0.0922 0.1441 0.1433 0.2672 0.0639 
        D708  4 0.0855 0.1502 0.1124 0.0473 0.0764 0.2460 0.0262 0.0628 0.1933 
        D709  4 0.0336 0.1142 0.1576 0.0521 0.1002 0.2128 0.0398 0.2575 0.0322 
        D738  4 0.0237 0.7120 0.0179 0.0243 0.0523 0.0307 0.0252 0.0969 0.0171 
        D739  4 0.0274 0.0415 0.0884 0.1138 0.4109 0.0696 0.0311 0.1775 0.0398 
        D740  4 0.1199 0.2530 0.0306 0.2239 0.1395 0.0715 0.0417 0.0655 0.0544 
        D741  4 0.0110 0.0256 0.0147 0.0163 0.0347 0.0502 0.2637 0.5597 0.0241 
        D742  4 0.0247 0.0699 0.0356 0.0564 0.0835 0.0321 0.4538 0.1706 0.0734 
        D743  4 0.0261 0.0294 0.0261 0.0327 0.0381 0.3554 0.1650 0.0270 0.3004 
        D744  4 0.0169 0.0151 0.0130 0.0246 0.0170 0.0405 0.0571 0.0224 0.7935 
        D745  4 0.0123 0.0178 0.0114 0.0232 0.0419 0.0186 0.0179 0.8275 0.0294 
        D814  4 0.0288 0.0247 0.6181 0.0575 0.0788 0.0788 0.0452 0.0324 0.0357 
        D815  4 0.0559 0.0247 0.0517 0.0349 0.1231 0.2796 0.0498 0.0285 0.3519 
        D828  4 0.0223 0.0947 0.5497 0.0442 0.0424 0.0286 0.0193 0.0612 0.1377 
        D845  4 0.0177 0.0449 0.0137 0.6947 0.0392 0.0184 0.1378 0.0129 0.0206 
        D846  4 0.0268 0.0122 0.0707 0.0408 0.4975 0.2270 0.0537 0.0150 0.0562 
        D847  4 0.0454 0.0573 0.0225 0.3464 0.2846 0.1066 0.0567 0.0569 0.0235 
        D848  4 0.1600 0.0174 0.0519 0.2018 0.4824 0.0154 0.0386 0.0101 0.0225 
        D849  4 0.0361 0.0174 0.0412 0.0247 0.6260 0.0470 0.0762 0.1103 0.0211 
        D850  4 0.0644 0.0701 0.0226 0.2438 0.0458 0.0992 0.3468 0.0478 0.0594 
        D856  4 0.0391 0.0277 0.0316 0.0510 0.0537 0.4262 0.0427 0.2827 0.0453 
        D857  4 0.1379 0.0360 0.3053 0.0195 0.0435 0.0289 0.0182 0.3837 0.0271 
        D859  4 0.0418 0.0418 0.1040 0.0597 0.3127 0.1779 0.0322 0.0321 0.1976 
        D860  4 0.0284 0.3754 0.0622 0.2927 0.0401 0.0625 0.0842 0.0109 0.0435 
        D883  4 0.0999 0.1051 0.0828 0.0547 0.2513 0.1069 0.0213 0.2026 0.0754 
        D884  4 0.0283 0.1366 0.0248 0.0165 0.1244 0.0325 0.0248 0.5602 0.0520 
        D885  4 0.0897 0.0335 0.0123 0.0659 0.0870 0.1252 0.4444 0.1143 0.0276 
        D886  4 0.0532 0.0739 0.0906 0.0595 0.2934 0.1688 0.0620 0.1585 0.0401 
        D887  4 0.1368 0.0321 0.0579 0.1835 0.0515 0.1488 0.0492 0.0557 0.2845 
        D889  4 0.0166 0.0403 0.0268 0.7378 0.0773 0.0323 0.0130 0.0179 0.0380 
        D890  4 0.2337 0.0613 0.1463 0.0456 0.0614 0.1057 0.0344 0.0553 0.2563 
        D891  4 0.0082 0.0127 0.0097 0.9198 0.0074 0.0125 0.0122 0.0073 0.0103 
        D899  4 0.0305 0.1110 0.1359 0.1126 0.0834 0.0380 0.3474 0.0434 0.0977 
        D900  4 0.0487 0.0826 0.0597 0.2166 0.2076 0.1838 0.0578 0.0759 0.0673 
        D970  4 0.0264 0.0525 0.0597 0.1825 0.4054 0.1555 0.0416 0.0207 0.0558 
        D971  4 0.0360 0.0755 0.0834 0.0242 0.0573 0.1061 0.5034 0.0456 0.0685 
        D979  4 0.0277 0.0430 0.0233 0.0295 0.1935 0.3627 0.1999 0.0172 0.1032 
        D093  5 0.0417 0.6364 0.0306 0.0890 0.0806 0.0229 0.0215 0.0539 0.0235 
        D154  5 0.0717 0.0711 0.0533 0.1094 0.0773 0.0768 0.2628 0.2444 0.0332 
        D168  5 0.1445 0.0349 0.1196 0.0675 0.0595 0.0914 0.1922 0.2553 0.0350 
        D189  5 0.0236 0.3456 0.0534 0.2886 0.1125 0.0387 0.0545 0.0480 0.0351 
        D190  5 0.0400 0.6348 0.0541 0.0513 0.0291 0.0510 0.0232 0.0400 0.0766 
     D237220  5 0.0197 0.1212 0.0236 0.3864 0.2689 0.0575 0.0207 0.0739 0.0281 
     D237221  5 0.0545 0.3057 0.0530 0.2013 0.0646 0.1152 0.1403 0.0280 0.0374 
     D237274  5 0.0659 0.0158 0.0536 0.0210 0.0162 0.6510 0.0795 0.0343 0.0627 
     D237275  5 0.0215 0.0583 0.2606 0.0892 0.0544 0.0370 0.3886 0.0738 0.0166 
     D237276  5 0.0852 0.3264 0.0617 0.0293 0.2457 0.0607 0.0466 0.0918 0.0526 
     D237277  5 0.0411 0.5005 0.0310 0.1781 0.0235 0.0489 0.0307 0.0239 0.1224 
     D237278  5 0.0747 0.1556 0.1392 0.0370 0.0832 0.0700 0.1914 0.0754 0.1734 
     D237279  5 0.4250 0.0120 0.0162 0.0522 0.0229 0.0873 0.0716 0.2267 0.0861 
     D237280  5 0.7007 0.0356 0.0262 0.0214 0.0486 0.1174 0.0127 0.0132 0.0242 
     D237281  5 0.0290 0.0448 0.1371 0.3253 0.0261 0.0869 0.2953 0.0310 0.0243 
     D237351  5 0.7753 0.0437 0.0126 0.0152 0.0216 0.0163 0.0202 0.0790 0.0161 
     D237352  5 0.1428 0.0616 0.0574 0.0317 0.2754 0.0924 0.1824 0.0443 0.1120 
     D237353  5 0.0552 0.6342 0.0440 0.0993 0.0137 0.0639 0.0206 0.0160 0.0531 
     D237359  5 0.0208 0.0666 0.0223 0.4648 0.1848 0.1168 0.0334 0.0620 0.0285 
     D237361  5 0.0529 0.6642 0.0225 0.1331 0.0215 0.0304 0.0200 0.0198 0.0357 
     D237362  5 0.3023 0.1021 0.0282 0.0252 0.0439 0.2200 0.0921 0.1341 0.0521 
     D237363  5 0.0405 0.0407 0.1608 0.0820 0.0266 0.3391 0.1710 0.1204 0.0191 
     D237364  5 0.0519 0.0138 0.0302 0.0484 0.2414 0.0949 0.1627 0.2958 0.0608 
     D237376  5 0.0129 0.0436 0.1330 0.0226 0.0352 0.0121 0.0171 0.0846 0.6389 
     D237377  5 0.6007 0.0944 0.0288 0.0248 0.0525 0.1097 0.0277 0.0352 0.0262 
     D237378  5 0.0160 0.2836 0.3036 0.0496 0.1881 0.0310 0.0176 0.0361 0.0745 
     D237379  5 0.0122 0.1304 0.0633 0.0519 0.0737 0.0771 0.0374 0.1821 0.3719 
     D237380  5 0.2442 0.0565 0.2216 0.0174 0.0693 0.1351 0.0088 0.0594 0.1877 
     D237381  5 0.1152 0.1101 0.2997 0.0587 0.1874 0.0862 0.0260 0.0767 0.0401 
     D237391  5 0.0330 0.6505 0.0113 0.1818 0.0177 0.0300 0.0204 0.0269 0.0285 
     D237392  5 0.0600 0.0186 0.0744 0.0245 0.0136 0.3604 0.2472 0.0745 0.1267 
     D237393  5 0.3204 0.2095 0.1266 0.0411 0.0583 0.1472 0.0354 0.0196 0.0419 
     D237394  5 0.0473 0.7369 0.0118 0.0895 0.0178 0.0226 0.0145 0.0173 0.0424 
     D237395  5 0.1449 0.3244 0.0857 0.1998 0.0446 0.0394 0.0552 0.0703 0.0356 
     D237396  5 0.5022 0.1156 0.0157 0.0669 0.0282 0.0553 0.1662 0.0211 0.0288 
     D244016  5 0.0411 0.1793 0.0265 0.0773 0.0314 0.1362 0.2065 0.0292 0.2726 
     D244018  5 0.0324 0.1695 0.0329 0.1138 0.1874 0.0230 0.3985 0.0273 0.0152 
     D244019  5 0.0559 0.1175 0.0850 0.0460 0.0299 0.4549 0.1453 0.0262 0.0392 
        D279  5 0.0844 0.1053 0.0176 0.2566 0.1506 0.0666 0.2346 0.0564 0.0279 
        D280  5 0.1513 0.1368 0.0256 0.5411 0.0460 0.0319 0.0174 0.0204 0.0293 
        D281  5 0.0155 0.0559 0.0214 0.6402 0.0239 0.0257 0.1588 0.0387 0.0200 
        D283  5 0.0583 0.3342 0.0249 0.3596 0.0713 0.0805 0.0301 0.0219 0.0191 
        D284  5 0.0329 0.0321 0.0175 0.0755 0.0606 0.0512 0.0776 0.5986 0.0540 
        D285  5 0.0277 0.2032 0.0204 0.5825 0.0496 0.0472 0.0268 0.0165 0.0262 
        D286  5 0.0510 0.1838 0.0629 0.0836 0.3484 0.0870 0.0316 0.0456 0.1062 
        D287  5 0.0154 0.0610 0.1121 0.0274 0.0394 0.0205 0.0118 0.2000 0.5125 
        D288  5 0.0467 0.1059 0.0315 0.5507 0.0424 0.1688 0.0206 0.0154 0.0179 
        D308  5 0.7394 0.0254 0.0150 0.0192 0.0128 0.0932 0.0333 0.0345 0.0275 
        D309  5 0.0261 0.0151 0.0116 0.0140 0.0201 0.0176 0.0191 0.0142 0.8621 
        D310  5 0.0279 0.7876 0.0225 0.0616 0.0320 0.0284 0.0145 0.0119 0.0136 
        D311  5 0.0495 0.1428 0.0578 0.0262 0.1256 0.4139 0.0719 0.0714 0.0408 
        D312  5 0.2468 0.0870 0.1071 0.0521 0.0611 0.0569 0.0496 0.0348 0.3047 
        D313  5 0.6116 0.0708 0.0159 0.0123 0.0497 0.0126 0.0126 0.2069 0.0077 
        D314  5 0.1169 0.1402 0.0583 0.0574 0.2617 0.0493 0.0837 0.1210 0.1115 
        D315  5 0.1234 0.1003 0.3826 0.0434 0.0256 0.1824 0.0182 0.0427 0.0813 
        D317  5 0.0301 0.8027 0.0329 0.0205 0.0449 0.0266 0.0142 0.0183 0.0098 
        D318  5 0.0877 0.0405 0.0860 0.1317 0.0513 0.1978 0.1177 0.0645 0.2228 
        D319  5 0.0119 0.8469 0.0120 0.0212 0.0260 0.0134 0.0295 0.0244 0.0147 
        D320  5 0.0212 0.5727 0.0290 0.1499 0.0234 0.0385 0.0206 0.0331 0.1115 
        D321  5 0.8064 0.0199 0.0109 0.0841 0.0123 0.0263 0.0110 0.0175 0.0115 
        D336  5 0.0112 0.6485 0.0679 0.0448 0.0742 0.0371 0.0144 0.0435 0.0584 
        D337  5 0.0157 0.7590 0.0359 0.0578 0.0199 0.0256 0.0402 0.0168 0.0291 
        D338  5 0.1000 0.1682 0.0167 0.0984 0.2635 0.0636 0.1545 0.1137 0.0213 
        D339  5 0.0220 0.7758 0.0571 0.0345 0.0233 0.0256 0.0250 0.0257 0.0110 
        D347  5 0.0132 0.1592 0.5537 0.0591 0.1043 0.0621 0.0184 0.0143 0.0157 
        D348  5 0.0138 0.6688 0.1430 0.0365 0.0278 0.0456 0.0217 0.0126 0.0303 
        D349  5 0.8695 0.0217 0.0116 0.0182 0.0139 0.0145 0.0131 0.0153 0.0222 
        D350  5 0.0117 0.0147 0.0147 0.0126 0.0167 0.0166 0.0141 0.0197 0.8792 
        D355  5 0.0182 0.0241 0.0226 0.2154 0.0401 0.0425 0.5780 0.0383 0.0209 
        D356  5 0.1228 0.2809 0.0557 0.1714 0.0667 0.1037 0.0348 0.0768 0.0871 
        D357  5 0.0413 0.1014 0.4372 0.1443 0.0403 0.0943 0.0184 0.0599 0.0629 
        D358  5 0.0736 0.1657 0.0957 0.0683 0.0239 0.0354 0.0315 0.1148 0.3911 
        D359  5 0.0671 0.5770 0.0315 0.0600 0.0303 0.1557 0.0190 0.0322 0.0273 
        D360  5 0.0836 0.3573 0.0288 0.2409 0.0409 0.0725 0.0291 0.0758 0.0710 
        D361  5 0.6955 0.0184 0.0279 0.0124 0.0153 0.0170 0.0138 0.1871 0.0125 
        D366  5 0.0192 0.0280 0.0230 0.0193 0.0193 0.0828 0.7429 0.0457 0.0199 
        D367  5 0.0528 0.4207 0.0237 0.0742 0.2513 0.0368 0.0212 0.0656 0.0537 
        D368  5 0.6463 0.0659 0.0210 0.0239 0.0263 0.0484 0.0232 0.1194 0.0254 
        D380  5 0.0763 0.0233 0.0177 0.0268 0.0158 0.0282 0.0703 0.0275 0.7141 
        D381  5 0.0339 0.6432 0.0319 0.0740 0.0546 0.0565 0.0637 0.0232 0.0188 
        D400  5 0.0236 0.3113 0.0917 0.0850 0.3311 0.0630 0.0476 0.0247 0.0220 
        D411  5 0.0881 0.0065 0.0333 0.0093 0.0706 0.0129 0.0120 0.7503 0.0171 
        D412  5 0.0570 0.2154 0.5462 0.0423 0.0560 0.0420 0.0189 0.0099 0.0123 
        D413  5 0.0374 0.0210 0.0340 0.0295 0.0207 0.0872 0.6661 0.0312 0.0728 
        D414  5 0.0136 0.0210 0.0449 0.0277 0.0248 0.0220 0.0713 0.0320 0.7427 
        D420  5 0.0416 0.0423 0.0244 0.6360 0.0420 0.0433 0.0184 0.1278 0.0243 
        D431  5 0.0303 0.0177 0.0676 0.0748 0.0148 0.0187 0.0086 0.1166 0.6507 
        D432  5 0.1059 0.2802 0.2070 0.1406 0.1206 0.0354 0.0212 0.0221 0.0670 
        D433  5 0.0906 0.5293 0.0654 0.0757 0.0589 0.0853 0.0439 0.0246 0.0262 
        D434  5 0.0170 0.5040 0.0298 0.2275 0.0685 0.0461 0.0209 0.0638 0.0224 
        D440  5 0.0149 0.0258 0.0153 0.0226 0.0706 0.0219 0.0314 0.0354 0.7622 
        D447  5 0.0454 0.0416 0.2976 0.1366 0.0163 0.2577 0.0430 0.0898 0.0721 
        D448  5 0.0238 0.2325 0.5283 0.0258 0.0748 0.0387 0.0164 0.0316 0.0281 
        D459  5 0.0090 0.0284 0.0262 0.0833 0.0411 0.0375 0.7289 0.0265 0.0192 
        D460  5 0.8874 0.0144 0.0106 0.0124 0.0091 0.0180 0.0144 0.0150 0.0187 
        D461  5 0.0324 0.0134 0.0107 0.0134 0.0193 0.0230 0.0136 0.0109 0.8634 
        D468  5 0.1285 0.0431 0.0328 0.0164 0.0144 0.0742 0.0417 0.5760 0.0729 
        D469  5 0.2734 0.0845 0.0184 0.0742 0.1154 0.1535 0.0528 0.1263 0.1016 
        D470  5 0.0334 0.0588 0.2361 0.0245 0.4372 0.0890 0.0248 0.0483 0.0479 
        D471  5 0.0261 0.4752 0.0981 0.0598 0.0607 0.1107 0.0585 0.0455 0.0654 
        D472  5 0.0493 0.0308 0.0202 0.1050 0.0283 0.5015 0.2382 0.0113 0.0155 
        D479  5 0.0126 0.0143 0.8238 0.0133 0.0163 0.0236 0.0584 0.0115 0.0263 
        D485  5 0.0132 0.0295 0.0816 0.0346 0.0410 0.0271 0.0316 0.1251 0.6164 
        D486  5 0.0515 0.0375 0.0294 0.0196 0.0496 0.0432 0.0455 0.6602 0.0634 
        D487  5 0.0362 0.2216 0.1381 0.2214 0.2350 0.0389 0.0257 0.0258 0.0574 
        D555  5 0.0123 0.7508 0.0330 0.0906 0.0210 0.0142 0.0422 0.0120 0.0240 
        D556  5 0.0766 0.0367 0.0168 0.2076 0.0221 0.0268 0.0190 0.0251 0.5692 
        D557  5 0.0626 0.6283 0.0680 0.0321 0.0500 0.0281 0.0667 0.0176 0.0466 
        D564  5 0.0901 0.0890 0.1270 0.0299 0.0403 0.1385 0.0294 0.0549 0.4009 
        D594  5 0.0454 0.1540 0.3254 0.0628 0.1267 0.1616 0.0701 0.0203 0.0337 
        D595  5 0.1404 0.2448 0.1009 0.0512 0.0341 0.1302 0.0509 0.1386 0.1090 
        D596  5 0.0191 0.7274 0.0822 0.0670 0.0186 0.0209 0.0148 0.0134 0.0366 
        D597  5 0.0351 0.2630 0.0368 0.2406 0.0462 0.0565 0.2781 0.0142 0.0294 
        D598  5 0.0555 0.2651 0.1368 0.1165 0.1158 0.0630 0.0309 0.0556 0.1608 
        D617  5 0.0715 0.0270 0.5815 0.0250 0.0507 0.0232 0.0222 0.1825 0.0163 
        D618  5 0.0400 0.4786 0.0447 0.1643 0.0474 0.1119 0.0370 0.0321 0.0439 
        D619  5 0.2381 0.0575 0.3663 0.0288 0.0235 0.1769 0.0214 0.0416 0.0459 
        D620  5 0.0431 0.0500 0.0922 0.0514 0.0501 0.0345 0.6415 0.0192 0.0180 
        D628  5 0.0147 0.0190 0.0266 0.0183 0.0187 0.0228 0.0135 0.0184 0.8479 
        D714  5 0.0175 0.0440 0.0368 0.1775 0.0328 0.0280 0.0406 0.0389 0.5839 
        D715  5 0.0278 0.6097 0.0243 0.1161 0.0207 0.0684 0.0567 0.0210 0.0553 
        D716  5 0.0210 0.1005 0.3008 0.0733 0.2254 0.1369 0.0663 0.0370 0.0387 
        D717  5 0.0248 0.2611 0.0179 0.1981 0.0527 0.1167 0.1063 0.0407 0.1817 
        D718  5 0.0150 0.0495 0.1385 0.0434 0.0866 0.0238 0.0209 0.5543 0.0680 
        D769  5 0.0168 0.0246 0.6097 0.0232 0.2147 0.0305 0.0196 0.0421 0.0189 
        D770  5 0.0307 0.0226 0.0375 0.0208 0.0225 0.0286 0.0842 0.0801 0.6731 
        D771  5 0.0742 0.0670 0.2715 0.1714 0.0718 0.0679 0.0461 0.0338 0.1963 
        D772  5 0.0513 0.0296 0.0145 0.0303 0.0285 0.0204 0.0222 0.0137 0.7895 
        D782  5 0.3576 0.0234 0.0249 0.3319 0.0216 0.0316 0.0802 0.0913 0.0376 
        D783  5 0.0195 0.1384 0.0795 0.0668 0.0630 0.0710 0.2296 0.0528 0.2794 
        D784  5 0.0322 0.0546 0.0201 0.2025 0.0453 0.3656 0.0890 0.0268 0.1639 
        D785  5 0.1467 0.3723 0.0295 0.0394 0.0302 0.0875 0.0291 0.0370 0.2283 
        D786  5 0.0625 0.0249 0.0765 0.0285 0.2385 0.1642 0.2194 0.0770 0.1085 
        D821  5 0.0160 0.7005 0.0139 0.1413 0.0143 0.0218 0.0128 0.0231 0.0563 
        D822  5 0.0464 0.1704 0.0678 0.1104 0.0494 0.2960 0.1296 0.0755 0.0545 
        D826  5 0.0935 0.3579 0.0299 0.0694 0.0586 0.0565 0.2211 0.0446 0.0684 
        D827  5 0.0239 0.0292 0.0364 0.0225 0.0395 0.5009 0.1804 0.0993 0.0679 
        D851  5 0.4633 0.0989 0.0689 0.0443 0.0375 0.0947 0.0494 0.0532 0.0899 
        D852  5 0.0179 0.1545 0.1923 0.2128 0.1607 0.0456 0.0256 0.0291 0.1616 
        D853  5 0.0966 0.2832 0.0488 0.3089 0.0672 0.0679 0.0475 0.0472 0.0327 
        D854  5 0.0523 0.0202 0.0848 0.0526 0.0421 0.2153 0.0482 0.4409 0.0435 
        D861  5 0.0746 0.2043 0.1007 0.0452 0.0318 0.0881 0.0523 0.3713 0.0318 
        D862  5 0.0874 0.2404 0.0330 0.1116 0.0757 0.2554 0.0738 0.0418 0.0808 
        D865  5 0.1486 0.4096 0.1782 0.0589 0.0340 0.0295 0.0264 0.0448 0.0699 
        D868  5 0.0730 0.1885 0.0296 0.1313 0.1912 0.2126 0.0852 0.0455 0.0430 
        D869  5 0.3468 0.0171 0.0336 0.0153 0.0515 0.0214 0.0257 0.4724 0.0163 
        D870  5 0.0604 0.0175 0.0514 0.0306 0.0319 0.3387 0.3920 0.0448 0.0327 
        D907  5 0.1048 0.6026 0.1446 0.0337 0.0378 0.0267 0.0108 0.0215 0.0175 
        D908  5 0.0496 0.1240 0.3005 0.2140 0.1519 0.0342 0.0184 0.0256 0.0817 
        D910  5 0.0345 0.3030 0.1347 0.0701 0.0744 0.1107 0.1698 0.0788 0.0241 
        D911  5 0.0088 0.0403 0.0125 0.3132 0.0389 0.0293 0.5171 0.0250 0.0149 
        D934  5 0.0307 0.0245 0.1196 0.0668 0.0372 0.1348 0.0243 0.0598 0.5022 
        D946  5 0.0265 0.0242 0.0955 0.0761 0.0742 0.0480 0.0141 0.0748 0.5666 
        D947  5 0.1659 0.0218 0.0222 0.2477 0.1748 0.1171 0.0491 0.0408 0.1606 
        D948  5 0.8128 0.0583 0.0168 0.0239 0.0162 0.0202 0.0136 0.0206 0.0177 
        D949  5 0.8815 0.0225 0.0116 0.0128 0.0175 0.0147 0.0091 0.0162 0.0141 
        D950  5 0.0224 0.0418 0.0214 0.3459 0.0205 0.0451 0.4471 0.0237 0.0320 
        D951  5 0.3039 0.0399 0.1135 0.0273 0.0589 0.1690 0.1320 0.0694 0.0861 
        D952  5 0.1222 0.2158 0.0339 0.1051 0.1150 0.3372 0.0345 0.0212 0.0151 
        D953  5 0.0858 0.5682 0.0490 0.1244 0.0202 0.0435 0.0203 0.0303 0.0583 
        D954  5 0.2602 0.1972 0.0298 0.0388 0.0178 0.3286 0.0438 0.0311 0.0526 
        D961  5 0.0141 0.0224 0.0733 0.0186 0.0184 0.0281 0.0145 0.0727 0.7379 
        D962  5 0.0278 0.0907 0.0330 0.0167 0.0238 0.0435 0.0144 0.0224 0.7276 
        D963  5 0.0233 0.3095 0.0248 0.1155 0.0436 0.1195 0.0669 0.0395 0.2575 
        D964  5 0.0579 0.0309 0.0391 0.1224 0.0391 0.0796 0.0364 0.3099 0.2848 
        D965  5 0.0489 0.0374 0.1447 0.0415 0.1221 0.1198 0.0747 0.0312 0.3798 
        D966  5 0.0826 0.0513 0.1188 0.0888 0.1509 0.3355 0.0364 0.0147 0.1210 
        D967  5 0.0644 0.1865 0.1404 0.3770 0.0289 0.0732 0.0662 0.0353 0.0282 
        D991  5 0.0219 0.1011 0.0618 0.0405 0.3252 0.0349 0.0217 0.0636 0.3292 
        D132  8 0.0359 0.0220 0.0117 0.0156 0.3357 0.0216 0.0168 0.5107 0.0299 
        D133  8 0.0205 0.0239 0.4157 0.0391 0.0744 0.0213 0.3727 0.0161 0.0163 
        D200  8 0.0106 0.0547 0.2130 0.2674 0.1573 0.0309 0.0188 0.2058 0.0416 
        D500  8 0.1037 0.0220 0.0241 0.0239 0.3441 0.0248 0.0105 0.4263 0.0207 
        D614  8 0.0420 0.3541 0.0402 0.1239 0.1185 0.0474 0.0272 0.1475 0.0992 
        D723  8 0.0288 0.0639 0.0362 0.0211 0.0735 0.0391 0.1145 0.6072 0.0158 
        D888  8 0.0162 0.0177 0.0223 0.6504 0.1717 0.0484 0.0228 0.0264 0.0242 
        D901  8 0.0126 0.0143 0.0188 0.0206 0.0148 0.0141 0.0177 0.8671 0.0200 
        D902  8 0.0262 0.5633 0.0215 0.0490 0.0700 0.0191 0.0319 0.1299 0.0892 
        D903  8 0.0708 0.0798 0.0149 0.0349 0.1067 0.2771 0.3182 0.0361 0.0615 
        D904  8 0.1770 0.0432 0.0807 0.0487 0.1887 0.2080 0.0426 0.0294 0.1817 
        D905  8 0.0092 0.0589 0.0315 0.6975 0.1215 0.0142 0.0133 0.0211 0.0327 
        D906  8 0.0593 0.0281 0.2576 0.1447 0.0761 0.1718 0.1969 0.0214 0.0442 
        D937  8 0.0111 0.7615 0.0232 0.0409 0.0255 0.0096 0.0211 0.0865 0.0208 
        D943  8 0.0404 0.0400 0.0306 0.4536 0.1286 0.0858 0.0792 0.0971 0.0448 
        D972  8 0.0119 0.0159 0.0293 0.0158 0.0331 0.0215 0.0230 0.8340 0.0155 
        D973  8 0.0471 0.0474 0.0206 0.0275 0.1526 0.1280 0.1261 0.4262 0.0245 
        D974  8 0.0717 0.0972 0.1248 0.1047 0.1156 0.0492 0.1922 0.1989 0.0458 
        D975  8 0.0100 0.1256 0.1208 0.2822 0.1569 0.0541 0.0400 0.1549 0.0556 
        D976  8 0.0313 0.0828 0.0886 0.2293 0.0793 0.0794 0.0450 0.2573 0.1070 
        D142 10 0.0339 0.0523 0.2335 0.0532 0.0873 0.2161 0.0742 0.0866 0.1629 
        D143 10 0.0242 0.0481 0.1797 0.0194 0.0354 0.0233 0.6069 0.0321 0.0309 
        D144 10 0.1940 0.0522 0.0413 0.1393 0.0193 0.0891 0.0601 0.0335 0.3712 
        D145 10 0.0377 0.0241 0.0210 0.5579 0.2210 0.0266 0.0269 0.0292 0.0556 
        D146 10 0.1634 0.0334 0.0423 0.0167 0.0890 0.1238 0.0352 0.3788 0.1175 
        D147 10 0.0125 0.0251 0.0403 0.0190 0.0403 0.1972 0.0573 0.4845 0.1238 
        D148 10 0.0202 0.0233 0.0218 0.0212 0.0229 0.2604 0.1681 0.0831 0.3791 
        D149 10 0.1341 0.0550 0.2714 0.1940 0.0423 0.0941 0.1464 0.0319 0.0307 
        D151 10 0.0206 0.1272 0.0298 0.1805 0.0264 0.1404 0.2342 0.1976 0.0433 
        D152 10 0.0151 0.0090 0.5743 0.1663 0.0239 0.0309 0.1100 0.0327 0.0378 
        D153 10 0.1463 0.0751 0.0319 0.0481 0.2570 0.1306 0.0650 0.1160 0.1300 
        D156 10 0.0275 0.0128 0.0356 0.0138 0.0389 0.0403 0.0235 0.0144 0.7933 
        D157 10 0.1958 0.1483 0.3666 0.0375 0.0829 0.0529 0.0136 0.0456 0.0569 
        D158 10 0.0167 0.0346 0.0538 0.0775 0.0328 0.0236 0.0145 0.7164 0.0301 
        D159 10 0.0291 0.0351 0.0199 0.0177 0.0354 0.0226 0.8139 0.0118 0.0145 
        D160 10 0.0106 0.2197 0.0109 0.6919 0.0150 0.0109 0.0111 0.0180 0.0121 
        D161 10 0.3570 0.0477 0.0306 0.0509 0.0338 0.2300 0.0979 0.0321 0.1201 
        D162 10 0.0222 0.0179 0.0279 0.0167 0.0186 0.0185 0.0244 0.0102 0.8436 
        D169 10 0.1692 0.0325 0.0180 0.3195 0.1837 0.0532 0.0510 0.1549 0.0179 
        D170 10 0.1187 0.0235 0.0704 0.0196 0.4460 0.0823 0.0155 0.0878 0.1361 
        D171 10 0.0330 0.0160 0.0152 0.0099 0.0190 0.0316 0.0175 0.0229 0.8348 
        D172 10 0.0170 0.0169 0.0325 0.0169 0.1380 0.0725 0.0331 0.1152 0.5579 
        D173 10 0.0119 0.0112 0.0181 0.0483 0.0350 0.0323 0.7771 0.0328 0.0333 
        D181 10 0.0292 0.0564 0.0288 0.0259 0.0271 0.0804 0.0436 0.0335 0.6750 
        D182 10 0.1026 0.0413 0.2392 0.1547 0.0588 0.1855 0.0523 0.0848 0.0808 
        D183 10 0.0404 0.6825 0.0138 0.1257 0.0672 0.0209 0.0148 0.0176 0.0170 
        D184 10 0.6689 0.0097 0.0179 0.0097 0.1891 0.0345 0.0137 0.0394 0.0172 
        D185 10 0.1257 0.0245 0.0177 0.0268 0.0228 0.3136 0.0508 0.0685 0.3496 
        D186 10 0.0911 0.0279 0.0218 0.0645 0.3491 0.0180 0.0280 0.3860 0.0136 
        D194 10 0.0767 0.0375 0.3186 0.0477 0.1106 0.1302 0.0931 0.1338 0.0519 
        D195 10 0.1523 0.0959 0.1492 0.1823 0.0847 0.0643 0.0560 0.0215 0.1938 
        D196 10 0.0462 0.0836 0.0657 0.1307 0.1051 0.1370 0.3475 0.0158 0.0684 
        D197 10 0.4319 0.0538 0.0343 0.0451 0.1063 0.0232 0.1054 0.1624 0.0377 
        D198 10 0.5904 0.0332 0.0174 0.0651 0.0222 0.1937 0.0218 0.0337 0.0225 
     D237226 10 0.1422 0.0223 0.0185 0.4937 0.0126 0.1088 0.1059 0.0593 0.0368 
     D237232 10 0.0341 0.1183 0.0345 0.4475 0.0446 0.0389 0.0578 0.1937 0.0306 
     D237233 10 0.0322 0.0376 0.4556 0.0918 0.0421 0.0248 0.0285 0.1217 0.1658 
     D237234 10 0.0207 0.0730 0.0351 0.0718 0.0776 0.0574 0.0225 0.0345 0.6073 
     D237354 10 0.0125 0.0300 0.0281 0.8299 0.0252 0.0154 0.0295 0.0140 0.0153 
     D237355 10 0.0148 0.0452 0.0080 0.8427 0.0143 0.0189 0.0201 0.0168 0.0193 
     D237356 10 0.7960 0.0569 0.0081 0.0191 0.0264 0.0553 0.0162 0.0114 0.0107 
     D237357 10 0.0784 0.0349 0.1171 0.0529 0.0751 0.0582 0.3418 0.1783 0.0632 
     D237358 10 0.7050 0.0307 0.0964 0.0315 0.0267 0.0215 0.0498 0.0105 0.0278 
     D237369 10 0.0177 0.0118 0.0291 0.0094 0.0422 0.0293 0.0299 0.8133 0.0173 
     D237370 10 0.2210 0.2251 0.0684 0.0762 0.0399 0.0617 0.1826 0.0362 0.0889 
     D237371 10 0.2598 0.0221 0.0432 0.0273 0.0647 0.5260 0.0223 0.0213 0.0134 
     D237372 10 0.0366 0.0299 0.0927 0.0894 0.4696 0.0486 0.2029 0.0128 0.0175 
     D237373 10 0.0272 0.0531 0.0646 0.2431 0.0518 0.0846 0.0372 0.2321 0.2064 
     D237374 10 0.0168 0.0940 0.0297 0.6706 0.0508 0.0322 0.0186 0.0230 0.0642 
     D237375 10 0.0971 0.0431 0.0714 0.1069 0.0438 0.1565 0.3396 0.0797 0.0619 
     D237400 10 0.0130 0.0296 0.7019 0.0378 0.0551 0.0212 0.0470 0.0232 0.0711 
     D244002 10 0.0158 0.0215 0.1218 0.0281 0.3280 0.1951 0.1368 0.1030 0.0499 
     D244003 10 0.0114 0.3206 0.1026 0.3130 0.1531 0.0126 0.0117 0.0385 0.0365 
     D244004 10 0.0148 0.7886 0.0107 0.0838 0.0122 0.0087 0.0089 0.0521 0.0203 
     D244005 10 0.0491 0.0221 0.0154 0.8025 0.0428 0.0181 0.0141 0.0214 0.0146 
     D244020 10 0.1038 0.0559 0.0319 0.0528 0.0457 0.1869 0.0592 0.1403 0.3236 
     D244021 10 0.0303 0.0405 0.0168 0.0257 0.1818 0.0252 0.1326 0.5157 0.0314 
     D244116 10 0.0501 0.0193 0.0767 0.0344 0.1454 0.0338 0.0269 0.0721 0.5413 
     D244117 10 0.0223 0.5494 0.0328 0.1838 0.0744 0.0381 0.0439 0.0196 0.0358 
     D244121 10 0.0405 0.4761 0.2057 0.0647 0.0500 0.0230 0.0239 0.0567 0.0595 
