        D023  2 0.0338 0.0123 0.0157 0.7169 0.0227 0.0212 0.1633 0.0140 
        D130  2 0.0196 0.0897 0.0837 0.6291 0.0572 0.0233 0.0847 0.0128 
        D131  2 0.0432 0.1257 0.3944 0.0467 0.0206 0.0902 0.2404 0.0386 
        D163  2 0.0374 0.0322 0.0357 0.6769 0.0340 0.0640 0.0540 0.0658 
        D164  2 0.0274 0.3680 0.4011 0.0212 0.1241 0.0164 0.0297 0.0121 
        D165  2 0.0521 0.0190 0.0167 0.7879 0.0268 0.0327 0.0510 0.0138 
        D166  2 0.1260 0.0253 0.2136 0.0994 0.4219 0.0490 0.0437 0.0210 
        D167  2 0.0082 0.0154 0.0118 0.0072 0.9286 0.0083 0.0103 0.0103 
        D192  2 0.0139 0.0183 0.0096 0.0106 0.9111 0.0163 0.0087 0.0115 
        D193  2 0.0305 0.0303 0.0372 0.0417 0.6962 0.0366 0.0378 0.0897 
        D206  2 0.0317 0.1389 0.0717 0.0787 0.0678 0.0206 0.5703 0.0205 
        D207  2 0.0372 0.3717 0.0444 0.0224 0.3074 0.1546 0.0458 0.0166 
        D208  2 0.0633 0.0357 0.0243 0.1250 0.0681 0.3166 0.0531 0.3140 
        D209  2 0.1052 0.0161 0.0245 0.0438 0.7377 0.0174 0.0398 0.0157 
        D210  2 0.0457 0.1101 0.0256 0.0290 0.0454 0.1426 0.0304 0.5713 
     D229599  2 0.1129 0.0157 0.0505 0.2560 0.0560 0.2228 0.2425 0.0437 
     D229600  2 0.0247 0.0584 0.0381 0.0972 0.7039 0.0337 0.0273 0.0167 
     D237227  2 0.0233 0.0171 0.2252 0.1452 0.0417 0.1520 0.0484 0.3472 
     D237228  2 0.0210 0.0303 0.6838 0.0217 0.0377 0.0422 0.0152 0.1481 
     D237258  2 0.2149 0.0316 0.1060 0.0980 0.2169 0.1705 0.1229 0.0391 
     D237310  2 0.0219 0.0153 0.8808 0.0116 0.0259 0.0131 0.0091 0.0222 
     D237311  2 0.0194 0.0606 0.7475 0.0198 0.0889 0.0247 0.0165 0.0227 
     D237312  2 0.0871 0.0337 0.6873 0.0723 0.0373 0.0227 0.0206 0.0392 
     D237313  2 0.0397 0.0341 0.0825 0.0690 0.0283 0.0349 0.6338 0.0777 
     D237322  2 0.0807 0.0561 0.2079 0.1135 0.0652 0.3359 0.0373 0.1034 
     D237323  2 0.0247 0.0145 0.6960 0.0321 0.0289 0.0798 0.0127 0.1112 
     D237324  2 0.0493 0.2066 0.0820 0.2296 0.1959 0.1728 0.0426 0.0213 
     D237325  2 0.0305 0.0589 0.4922 0.0948 0.1757 0.0283 0.0303 0.0893 
     D237326  2 0.0337 0.0791 0.6523 0.0282 0.0361 0.0458 0.0556 0.0692 
     D237327  2 0.1159 0.0481 0.0291 0.1338 0.0529 0.5719 0.0186 0.0297 
     D237337  2 0.0152 0.0164 0.8667 0.0220 0.0131 0.0140 0.0260 0.0266 
     D237338  2 0.0669 0.0616 0.2247 0.3498 0.0283 0.0694 0.0272 0.1721 
     D237339  2 0.1716 0.5067 0.0252 0.0876 0.0862 0.0502 0.0555 0.0170 
     D237340  2 0.0349 0.0588 0.3719 0.0475 0.2408 0.0526 0.0224 0.1712 
     D237389  2 0.0297 0.0317 0.6718 0.0230 0.1982 0.0147 0.0139 0.0171 
     D237390  2 0.0622 0.0712 0.5676 0.0714 0.0450 0.0616 0.0261 0.0949 
     D244017  2 0.0173 0.0180 0.0201 0.0153 0.8014 0.0372 0.0338 0.0569 
     D244112  2 0.0174 0.0877 0.0240 0.0562 0.7742 0.0163 0.0128 0.0115 
     D244118  2 0.0097 0.0111 0.0105 0.0484 0.8842 0.0128 0.0084 0.0149 
     D244119  2 0.0109 0.0671 0.0272 0.0153 0.1784 0.0201 0.0249 0.6561 
     D244120  2 0.0411 0.0205 0.0425 0.0145 0.8293 0.0217 0.0113 0.0191 
     D244122  2 0.0295 0.0345 0.0186 0.0356 0.8069 0.0182 0.0255 0.0313 
        D291  2 0.0106 0.0199 0.0272 0.0519 0.0649 0.7526 0.0622 0.0108 
        D292  2 0.0509 0.0451 0.0307 0.0431 0.3078 0.1613 0.2371 0.1239 
        D293  2 0.0145 0.9192 0.0096 0.0095 0.0110 0.0093 0.0169 0.0099 
        D322  2 0.0621 0.7004 0.0416 0.0246 0.0475 0.0586 0.0523 0.0129 
        D323  2 0.0655 0.0702 0.0506 0.0379 0.2783 0.0455 0.4077 0.0443 
        D324  2 0.0213 0.0663 0.1480 0.0266 0.0252 0.5550 0.1174 0.0401 
        D325  2 0.0165 0.9051 0.0104 0.0107 0.0106 0.0193 0.0177 0.0099 
        D326  2 0.0123 0.0142 0.0116 0.0109 0.0121 0.0203 0.9037 0.0148 
        D340  2 0.0179 0.8842 0.0158 0.0110 0.0194 0.0159 0.0143 0.0216 
        D341  2 0.0140 0.8362 0.0331 0.0220 0.0233 0.0163 0.0271 0.0279 
        D342  2 0.0269 0.1408 0.0596 0.0542 0.5896 0.0537 0.0523 0.0231 
        D343  2 0.0116 0.9333 0.0086 0.0094 0.0087 0.0105 0.0094 0.0084 
        D344  2 0.3878 0.0176 0.0556 0.0254 0.1668 0.0155 0.3151 0.0163 
        D345  2 0.2037 0.0283 0.0368 0.0645 0.0605 0.1262 0.4483 0.0318 
        D346  2 0.1916 0.0751 0.1282 0.0279 0.0534 0.0547 0.1264 0.3426 
        D351  2 0.0542 0.1943 0.1721 0.0311 0.0168 0.2648 0.2483 0.0184 
        D352  2 0.6285 0.0460 0.0878 0.0359 0.0486 0.0311 0.0601 0.0620 
        D353  2 0.3305 0.0395 0.0498 0.0383 0.0404 0.0497 0.4347 0.0170 
        D354  2 0.6032 0.0123 0.0221 0.0277 0.0363 0.0184 0.2495 0.0306 
        D362  2 0.0296 0.0203 0.0235 0.1081 0.0324 0.0433 0.7241 0.0188 
        D363  2 0.0449 0.0183 0.0309 0.0601 0.0367 0.0549 0.7281 0.0261 
        D364  2 0.3178 0.0144 0.0249 0.0549 0.0827 0.0179 0.4638 0.0236 
        D365  2 0.0166 0.8937 0.0164 0.0109 0.0112 0.0137 0.0180 0.0194 
        D369  2 0.0227 0.1781 0.3361 0.0356 0.0663 0.0509 0.1341 0.1763 
        D374  2 0.0277 0.0168 0.0179 0.0172 0.6562 0.0147 0.0261 0.2233 
        D375  2 0.7315 0.0105 0.0381 0.0321 0.0548 0.0123 0.1075 0.0131 
        D376  2 0.0791 0.0201 0.0281 0.0375 0.4640 0.0190 0.0229 0.3293 
        D377  2 0.1341 0.0846 0.4321 0.0653 0.0436 0.0497 0.1227 0.0681 
        D378  2 0.2345 0.2322 0.0259 0.1093 0.0332 0.1054 0.2347 0.0248 
        D379  2 0.0272 0.0308 0.0217 0.0220 0.0199 0.0169 0.8364 0.0251 
        D384  2 0.0121 0.0166 0.0160 0.0139 0.0113 0.0180 0.8883 0.0239 
        D385  2 0.1619 0.6749 0.0308 0.0292 0.0284 0.0182 0.0277 0.0289 
        D386  2 0.5485 0.0512 0.0228 0.0330 0.0197 0.0279 0.2818 0.0150 
        D391  2 0.0395 0.8350 0.0218 0.0153 0.0234 0.0140 0.0377 0.0133 
        D392  2 0.0287 0.3505 0.2003 0.0309 0.2204 0.0372 0.0889 0.0431 
        D393  2 0.2003 0.1812 0.0319 0.0387 0.0183 0.1755 0.3289 0.0251 
        D394  2 0.1729 0.0684 0.1553 0.0912 0.3517 0.0547 0.0489 0.0569 
        D395  2 0.5809 0.1821 0.0398 0.0730 0.0424 0.0346 0.0217 0.0255 
        D401  2 0.0117 0.0137 0.8825 0.0143 0.0239 0.0159 0.0102 0.0278 
        D402  2 0.0576 0.8140 0.0197 0.0137 0.0196 0.0327 0.0260 0.0166 
        D403  2 0.2140 0.0445 0.0265 0.0917 0.0522 0.0395 0.5137 0.0178 
        D415  2 0.1237 0.0698 0.4249 0.0702 0.0232 0.0177 0.2575 0.0131 
        D435  2 0.0735 0.5736 0.0555 0.0408 0.0243 0.0719 0.1423 0.0180 
        D436  2 0.3026 0.2282 0.0646 0.1318 0.0788 0.0263 0.0721 0.0955 
        D438  2 0.0157 0.8801 0.0159 0.0151 0.0248 0.0168 0.0148 0.0168 
        D439  2 0.4343 0.0483 0.0174 0.1629 0.0623 0.0498 0.2094 0.0156 
        D449  2 0.0507 0.4645 0.0422 0.0286 0.2641 0.0161 0.1110 0.0229 
        D450  2 0.1733 0.0178 0.2270 0.1546 0.0572 0.0961 0.2116 0.0624 
        D456  2 0.0175 0.0282 0.0212 0.0159 0.0111 0.0624 0.8318 0.0119 
        D462  2 0.0489 0.8337 0.0129 0.0238 0.0296 0.0168 0.0227 0.0115 
        D463  2 0.0167 0.0146 0.0171 0.0158 0.0107 0.0132 0.8904 0.0215 
        D464  2 0.5091 0.0788 0.0737 0.0267 0.0799 0.0221 0.1744 0.0354 
        D465  2 0.0236 0.6044 0.2277 0.0291 0.0284 0.0204 0.0492 0.0172 
        D473  2 0.1481 0.0375 0.3292 0.0504 0.0217 0.0727 0.0341 0.3064 
        D474  2 0.0695 0.0532 0.0403 0.0482 0.0199 0.2693 0.4375 0.0621 
        D476  2 0.2133 0.0788 0.0174 0.5880 0.0195 0.0255 0.0436 0.0140 
        D477  2 0.4277 0.0203 0.0788 0.0304 0.0217 0.0589 0.3282 0.0340 
        D478  2 0.0700 0.0235 0.0459 0.1133 0.4029 0.1566 0.1518 0.0361 
        D480  2 0.1930 0.2688 0.0325 0.0403 0.0169 0.0783 0.2638 0.1064 
        D481  2 0.2270 0.0271 0.0447 0.0467 0.1358 0.0786 0.3706 0.0696 
        D482  2 0.3009 0.0380 0.0618 0.0680 0.0724 0.2678 0.0653 0.1258 
        D483  2 0.0117 0.0256 0.0125 0.0170 0.8771 0.0116 0.0145 0.0301 
        D484  2 0.8544 0.0193 0.0137 0.0183 0.0258 0.0296 0.0115 0.0274 
        D510  2 0.0298 0.0299 0.0394 0.0318 0.3031 0.1362 0.0393 0.3905 
        D511  2 0.6058 0.0805 0.0247 0.0468 0.0326 0.0375 0.1504 0.0217 
        D512  2 0.0319 0.0402 0.8302 0.0220 0.0282 0.0195 0.0182 0.0099 
        D513  2 0.0193 0.7727 0.0373 0.0161 0.0162 0.0303 0.0668 0.0413 
        D635  2 0.0380 0.0307 0.0290 0.2774 0.0227 0.0750 0.5092 0.0179 
        D636  2 0.0328 0.0187 0.0395 0.6886 0.0339 0.0232 0.1459 0.0173 
        D637  2 0.3000 0.2243 0.1379 0.0678 0.0771 0.0471 0.0714 0.0744 
        D658  2 0.2065 0.2499 0.1736 0.0855 0.1084 0.0260 0.0194 0.1307 
        D659  2 0.0766 0.1056 0.0252 0.2072 0.0524 0.0916 0.3601 0.0813 
        D677  2 0.0274 0.1485 0.0965 0.1354 0.1005 0.0424 0.4275 0.0219 
        D678  2 0.0233 0.0141 0.0199 0.0148 0.8955 0.0113 0.0127 0.0084 
        D679  2 0.0765 0.1189 0.0324 0.0289 0.0127 0.0480 0.6239 0.0587 
        D719  2 0.0314 0.2836 0.0669 0.0324 0.0312 0.0704 0.2015 0.2826 
        D720  2 0.0156 0.1544 0.0406 0.0212 0.0178 0.0443 0.6568 0.0493 
        D721  2 0.0410 0.0238 0.0154 0.7782 0.0249 0.0262 0.0694 0.0212 
        D722  2 0.0464 0.0442 0.0321 0.0301 0.6314 0.0274 0.0502 0.1381 
        D734  2 0.5087 0.1734 0.0311 0.0226 0.0322 0.0472 0.0466 0.1382 
        D735  2 0.1152 0.0616 0.0772 0.1694 0.0250 0.0824 0.4205 0.0488 
        D736  2 0.0854 0.0490 0.0625 0.0445 0.0554 0.4386 0.0706 0.1941 
        D737  2 0.0358 0.0116 0.0211 0.0790 0.7651 0.0348 0.0168 0.0359 
        D807  2 0.1475 0.1309 0.1020 0.0780 0.0709 0.1131 0.1158 0.2418 
        D808  2 0.0296 0.0568 0.7328 0.0233 0.0378 0.0634 0.0338 0.0225 
        D817  2 0.0362 0.0246 0.0434 0.0476 0.0291 0.0356 0.7659 0.0176 
        D818  2 0.0551 0.4003 0.0636 0.1114 0.0237 0.2266 0.0913 0.0280 
        D819  2 0.0468 0.0209 0.5656 0.0368 0.0507 0.0444 0.2074 0.0273 
        D820  2 0.0364 0.6879 0.0204 0.0342 0.0121 0.0243 0.1615 0.0232 
        D895  2 0.0893 0.0546 0.0468 0.2408 0.1238 0.0442 0.3632 0.0373 
        D896  2 0.0093 0.0120 0.9059 0.0112 0.0122 0.0122 0.0117 0.0255 
        D897  2 0.0522 0.3848 0.1145 0.0422 0.2587 0.0596 0.0483 0.0398 
        D898  2 0.0617 0.0153 0.2718 0.0797 0.1147 0.3292 0.1035 0.0241 
        D918  2 0.0933 0.2360 0.3369 0.0926 0.0191 0.0681 0.0454 0.1086 
        D919  2 0.2555 0.1085 0.0221 0.0786 0.1486 0.1119 0.2532 0.0216 
        D920  2 0.0234 0.0242 0.0499 0.6783 0.1240 0.0238 0.0295 0.0468 
        D923  2 0.1862 0.0322 0.0405 0.0393 0.0444 0.0286 0.6083 0.0205 
        D930  2 0.1516 0.0914 0.1622 0.0206 0.0290 0.0344 0.3995 0.1114 
        D931  2 0.5128 0.0859 0.0984 0.0519 0.0783 0.0446 0.0930 0.0349 
        D968  2 0.0225 0.8389 0.0146 0.0135 0.0338 0.0411 0.0217 0.0138 
        D969  2 0.0845 0.0845 0.0498 0.0478 0.1641 0.2172 0.2892 0.0629 
        D977  2 0.0359 0.7195 0.0317 0.0530 0.0586 0.0418 0.0400 0.0195 
        D978  2 0.0510 0.0565 0.0325 0.0603 0.2259 0.3203 0.2164 0.0373 
        D009  4 0.0192 0.0226 0.0606 0.7730 0.0416 0.0240 0.0405 0.0185 
        D057  4 0.0323 0.1048 0.0131 0.7507 0.0226 0.0285 0.0194 0.0286 
        D109  4 0.0422 0.0175 0.8021 0.0359 0.0174 0.0225 0.0203 0.0420 
     D237222  4 0.0192 0.0363 0.0167 0.6461 0.1262 0.0215 0.0265 0.1075 
     D237223  4 0.0384 0.6074 0.0990 0.0308 0.0403 0.0456 0.0184 0.1201 
     D237224  4 0.1961 0.0384 0.0218 0.0632 0.0939 0.1714 0.3800 0.0354 
     D237225  4 0.0263 0.0667 0.0430 0.6502 0.0403 0.0511 0.0748 0.0474 
     D237299  4 0.0402 0.0451 0.7729 0.0194 0.0194 0.0395 0.0277 0.0358 
     D237300  4 0.0316 0.0244 0.0389 0.0295 0.0839 0.7249 0.0217 0.0451 
     D237306  4 0.0587 0.0917 0.0650 0.0424 0.0639 0.0166 0.0349 0.6269 
     D237307  4 0.0183 0.0882 0.0442 0.1032 0.0478 0.0598 0.4339 0.2047 
     D237308  4 0.0930 0.1835 0.0338 0.1142 0.2943 0.0459 0.0925 0.1428 
     D237309  4 0.0421 0.0240 0.0318 0.7024 0.0653 0.0638 0.0545 0.0160 
     D237317  4 0.0308 0.0185 0.0167 0.2159 0.0249 0.1236 0.4399 0.1298 
     D237318  4 0.0167 0.0612 0.0307 0.0180 0.0536 0.7603 0.0338 0.0257 
     D237319  4 0.0324 0.0386 0.3127 0.0683 0.2319 0.0578 0.2116 0.0467 
     D237320  4 0.0272 0.4507 0.2266 0.0587 0.0549 0.1084 0.0374 0.0361 
     D237321  4 0.0220 0.0226 0.0710 0.0409 0.1438 0.5796 0.0744 0.0457 
     D237397  4 0.0152 0.3644 0.0246 0.0663 0.1162 0.0615 0.0316 0.3202 
     D237398  4 0.0501 0.0433 0.0296 0.0196 0.0189 0.7053 0.1193 0.0140 
     D237399  4 0.0281 0.0528 0.0757 0.1059 0.0424 0.3900 0.0890 0.2162 
     D244001  4 0.0232 0.0518 0.0122 0.6228 0.2197 0.0226 0.0192 0.0284 
        D289  4 0.1802 0.1894 0.0302 0.0729 0.0946 0.1048 0.0452 0.2827 
        D290  4 0.0331 0.0578 0.0409 0.0732 0.4311 0.2907 0.0402 0.0329 
        D294  4 0.3410 0.0381 0.0360 0.1109 0.1708 0.1707 0.0892 0.0433 
        D295  4 0.0839 0.1208 0.2043 0.2344 0.0671 0.0530 0.1242 0.1123 
        D301  4 0.0232 0.0185 0.0319 0.5198 0.2469 0.0477 0.0408 0.0712 
        D302  4 0.6430 0.0205 0.0148 0.0938 0.0293 0.0217 0.1579 0.0191 
        D303  4 0.1057 0.0287 0.0860 0.0372 0.0624 0.0241 0.0197 0.6362 
        D304  4 0.0255 0.0223 0.0187 0.0631 0.1916 0.5177 0.1111 0.0500 
        D305  4 0.1773 0.0351 0.0208 0.1986 0.4724 0.0445 0.0355 0.0158 
        D306  4 0.0242 0.0172 0.0405 0.0296 0.6788 0.1149 0.0575 0.0373 
        D307  4 0.0253 0.0098 0.0177 0.8158 0.0147 0.0336 0.0148 0.0682 
        D327  4 0.0257 0.0736 0.0609 0.0472 0.0340 0.0434 0.6879 0.0272 
        D328  4 0.4556 0.0188 0.0616 0.0668 0.0992 0.0309 0.0290 0.2381 
        D329  4 0.2580 0.0257 0.0350 0.1712 0.2739 0.0860 0.0464 0.1039 
        D330  4 0.1364 0.1829 0.1524 0.2614 0.1139 0.0245 0.1038 0.0246 
        D331  4 0.0329 0.0229 0.0597 0.0671 0.1036 0.3808 0.2546 0.0784 
        D333  4 0.0898 0.1490 0.0575 0.3173 0.1449 0.0758 0.0367 0.1291 
        D334  4 0.0450 0.0193 0.0270 0.1490 0.0164 0.0776 0.0384 0.6273 
        D335  4 0.1540 0.0766 0.0185 0.1273 0.0392 0.0257 0.5260 0.0326 
        D370  4 0.1071 0.0218 0.0673 0.0855 0.5318 0.0343 0.0630 0.0892 
        D371  4 0.1049 0.0398 0.0961 0.0204 0.1233 0.0201 0.2060 0.3894 
        D372  4 0.0173 0.0169 0.0227 0.0190 0.1878 0.6882 0.0139 0.0341 
        D373  4 0.0449 0.0139 0.0125 0.8182 0.0249 0.0379 0.0302 0.0174 
        D455  4 0.0158 0.0128 0.0119 0.8712 0.0182 0.0400 0.0129 0.0172 
        D490  4 0.0130 0.0084 0.0216 0.8996 0.0124 0.0124 0.0121 0.0206 
        D497  4 0.0338 0.0126 0.0301 0.8436 0.0171 0.0353 0.0143 0.0131 
        D498  4 0.0301 0.0324 0.1187 0.0489 0.1895 0.2606 0.1148 0.2051 
        D499  4 0.1601 0.0751 0.5009 0.0209 0.0913 0.0444 0.0499 0.0574 
        D514  4 0.1970 0.0342 0.1898 0.2005 0.0910 0.0966 0.1790 0.0119 
        D515  4 0.0973 0.2618 0.4507 0.0530 0.0454 0.0266 0.0337 0.0317 
        D516  4 0.0261 0.3728 0.0844 0.0913 0.0875 0.0538 0.1542 0.1298 
        D517  4 0.0142 0.0133 0.0215 0.7954 0.0248 0.0835 0.0285 0.0188 
        D518  4 0.0751 0.0633 0.0180 0.6320 0.0630 0.0147 0.0744 0.0596 
        D519  4 0.0201 0.5185 0.2974 0.0335 0.0227 0.0591 0.0226 0.0261 
        D560  4 0.0425 0.4157 0.2569 0.0525 0.0541 0.0541 0.1044 0.0199 
        D561  4 0.0957 0.1112 0.4357 0.1884 0.0285 0.0380 0.0874 0.0151 
        D562  4 0.0994 0.0382 0.0492 0.1493 0.3253 0.1546 0.1052 0.0789 
        D563  4 0.3675 0.0999 0.0739 0.1702 0.1347 0.0741 0.0560 0.0236 
        D572  4 0.5406 0.0588 0.0246 0.1833 0.0747 0.0276 0.0506 0.0398 
        D629  4 0.1976 0.0397 0.0373 0.1656 0.0202 0.1240 0.3958 0.0197 
        D630  4 0.1107 0.0530 0.0595 0.3656 0.1105 0.1438 0.0655 0.0913 
        D631  4 0.2403 0.1687 0.0548 0.3437 0.0658 0.0489 0.0462 0.0317 
        D632  4 0.4521 0.0517 0.0771 0.2062 0.1140 0.0157 0.0672 0.0160 
        D646  4 0.0148 0.7120 0.0605 0.0812 0.0476 0.0201 0.0299 0.0339 
        D647  4 0.0461 0.2319 0.0944 0.1788 0.1439 0.0591 0.2282 0.0176 
        D648  4 0.5491 0.0208 0.0273 0.0496 0.2188 0.0105 0.0200 0.1039 
        D649  4 0.2570 0.0248 0.3116 0.1132 0.0166 0.0263 0.2310 0.0195 
        D650  4 0.0717 0.1325 0.2000 0.1148 0.0154 0.0420 0.3282 0.0954 
        D708  4 0.2068 0.0287 0.0945 0.1172 0.1638 0.0619 0.1852 0.1419 
        D709  4 0.0523 0.0404 0.2176 0.0345 0.4482 0.0802 0.0912 0.0357 
        D738  4 0.0189 0.0569 0.0436 0.0564 0.0224 0.0251 0.0409 0.7358 
        D739  4 0.0417 0.0243 0.0582 0.5131 0.1724 0.1016 0.0382 0.0505 
        D740  4 0.0720 0.0346 0.2350 0.1495 0.0433 0.1626 0.0558 0.2473 
        D741  4 0.0213 0.8458 0.0547 0.0200 0.0140 0.0106 0.0186 0.0149 
        D742  4 0.0384 0.6709 0.0644 0.0640 0.0330 0.0382 0.0280 0.0631 
        D743  4 0.3411 0.1410 0.0264 0.0418 0.0356 0.0358 0.3470 0.0313 
        D744  4 0.7844 0.0576 0.0339 0.0238 0.0186 0.0298 0.0371 0.0148 
        D745  4 0.0616 0.3235 0.4167 0.0730 0.0211 0.0445 0.0252 0.0344 
        D814  4 0.0767 0.2172 0.0205 0.1422 0.4117 0.0516 0.0441 0.0361 
        D815  4 0.4165 0.0535 0.0693 0.0734 0.0921 0.0640 0.1844 0.0468 
        D828  4 0.1170 0.0212 0.0420 0.0327 0.6057 0.0474 0.0249 0.1092 
        D845  4 0.0178 0.1128 0.0117 0.0165 0.0117 0.7534 0.0259 0.0503 
        D846  4 0.0942 0.0534 0.0227 0.3722 0.0703 0.0621 0.3127 0.0123 
        D847  4 0.0428 0.0698 0.1284 0.2082 0.0278 0.4084 0.0654 0.0492 
        D848  4 0.0176 0.0149 0.0111 0.7820 0.0264 0.1146 0.0156 0.0177 
        D849  4 0.0363 0.1656 0.0761 0.5713 0.0623 0.0326 0.0369 0.0189 
        D850  4 0.0648 0.3215 0.0685 0.1057 0.0225 0.2306 0.1311 0.0553 
        D856  4 0.0543 0.0188 0.7001 0.0327 0.0314 0.0478 0.0830 0.0320 
        D857  4 0.0296 0.0225 0.5915 0.0234 0.2659 0.0188 0.0130 0.0353 
        D859  4 0.3692 0.0854 0.0433 0.1577 0.1135 0.0821 0.1101 0.0387 
        D860  4 0.0495 0.0531 0.0158 0.0328 0.0731 0.2180 0.1003 0.4572 
        D883  4 0.0637 0.0397 0.0942 0.4709 0.0673 0.0975 0.0804 0.0863 
        D884  4 0.0860 0.3035 0.1972 0.0989 0.0348 0.0159 0.0487 0.2151 
        D885  4 0.0398 0.4493 0.1224 0.1693 0.0124 0.0791 0.0843 0.0433 
        D886  4 0.0511 0.0816 0.1338 0.2298 0.1721 0.0892 0.1973 0.0450 
        D887  4 0.3330 0.0627 0.1370 0.0547 0.0776 0.2291 0.0693 0.0367 
        D889  4 0.0335 0.0178 0.0125 0.0247 0.0909 0.7706 0.0316 0.0185 
        D890  4 0.2779 0.0283 0.1675 0.1246 0.1465 0.0660 0.1220 0.0672 
        D891  4 0.0101 0.0148 0.0078 0.0097 0.0106 0.9242 0.0124 0.0103 
        D899  4 0.0904 0.3379 0.0374 0.0687 0.1677 0.1701 0.0310 0.0968 
        D900  4 0.1316 0.0726 0.0817 0.1583 0.0770 0.2381 0.1903 0.0502 
        D970  4 0.1101 0.0248 0.0260 0.3880 0.0842 0.2062 0.1166 0.0441 
        D971  4 0.0715 0.2614 0.0652 0.0360 0.2251 0.0224 0.2688 0.0495 
        D979  4 0.0763 0.0501 0.0122 0.0741 0.0274 0.0215 0.7176 0.0208 
        D093  5 0.0179 0.0185 0.0355 0.0472 0.0227 0.0418 0.0233 0.7931 
        D154  5 0.0344 0.5537 0.1084 0.0487 0.0541 0.1175 0.0433 0.0398 
        D168  5 0.0503 0.4002 0.0775 0.1076 0.1393 0.1004 0.0980 0.0267 
        D189  5 0.0325 0.0637 0.0322 0.0404 0.1066 0.1829 0.0281 0.5135 
        D190  5 0.0495 0.0262 0.0377 0.0249 0.0304 0.0275 0.0665 0.7373 
     D237220  5 0.0365 0.0310 0.0731 0.1242 0.0291 0.5194 0.0379 0.1487 
     D237221  5 0.0399 0.1617 0.0655 0.0583 0.0496 0.1906 0.1498 0.2845 
     D237274  5 0.1859 0.1443 0.0460 0.0323 0.0532 0.0322 0.4925 0.0135 
     D237275  5 0.0155 0.2928 0.0762 0.0312 0.4183 0.1011 0.0238 0.0412 
     D237276  5 0.0603 0.1173 0.0898 0.1563 0.0641 0.0310 0.0454 0.4358 
     D237277  5 0.0937 0.0362 0.0422 0.0200 0.0278 0.1234 0.0528 0.6039 
     D237278  5 0.1584 0.1275 0.1732 0.1418 0.1759 0.0356 0.0338 0.1538 
     D237279  5 0.0787 0.0167 0.7387 0.0349 0.0124 0.0749 0.0279 0.0158 
     D237280  5 0.0943 0.0155 0.0864 0.3001 0.0532 0.0363 0.2934 0.1208 
     D237281  5 0.0293 0.5125 0.0415 0.0273 0.1021 0.1877 0.0525 0.0472 
     D237351  5 0.0228 0.0447 0.7048 0.0479 0.0127 0.0220 0.0466 0.0985 
     D237352  5 0.1016 0.0893 0.0257 0.4962 0.0576 0.0305 0.1668 0.0323 
     D237353  5 0.0372 0.0182 0.0314 0.0135 0.0247 0.0361 0.0718 0.7670 
     D237359  5 0.0378 0.0468 0.0468 0.1073 0.0267 0.5724 0.0599 0.1023 
     D237361  5 0.0201 0.0202 0.0549 0.0194 0.0250 0.0749 0.0357 0.7498 
     D237362  5 0.0460 0.0953 0.0891 0.0693 0.0318 0.0302 0.5761 0.0622 
     D237363  5 0.0194 0.1120 0.2271 0.0337 0.1203 0.0494 0.3944 0.0436 
     D237364  5 0.0911 0.1688 0.2279 0.3128 0.0380 0.0546 0.0892 0.0176 
     D237376  5 0.5556 0.0214 0.0605 0.0176 0.2001 0.0292 0.0117 0.1039 
     D237377  5 0.0373 0.0211 0.2715 0.1411 0.0382 0.0411 0.3294 0.1203 
     D237378  5 0.0767 0.0206 0.0405 0.0857 0.2328 0.0338 0.0162 0.4938 
     D237379  5 0.3728 0.0401 0.0833 0.0518 0.1548 0.0493 0.0621 0.1858 
     D237380  5 0.2403 0.0101 0.2191 0.0678 0.2868 0.0219 0.0794 0.0746 
     D237381  5 0.0438 0.0366 0.0461 0.3183 0.3540 0.0490 0.0813 0.0710 
     D237391  5 0.0214 0.0212 0.0304 0.0171 0.0117 0.0664 0.0472 0.7845 
     D237392  5 0.1563 0.3039 0.1173 0.0206 0.0942 0.0228 0.2657 0.0192 
     D237393  5 0.0651 0.0536 0.0537 0.1720 0.1785 0.0659 0.1998 0.2112 
     D237394  5 0.0263 0.0101 0.0180 0.0149 0.0113 0.0198 0.0469 0.8526 
     D237395  5 0.0376 0.0506 0.1923 0.0656 0.0824 0.1197 0.0548 0.3970 
     D237396  5 0.0538 0.1148 0.0552 0.1276 0.0238 0.0855 0.3579 0.1816 
     D244016  5 0.3863 0.0623 0.1210 0.0222 0.0258 0.1095 0.1202 0.1528 
     D244018  5 0.0213 0.3451 0.0321 0.1997 0.0388 0.1025 0.0422 0.2183 
     D244019  5 0.0401 0.0825 0.0239 0.0248 0.0981 0.0449 0.6424 0.0433 
        D279  5 0.0438 0.3728 0.0625 0.1370 0.0189 0.1991 0.0405 0.1255 
        D280  5 0.0742 0.0158 0.0390 0.0829 0.0299 0.6389 0.0528 0.0665 
        D281  5 0.0261 0.2542 0.0372 0.0188 0.0330 0.5538 0.0190 0.0581 
        D283  5 0.0245 0.0508 0.0323 0.0994 0.0278 0.4229 0.1558 0.1866 
        D284  5 0.0716 0.0857 0.5037 0.1335 0.0285 0.0734 0.0642 0.0393 
        D285  5 0.0406 0.0197 0.0600 0.0287 0.0205 0.5564 0.0390 0.2351 
        D286  5 0.1494 0.0213 0.0502 0.1259 0.0673 0.0907 0.0892 0.4059 
        D287  5 0.4832 0.0127 0.1149 0.0258 0.2129 0.0437 0.0203 0.0865 
        D288  5 0.0228 0.0228 0.0203 0.0204 0.0301 0.5440 0.3100 0.0294 
        D308  5 0.0315 0.0228 0.7703 0.0131 0.0221 0.0181 0.0968 0.0252 
        D309  5 0.8766 0.0112 0.0129 0.0288 0.0150 0.0154 0.0193 0.0209 
        D310  5 0.0172 0.0172 0.0255 0.0283 0.0379 0.0666 0.0228 0.7846 
        D311  5 0.0479 0.0772 0.0528 0.0602 0.0929 0.0235 0.5277 0.1177 
        D312  5 0.3047 0.0539 0.0942 0.1966 0.1084 0.1016 0.0817 0.0589 
        D313  5 0.0094 0.0132 0.5517 0.3368 0.0165 0.0126 0.0175 0.0424 
        D314  5 0.1511 0.1364 0.1396 0.2774 0.0513 0.0467 0.0456 0.1520 
        D315  5 0.1038 0.0195 0.0774 0.0669 0.4044 0.0379 0.1429 0.1473 
        D317  5 0.0105 0.0232 0.0145 0.0351 0.0333 0.0176 0.0396 0.8263 
        D318  5 0.2876 0.1459 0.1231 0.0664 0.0804 0.1123 0.1420 0.0423 
        D319  5 0.0125 0.0283 0.0215 0.0182 0.0106 0.0118 0.0152 0.8819 
        D320  5 0.0645 0.0157 0.0294 0.0223 0.0321 0.1440 0.0315 0.6605 
        D321  5 0.0145 0.0185 0.5384 0.0259 0.0139 0.1710 0.1653 0.0525 
        D336  5 0.0421 0.0116 0.0261 0.0293 0.1927 0.0245 0.0262 0.6475 
        D337  5 0.0316 0.0264 0.0159 0.0161 0.0276 0.0564 0.0322 0.7939 
        D338  5 0.0316 0.0887 0.2613 0.1999 0.0216 0.1042 0.1455 0.1471 
        D339  5 0.0136 0.0449 0.0382 0.0279 0.0625 0.0331 0.0395 0.7404 
        D347  5 0.0224 0.0188 0.0085 0.0371 0.7699 0.0494 0.0720 0.0219 
        D348  5 0.0395 0.0251 0.0112 0.0367 0.2531 0.0216 0.0357 0.5772 
        D349  5 0.0348 0.0188 0.7724 0.0346 0.0132 0.0289 0.0568 0.0405 
        D350  5 0.8966 0.0174 0.0195 0.0142 0.0111 0.0142 0.0113 0.0156 
        D355  5 0.0227 0.7847 0.0249 0.0206 0.0230 0.0847 0.0234 0.0160 
        D356  5 0.0638 0.0223 0.0902 0.1019 0.0560 0.2213 0.2320 0.2125 
        D357  5 0.0777 0.0247 0.0758 0.0409 0.5276 0.1460 0.0751 0.0321 
        D358  5 0.3106 0.0304 0.0953 0.0478 0.0795 0.0528 0.0545 0.3292 
        D359  5 0.0277 0.0234 0.0303 0.0299 0.0413 0.0696 0.5088 0.2691 
        D360  5 0.0458 0.0205 0.0845 0.1010 0.0372 0.2481 0.1406 0.3223 
        D361  5 0.0123 0.0162 0.8548 0.0217 0.0280 0.0127 0.0323 0.0220 
        D366  5 0.0294 0.6402 0.0322 0.0275 0.0246 0.0175 0.1945 0.0340 
        D367  5 0.0550 0.0184 0.1668 0.1164 0.0482 0.0620 0.0353 0.4979 
        D368  5 0.0291 0.0374 0.5915 0.0236 0.0202 0.0318 0.1991 0.0673 
        D380  5 0.7482 0.0449 0.0313 0.0383 0.0145 0.0267 0.0620 0.0341 
        D381  5 0.0187 0.0578 0.0263 0.0734 0.0381 0.0906 0.1735 0.5216 
        D400  5 0.0340 0.0888 0.0315 0.1303 0.1997 0.0979 0.0973 0.3205 
        D411  5 0.0371 0.0304 0.3591 0.3741 0.1480 0.0158 0.0257 0.0099 
        D412  5 0.0160 0.0341 0.0135 0.0708 0.6851 0.0608 0.0623 0.0574 
        D413  5 0.1175 0.5410 0.1348 0.0267 0.0605 0.0305 0.0655 0.0235 
        D414  5 0.7233 0.1255 0.0268 0.0250 0.0348 0.0251 0.0184 0.0212 
        D420  5 0.0207 0.0131 0.0624 0.0746 0.0324 0.7305 0.0367 0.0296 
        D431  5 0.5506 0.0107 0.2222 0.0155 0.0506 0.1095 0.0154 0.0255 
        D432  5 0.0674 0.0144 0.0419 0.1241 0.1783 0.1160 0.0451 0.4128 
        D433  5 0.0281 0.0383 0.0828 0.0416 0.0555 0.0678 0.0763 0.6096 
        D434  5 0.0415 0.0287 0.0438 0.0790 0.0547 0.2711 0.1182 0.3630 
        D440  5 0.7930 0.0206 0.0350 0.0550 0.0264 0.0151 0.0245 0.0304 
        D447  5 0.1695 0.1728 0.0528 0.0507 0.2940 0.0749 0.1642 0.0211 
        D448  5 0.0249 0.0235 0.0199 0.0404 0.6338 0.0227 0.0454 0.1894 
        D459  5 0.0154 0.8604 0.0108 0.0117 0.0126 0.0617 0.0134 0.0141 
        D460  5 0.0360 0.0273 0.7668 0.0205 0.0145 0.0206 0.0845 0.0299 
        D461  5 0.8624 0.0160 0.0155 0.0241 0.0117 0.0187 0.0375 0.0141 
        D468  5 0.1006 0.0713 0.4661 0.0330 0.0592 0.0244 0.1906 0.0548 
        D469  5 0.1018 0.0462 0.2288 0.1619 0.0211 0.0814 0.2824 0.0763 
        D470  5 0.0686 0.0744 0.0276 0.3186 0.3095 0.0222 0.1170 0.0621 
        D471  5 0.0665 0.0676 0.0319 0.0260 0.1084 0.0325 0.0981 0.5692 
        D472  5 0.0165 0.2060 0.0126 0.0179 0.0240 0.0749 0.6186 0.0295 
        D479  5 0.0285 0.0563 0.0107 0.0210 0.8224 0.0107 0.0312 0.0193 
        D485  5 0.5689 0.0312 0.0589 0.0385 0.1996 0.0418 0.0316 0.0295 
        D486  5 0.1141 0.0678 0.4578 0.1150 0.0717 0.0281 0.0828 0.0627 
        D487  5 0.0577 0.0224 0.0315 0.1031 0.1466 0.1644 0.0264 0.4481 
        D555  5 0.0188 0.0230 0.0130 0.0142 0.0355 0.0364 0.0170 0.8422 
        D556  5 0.4257 0.0217 0.1197 0.0541 0.0186 0.2853 0.0388 0.0360 
        D557  5 0.0255 0.0432 0.0206 0.0342 0.0371 0.0161 0.0377 0.7856 
        D564  5 0.4385 0.0137 0.1413 0.0484 0.1235 0.0219 0.0987 0.1140 
        D594  5 0.0604 0.0726 0.0373 0.1372 0.4587 0.0489 0.1211 0.0639 
        D595  5 0.0950 0.0552 0.1724 0.0607 0.0953 0.0571 0.1822 0.2821 
        D596  5 0.0259 0.0118 0.0121 0.0172 0.0809 0.0220 0.0356 0.7946 
        D597  5 0.0387 0.3320 0.0172 0.0197 0.0393 0.2875 0.0460 0.2196 
        D598  5 0.1793 0.0344 0.0685 0.0872 0.1051 0.0945 0.0736 0.3574 
        D617  5 0.0189 0.0579 0.0513 0.1608 0.6359 0.0243 0.0373 0.0135 
        D618  5 0.0507 0.0329 0.0403 0.0303 0.0359 0.1154 0.1212 0.5733 
        D619  5 0.0706 0.0339 0.1220 0.0253 0.4552 0.0513 0.1694 0.0723 
        D620  5 0.0141 0.8197 0.0140 0.0298 0.0283 0.0309 0.0336 0.0295 
        D628  5 0.8454 0.0132 0.0202 0.0185 0.0427 0.0158 0.0097 0.0346 
        D714  5 0.4965 0.0439 0.0648 0.0398 0.0558 0.1892 0.0209 0.0890 
        D715  5 0.0401 0.0571 0.0301 0.0202 0.0229 0.0908 0.2223 0.5166 
        D716  5 0.0567 0.0472 0.0263 0.0758 0.5714 0.0826 0.1071 0.0328 
        D717  5 0.1187 0.0687 0.0357 0.0717 0.0235 0.2816 0.2075 0.1925 
        D718  5 0.0877 0.0516 0.2720 0.0833 0.3551 0.0428 0.0102 0.0972 
        D769  5 0.0267 0.0373 0.0240 0.3803 0.4585 0.0263 0.0257 0.0212 
        D770  5 0.6898 0.1011 0.0603 0.0267 0.0414 0.0343 0.0226 0.0238 
        D771  5 0.2484 0.0667 0.0655 0.0921 0.2185 0.1715 0.0847 0.0527 
        D772  5 0.6627 0.0298 0.0236 0.0750 0.0198 0.0561 0.0684 0.0646 
        D782  5 0.0306 0.0519 0.3195 0.0373 0.0349 0.4593 0.0348 0.0317 
        D783  5 0.4306 0.1748 0.0379 0.0343 0.0713 0.0615 0.0437 0.1459 
        D784  5 0.1895 0.0472 0.0371 0.0413 0.0168 0.2860 0.3255 0.0567 
        D785  5 0.2086 0.0213 0.0845 0.0256 0.0233 0.0189 0.1030 0.5147 
        D786  5 0.1025 0.1424 0.0435 0.3749 0.1307 0.0193 0.1626 0.0240 
        D821  5 0.0405 0.0132 0.0186 0.0116 0.0104 0.0278 0.0233 0.8546 
        D822  5 0.0616 0.1262 0.0592 0.0315 0.1048 0.0785 0.4782 0.0600 
        D826  5 0.0624 0.2717 0.0714 0.1248 0.0317 0.0796 0.0421 0.3162 
        D827  5 0.0729 0.4599 0.0453 0.0462 0.0385 0.0427 0.2723 0.0223 
        D851  5 0.0881 0.0271 0.1198 0.1358 0.0958 0.0590 0.3430 0.1314 
        D852  5 0.2377 0.0314 0.0378 0.0922 0.1189 0.2004 0.0246 0.2570 
        D853  5 0.0272 0.0273 0.0601 0.0605 0.0611 0.3150 0.0800 0.3688 
        D854  5 0.0610 0.0932 0.2690 0.0393 0.1757 0.0808 0.2643 0.0167 
        D861  5 0.0490 0.1663 0.2521 0.0438 0.1788 0.0598 0.1092 0.1410 
        D862  5 0.0740 0.0897 0.0438 0.0904 0.0509 0.1036 0.3371 0.2104 
        D865  5 0.0687 0.0288 0.0978 0.0379 0.2362 0.1039 0.0327 0.3940 
        D868  5 0.0381 0.1243 0.0623 0.1075 0.0417 0.1353 0.1787 0.3121 
        D869  5 0.0275 0.0502 0.1999 0.5713 0.0466 0.0201 0.0572 0.0271 
        D870  5 0.1635 0.0442 0.4342 0.0887 0.0441 0.0616 0.1496 0.0142 
        D907  5 0.0199 0.0167 0.0371 0.0521 0.1767 0.0539 0.0247 0.6189 
        D908  5 0.1504 0.0223 0.0777 0.0548 0.2305 0.1800 0.0355 0.2488 
        D910  5 0.0304 0.2790 0.0462 0.0316 0.1931 0.0614 0.1260 0.2322 
        D911  5 0.0118 0.7589 0.0131 0.0177 0.0193 0.1447 0.0161 0.0184 
        D934  5 0.5317 0.0265 0.0908 0.0509 0.0698 0.0711 0.1252 0.0340 
        D946  5 0.5688 0.0129 0.1841 0.0353 0.0917 0.0556 0.0218 0.0298 
        D947  5 0.1844 0.0373 0.1283 0.1404 0.0315 0.3819 0.0760 0.0203 
        D948  5 0.0280 0.0157 0.6114 0.0304 0.0303 0.0336 0.0757 0.1750 
        D949  5 0.0198 0.0143 0.7258 0.0607 0.0146 0.0240 0.0707 0.0702 
        D950  5 0.0331 0.6395 0.0257 0.0253 0.0197 0.1875 0.0341 0.0351 
        D951  5 0.1085 0.0503 0.0761 0.0541 0.2758 0.0345 0.3696 0.0311 
        D952  5 0.0157 0.0382 0.0172 0.0575 0.0340 0.0827 0.7091 0.0456 
        D953  5 0.0661 0.0192 0.0530 0.0300 0.0479 0.0959 0.1087 0.5792 
        D954  5 0.0186 0.0148 0.0278 0.0109 0.0126 0.0188 0.8501 0.0463 
        D961  5 0.6850 0.0175 0.0647 0.0180 0.1382 0.0180 0.0166 0.0419 
        D962  5 0.6225 0.0127 0.0325 0.0401 0.0479 0.0252 0.0381 0.1811 
        D963  5 0.1750 0.0730 0.0236 0.0239 0.0313 0.0765 0.1629 0.4337 
        D964  5 0.2233 0.0224 0.3924 0.0604 0.0531 0.1728 0.0431 0.0325 
        D965  5 0.4469 0.0288 0.0394 0.0987 0.1857 0.0512 0.1046 0.0448 
        D966  5 0.2198 0.0322 0.0253 0.1667 0.1155 0.1096 0.2226 0.1083 
        D967  5 0.0412 0.0514 0.0621 0.0437 0.1510 0.4490 0.0692 0.1324 
        D991  5 0.2377 0.0258 0.0484 0.3692 0.1176 0.0664 0.0311 0.1039 
        D132  8 0.0420 0.0363 0.0590 0.7765 0.0129 0.0215 0.0227 0.0292 
        D133  8 0.0208 0.6992 0.0176 0.0429 0.1429 0.0463 0.0186 0.0116 
        D200  8 0.0398 0.0206 0.0596 0.0324 0.5884 0.2253 0.0157 0.0182 
        D500  8 0.0166 0.0144 0.0624 0.8301 0.0197 0.0210 0.0165 0.0193 
        D614  8 0.0963 0.0363 0.0838 0.1460 0.0606 0.1466 0.0403 0.3903 
        D723  8 0.0199 0.5669 0.2014 0.0631 0.0458 0.0221 0.0486 0.0323 
        D888  8 0.0253 0.0195 0.0295 0.0336 0.0220 0.8340 0.0202 0.0159 
        D901  8 0.0289 0.0284 0.8365 0.0161 0.0226 0.0256 0.0145 0.0275 
        D902  8 0.0892 0.0319 0.1830 0.0227 0.0286 0.0326 0.0152 0.5968 
        D903  8 0.0709 0.0621 0.0242 0.1141 0.0122 0.0259 0.6505 0.0402 
        D904  8 0.2435 0.0354 0.0508 0.2066 0.0780 0.0658 0.2812 0.0386 
        D905  8 0.0260 0.0121 0.0178 0.0242 0.0310 0.8183 0.0124 0.0582 
        D906  8 0.0996 0.1220 0.0338 0.1702 0.1836 0.2288 0.1347 0.0273 
        D937  8 0.0225 0.0111 0.0607 0.0127 0.0259 0.0148 0.0145 0.8378 
        D943  8 0.0699 0.0654 0.0879 0.1449 0.0382 0.4986 0.0535 0.0415 
        D972  8 0.0212 0.4107 0.3482 0.0717 0.0865 0.0199 0.0227 0.0191 
        D973  8 0.0338 0.2107 0.5117 0.0903 0.0265 0.0215 0.0776 0.0278 
        D974  8 0.0317 0.1874 0.2037 0.0929 0.2075 0.1098 0.1141 0.0529 
        D975  8 0.0530 0.0462 0.0613 0.0507 0.3826 0.2873 0.0165 0.1022 
        D976  8 0.1142 0.0477 0.1874 0.0819 0.1728 0.2413 0.0516 0.1030 
        D142 10 0.1886 0.0474 0.0659 0.0435 0.3942 0.0786 0.1311 0.0507 
        D143 10 0.0394 0.4459 0.0409 0.0428 0.3221 0.0215 0.0306 0.0570 
        D144 10 0.4248 0.0807 0.0782 0.0909 0.0396 0.1162 0.1109 0.0586 
        D145 10 0.0564 0.0379 0.0300 0.1007 0.0199 0.7033 0.0230 0.0289 
        D146 10 0.1337 0.0411 0.5268 0.1357 0.0710 0.0143 0.0468 0.0307 
        D147 10 0.2268 0.1195 0.4567 0.0247 0.0893 0.0202 0.0319 0.0309 
        D148 10 0.3584 0.0272 0.4129 0.0176 0.0257 0.0196 0.1073 0.0314 
        D149 10 0.0305 0.5061 0.0324 0.0292 0.1131 0.1984 0.0528 0.0374 
        D151 10 0.0882 0.0433 0.5326 0.0283 0.0454 0.1399 0.0579 0.0643 
        D152 10 0.0376 0.0930 0.0511 0.0191 0.6108 0.1520 0.0259 0.0104 
        D153 10 0.1521 0.0454 0.2860 0.2452 0.0401 0.0675 0.1149 0.0489 
        D156 10 0.8343 0.0174 0.0188 0.0273 0.0395 0.0186 0.0315 0.0126 
        D157 10 0.0436 0.0108 0.1115 0.1352 0.3565 0.0493 0.0550 0.2382 
        D158 10 0.0449 0.0224 0.6186 0.0326 0.0973 0.1175 0.0160 0.0507 
        D159 10 0.0189 0.7939 0.0168 0.0452 0.0300 0.0233 0.0423 0.0295 
        D160 10 0.0114 0.0128 0.0150 0.0093 0.0138 0.6760 0.0099 0.2517 
        D161 10 0.1004 0.0764 0.0500 0.0498 0.0327 0.0465 0.6046 0.0396 
        D162 10 0.8647 0.0174 0.0137 0.0153 0.0184 0.0188 0.0331 0.0186 
        D169 10 0.0249 0.0237 0.0917 0.5117 0.0288 0.2271 0.0620 0.0301 
        D170 10 0.0995 0.0174 0.0269 0.7032 0.0454 0.0200 0.0548 0.0327 
        D171 10 0.7734 0.0206 0.0327 0.0546 0.0240 0.0117 0.0513 0.0317 
        D172 10 0.6752 0.0653 0.1116 0.0446 0.0378 0.0173 0.0202 0.0280 
        D173 10 0.0210 0.8603 0.0187 0.0158 0.0168 0.0371 0.0190 0.0114 
        D181 10 0.6571 0.0419 0.0527 0.0186 0.0376 0.0252 0.0814 0.0855 
        D182 10 0.0878 0.4850 0.0368 0.0347 0.0874 0.1624 0.0602 0.0457 
        D183 10 0.0121 0.0113 0.0207 0.0539 0.0142 0.0590 0.0508 0.7780 
        D184 10 0.0228 0.0091 0.0406 0.8361 0.0156 0.0119 0.0521 0.0119 
        D185 10 0.3027 0.0365 0.0967 0.0722 0.0172 0.0381 0.4148 0.0218 
        D186 10 0.0148 0.1503 0.1649 0.5560 0.0239 0.0516 0.0155 0.0230 
        D194 10 0.0636 0.1201 0.1570 0.1150 0.2889 0.0603 0.1585 0.0366 
        D195 10 0.2270 0.0632 0.0488 0.1409 0.1384 0.2158 0.0505 0.1154 
        D196 10 0.0686 0.4061 0.0303 0.0743 0.0636 0.1501 0.1161 0.0909 
        D197 10 0.0275 0.1040 0.0455 0.6725 0.0252 0.0347 0.0230 0.0676 
        D198 10 0.0406 0.0162 0.1025 0.0497 0.0175 0.0711 0.6701 0.0323 
     D237226 10 0.0216 0.0648 0.2211 0.0185 0.0123 0.5608 0.0807 0.0202 
     D237232 10 0.0321 0.0588 0.1204 0.0566 0.0772 0.5016 0.0362 0.1171 
     D237233 10 0.2502 0.0546 0.0741 0.0490 0.3556 0.1286 0.0266 0.0613 
     D237234 10 0.5402 0.0261 0.0617 0.0735 0.0475 0.0833 0.0355 0.1323 
     D237354 10 0.0187 0.0356 0.0125 0.0158 0.0277 0.8498 0.0188 0.0211 
     D237355 10 0.0177 0.0247 0.0152 0.0129 0.0097 0.8737 0.0153 0.0307 
     D237356 10 0.0173 0.0192 0.0194 0.1577 0.0092 0.0322 0.6388 0.1061 
     D237357 10 0.0979 0.2590 0.2559 0.1549 0.1266 0.0322 0.0401 0.0334 
     D237358 10 0.0829 0.0399 0.0194 0.6166 0.0852 0.0384 0.0810 0.0365 
     D237369 10 0.0451 0.2964 0.5296 0.0588 0.0228 0.0129 0.0213 0.0130 
     D237370 10 0.0887 0.1413 0.0943 0.0706 0.0998 0.0852 0.1258 0.2944 
     D237371 10 0.0229 0.0175 0.1036 0.1232 0.0391 0.0663 0.6135 0.0139 
     D237372 10 0.0323 0.1487 0.0301 0.4968 0.0804 0.1086 0.0577 0.0455 
     D237373 10 0.1875 0.0342 0.3353 0.0440 0.1485 0.1536 0.0457 0.0511 
     D237374 10 0.0689 0.0250 0.0272 0.0230 0.0356 0.6859 0.0320 0.1024 
     D237375 10 0.1399 0.1919 0.1557 0.0743 0.0999 0.1143 0.1769 0.0471 
     D237400 10 0.0900 0.2135 0.0306 0.0560 0.5035 0.0588 0.0151 0.0324 
     D244002 10 0.1970 0.0974 0.1998 0.2706 0.1216 0.0316 0.0625 0.0194 
     D244003 10 0.0385 0.0161 0.0371 0.0303 0.0907 0.1830 0.0100 0.5943 
     D244004 10 0.0141 0.0086 0.0289 0.0136 0.0092 0.0186 0.0091 0.8980 
     D244005 10 0.0158 0.0221 0.0131 0.1121 0.0200 0.7733 0.0165 0.0271 
     D244020 10 0.1972 0.0359 0.1282 0.0595 0.0297 0.0717 0.4137 0.0641 
     D244021 10 0.0356 0.5691 0.2303 0.0588 0.0275 0.0181 0.0195 0.0411 
     D244116 10 0.6014 0.0506 0.0375 0.1733 0.0696 0.0249 0.0196 0.0230 
     D244117 10 0.0442 0.0326 0.0239 0.0241 0.0204 0.0454 0.0330 0.7765 
     D244121 10 0.0469 0.0268 0.0567 0.0616 0.1370 0.0416 0.0388 0.5904 
     D244123 10 0.0896 0.0285 0.0542 0.0316 0.4088 0.2845 0.0366 0.0663 
     D244124 10 0.0350 0.0430 0.0354 0.3381 0.3603 0.0305 0.0469 0.1107 
        D332 10 0.1009 0.1705 0.1361 0.0694 0.0616 0.0161 0.3866 0.0587 
        D570 10 0.3919 0.0242 0.0340 0.0324 0.1001 0.0278 0.0476 0.3420 
        D602 10 0.5935 0.1038 0.0316 0.0898 0.0592 0.0345 0.0333 0.0544 
        D603 10 0.0241 0.0384 0.4774 0.0165 0.2458 0.0513 0.0587 0.0879 
        D604 10 0.5899 0.0402 0.0304 0.0546 0.1162 0.0889 0.0527 0.0271 
        D605 10 0.0301 0.0324 0.1137 0.0258 0.0922 0.3172 0.3652 0.0234 
        D606 10 0.0208 0.0182 0.0164 0.5880 0.0159 0.0432 0.0388 0.2587 
        D607 10 0.0408 0.0568 0.0310 0.0307 0.0183 0.0192 0.7853 0.0179 
        D608 10 0.0331 0.6246 0.0112 0.0168 0.2008 0.0182 0.0838 0.0115 
        D609 10 0.0775 0.0277 0.1475 0.1247 0.0160 0.0654 0.0817 0.4595 
        D610 10 0.0562 0.0153 0.0283 0.1111 0.0216 0.6306 0.0341 0.1029 
        D611 10 0.0217 0.0127 0.0150 0.0146 0.0170 0.0200 0.0157 0.8834 
        D613 10 0.7792 0.0231 0.0225 0.0203 0.0176 0.0325 0.0796 0.0252 
        D633 10 0.5354 0.0374 0.0318 0.0822 0.1328 0.0274 0.1373 0.0156 
        D634 10 0.6828 0.0254 0.0813 0.0484 0.0254 0.0256 0.0810 0.0301 
        D638 10 0.0846 0.1797 0.0366 0.2068 0.3109 0.0945 0.0159 0.0712 
        D681 10 0.4826 0.0367 0.0582 0.1462 0.1680 0.0191 0.0406 0.0485 
        D754 10 0.0240 0.0309 0.5083 0.0358 0.2909 0.0266 0.0113 0.0722 
        D755 10 0.0171 0.0527 0.0578 0.0148 0.0827 0.0340 0.0110 0.7298 
        D756 10 0.1053 0.0244 0.2506 0.0996 0.1956 0.0799 0.0297 0.2148 
        D757 10 0.0219 0.0516 0.0305 0.0884 0.0827 0.4202 0.2280 0.0768 
        D758 10 0.1618 0.0572 0.0639 0.1814 0.2156 0.0717 0.1740 0.0743 
        D759 10 0.0873 0.0450 0.0256 0.0289 0.0276 0.1543 0.0285 0.6028 
        D760 10 0.1378 0.1590 0.0573 0.1511 0.0301 0.2658 0.0784 0.1205 
        D761 10 0.0167 0.0261 0.0215 0.0305 0.0391 0.8181 0.0128 0.0351 
        D762 10 0.1438 0.0207 0.0237 0.0234 0.0187 0.0229 0.7316 0.0153 
        D775 10 0.0205 0.0145 0.0654 0.0232 0.0173 0.0289 0.0206 0.8096 
        D776 10 0.0285 0.0782 0.0325 0.0393 0.1192 0.6340 0.0261 0.0423 
        D777 10 0.0326 0.0238 0.0446 0.0213 0.0172 0.3170 0.0542 0.4894 
        D778 10 0.0198 0.0520 0.3463 0.0206 0.0761 0.4277 0.0239 0.0335 
        D779 10 0.4708 0.0338 0.0937 0.1402 0.1002 0.0371 0.0154 0.1089 
        D780 10 0.6158 0.0429 0.0441 0.0881 0.0675 0.0645 0.0235 0.0537 
        D781 10 0.3948 0.1177 0.0643 0.0935 0.2238 0.0268 0.0397 0.0395 
        D858 10 0.0192 0.0410 0.6425 0.0717 0.0244 0.1501 0.0239 0.0273 
        D933 10 0.0230 0.0553 0.0201 0.0449 0.0196 0.4880 0.3259 0.0232 
        D038 11 0.1072 0.0520 0.1600 0.0694 0.0775 0.4476 0.0500 0.0364 
        D063 11 0.0754 0.0252 0.0179 0.4073 0.3108 0.0762 0.0334 0.0537 
        D155 11 0.0243 0.0516 0.0602 0.0501 0.0526 0.4144 0.1960 0.1508 
        D175 11 0.0942 0.0358 0.2614 0.2067 0.1445 0.0570 0.0347 0.1657 
        D176 11 0.0375 0.0964 0.0806 0.0183 0.6058 0.0410 0.0198 0.1006 
        D205 11 0.0277 0.0259 0.0625 0.0788 0.0386 0.0297 0.0197 0.7171 
     D237229 11 0.1970 0.0427 0.0472 0.1042 0.1532 0.3862 0.0413 0.0282 
     D237230 11 0.0245 0.7991 0.0557 0.0175 0.0139 0.0121 0.0541 0.0230 
     D237231 11 0.0933 0.3226 0.0271 0.0702 0.0528 0.0400 0.3595 0.0344 
     D237269 11 0.0791 0.1769 0.0763 0.1535 0.0500 0.2226 0.1776 0.0641 
