        D023  2 0.5285 0.3456 0.0190 0.0465 0.0215 0.0389 
        D130  2 0.0753 0.6011 0.0194 0.0904 0.1598 0.0540 
        D131  2 0.4439 0.0568 0.0763 0.1817 0.2100 0.0313 
        D163  2 0.1002 0.6660 0.1064 0.0298 0.0445 0.0529 
        D164  2 0.0296 0.0352 0.0140 0.3919 0.4439 0.0853 
        D165  2 0.2720 0.5666 0.0315 0.0597 0.0283 0.0420 
        D166  2 0.0699 0.1989 0.0358 0.0472 0.3426 0.3056 
        D167  2 0.0201 0.1700 0.0211 0.2112 0.0245 0.5530 
        D192  2 0.0163 0.1883 0.0217 0.2184 0.0160 0.5394 
        D193  2 0.0633 0.1257 0.0700 0.0388 0.0980 0.6042 
        D206  2 0.3915 0.1109 0.0249 0.2119 0.1325 0.1282 
        D207  2 0.0680 0.0492 0.0722 0.4837 0.1184 0.2085 
        D208  2 0.0837 0.1759 0.5462 0.0594 0.0459 0.0890 
        D209  2 0.0641 0.1983 0.0259 0.1107 0.0333 0.5678 
        D210  2 0.0392 0.0573 0.6399 0.1119 0.0420 0.1097 
     D229599  2 0.5351 0.1505 0.1321 0.0352 0.0334 0.1137 
     D229600  2 0.0406 0.3673 0.0280 0.1062 0.0712 0.3867 
     D237227  2 0.0681 0.0747 0.6061 0.0268 0.1798 0.0445 
     D237228  2 0.0225 0.0322 0.2095 0.0525 0.6342 0.0490 
     D237258  2 0.1726 0.1363 0.1097 0.1027 0.2021 0.2765 
     D237310  2 0.0126 0.0214 0.0244 0.0262 0.8774 0.0381 
     D237311  2 0.0198 0.0258 0.0257 0.0607 0.8144 0.0536 
     D237312  2 0.0319 0.0885 0.0310 0.0537 0.7430 0.0519 
     D237313  2 0.6005 0.1049 0.0777 0.0418 0.0959 0.0792 
     D237322  2 0.0559 0.1419 0.4227 0.0617 0.2218 0.0960 
     D237323  2 0.0216 0.0441 0.1336 0.0208 0.7443 0.0356 
     D237324  2 0.0671 0.3537 0.0515 0.2443 0.0695 0.2139 
     D237325  2 0.0278 0.1597 0.0556 0.0824 0.5528 0.1217 
     D237326  2 0.0823 0.0456 0.0711 0.1185 0.6345 0.0481 
     D237327  2 0.0848 0.2652 0.4025 0.1108 0.0341 0.1027 
     D237337  2 0.0301 0.0343 0.0293 0.0236 0.8631 0.0196 
     D237338  2 0.0652 0.2966 0.2000 0.0858 0.2612 0.0912 
     D237339  2 0.0844 0.0803 0.0277 0.6713 0.0324 0.1039 
     D237340  2 0.0235 0.0841 0.1213 0.1008 0.5239 0.1464 
     D237389  2 0.0177 0.0589 0.0155 0.0324 0.7981 0.0775 
     D237390  2 0.0356 0.1175 0.0831 0.0505 0.6554 0.0579 
     D244017  2 0.0831 0.1387 0.1602 0.0676 0.0543 0.4961 
     D244112  2 0.0181 0.2224 0.0236 0.2340 0.0313 0.4707 
     D244118  2 0.0173 0.3363 0.0231 0.1014 0.0176 0.5043 
     D244119  2 0.0394 0.0697 0.4149 0.1707 0.0663 0.2389 
     D244120  2 0.0195 0.0981 0.0532 0.0695 0.1108 0.6489 
     D244122  2 0.0331 0.2753 0.0217 0.1412 0.0228 0.5058 
        D291  2 0.2270 0.1364 0.3941 0.0603 0.0448 0.1374 
        D292  2 0.2923 0.0757 0.2732 0.0735 0.0462 0.2391 
        D293  2 0.0237 0.0126 0.0120 0.9269 0.0138 0.0109 
        D322  2 0.0745 0.0163 0.0221 0.8123 0.0389 0.0360 
        D323  2 0.2264 0.0966 0.0711 0.2573 0.1147 0.2340 
        D324  2 0.2921 0.0412 0.2999 0.1145 0.2113 0.0411 
        D325  2 0.0251 0.0180 0.0160 0.9027 0.0184 0.0199 
        D326  2 0.8603 0.0254 0.0411 0.0325 0.0210 0.0198 
        D340  2 0.0187 0.0164 0.0244 0.9009 0.0195 0.0201 
        D341  2 0.0285 0.0736 0.0490 0.7545 0.0570 0.0374 
        D342  2 0.0747 0.1288 0.0281 0.2719 0.0738 0.4228 
        D343  2 0.0127 0.0113 0.0108 0.9426 0.0109 0.0116 
        D344  2 0.3276 0.0475 0.0195 0.0435 0.0644 0.4975 
        D345  2 0.6994 0.0481 0.0440 0.0468 0.0261 0.1356 
        D346  2 0.1894 0.0354 0.2050 0.1453 0.2125 0.2124 
        D351  2 0.4433 0.0428 0.0583 0.2320 0.1948 0.0288 
        D352  2 0.1558 0.0458 0.0677 0.2657 0.0899 0.3752 
        D353  2 0.6539 0.0542 0.0363 0.0481 0.0280 0.1794 
        D354  2 0.4180 0.0239 0.0325 0.0383 0.0736 0.4138 
        D362  2 0.8080 0.0593 0.0230 0.0370 0.0252 0.0475 
        D363  2 0.8563 0.0264 0.0283 0.0310 0.0232 0.0348 
        D364  2 0.6002 0.0334 0.0202 0.0250 0.0285 0.2927 
        D365  2 0.0147 0.0105 0.0171 0.9273 0.0181 0.0123 
        D369  2 0.2014 0.0532 0.1284 0.1499 0.3717 0.0953 
        D374  2 0.0310 0.1006 0.0922 0.0381 0.0408 0.6973 
        D375  2 0.3547 0.0443 0.0189 0.0375 0.0479 0.4967 
        D376  2 0.0329 0.0832 0.0812 0.0400 0.0468 0.7159 
        D377  2 0.1802 0.0701 0.0646 0.1043 0.4778 0.1030 
        D378  2 0.3419 0.0577 0.0440 0.4781 0.0278 0.0505 
        D379  2 0.7410 0.0665 0.0385 0.0563 0.0415 0.0562 
        D384  2 0.8279 0.0281 0.0510 0.0377 0.0300 0.0253 
        D385  2 0.0257 0.0223 0.0261 0.8237 0.0346 0.0676 
        D386  2 0.5397 0.0428 0.0276 0.1414 0.0294 0.2191 
        D391  2 0.0285 0.0193 0.0194 0.8876 0.0242 0.0210 
        D392  2 0.1186 0.0393 0.0441 0.4839 0.1745 0.1396 
        D393  2 0.4625 0.0361 0.0632 0.3188 0.0358 0.0836 
        D394  2 0.0784 0.1817 0.0597 0.1195 0.1327 0.4280 
        D395  2 0.0653 0.0453 0.0386 0.6164 0.0516 0.1829 
        D401  2 0.0126 0.0252 0.0282 0.0163 0.8947 0.0230 
        D402  2 0.0257 0.0189 0.0258 0.8675 0.0234 0.0387 
        D403  2 0.5118 0.1608 0.0258 0.0484 0.0569 0.1962 
        D415  2 0.5380 0.1443 0.0155 0.1123 0.1428 0.0471 
        D435  2 0.1895 0.0456 0.0415 0.5939 0.0749 0.0545 
        D436  2 0.1041 0.2723 0.0428 0.2047 0.0951 0.2810 
        D438  2 0.0238 0.0239 0.0213 0.8762 0.0242 0.0306 
        D439  2 0.5025 0.0624 0.0300 0.2195 0.0257 0.1599 
        D449  2 0.0837 0.0662 0.0198 0.3804 0.0481 0.4018 
        D450  2 0.3474 0.1564 0.0841 0.0351 0.2436 0.1335 
        D456  2 0.8794 0.0172 0.0240 0.0468 0.0175 0.0151 
        D462  2 0.0267 0.0237 0.0131 0.8964 0.0158 0.0244 
        D463  2 0.8840 0.0197 0.0256 0.0257 0.0234 0.0217 
        D464  2 0.2335 0.0592 0.0374 0.2268 0.1076 0.3355 
        D465  2 0.0544 0.0237 0.0226 0.6786 0.1945 0.0262 
        D473  2 0.0791 0.0536 0.2556 0.0661 0.4449 0.1007 
        D474  2 0.6161 0.0448 0.1785 0.0569 0.0501 0.0535 
        D476  2 0.1268 0.4770 0.0218 0.2088 0.0274 0.1382 
        D477  2 0.5677 0.0318 0.0681 0.0591 0.0949 0.1784 
        D478  2 0.4361 0.1510 0.1046 0.0485 0.0673 0.1925 
        D480  2 0.2682 0.0510 0.0970 0.4450 0.0539 0.0850 
        D481  2 0.5226 0.0545 0.1204 0.0794 0.0441 0.1790 
        D482  2 0.0936 0.0699 0.4002 0.0519 0.1138 0.2706 
        D483  2 0.0262 0.1993 0.0551 0.2191 0.0223 0.4780 
        D484  2 0.0425 0.0486 0.0785 0.2924 0.0556 0.4825 
        D510  2 0.0442 0.0997 0.4413 0.0457 0.0482 0.3209 
        D511  2 0.2786 0.0413 0.0402 0.3964 0.0309 0.2126 
        D512  2 0.0211 0.0247 0.0178 0.0746 0.8301 0.0318 
        D513  2 0.0966 0.0407 0.0654 0.7067 0.0609 0.0296 
        D635  2 0.8332 0.0389 0.0231 0.0580 0.0202 0.0267 
        D636  2 0.4016 0.4474 0.0233 0.0294 0.0585 0.0397 
        D637  2 0.0873 0.0981 0.0769 0.2463 0.2413 0.2502 
        D658  2 0.0304 0.1130 0.0524 0.3780 0.2487 0.1775 
        D659  2 0.4008 0.2670 0.0941 0.0864 0.0366 0.1151 
        D677  2 0.2236 0.2943 0.0435 0.1433 0.2048 0.0905 
        D678  2 0.0191 0.2245 0.0196 0.1280 0.0344 0.5744 
        D679  2 0.6431 0.0441 0.0870 0.1479 0.0349 0.0430 
        D719  2 0.1335 0.0459 0.3192 0.3588 0.1018 0.0408 
        D720  2 0.5223 0.0373 0.1093 0.2502 0.0574 0.0233 
        D721  2 0.2913 0.4948 0.0469 0.1009 0.0195 0.0467 
        D722  2 0.0664 0.0923 0.1018 0.0838 0.0642 0.5915 
        D734  2 0.0626 0.0610 0.1484 0.4110 0.0723 0.2448 
        D735  2 0.5695 0.1010 0.0482 0.1596 0.0737 0.0479 
        D736  2 0.1389 0.0577 0.5414 0.0622 0.0837 0.1161 
        D737  2 0.0323 0.2782 0.0867 0.0675 0.0330 0.5023 
        D807  2 0.2509 0.1093 0.2089 0.1239 0.1350 0.1720 
        D808  2 0.0854 0.0386 0.0340 0.1077 0.6850 0.0493 
        D817  2 0.6736 0.0678 0.0399 0.0413 0.1159 0.0615 
        D818  2 0.3010 0.1195 0.0678 0.3924 0.0805 0.0388 
        D819  2 0.2132 0.0382 0.0411 0.0481 0.6063 0.0531 
        D820  2 0.2238 0.0876 0.0245 0.5970 0.0333 0.0337 
        D895  2 0.3216 0.3013 0.0418 0.0597 0.0623 0.2133 
        D896  2 0.0129 0.0181 0.0218 0.0185 0.9110 0.0177 
        D897  2 0.0501 0.0724 0.0466 0.4303 0.0892 0.3113 
        D898  2 0.2293 0.1048 0.2108 0.0279 0.3025 0.1248 
        D918  2 0.0467 0.1160 0.0868 0.1622 0.5213 0.0670 
        D919  2 0.4446 0.0735 0.0441 0.2315 0.0261 0.1802 
        D920  2 0.0343 0.7761 0.0325 0.0322 0.0534 0.0715 
        D923  2 0.6830 0.0376 0.0214 0.0739 0.0510 0.1331 
        D930  2 0.3815 0.0442 0.0681 0.1841 0.2438 0.0784 
        D931  2 0.2402 0.0607 0.0599 0.2436 0.1186 0.2770 
        D968  2 0.0303 0.0166 0.0303 0.8666 0.0285 0.0276 
        D969  2 0.4174 0.0695 0.1668 0.1279 0.0610 0.1573 
        D977  2 0.0466 0.0611 0.0316 0.7260 0.0599 0.0748 
        D978  2 0.3223 0.1035 0.2465 0.1278 0.0480 0.1519 
        D009  4 0.0516 0.7546 0.0333 0.0275 0.0714 0.0616 
        D057  4 0.0251 0.7189 0.0367 0.1525 0.0149 0.0520 
        D109  4 0.0361 0.0474 0.0354 0.0220 0.8130 0.0462 
     D237222  4 0.0410 0.7505 0.0384 0.0338 0.0211 0.1151 
     D237223  4 0.0251 0.2020 0.0828 0.3388 0.2759 0.0754 
     D237224  4 0.4967 0.0655 0.1233 0.1153 0.0395 0.1597 
     D237225  4 0.1008 0.6744 0.0657 0.0738 0.0416 0.0437 
     D237299  4 0.0349 0.0553 0.0881 0.1160 0.6504 0.0553 
     D237300  4 0.0367 0.0469 0.7328 0.0295 0.0660 0.0882 
     D237306  4 0.0638 0.2417 0.0936 0.0997 0.2886 0.2125 
     D237307  4 0.3133 0.2431 0.1996 0.0972 0.0700 0.0767 
     D237308  4 0.0590 0.2136 0.0700 0.3645 0.0551 0.2378 
     D237309  4 0.1540 0.6157 0.0402 0.0479 0.0518 0.0904 
     D237317  4 0.6423 0.1439 0.1039 0.0321 0.0276 0.0501 
     D237318  4 0.0796 0.0341 0.6875 0.0894 0.0504 0.0590 
     D237319  4 0.1620 0.1569 0.0580 0.0517 0.3588 0.2126 
     D237320  4 0.0543 0.2061 0.0723 0.2446 0.3542 0.0686 
     D237321  4 0.0899 0.0572 0.6106 0.0307 0.1000 0.1116 
     D237397  4 0.0354 0.3791 0.1399 0.2216 0.0967 0.1272 
     D237398  4 0.2393 0.0327 0.4591 0.1451 0.0675 0.0563 
     D237399  4 0.1912 0.1259 0.4815 0.0622 0.0858 0.0533 
     D244001  4 0.0213 0.7030 0.0206 0.0491 0.0220 0.1838 
        D289  4 0.1366 0.1798 0.1932 0.2410 0.0540 0.1954 
        D290  4 0.0887 0.3177 0.1339 0.0639 0.1088 0.2870 
        D294  4 0.1619 0.2281 0.1459 0.0898 0.0505 0.3238 
        D295  4 0.1120 0.3643 0.0691 0.0885 0.2878 0.0783 
        D301  4 0.0451 0.6237 0.0843 0.0278 0.0546 0.1646 
        D302  4 0.4416 0.1087 0.0297 0.1241 0.0347 0.2612 
        D303  4 0.0422 0.0915 0.2440 0.0551 0.2974 0.2698 
        D304  4 0.1789 0.2100 0.3390 0.0385 0.0600 0.1737 
        D305  4 0.0720 0.2251 0.0306 0.1456 0.0256 0.5011 
        D306  4 0.1413 0.1817 0.1009 0.0340 0.1192 0.4229 
        D307  4 0.0355 0.7998 0.0918 0.0158 0.0250 0.0320 
        D327  4 0.4942 0.1089 0.0820 0.1113 0.1211 0.0826 
        D328  4 0.0549 0.1882 0.0883 0.0525 0.1999 0.4161 
        D329  4 0.0818 0.2779 0.0890 0.0695 0.0377 0.4442 
        D330  4 0.2117 0.2100 0.0187 0.2225 0.1882 0.1488 
        D331  4 0.2472 0.1172 0.4203 0.0467 0.0814 0.0871 
        D333  4 0.0479 0.4961 0.0650 0.0972 0.0869 0.2068 
        D334  4 0.0986 0.2810 0.4698 0.0475 0.0523 0.0509 
        D335  4 0.4887 0.1224 0.0245 0.2614 0.0279 0.0751 
        D370  4 0.0957 0.1202 0.0392 0.0559 0.1267 0.5623 
        D371  4 0.1452 0.0474 0.2115 0.0701 0.1936 0.3321 
        D372  4 0.0222 0.0536 0.7234 0.0246 0.0333 0.1429 
        D373  4 0.1095 0.7133 0.0492 0.0429 0.0239 0.0611 
        D455  4 0.0401 0.8245 0.0540 0.0232 0.0204 0.0378 
        D490  4 0.0158 0.9081 0.0142 0.0140 0.0290 0.0189 
        D497  4 0.0288 0.8329 0.0307 0.0208 0.0512 0.0356 
        D498  4 0.0856 0.1095 0.4222 0.0603 0.1767 0.1457 
        D499  4 0.0698 0.0274 0.0541 0.1390 0.5717 0.1381 
        D514  4 0.2666 0.2290 0.0385 0.0806 0.2351 0.1501 
        D515  4 0.0316 0.1452 0.0200 0.1431 0.5921 0.0679 
        D516  4 0.0898 0.3272 0.0719 0.2512 0.1604 0.0996 
        D517  4 0.0654 0.6905 0.1236 0.0260 0.0358 0.0586 
        D518  4 0.0416 0.7032 0.0277 0.1056 0.0236 0.0983 
        D519  4 0.0394 0.2332 0.0438 0.2049 0.4421 0.0365 
        D560  4 0.0680 0.2049 0.0418 0.2033 0.3853 0.0966 
        D561  4 0.2005 0.1135 0.0268 0.3644 0.2227 0.0721 
        D562  4 0.1941 0.2386 0.1335 0.1172 0.0607 0.2558 
        D563  4 0.1063 0.1035 0.0384 0.4544 0.1106 0.1868 
        D572  4 0.0989 0.2567 0.0383 0.2079 0.0429 0.3552 
        D629  4 0.6879 0.0608 0.0464 0.0700 0.0569 0.0779 
        D630  4 0.1655 0.4278 0.1099 0.0757 0.0957 0.1254 
        D631  4 0.0402 0.3361 0.0633 0.3077 0.0709 0.1818 
        D632  4 0.1861 0.2157 0.0224 0.1168 0.1447 0.3143 
        D646  4 0.0464 0.3057 0.0222 0.3485 0.1575 0.1196 
        D647  4 0.2471 0.2412 0.0331 0.2166 0.1353 0.1267 
        D648  4 0.0364 0.1188 0.0233 0.0582 0.1570 0.6063 
        D649  4 0.4694 0.0915 0.0307 0.0423 0.2388 0.1272 
        D650  4 0.3781 0.1435 0.0893 0.1120 0.2265 0.0505 
        D708  4 0.1770 0.1731 0.0990 0.0384 0.1537 0.3587 
        D709  4 0.1216 0.1161 0.0690 0.0528 0.3605 0.2800 
        D738  4 0.0914 0.3442 0.1909 0.1109 0.1893 0.0733 
        D739  4 0.0481 0.6532 0.0544 0.0283 0.0741 0.1419 
        D740  4 0.0857 0.1667 0.4686 0.0713 0.1353 0.0725 
        D741  4 0.0273 0.1784 0.0166 0.4853 0.2622 0.0302 
        D742  4 0.0438 0.1236 0.0882 0.5654 0.1047 0.0743 
        D743  4 0.3747 0.0692 0.0495 0.3108 0.0477 0.1480 
        D744  4 0.1953 0.0325 0.0378 0.4143 0.0536 0.2664 
        D745  4 0.0289 0.2337 0.0331 0.0963 0.5669 0.0411 
        D814  4 0.0390 0.2696 0.0338 0.2143 0.0298 0.4135 
        D815  4 0.2760 0.1000 0.0553 0.1653 0.0962 0.3073 
        D828  4 0.0393 0.1580 0.1208 0.0493 0.0875 0.5451 
        D845  4 0.0262 0.0283 0.8296 0.0800 0.0142 0.0217 
        D846  4 0.3811 0.2961 0.0246 0.1450 0.0250 0.1283 
        D847  4 0.2298 0.2318 0.2391 0.0880 0.1530 0.0583 
        D848  4 0.0690 0.6633 0.1556 0.0521 0.0145 0.0453 
        D849  4 0.0476 0.6666 0.0258 0.0947 0.1254 0.0398 
        D850  4 0.3168 0.0852 0.1831 0.2548 0.1028 0.0574 
        D856  4 0.1154 0.0404 0.0389 0.0791 0.6405 0.0856 
        D857  4 0.0172 0.0475 0.0257 0.0276 0.7521 0.1299 
        D859  4 0.1830 0.1986 0.0792 0.0896 0.0615 0.3882 
        D860  4 0.1221 0.0400 0.6378 0.0896 0.0208 0.0897 
        D883  4 0.1153 0.4507 0.0618 0.0486 0.1722 0.1512 
        D884  4 0.0358 0.3259 0.0271 0.1340 0.3843 0.0930 
        D885  4 0.1260 0.2211 0.0897 0.4424 0.0909 0.0298 
        D886  4 0.1680 0.2805 0.0543 0.1484 0.2090 0.1398 
        D887  4 0.1402 0.0654 0.1683 0.1116 0.2266 0.2879 
        D889  4 0.1273 0.1089 0.5679 0.0327 0.0558 0.1072 
        D890  4 0.2116 0.1030 0.0865 0.0717 0.2340 0.2932 
        D891  4 0.0406 0.0127 0.8941 0.0170 0.0150 0.0206 
        D899  4 0.0461 0.1535 0.1770 0.3996 0.0509 0.1729 
        D900  4 0.2568 0.2519 0.0904 0.1258 0.0991 0.1760 
        D970  4 0.2715 0.2658 0.2291 0.0735 0.0284 0.1315 
        D971  4 0.1447 0.0844 0.0372 0.5970 0.0689 0.0679 
        D979  4 0.6731 0.0778 0.0285 0.1416 0.0250 0.0539 
        D093  5 0.0432 0.1533 0.5482 0.0323 0.1541 0.0689 
        D154  5 0.0732 0.1823 0.1098 0.3588 0.1639 0.1119 
        D168  5 0.0818 0.2168 0.0579 0.3927 0.1269 0.1240 
        D189  5 0.0494 0.1612 0.5214 0.0714 0.0699 0.1267 
        D190  5 0.1248 0.0659 0.3597 0.0901 0.1766 0.1830 
     D237220  5 0.0595 0.2723 0.4756 0.0546 0.0870 0.0510 
     D237221  5 0.1481 0.0782 0.4824 0.1313 0.0926 0.0674 
     D237274  5 0.6304 0.0434 0.0204 0.1296 0.0411 0.1351 
     D237275  5 0.0479 0.1128 0.0979 0.4509 0.0912 0.1993 
     D237276  5 0.0611 0.3827 0.1021 0.1094 0.2301 0.1145 
     D237277  5 0.0869 0.0342 0.6065 0.0639 0.0950 0.1134 
     D237278  5 0.0664 0.2052 0.0582 0.2390 0.2151 0.2161 
     D237279  5 0.0940 0.0266 0.0334 0.0527 0.7609 0.0324 
     D237280  5 0.3557 0.3019 0.0605 0.0324 0.0919 0.1575 
     D237281  5 0.0876 0.0466 0.2026 0.4941 0.0613 0.1078 
     D237351  5 0.0364 0.0790 0.0426 0.0347 0.7806 0.0267 
     D237352  5 0.1546 0.4998 0.0301 0.2021 0.0394 0.0740 
     D237353  5 0.1079 0.0250 0.6403 0.0309 0.0937 0.1022 
     D237359  5 0.1037 0.2570 0.4692 0.0470 0.0745 0.0486 
     D237361  5 0.0421 0.0333 0.7053 0.0289 0.1484 0.0420 
     D237362  5 0.3546 0.1358 0.0798 0.1434 0.2146 0.0718 
     D237363  5 0.2903 0.0689 0.1010 0.1755 0.2035 0.1608 
     D237364  5 0.1107 0.3441 0.0313 0.2368 0.2032 0.0739 
     D237376  5 0.0175 0.0328 0.0790 0.0435 0.3032 0.5239 
     D237377  5 0.3271 0.0879 0.0906 0.0446 0.3878 0.0621 
     D237378  5 0.0259 0.1783 0.2928 0.0327 0.0919 0.3785 
     D237379  5 0.0810 0.1184 0.1898 0.0915 0.1956 0.3236 
     D237380  5 0.0687 0.0797 0.0327 0.0170 0.2940 0.5078 
     D237381  5 0.0878 0.4713 0.0694 0.0545 0.0600 0.2570 
     D237391  5 0.1033 0.0316 0.7292 0.0298 0.0794 0.0267 
     D237392  5 0.3166 0.0218 0.0261 0.3419 0.1315 0.1620 
     D237393  5 0.3625 0.2057 0.1007 0.0801 0.0727 0.1783 
     D237394  5 0.1534 0.0415 0.6288 0.0298 0.0994 0.0471 
     D237395  5 0.0878 0.1383 0.4010 0.0644 0.2095 0.0991 
     D237396  5 0.4934 0.0566 0.1331 0.2152 0.0638 0.0379 
     D244016  5 0.1910 0.0342 0.2218 0.2976 0.1435 0.1119 
     D244018  5 0.0518 0.2401 0.3175 0.3237 0.0362 0.0306 
     D244019  5 0.5488 0.0651 0.0594 0.1461 0.0495 0.1312 
        D279  5 0.0458 0.2263 0.2984 0.3127 0.0689 0.0479 
        D280  5 0.2397 0.1070 0.5034 0.0344 0.0499 0.0656 
        D281  5 0.0323 0.0411 0.4899 0.2962 0.0918 0.0487 
        D283  5 0.3462 0.1275 0.3931 0.0448 0.0353 0.0532 
        D284  5 0.0818 0.1389 0.0715 0.1148 0.5393 0.0536 
        D285  5 0.0637 0.0542 0.7715 0.0263 0.0485 0.0358 
        D286  5 0.1637 0.2307 0.2475 0.0566 0.1242 0.1773 
        D287  5 0.0265 0.0569 0.1014 0.0206 0.4152 0.3794 
        D288  5 0.5469 0.0484 0.2846 0.0326 0.0301 0.0574 
        D308  5 0.0813 0.0193 0.0320 0.0318 0.8000 0.0356 
        D309  5 0.1026 0.0567 0.0238 0.4035 0.0327 0.3806 
        D310  5 0.0557 0.0876 0.7117 0.0191 0.0293 0.0966 
        D311  5 0.3082 0.2173 0.0746 0.1332 0.1332 0.1335 
        D312  5 0.1973 0.1672 0.1089 0.0729 0.1535 0.3001 
        D313  5 0.0265 0.3897 0.0276 0.0121 0.5223 0.0218 
        D314  5 0.0659 0.3079 0.1146 0.1604 0.1871 0.1641 
        D315  5 0.2298 0.0861 0.1094 0.0473 0.1365 0.3910 
        D317  5 0.0979 0.2847 0.4130 0.0301 0.0538 0.1205 
        D318  5 0.3310 0.0646 0.0897 0.2065 0.1470 0.1611 
        D319  5 0.0348 0.1224 0.6044 0.0834 0.0830 0.0719 
        D320  5 0.0636 0.0498 0.6908 0.0291 0.0870 0.0797 
        D321  5 0.1308 0.0341 0.2095 0.0234 0.5794 0.0229 
        D336  5 0.0490 0.1623 0.3197 0.0219 0.1526 0.2945 
        D337  5 0.0406 0.0443 0.7537 0.0370 0.0366 0.0879 
        D338  5 0.1374 0.2393 0.1932 0.1408 0.2306 0.0586 
        D339  5 0.0450 0.1599 0.5183 0.0429 0.0706 0.1633 
        D347  5 0.1393 0.2665 0.0541 0.0532 0.0190 0.4679 
        D348  5 0.0531 0.1543 0.2743 0.0353 0.0174 0.4656 
        D349  5 0.0445 0.0274 0.0482 0.0254 0.8166 0.0378 
        D350  5 0.0419 0.0523 0.0269 0.3982 0.0698 0.4107 
        D355  5 0.0727 0.0917 0.0719 0.6917 0.0344 0.0377 
        D356  5 0.3281 0.0932 0.3548 0.0283 0.1172 0.0784 
        D357  5 0.1762 0.1279 0.0771 0.0458 0.1194 0.4536 
        D358  5 0.1225 0.0626 0.2325 0.0670 0.1860 0.3294 
        D359  5 0.5969 0.0822 0.1440 0.0381 0.0431 0.0958 
        D360  5 0.2117 0.0819 0.5181 0.0270 0.1033 0.0581 
        D361  5 0.0252 0.0259 0.0215 0.0194 0.8789 0.0291 
        D366  5 0.1000 0.0391 0.0314 0.7623 0.0373 0.0299 
        D367  5 0.0463 0.2710 0.3187 0.0402 0.1837 0.1401 
        D368  5 0.1239 0.0504 0.0539 0.0463 0.6715 0.0540 
        D380  5 0.3287 0.0480 0.0404 0.2932 0.0722 0.2175 
        D381  5 0.1739 0.1528 0.4349 0.0727 0.0417 0.1239 
        D400  5 0.0663 0.4081 0.2011 0.1102 0.0507 0.1636 
        D411  5 0.0442 0.4693 0.0180 0.0388 0.3304 0.0994 
        D412  5 0.0656 0.3832 0.0740 0.0530 0.0161 0.4080 
        D413  5 0.0948 0.0371 0.0230 0.7118 0.0793 0.0540 
        D414  5 0.0332 0.0433 0.0391 0.4229 0.0585 0.4031 
        D420  5 0.1481 0.1151 0.4979 0.0360 0.1544 0.0486 
        D431  5 0.0260 0.0333 0.1000 0.0178 0.4454 0.3774 
        D432  5 0.1000 0.1809 0.3610 0.0367 0.0807 0.2407 
        D433  5 0.1029 0.0943 0.4705 0.0587 0.1403 0.1332 
        D434  5 0.1901 0.2039 0.3648 0.0632 0.0704 0.1076 
        D440  5 0.0395 0.1475 0.0262 0.3944 0.0481 0.3442 
        D447  5 0.2698 0.0888 0.0287 0.2220 0.0730 0.3177 
        D448  5 0.0578 0.3227 0.1120 0.0296 0.0597 0.4182 
        D459  5 0.0420 0.0384 0.0649 0.8073 0.0215 0.0258 
        D460  5 0.0946 0.0145 0.0367 0.0341 0.7890 0.0311 
        D461  5 0.1520 0.0535 0.0278 0.3327 0.0361 0.3980 
        D468  5 0.1114 0.0640 0.0393 0.0901 0.6034 0.0918 
        D469  5 0.3368 0.1392 0.0898 0.0806 0.2871 0.0665 
        D470  5 0.0669 0.5480 0.0343 0.0656 0.0499 0.2353 
        D471  5 0.1287 0.0970 0.2998 0.1257 0.0651 0.2838 
        D472  5 0.6292 0.0350 0.0513 0.2359 0.0165 0.0320 
        D479  5 0.0353 0.1678 0.0151 0.2974 0.0197 0.4647 
        D485  5 0.0631 0.1130 0.0491 0.0688 0.2502 0.4558 
        D486  5 0.0518 0.1565 0.0326 0.1078 0.5532 0.0981 
        D487  5 0.0524 0.1350 0.5128 0.0422 0.0555 0.2021 
        D555  5 0.0281 0.0354 0.7387 0.0634 0.0447 0.0896 
        D556  5 0.1132 0.0689 0.3109 0.0379 0.2300 0.2392 
        D557  5 0.1156 0.0962 0.4199 0.0995 0.1267 0.1421 
        D564  5 0.2148 0.0381 0.0600 0.0518 0.2181 0.4173 
        D594  5 0.1792 0.3359 0.0606 0.0997 0.0276 0.2970 
        D595  5 0.1956 0.1149 0.2617 0.0881 0.2014 0.1383 
        D596  5 0.0675 0.0546 0.5958 0.0339 0.0428 0.2053 
        D597  5 0.0899 0.0338 0.4601 0.3342 0.0296 0.0524 
        D598  5 0.0899 0.1668 0.2479 0.0674 0.1370 0.2909 
        D617  5 0.0330 0.4973 0.0212 0.0542 0.0712 0.3231 
        D618  5 0.1510 0.0708 0.5259 0.0635 0.0913 0.0974 
        D619  5 0.2473 0.0558 0.0617 0.0603 0.1591 0.4158 
        D620  5 0.0568 0.0487 0.0495 0.7636 0.0241 0.0573 
        D628  5 0.0640 0.0562 0.0477 0.0864 0.1348 0.6110 
        D714  5 0.0373 0.0530 0.4071 0.0532 0.1206 0.3289 
        D715  5 0.2266 0.0348 0.5337 0.0810 0.0742 0.0498 
        D716  5 0.1564 0.3486 0.0791 0.0898 0.0298 0.2964 
        D717  5 0.2944 0.0855 0.2678 0.2123 0.0774 0.0627 
        D718  5 0.0149 0.1894 0.0608 0.0507 0.4687 0.2155 
        D769  5 0.0221 0.5884 0.0188 0.0459 0.0288 0.2960 
        D770  5 0.0419 0.0348 0.0642 0.2472 0.2370 0.3748 
        D771  5 0.1209 0.1697 0.1179 0.0863 0.0975 0.4077 
        D772  5 0.1812 0.0766 0.2019 0.0933 0.1311 0.3160 
        D782  5 0.0848 0.0436 0.2336 0.0989 0.4855 0.0537 
        D783  5 0.0612 0.0483 0.1270 0.4527 0.0672 0.2438 
        D784  5 0.5169 0.0539 0.1695 0.1373 0.0385 0.0839 
        D785  5 0.1488 0.0508 0.2610 0.0460 0.2984 0.1949 
        D786  5 0.1397 0.4456 0.0223 0.2457 0.0582 0.0886 
        D821  5 0.0557 0.0190 0.7178 0.0215 0.0952 0.0907 
        D822  5 0.4287 0.0881 0.0724 0.2092 0.0779 0.1237 
        D826  5 0.0722 0.1835 0.3181 0.2489 0.0867 0.0905 
        D827  5 0.3921 0.0733 0.0237 0.3183 0.1071 0.0855 
        D851  5 0.5057 0.0860 0.0750 0.0555 0.1591 0.1187 
        D852  5 0.0447 0.1088 0.3209 0.0622 0.0515 0.4119 
        D853  5 0.1427 0.0940 0.5584 0.0511 0.0901 0.0637 
        D854  5 0.2681 0.1059 0.0429 0.1221 0.2970 0.1640 
        D861  5 0.0631 0.1851 0.1532 0.1178 0.2741 0.2067 
        D862  5 0.3761 0.1452 0.1403 0.1557 0.0931 0.0896 
        D865  5 0.0657 0.1015 0.4469 0.0410 0.1301 0.2149 
        D868  5 0.2649 0.1949 0.2876 0.1106 0.0811 0.0610 
        D869  5 0.0415 0.6133 0.0227 0.0659 0.2014 0.0551 
        D870  5 0.2928 0.0770 0.0234 0.3505 0.1702 0.0862 
        D907  5 0.0405 0.3158 0.3146 0.0242 0.0482 0.2568 
        D908  5 0.0393 0.0816 0.5192 0.0378 0.0789 0.2431 
        D910  5 0.1015 0.1547 0.2229 0.2657 0.0785 0.1767 
        D911  5 0.0641 0.0656 0.1900 0.6265 0.0270 0.0268 
        D934  5 0.1975 0.0561 0.1243 0.0707 0.1844 0.3671 
        D946  5 0.0716 0.0578 0.0670 0.0306 0.3205 0.4524 
        D947  5 0.2342 0.2294 0.1573 0.0746 0.1837 0.1208 
        D948  5 0.0889 0.0542 0.1271 0.0242 0.6688 0.0368 
        D949  5 0.0534 0.0685 0.0359 0.0213 0.7983 0.0227 
        D950  5 0.0834 0.0480 0.1888 0.6024 0.0300 0.0474 
        D951  5 0.4517 0.0577 0.0225 0.1581 0.1174 0.1926 
        D952  5 0.6345 0.1377 0.0906 0.0624 0.0230 0.0519 
        D953  5 0.1681 0.0301 0.6110 0.0243 0.0904 0.0760 
        D954  5 0.7303 0.0149 0.0733 0.0387 0.0986 0.0441 
        D961  5 0.0281 0.0273 0.0406 0.0242 0.2962 0.5835 
        D962  5 0.1500 0.0668 0.0990 0.0423 0.1655 0.4764 
        D963  5 0.1696 0.0540 0.3416 0.1681 0.0639 0.2028 
        D964  5 0.1362 0.0654 0.1423 0.0607 0.4501 0.1453 
        D965  5 0.1838 0.1227 0.0593 0.1696 0.0935 0.3711 
        D966  5 0.2362 0.1642 0.2007 0.0468 0.0375 0.3145 
        D967  5 0.1315 0.0517 0.4424 0.1106 0.0975 0.1664 
        D991  5 0.0397 0.4610 0.0561 0.0607 0.0747 0.3078 
        D132  8 0.0317 0.7953 0.0277 0.0396 0.0731 0.0326 
        D133  8 0.0286 0.0904 0.0246 0.5448 0.0250 0.2866 
        D200  8 0.0518 0.2228 0.0929 0.0395 0.2094 0.3837 
        D500  8 0.0243 0.7852 0.0258 0.0179 0.1190 0.0277 
        D614  8 0.0695 0.2405 0.2902 0.0836 0.1715 0.1447 
        D723  8 0.0538 0.2718 0.0290 0.3299 0.2628 0.0526 
        D888  8 0.0559 0.0426 0.7805 0.0427 0.0339 0.0443 
        D901  8 0.0190 0.0765 0.0316 0.0402 0.8003 0.0324 
        D902  8 0.0256 0.0606 0.2418 0.0899 0.4536 0.1285 
        D903  8 0.6524 0.0773 0.0448 0.1591 0.0364 0.0301 
        D904  8 0.3956 0.1504 0.0666 0.1111 0.0499 0.2264 
        D905  8 0.0178 0.0316 0.8781 0.0157 0.0233 0.0335 
        D906  8 0.3359 0.1154 0.0809 0.3122 0.0322 0.1233 
        D937  8 0.0186 0.0483 0.4174 0.0458 0.3618 0.1081 
        D943  8 0.1576 0.2796 0.2018 0.1321 0.1381 0.0908 
        D972  8 0.0223 0.2251 0.0217 0.1720 0.4819 0.0770 
        D973  8 0.1035 0.1898 0.0303 0.1542 0.4833 0.0389 
        D974  8 0.0950 0.2540 0.0701 0.1889 0.2472 0.1448 
        D975  8 0.0547 0.2058 0.1916 0.0864 0.1788 0.2827 
        D976  8 0.0697 0.1672 0.2251 0.0939 0.3057 0.1383 
        D142 10 0.1790 0.0790 0.0978 0.1355 0.1385 0.3703 
        D143 10 0.0324 0.1050 0.0328 0.6235 0.0624 0.1439 
        D144 10 0.3596 0.0693 0.1226 0.1282 0.1363 0.1840 
        D145 10 0.0345 0.1904 0.6116 0.0576 0.0433 0.0625 
        D146 10 0.0580 0.1087 0.0187 0.0489 0.6512 0.1145 
        D147 10 0.0534 0.0429 0.0290 0.1449 0.5759 0.1539 
        D148 10 0.2089 0.0307 0.0498 0.2248 0.2889 0.1969 
        D149 10 0.0815 0.0802 0.1344 0.3850 0.0438 0.2752 
        D151 10 0.1042 0.0393 0.2334 0.2410 0.2773 0.1046 
        D152 10 0.0536 0.0638 0.0766 0.2870 0.1362 0.3829 
        D153 10 0.2173 0.2640 0.0462 0.0621 0.3178 0.0927 
        D156 10 0.1448 0.0670 0.0288 0.2529 0.0442 0.4623 
        D157 10 0.1253 0.2953 0.1054 0.0280 0.1867 0.2593 
        D158 10 0.0259 0.0732 0.1543 0.0284 0.6155 0.1027 
        D159 10 0.0555 0.0562 0.0279 0.8098 0.0239 0.0267 
        D160 10 0.0097 0.0122 0.9370 0.0119 0.0160 0.0131 
        D161 10 0.5523 0.0584 0.0701 0.1431 0.1008 0.0754 
        D162 10 0.1960 0.0454 0.0442 0.2260 0.0309 0.4575 
        D169 10 0.1229 0.5179 0.2179 0.0491 0.0624 0.0298 
        D170 10 0.1204 0.6503 0.0330 0.0274 0.0623 0.1065 
        D171 10 0.1509 0.0824 0.0221 0.0758 0.2587 0.4102 
        D172 10 0.0454 0.1211 0.0282 0.1343 0.2596 0.4115 
        D173 10 0.0274 0.0400 0.0290 0.8466 0.0286 0.0283 
        D181 10 0.1610 0.0387 0.1335 0.1411 0.2057 0.3201 
        D182 10 0.0959 0.1413 0.1453 0.2459 0.1428 0.2288 
        D183 10 0.1311 0.1832 0.5761 0.0247 0.0554 0.0294 
        D184 10 0.1981 0.6714 0.0167 0.0215 0.0628 0.0295 
        D185 10 0.5756 0.0373 0.0366 0.0740 0.1655 0.1109 
        D186 10 0.0252 0.6699 0.0356 0.0864 0.1538 0.0290 
        D194 10 0.1593 0.1909 0.0549 0.1578 0.2145 0.2227 
        D195 10 0.0984 0.2217 0.2185 0.1411 0.0819 0.2385 
        D196 10 0.1521 0.1357 0.1238 0.4647 0.0351 0.0886 
        D197 10 0.0440 0.6594 0.0856 0.0909 0.0673 0.0528 
        D198 10 0.7443 0.0267 0.0702 0.0355 0.1026 0.0206 
     D237226 10 0.1680 0.0201 0.4118 0.1376 0.2350 0.0275 
     D237232 10 0.0566 0.0771 0.5915 0.0732 0.1420 0.0596 
     D237233 10 0.0361 0.0691 0.1187 0.0770 0.1396 0.5594 
     D237234 10 0.0838 0.1260 0.1618 0.0683 0.1842 0.3759 
     D237354 10 0.0414 0.0314 0.8109 0.0619 0.0202 0.0342 
     D237355 10 0.0264 0.0175 0.8955 0.0264 0.0183 0.0159 
     D237356 10 0.7063 0.1341 0.0734 0.0298 0.0363 0.0201 
     D237357 10 0.0454 0.2444 0.0476 0.3718 0.1827 0.1080 
     D237358 10 0.2750 0.4422 0.0491 0.1302 0.0151 0.0885 
     D237369 10 0.0272 0.1843 0.0170 0.1848 0.5484 0.0382 
     D237370 10 0.1427 0.0654 0.2662 0.1684 0.2106 0.1467 
     D237371 10 0.7487 0.0739 0.0295 0.0320 0.0737 0.0422 
     D237372 10 0.0786 0.3514 0.1354 0.2875 0.0296 0.1174 
     D237373 10 0.0902 0.0557 0.1779 0.0529 0.3927 0.2307 
     D237374 10 0.0290 0.0263 0.8401 0.0247 0.0289 0.0509 
     D237375 10 0.1780 0.0639 0.0893 0.4165 0.1561 0.0963 
     D237400 10 0.0237 0.1292 0.0534 0.2886 0.0310 0.4741 
     D244002 10 0.0938 0.3331 0.0232 0.2484 0.1041 0.1975 
     D244003 10 0.0140 0.0403 0.8119 0.0212 0.0491 0.0635 
     D244004 10 0.0195 0.0275 0.7937 0.0141 0.1191 0.0260 
     D244005 10 0.0486 0.1451 0.7248 0.0305 0.0229 0.0280 
     D244020 10 0.3708 0.0540 0.1325 0.0638 0.2610 0.1179 
     D244021 10 0.0191 0.2583 0.0265 0.2560 0.4022 0.0380 
     D244116 10 0.0527 0.2532 0.0308 0.1195 0.1577 0.3861 
     D244117 10 0.0477 0.0446 0.7070 0.0711 0.0463 0.0834 
     D244121 10 0.0520 0.1656 0.2968 0.0615 0.1915 0.2325 
     D244123 10 0.0792 0.0945 0.3452 0.0406 0.0972 0.3433 
     D244124 10 0.0493 0.4942 0.0712 0.0997 0.0569 0.2287 
        D332 10 0.3342 0.1114 0.0417 0.2187 0.1941 0.1000 
        D570 10 0.1317 0.0766 0.1399 0.0620 0.1489 0.4409 
        D602 10 0.0556 0.0978 0.0301 0.4418 0.0556 0.3191 
        D603 10 0.0575 0.0340 0.0660 0.1023 0.5890 0.1513 
        D604 10 0.1245 0.1182 0.1279 0.2749 0.0286 0.3260 
        D605 10 0.5234 0.0379 0.1499 0.0916 0.1343 0.0630 
        D606 10 0.1501 0.5938 0.1532 0.0285 0.0425 0.0320 
        D607 10 0.7785 0.0264 0.0228 0.0994 0.0379 0.0351 
        D608 10 0.0582 0.0273 0.0183 0.8138 0.0173 0.0650 
        D609 10 0.1458 0.1889 0.2694 0.0372 0.2748 0.0839 
        D610 10 0.1651 0.1083 0.6410 0.0217 0.0255 0.0384 
        D611 10 0.0700 0.0535 0.6333 0.0298 0.1325 0.0808 
        D613 10 0.2704 0.0415 0.0814 0.1474 0.1070 0.3523 
        D633 10 0.3781 0.0507 0.0262 0.2020 0.0422 0.3008 
        D634 10 0.2490 0.0839 0.0484 0.0776 0.2280 0.3130 
        D638 10 0.0262 0.2578 0.1488 0.2171 0.0470 0.3031 
        D681 10 0.0684 0.2191 0.0310 0.0458 0.2264 0.4094 
        D754 10 0.0182 0.1630 0.0541 0.0270 0.5837 0.1540 
        D755 10 0.0185 0.0464 0.5290 0.1050 0.1581 0.1429 
        D756 10 0.0372 0.1254 0.2428 0.0497 0.2825 0.2624 
        D757 10 0.3893 0.1134 0.2548 0.0914 0.0416 0.1094 
        D758 10 0.1418 0.2381 0.0918 0.0687 0.1207 0.3388 
        D759 10 0.0542 0.0281 0.7398 0.0831 0.0379 0.0568 
        D760 10 0.0891 0.1552 0.3080 0.2037 0.1081 0.1358 
        D761 10 0.0158 0.0369 0.8548 0.0349 0.0209 0.0366 
        D762 10 0.7284 0.0222 0.0263 0.1324 0.0372 0.0536 
        D775 10 0.0361 0.0465 0.6802 0.0280 0.1696 0.0396 
        D776 10 0.0429 0.0838 0.6363 0.1107 0.0527 0.0736 
        D777 10 0.0411 0.0267 0.8214 0.0274 0.0555 0.0279 
        D778 10 0.0235 0.0377 0.4584 0.0465 0.3875 0.0464 
        D779 10 0.0221 0.3063 0.0631 0.0395 0.2101 0.3589 
        D780 10 0.0679 0.1504 0.1516 0.1656 0.0767 0.3878 
        D781 10 0.0506 0.1609 0.0252 0.4281 0.0672 0.2679 
        D858 10 0.0502 0.0833 0.1149 0.0455 0.6748 0.0313 
        D933 10 0.4220 0.0304 0.3714 0.1117 0.0347 0.0298 
        D038 11 0.1110 0.0719 0.4341 0.0792 0.1840 0.1198 
        D063 11 0.0302 0.5873 0.0775 0.0331 0.0229 0.2490 
        D155 11 0.1194 0.0438 0.6315 0.0843 0.0860 0.0350 
        D175 11 0.0319 0.3456 0.0600 0.0383 0.4020 0.1222 
        D176 11 0.0196 0.0942 0.0901 0.1854 0.1414 0.4693 
        D205 11 0.0559 0.2949 0.2848 0.0518 0.1987 0.1139 
     D237229 11 0.0906 0.1363 0.1685 0.1761 0.0730 0.3555 
     D237230 11 0.0543 0.0541 0.0200 0.7467 0.0991 0.0257 
     D237231 11 0.3014 0.1202 0.0280 0.4596 0.0323 0.0585 
     D237269 11 0.2465 0.1253 0.1129 0.3647 0.0894 0.0612 
     D237270 11 0.1699 0.0401 0.0407 0.0604 0.6432 0.0457 
     D237271 11 0.1051 0.2638 0.0793 0.0892 0.1006 0.3619 
     D237272 11 0.0925 0.3169 0.0342 0.2641 0.2507 0.0415 
     D237273 11 0.0443 0.2481 0.1563 0.0400 0.0534 0.4579 
     D237301 11 0.2062 0.2403 0.0461 0.2952 0.0658 0.1464 
     D237302 11 0.0490 0.7198 0.0473 0.0389 0.0505 0.0946 
     D237303 11 0.0923 0.0554 0.0231 0.2804 0.4838 0.0651 
     D237304 11 0.1102 0.1371 0.0872 0.1881 0.3236 0.1538 
     D237305 11 0.0290 0.1653 0.4610 0.0448 0.1420 0.1579 
     D237314 11 0.1062 0.0953 0.3274 0.0530 0.1721 0.2460 
     D237315 11 0.1668 0.1317 0.0558 0.0568 0.5307 0.0582 
     D237316 11 0.5060 0.0798 0.0250 0.0665 0.0331 0.2895 
     D237328 11 0.1954 0.2435 0.0589 0.1053 0.3636 0.0332 
     D237329 11 0.1545 0.0854 0.4307 0.1171 0.1771 0.0353 
     D237330 11 0.0302 0.0825 0.2926 0.0876 0.0969 0.4102 
     D237331 11 0.1482 0.1222 0.4069 0.0344 0.0596 0.2288 
     D237332 11 0.1494 0.5731 0.0901 0.0566 0.0320 0.0988 
     D237333 11 0.0664 0.0505 0.6232 0.0548 0.0280 0.1772 
     D237334 11 0.5430 0.1489 0.0407 0.1027 0.0631 0.1015 
     D237335 11 0.0837 0.2677 0.1122 0.0885 0.1276 0.3202 
     D237336 11 0.0708 0.0416 0.7806 0.0211 0.0388 0.0470 
     D237350 11 0.0424 0.1357 0.0857 0.1817 0.0261 0.5284 
     D237383 11 0.0671 0.3073 0.1731 0.0388 0.0999 0.3138 
     D237384 11 0.7169 0.0404 0.0812 0.0329 0.0744 0.0542 
     D237385 11 0.0976 0.2263 0.1353 0.2284 0.1518 0.1606 
     D237386 11 0.1462 0.0622 0.0741 0.4110 0.2594 0.0472 
     D237387 11 0.1421 0.6370 0.0330 0.0781 0.0362 0.0736 
     D237388 11 0.1680 0.0719 0.1166 0.0480 0.1562 0.4392 
        D239 11 0.1110 0.0861 0.5299 0.0623 0.0819 0.1288 
        D240 11 0.0230 0.0267 0.8680 0.0286 0.0233 0.0304 
        D241 11 0.4016 0.1118 0.1727 0.0854 0.0646 0.1639 
        D242 11 0.2511 0.0943 0.1378 0.2262 0.1420 0.1486 
        D243 11 0.1101 0.0696 0.7029 0.0263 0.0481 0.0430 
        D244 11 0.1315 0.0799 0.6004 0.0252 0.0678 0.0952 
        D245 11 0.0418 0.4689 0.0415 0.1388 0.2410 0.0678 
        D246 11 0.0787 0.1300 0.1313 0.0671 0.4772 0.1157 
        D247 11 0.0819 0.0613 0.2909 0.1034 0.0742 0.3884 
        D248 11 0.3897 0.0651 0.0554 0.3834 0.0621 0.0442 
        D249 11 0.0515 0.0596 0.0513 0.0297 0.6662 0.1417 
        D250 11 0.2029 0.0407 0.0911 0.4769 0.0939 0.0945 
        D251 11 0.0655 0.1441 0.0990 0.0440 0.4614 0.1860 
        D252 11 0.3428 0.2995 0.0236 0.0395 0.2284 0.0661 
        D253 11 0.0335 0.3475 0.0976 0.0186 0.0403 0.4626 
        D254 11 0.0234 0.2078 0.0239 0.6136 0.1032 0.0280 
        D255 11 0.1371 0.1034 0.0518 0.1426 0.2633 0.3019 
        D256 11 0.2665 0.0650 0.5111 0.0278 0.0563 0.0733 
        D257 11 0.0683 0.0562 0.1288 0.0667 0.6015 0.0785 
        D258 11 0.1366 0.0280 0.0421 0.0212 0.7453 0.0267 
        D259 11 0.1187 0.3131 0.0393 0.1770 0.2364 0.1154 
        D260 11 0.0348 0.2400 0.0406 0.0429 0.0729 0.5688 
        D261 11 0.1397 0.1423 0.0536 0.0580 0.1224 0.4840 
        D262 11 0.0742 0.4236 0.0587 0.1211 0.2217 0.1006 
        D263 11 0.1862 0.1813 0.1269 0.0388 0.1136 0.3532 
        D264 11 0.0300 0.4900 0.0252 0.2416 0.1408 0.0724 
        D265 11 0.0531 0.1178 0.1275 0.4508 0.1956 0.0552 
        D266 11 0.3160 0.0445 0.1591 0.1342 0.0545 0.2917 
        D267 11 0.1779 0.0844 0.3352 0.0569 0.1937 0.1519 
        D268 11 0.1165 0.0478 0.5186 0.0818 0.1470 0.0884 
        D269 11 0.6847 0.1261 0.0305 0.0402 0.0459 0.0726 
        D270 11 0.1846 0.3748 0.0737 0.0901 0.1817 0.0951 
        D271 11 0.1689 0.0599 0.3470 0.0524 0.3202 0.0516 
        D272 11 0.2170 0.0871 0.2849 0.1522 0.0362 0.2226 
        D273 11 0.0255 0.1190 0.0292 0.0245 0.7741 0.0278 
        D274 11 0.3089 0.1014 0.1666 0.1026 0.2162 0.1042 
        D275 11 0.5558 0.0449 0.1498 0.0815 0.0827 0.0853 
        D276 11 0.5458 0.0780 0.2236 0.0424 0.0379 0.0723 
        D277 11 0.3356 0.1040 0.1859 0.1674 0.1241 0.0830 
        D278 11 0.0258 0.1969 0.0355 0.0418 0.1890 0.5109 
        D282 11 0.1104 0.6915 0.0541 0.0225 0.0483 0.0731 
        D296 11 0.4410 0.0601 0.3291 0.0656 0.0314 0.0729 
        D297 11 0.3381 0.3019 0.1933 0.0712 0.0458 0.0498 
        D298 11 0.2378 0.1086 0.2796 0.1572 0.0566 0.1601 
        D299 11 0.0270 0.2968 0.0853 0.0769 0.0699 0.4441 
        D300 11 0.1582 0.1548 0.2500 0.0863 0.0647 0.2860 
        D382 11 0.5586 0.0640 0.2302 0.0307 0.0577 0.0588 
        D383 11 0.0461 0.1042 0.5308 0.0227 0.1388 0.1574 
        D387 11 0.0454 0.0538 0.1219 0.1041 0.4582 0.2166 
        D388 11 0.8894 0.0239 0.0221 0.0210 0.0209 0.0228 
        D389 11 0.0603 0.3340 0.0741 0.0694 0.0428 0.4194 
        D390 11 0.3539 0.1316 0.1047 0.2720 0.0466 0.0912 
        D396 11 0.1644 0.2046 0.1262 0.3660 0.0474 0.0914 
        D397 11 0.0206 0.8774 0.0425 0.0188 0.0165 0.0242 
        D398 11 0.3541 0.0647 0.3776 0.0326 0.0729 0.0980 
        D399 11 0.3059 0.0807 0.0220 0.1755 0.1059 0.3100 
        D437 11 0.0259 0.5283 0.0401 0.0593 0.0484 0.2981 
        D441 11 0.0638 0.0409 0.6013 0.0683 0.1770 0.0486 
        D442 11 0.0672 0.2585 0.1784 0.1097 0.1120 0.2742 
        D443 11 0.0469 0.0240 0.8451 0.0248 0.0305 0.0286 
        D444 11 0.2508 0.0851 0.0754 0.2450 0.0818 0.2619 
        D445 11 0.1300 0.6774 0.0245 0.0703 0.0483 0.0494 
        D446 11 0.3518 0.0549 0.0591 0.1698 0.0963 0.2680 
        D451 11 0.3096 0.2139 0.1620 0.0742 0.1833 0.0571 
        D452 11 0.1276 0.0955 0.0824 0.1660 0.0429 0.4857 
        D453 11 0.7559 0.0838 0.0326 0.0859 0.0252 0.0167 
        D454 11 0.1464 0.0379 0.0993 0.0577 0.5766 0.0822 
        D457 11 0.0294 0.2899 0.1174 0.0382 0.4106 0.1144 
        D458 11 0.6223 0.0950 0.1367 0.0456 0.0309 0.0695 
        D466 11 0.0685 0.0886 0.0327 0.6262 0.0437 0.1404 
        D467 11 0.0310 0.0286 0.0286 0.0347 0.0995 0.7775 
        D475 11 0.1122 0.5036 0.0450 0.0334 0.2243 0.0814 
        D488 11 0.2301 0.0887 0.0752 0.4386 0.0980 0.0695 
        D489 11 0.0621 0.3474 0.0531 0.3759 0.1163 0.0452 
        D493 11 0.2509 0.0476 0.0769 0.3199 0.1480 0.1567 
        D494 11 0.2862 0.1352 0.0616 0.3329 0.1061 0.0780 
        D495 11 0.0726 0.5168 0.0665 0.1298 0.1633 0.0509 
        D496 11 0.0359 0.0380 0.7811 0.0847 0.0215 0.0389 
        D674 11 0.0733 0.0533 0.6158 0.0784 0.0426 0.1366 
        D675 11 0.0376 0.0260 0.8014 0.0865 0.0211 0.0273 
        D676 11 0.0317 0.4341 0.0485 0.0606 0.2882 0.1370 
        D680 11 0.0506 0.0423 0.8275 0.0147 0.0339 0.0310 
        D701 11 0.0534 0.5506 0.0905 0.1668 0.0822 0.0566 
        D702 11 0.2339 0.3475 0.0513 0.1057 0.1389 0.1228 
        D703 11 0.2008 0.1379 0.2611 0.1833 0.0648 0.1521 
        D704 11 0.0674 0.2104 0.0744 0.0665 0.3237 0.2577 
        D705 11 0.0306 0.4205 0.0182 0.4311 0.0683 0.0314 
        D706 11 0.0312 0.3948 0.1115 0.0506 0.0416 0.3704 
        D707 11 0.1346 0.5328 0.0764 0.0894 0.0911 0.0757 
        D751 11 0.5564 0.2251 0.0512 0.0254 0.0541 0.0879 
        D752 11 0.0449 0.2703 0.2721 0.0649 0.0656 0.2822 
        D753 11 0.0301 0.2443 0.0427 0.5921 0.0619 0.0290 
        D773 11 0.0303 0.0611 0.0167 0.0276 0.8469 0.0174 
        D774 11 0.2700 0.1032 0.1957 0.2148 0.0722 0.1441 
        D801 11 0.0859 0.1092 0.2939 0.2204 0.1193 0.1713 
        D802 11 0.3168 0.1414 0.0673 0.2172 0.1901 0.0671 
        D803 11 0.1576 0.0789 0.5580 0.0302 0.0618 0.1134 
        D804 11 0.0839 0.5840 0.0786 0.0714 0.1157 0.0663 
        D805 11 0.5294 0.0523 0.1404 0.0316 0.1544 0.0918 
        D806 11 0.0382 0.1287 0.0218 0.0349 0.7252 0.0513 
        D809 11 0.0771 0.2753 0.0704 0.0558 0.0968 0.4246 
        D810 11 0.1336 0.0695 0.3615 0.0618 0.0405 0.3331 
