        D023  2 0.1396 0.6386 0.0271 0.0286 0.1661 
        D130  2 0.3366 0.1008 0.3610 0.0252 0.1764 
        D131  2 0.0409 0.3762 0.2237 0.1187 0.2406 
        D163  2 0.3354 0.2808 0.2043 0.1208 0.0587 
        D164  2 0.0878 0.0408 0.3569 0.0202 0.4943 
        D165  2 0.2284 0.5006 0.0642 0.0296 0.1773 
        D166  2 0.3611 0.1215 0.3932 0.0460 0.0782 
        D167  2 0.4301 0.0314 0.0301 0.0461 0.4623 
        D192  2 0.4200 0.0259 0.0209 0.0354 0.4977 
        D193  2 0.5928 0.0771 0.1586 0.1343 0.0371 
        D206  2 0.0773 0.3518 0.1617 0.0382 0.3710 
        D207  2 0.1420 0.0962 0.0728 0.0831 0.6059 
        D208  2 0.1971 0.0714 0.0592 0.5832 0.0891 
        D209  2 0.4075 0.1757 0.0384 0.0473 0.3311 
        D210  2 0.1136 0.0565 0.0502 0.6310 0.1488 
     D229599  2 0.0854 0.6713 0.0484 0.1363 0.0586 
     D229600  2 0.4240 0.0624 0.1510 0.0478 0.3147 
     D237227  2 0.0902 0.0787 0.1592 0.6231 0.0488 
     D237228  2 0.0773 0.0261 0.6175 0.2105 0.0685 
     D237258  2 0.2058 0.2515 0.1791 0.1667 0.1969 
     D237310  2 0.0484 0.0168 0.8522 0.0434 0.0391 
     D237311  2 0.0981 0.0213 0.7427 0.0389 0.0990 
     D237312  2 0.0617 0.0493 0.7968 0.0479 0.0443 
     D237313  2 0.1009 0.5990 0.1345 0.1052 0.0604 
     D237322  2 0.1367 0.0742 0.2457 0.4232 0.1201 
     D237323  2 0.0729 0.0202 0.6768 0.2045 0.0256 
     D237324  2 0.2878 0.1004 0.1141 0.0641 0.4336 
     D237325  2 0.1707 0.0350 0.6141 0.0769 0.1033 
     D237326  2 0.0556 0.1137 0.5637 0.1075 0.1596 
     D237327  2 0.2992 0.1285 0.0458 0.3951 0.1314 
     D237337  2 0.0280 0.0307 0.8736 0.0420 0.0258 
     D237338  2 0.1480 0.0867 0.3928 0.2566 0.1159 
     D237339  2 0.1229 0.1652 0.0359 0.0381 0.6379 
     D237340  2 0.2396 0.0349 0.4660 0.1336 0.1260 
     D237389  2 0.0739 0.0301 0.8303 0.0223 0.0434 
     D237390  2 0.0863 0.0470 0.7152 0.0944 0.0571 
     D244017  2 0.4096 0.1016 0.0417 0.2459 0.2012 
     D244112  2 0.4638 0.0277 0.0547 0.0303 0.4235 
     D244118  2 0.6070 0.0381 0.0271 0.0322 0.2956 
     D244119  2 0.2164 0.0439 0.0488 0.3969 0.2941 
     D244120  2 0.5095 0.0351 0.2256 0.1066 0.1233 
     D244122  2 0.5017 0.0524 0.0377 0.0388 0.3693 
        D291  2 0.1886 0.1765 0.0529 0.4489 0.1331 
        D292  2 0.1876 0.2868 0.0441 0.3557 0.1258 
        D293  2 0.0155 0.0311 0.0172 0.0189 0.9172 
        D322  2 0.0255 0.0896 0.0274 0.0251 0.8325 
        D323  2 0.1755 0.2237 0.0844 0.0890 0.4273 
        D324  2 0.0513 0.2176 0.1489 0.4054 0.1768 
        D325  2 0.0218 0.0431 0.0257 0.0286 0.8808 
        D326  2 0.0257 0.8033 0.0319 0.0648 0.0744 
        D340  2 0.0201 0.0224 0.0214 0.0359 0.9002 
        D341  2 0.0815 0.0333 0.1019 0.0528 0.7305 
        D342  2 0.3516 0.1090 0.0630 0.0507 0.4257 
        D343  2 0.0150 0.0183 0.0132 0.0148 0.9387 
        D344  2 0.1178 0.6975 0.0963 0.0232 0.0651 
        D345  2 0.0472 0.8377 0.0252 0.0474 0.0426 
        D346  2 0.0605 0.2263 0.1570 0.3175 0.2386 
        D351  2 0.0399 0.4583 0.1416 0.0970 0.2633 
        D352  2 0.1027 0.3876 0.1441 0.0842 0.2814 
        D353  2 0.0822 0.7539 0.0448 0.0412 0.0779 
        D354  2 0.0547 0.8043 0.0586 0.0497 0.0327 
        D362  2 0.0572 0.7849 0.0367 0.0485 0.0726 
        D363  2 0.0402 0.8196 0.0275 0.0469 0.0659 
        D364  2 0.0429 0.8807 0.0321 0.0215 0.0228 
        D365  2 0.0165 0.0167 0.0183 0.0204 0.9281 
        D369  2 0.0762 0.1854 0.2979 0.1944 0.2461 
        D374  2 0.5957 0.0430 0.0889 0.2393 0.0331 
        D375  2 0.0850 0.7617 0.0887 0.0269 0.0377 
        D376  2 0.5568 0.0542 0.0978 0.2386 0.0525 
        D377  2 0.0740 0.2258 0.4234 0.1141 0.1627 
        D378  2 0.0325 0.3496 0.0350 0.0423 0.5405 
        D379  2 0.0718 0.7245 0.0699 0.0541 0.0797 
        D384  2 0.0303 0.7670 0.0443 0.0802 0.0781 
        D385  2 0.0250 0.0409 0.0598 0.0318 0.8426 
        D386  2 0.0411 0.6816 0.0327 0.0295 0.2151 
        D391  2 0.0290 0.0308 0.0318 0.0225 0.8859 
        D392  2 0.0708 0.1018 0.0916 0.0595 0.6764 
        D393  2 0.0344 0.4565 0.0428 0.0941 0.3722 
        D394  2 0.3485 0.2069 0.1705 0.0930 0.1812 
        D395  2 0.0536 0.1198 0.0711 0.0540 0.7016 
        D401  2 0.0312 0.0167 0.8825 0.0402 0.0294 
        D402  2 0.0434 0.0438 0.0310 0.0456 0.8362 
        D403  2 0.1529 0.6879 0.0571 0.0313 0.0707 
        D415  2 0.0551 0.5191 0.2565 0.0209 0.1484 
        D435  2 0.0485 0.2252 0.0843 0.0526 0.5895 
        D436  2 0.2372 0.2658 0.1900 0.0579 0.2492 
        D438  2 0.0289 0.0232 0.0254 0.0250 0.8975 
        D439  2 0.0363 0.7609 0.0233 0.0340 0.1456 
        D449  2 0.1420 0.2495 0.0489 0.0308 0.5289 
        D450  2 0.1164 0.4205 0.3046 0.1016 0.0569 
        D456  2 0.0187 0.8280 0.0273 0.0523 0.0737 
        D462  2 0.0295 0.0405 0.0199 0.0192 0.8910 
        D463  2 0.0239 0.8570 0.0315 0.0545 0.0331 
        D464  2 0.1362 0.3838 0.1059 0.0529 0.3213 
        D465  2 0.0260 0.0502 0.2018 0.0293 0.6927 
        D473  2 0.0597 0.0798 0.3438 0.4300 0.0867 
        D474  2 0.0388 0.5676 0.0490 0.2322 0.1125 
        D476  2 0.2826 0.3130 0.0836 0.0300 0.2907 
        D477  2 0.0332 0.6716 0.0811 0.1078 0.1062 
        D478  2 0.1711 0.5689 0.0609 0.1132 0.0859 
        D480  2 0.0533 0.2546 0.0589 0.1353 0.4980 
        D481  2 0.0983 0.5824 0.0459 0.1766 0.0969 
        D482  2 0.1432 0.1486 0.1661 0.4662 0.0760 
        D483  2 0.3890 0.0355 0.0291 0.0639 0.4825 
        D484  2 0.2160 0.1893 0.1216 0.1427 0.3304 
        D510  2 0.3347 0.0508 0.0623 0.4895 0.0626 
        D511  2 0.0533 0.4374 0.0389 0.0434 0.4270 
        D512  2 0.0414 0.0292 0.8183 0.0207 0.0904 
        D513  2 0.0266 0.0714 0.0814 0.1090 0.7116 
        D635  2 0.0540 0.7332 0.0323 0.0348 0.1458 
        D636  2 0.2277 0.5276 0.1148 0.0288 0.1011 
        D637  2 0.1000 0.1750 0.3130 0.1128 0.2992 
        D658  2 0.1844 0.0601 0.2559 0.0761 0.4235 
        D659  2 0.1930 0.5193 0.0558 0.1198 0.1121 
        D677  2 0.2040 0.2331 0.3697 0.0511 0.1421 
        D678  2 0.5306 0.0383 0.0426 0.0333 0.3552 
        D679  2 0.0450 0.5927 0.0585 0.1385 0.1653 
        D719  2 0.0658 0.1351 0.0785 0.3074 0.4132 
        D720  2 0.0386 0.3900 0.0660 0.1674 0.3381 
        D721  2 0.1927 0.4517 0.0383 0.0562 0.2611 
        D722  2 0.5092 0.0651 0.1065 0.2015 0.1177 
        D734  2 0.0956 0.1079 0.0766 0.1895 0.5304 
        D735  2 0.0684 0.5103 0.0725 0.1035 0.2452 
        D736  2 0.0788 0.1626 0.0870 0.5961 0.0755 
        D737  2 0.5666 0.0692 0.0488 0.0981 0.2174 
        D807  2 0.1167 0.2247 0.1548 0.3286 0.1752 
        D808  2 0.0656 0.1304 0.5171 0.0647 0.2222 
        D817  2 0.0818 0.6385 0.1120 0.0682 0.0996 
        D818  2 0.0762 0.2706 0.1326 0.0872 0.4334 
        D819  2 0.0654 0.2963 0.4803 0.0659 0.0921 
        D820  2 0.0643 0.1942 0.0656 0.0443 0.6316 
        D895  2 0.2556 0.5282 0.0643 0.0523 0.0996 
        D896  2 0.0230 0.0193 0.8998 0.0319 0.0260 
        D897  2 0.2300 0.0729 0.0838 0.0682 0.5451 
        D898  2 0.1299 0.3941 0.2252 0.2104 0.0404 
        D918  2 0.0659 0.0824 0.6439 0.1028 0.1051 
        D919  2 0.0772 0.5649 0.0233 0.0479 0.2867 
        D920  2 0.5227 0.0872 0.2976 0.0365 0.0561 
        D923  2 0.0410 0.7551 0.0398 0.0316 0.1325 
        D930  2 0.0485 0.3892 0.2315 0.1024 0.2283 
        D931  2 0.0952 0.3578 0.1410 0.0824 0.3235 
        D968  2 0.0330 0.0331 0.0265 0.0336 0.8738 
        D969  2 0.1072 0.4943 0.0621 0.1808 0.1555 
        D977  2 0.0728 0.0598 0.0836 0.0420 0.7417 
        D978  2 0.1720 0.2847 0.0475 0.2543 0.2415 
        D009  4 0.4913 0.1377 0.2908 0.0410 0.0391 
        D057  4 0.5879 0.0409 0.0699 0.0440 0.2573 
        D109  4 0.0492 0.0492 0.8361 0.0343 0.0311 
     D237222  4 0.7286 0.0676 0.0660 0.0608 0.0769 
     D237223  4 0.1750 0.0386 0.3765 0.0942 0.3156 
     D237224  4 0.1011 0.5830 0.0374 0.1324 0.1461 
     D237225  4 0.3687 0.2580 0.1700 0.1031 0.1002 
     D237299  4 0.0412 0.0437 0.7052 0.1312 0.0788 
     D237300  4 0.0960 0.0472 0.0749 0.7362 0.0456 
     D237306  4 0.2239 0.0942 0.4298 0.1469 0.1052 
     D237307  4 0.2048 0.2384 0.1237 0.3000 0.1330 
     D237308  4 0.2361 0.1201 0.0753 0.1085 0.4600 
     D237309  4 0.4096 0.4008 0.0681 0.0458 0.0756 
     D237317  4 0.1738 0.5612 0.0330 0.1841 0.0479 
     D237318  4 0.0453 0.0470 0.0575 0.7135 0.1367 
     D237319  4 0.2342 0.1807 0.4251 0.0671 0.0928 
     D237320  4 0.1029 0.0579 0.5530 0.1003 0.1859 
     D237321  4 0.1058 0.0832 0.0933 0.6542 0.0635 
     D237397  4 0.3487 0.0552 0.1742 0.2320 0.1899 
     D237398  4 0.0441 0.2313 0.0669 0.5058 0.1520 
     D237399  4 0.1294 0.1521 0.1025 0.5407 0.0753 
     D244001  4 0.7548 0.0805 0.0402 0.0348 0.0897 
        D289  4 0.1769 0.2367 0.0599 0.2705 0.2559 
        D290  4 0.6718 0.0563 0.0492 0.1373 0.0855 
        D294  4 0.3868 0.2175 0.0608 0.2139 0.1211 
        D295  4 0.2497 0.1423 0.4193 0.0867 0.1021 
        D301  4 0.6281 0.0543 0.1546 0.1204 0.0426 
        D302  4 0.1119 0.6116 0.0397 0.0345 0.2023 
        D303  4 0.2191 0.0753 0.2989 0.3357 0.0709 
        D304  4 0.4058 0.1303 0.0341 0.3715 0.0584 
        D305  4 0.4592 0.1980 0.0373 0.0343 0.2712 
        D306  4 0.6722 0.0998 0.0609 0.0809 0.0862 
        D307  4 0.5325 0.0660 0.1927 0.1613 0.0475 
        D327  4 0.0900 0.4460 0.1619 0.0971 0.2050 
        D328  4 0.3478 0.1192 0.3618 0.1163 0.0550 
        D329  4 0.6051 0.1366 0.0465 0.1010 0.1109 
        D330  4 0.1494 0.3937 0.2503 0.0260 0.1805 
        D331  4 0.2426 0.1928 0.0765 0.4213 0.0669 
        D333  4 0.5417 0.0790 0.1473 0.1206 0.1113 
        D334  4 0.2198 0.1007 0.0741 0.5387 0.0667 
        D335  4 0.1233 0.4428 0.0283 0.0392 0.3665 
        D370  4 0.4931 0.1393 0.1731 0.1276 0.0668 
        D371  4 0.2048 0.1759 0.2009 0.3273 0.0910 
        D372  4 0.1188 0.0315 0.0321 0.7532 0.0644 
        D373  4 0.4397 0.2408 0.1085 0.0904 0.1206 
        D455  4 0.6045 0.0906 0.1307 0.1022 0.0720 
        D490  4 0.4964 0.0218 0.4422 0.0225 0.0172 
        D497  4 0.4260 0.0490 0.4526 0.0377 0.0348 
        D498  4 0.2473 0.0800 0.1256 0.4664 0.0807 
        D499  4 0.1016 0.1270 0.4571 0.1083 0.2061 
        D514  4 0.1887 0.4420 0.2524 0.0471 0.0697 
        D515  4 0.0491 0.0462 0.8064 0.0267 0.0716 
        D516  4 0.2574 0.1187 0.2341 0.0965 0.2933 
        D517  4 0.5362 0.2092 0.1042 0.1035 0.0468 
        D518  4 0.5734 0.0937 0.0622 0.0381 0.2327 
        D519  4 0.0465 0.0486 0.7142 0.0537 0.1369 
        D560  4 0.0811 0.0978 0.6054 0.0473 0.1683 
        D561  4 0.0663 0.3065 0.1748 0.0347 0.4177 
        D562  4 0.3488 0.2882 0.0665 0.1405 0.1560 
        D563  4 0.0882 0.1867 0.0919 0.0466 0.5867 
        D572  4 0.3955 0.2342 0.0724 0.0477 0.2503 
        D629  4 0.0504 0.7051 0.0820 0.0748 0.0877 
        D630  4 0.3683 0.2051 0.1658 0.1624 0.0983 
        D631  4 0.3613 0.0694 0.1058 0.0545 0.4090 
        D632  4 0.1730 0.4095 0.1982 0.0339 0.1852 
        D646  4 0.2406 0.1444 0.2698 0.0462 0.2989 
        D647  4 0.2217 0.3133 0.1388 0.0308 0.2953 
        D648  4 0.5137 0.0850 0.2674 0.0507 0.0832 
        D649  4 0.0557 0.5536 0.2919 0.0386 0.0601 
        D650  4 0.0945 0.2300 0.4080 0.1325 0.1350 
        D708  4 0.2507 0.2718 0.2066 0.1988 0.0720 
        D709  4 0.3770 0.1699 0.2715 0.0886 0.0930 
        D738  4 0.2764 0.0754 0.2279 0.3082 0.1120 
        D739  4 0.5591 0.0702 0.2312 0.0674 0.0721 
        D740  4 0.1330 0.1156 0.2235 0.4241 0.1038 
        D741  4 0.0440 0.0410 0.5453 0.0260 0.3437 
        D742  4 0.1036 0.0746 0.1635 0.1200 0.5383 
        D743  4 0.0655 0.3718 0.0635 0.0934 0.4059 
        D744  4 0.0382 0.4165 0.0695 0.0546 0.4212 
        D745  4 0.0448 0.0371 0.8110 0.0487 0.0584 
        D814  4 0.4335 0.1701 0.0593 0.0536 0.2835 
        D815  4 0.1864 0.4902 0.0997 0.0765 0.1473 
        D828  4 0.5680 0.0564 0.1268 0.1665 0.0822 
        D845  4 0.0241 0.0299 0.0219 0.8535 0.0706 
        D846  4 0.2142 0.5120 0.0347 0.0402 0.1989 
        D847  4 0.1727 0.2173 0.1723 0.3326 0.1052 
        D848  4 0.4537 0.1106 0.0408 0.2227 0.1723 
        D849  4 0.3824 0.0786 0.3816 0.0272 0.1302 
        D850  4 0.0604 0.2248 0.1027 0.3176 0.2945 
        D856  4 0.1024 0.2202 0.5420 0.0554 0.0800 
        D857  4 0.2325 0.0243 0.6596 0.0351 0.0484 
        D859  4 0.2807 0.3606 0.1520 0.0857 0.1210 
        D860  4 0.1171 0.1303 0.0224 0.5849 0.1453 
        D883  4 0.4111 0.1300 0.2729 0.1237 0.0622 
        D884  4 0.1319 0.0397 0.7127 0.0447 0.0710 
        D885  4 0.0754 0.1361 0.2877 0.0974 0.4034 
        D886  4 0.3761 0.2210 0.1423 0.0751 0.1855 
        D887  4 0.1293 0.2840 0.2667 0.1980 0.1219 
        D889  4 0.2570 0.0956 0.0357 0.5726 0.0392 
        D890  4 0.2308 0.3162 0.1835 0.1478 0.1217 
        D891  4 0.0207 0.0330 0.0201 0.8978 0.0285 
        D899  4 0.2116 0.0534 0.0489 0.2104 0.4757 
        D900  4 0.2211 0.3652 0.1415 0.1290 0.1432 
        D970  4 0.2599 0.3963 0.0414 0.1960 0.1064 
        D971  4 0.1009 0.1416 0.0547 0.0444 0.6585 
        D979  4 0.0882 0.5673 0.0280 0.0387 0.2779 
        D093  5 0.2025 0.0467 0.1719 0.5342 0.0447 
        D154  5 0.1588 0.0759 0.3013 0.1257 0.3384 
        D168  5 0.1730 0.1088 0.2563 0.0764 0.3854 
        D189  5 0.2515 0.0450 0.0844 0.5470 0.0722 
        D190  5 0.1327 0.1345 0.1578 0.4602 0.1148 
     D237220  5 0.2224 0.0732 0.1785 0.4731 0.0528 
     D237221  5 0.0925 0.1255 0.0909 0.5423 0.1488 
     D237274  5 0.0516 0.7797 0.0412 0.0205 0.1069 
     D237275  5 0.2384 0.0444 0.0829 0.1196 0.5148 
     D237276  5 0.2903 0.0994 0.3660 0.1295 0.1148 
     D237277  5 0.0517 0.0944 0.0533 0.7267 0.0739 
     D237278  5 0.2377 0.0977 0.2757 0.1020 0.2870 
     D237279  5 0.0339 0.1161 0.6608 0.1021 0.0870 
     D237280  5 0.2216 0.5189 0.1325 0.0884 0.0385 
     D237281  5 0.0852 0.0781 0.0606 0.2358 0.5404 
     D237351  5 0.0358 0.0335 0.8300 0.0568 0.0438 
     D237352  5 0.3439 0.1984 0.0831 0.0574 0.3171 
     D237353  5 0.0590 0.1023 0.0494 0.7439 0.0454 
     D237359  5 0.2016 0.1127 0.1472 0.4817 0.0568 
     D237361  5 0.0490 0.0405 0.0666 0.8069 0.0369 
     D237362  5 0.1013 0.2864 0.3323 0.1062 0.1739 
     D237363  5 0.0889 0.2451 0.2069 0.1243 0.3348 
     D237364  5 0.1790 0.1727 0.3622 0.0427 0.2434 
     D237376  5 0.4058 0.0319 0.3577 0.1490 0.0556 
     D237377  5 0.0976 0.3289 0.3403 0.1402 0.0930 
     D237378  5 0.5165 0.0349 0.0992 0.2922 0.0572 
     D237379  5 0.2461 0.1298 0.2788 0.2286 0.1167 
     D237380  5 0.4464 0.1175 0.3532 0.0579 0.0251 
     D237381  5 0.5107 0.2223 0.0904 0.0941 0.0825 
     D237391  5 0.0292 0.0614 0.0599 0.8121 0.0374 
     D237392  5 0.0498 0.3327 0.1343 0.0316 0.4516 
     D237393  5 0.3288 0.3826 0.0584 0.1272 0.1030 
     D237394  5 0.0354 0.1523 0.0556 0.7158 0.0410 
     D237395  5 0.1456 0.0797 0.2219 0.4854 0.0675 
     D237396  5 0.0414 0.4400 0.0404 0.1748 0.3033 
     D244016  5 0.0517 0.2223 0.0928 0.2722 0.3610 
     D244018  5 0.1432 0.0472 0.0712 0.2981 0.4402 
     D244019  5 0.0870 0.4810 0.0544 0.0833 0.2944 
        D279  5 0.1323 0.0704 0.2140 0.4021 0.1812 
        D280  5 0.1420 0.2546 0.0547 0.4913 0.0574 
        D281  5 0.0729 0.0349 0.0541 0.5402 0.2979 
        D283  5 0.1350 0.3085 0.0458 0.4509 0.0598 
        D284  5 0.1079 0.0690 0.6614 0.0753 0.0864 
        D285  5 0.0646 0.0781 0.0614 0.7650 0.0309 
        D286  5 0.2982 0.2220 0.1502 0.2538 0.0757 
        D287  5 0.3203 0.0448 0.4524 0.1523 0.0302 
        D288  5 0.0888 0.3936 0.0425 0.4233 0.0518 
        D308  5 0.0364 0.1469 0.7295 0.0455 0.0417 
        D309  5 0.1204 0.4385 0.0344 0.0355 0.3712 
        D310  5 0.2499 0.0471 0.0431 0.6273 0.0327 
        D311  5 0.2389 0.2323 0.2016 0.1209 0.2063 
        D312  5 0.2392 0.2771 0.1506 0.2007 0.1324 
        D313  5 0.2180 0.0275 0.7004 0.0327 0.0214 
        D314  5 0.1693 0.1133 0.3769 0.1369 0.2037 
        D315  5 0.2831 0.3454 0.1302 0.1539 0.0873 
        D317  5 0.3560 0.0709 0.0706 0.4579 0.0445 
        D318  5 0.0876 0.4513 0.1623 0.1080 0.1909 
        D319  5 0.2309 0.0380 0.0994 0.5506 0.0811 
        D320  5 0.0854 0.0741 0.0695 0.7364 0.0346 
        D321  5 0.0357 0.1161 0.5504 0.2697 0.0281 
        D336  5 0.4911 0.0555 0.1259 0.2874 0.0401 
        D337  5 0.1682 0.0420 0.0319 0.7132 0.0448 
        D338  5 0.1763 0.1208 0.3265 0.2366 0.1398 
        D339  5 0.3004 0.0466 0.1082 0.4904 0.0544 
        D347  5 0.6392 0.1989 0.0194 0.0803 0.0622 
        D348  5 0.4634 0.0848 0.0241 0.3666 0.0610 
        D349  5 0.0314 0.0784 0.7723 0.0803 0.0375 
        D350  5 0.1270 0.2647 0.1538 0.0509 0.4035 
        D355  5 0.0986 0.1266 0.0735 0.1098 0.5916 
        D356  5 0.1140 0.2319 0.1083 0.5016 0.0442 
        D357  5 0.3407 0.3032 0.1522 0.1349 0.0690 
        D358  5 0.2103 0.1753 0.1507 0.3260 0.1376 
        D359  5 0.1098 0.5558 0.0610 0.2217 0.0516 
        D360  5 0.0895 0.1560 0.0820 0.6372 0.0353 
        D361  5 0.0347 0.0339 0.8809 0.0232 0.0272 
        D366  5 0.0366 0.0896 0.0757 0.0447 0.7534 
        D367  5 0.3331 0.0526 0.3210 0.2579 0.0355 
        D368  5 0.0551 0.1379 0.6563 0.0952 0.0555 
        D380  5 0.0603 0.5188 0.0658 0.0527 0.3024 
        D381  5 0.2300 0.1731 0.0463 0.4667 0.0838 
        D400  5 0.5420 0.0698 0.0633 0.2086 0.1162 
        D411  5 0.2409 0.0409 0.6620 0.0171 0.0391 
        D412  5 0.6182 0.1237 0.0230 0.1223 0.1128 
        D413  5 0.0411 0.0898 0.0702 0.0440 0.7549 
        D414  5 0.1691 0.1338 0.1315 0.0779 0.4877 
        D420  5 0.1290 0.1271 0.1179 0.5734 0.0526 
        D431  5 0.1642 0.0826 0.5837 0.1407 0.0289 
        D432  5 0.3446 0.1074 0.0861 0.3836 0.0783 
        D433  5 0.2422 0.0928 0.1054 0.4842 0.0755 
        D434  5 0.2758 0.1469 0.0691 0.4522 0.0561 
        D440  5 0.2330 0.2264 0.1411 0.0342 0.3653 
        D447  5 0.1463 0.4821 0.0811 0.0362 0.2542 
        D448  5 0.6710 0.0720 0.0686 0.1354 0.0530 
        D459  5 0.0476 0.0314 0.0354 0.1015 0.7842 
        D460  5 0.0217 0.1389 0.7348 0.0518 0.0527 
        D461  5 0.0967 0.5247 0.0521 0.0456 0.2810 
        D468  5 0.0498 0.1149 0.6819 0.0394 0.1139 
        D469  5 0.0838 0.2793 0.3950 0.1524 0.0895 
        D470  5 0.6391 0.0971 0.1453 0.0445 0.0740 
        D471  5 0.2686 0.1141 0.1062 0.3489 0.1621 
        D472  5 0.0404 0.6170 0.0207 0.0772 0.2447 
        D479  5 0.3572 0.0595 0.0338 0.0247 0.5248 
        D485  5 0.3683 0.1046 0.3281 0.0871 0.1119 
        D486  5 0.1413 0.0693 0.6384 0.0360 0.1150 
        D487  5 0.2984 0.0638 0.0734 0.4945 0.0699 
        D555  5 0.1192 0.0247 0.0313 0.7351 0.0897 
        D556  5 0.0671 0.1743 0.2447 0.4632 0.0507 
        D557  5 0.2567 0.0853 0.0753 0.4316 0.1511 
        D564  5 0.1351 0.3732 0.2734 0.1384 0.0799 
        D594  5 0.4245 0.2946 0.0463 0.0886 0.1460 
        D595  5 0.1549 0.2365 0.2561 0.2542 0.0983 
        D596  5 0.1640 0.0459 0.0272 0.7114 0.0515 
        D597  5 0.0715 0.0579 0.0217 0.5429 0.3060 
        D598  5 0.3302 0.1172 0.1460 0.3223 0.0842 
        D617  5 0.5069 0.0568 0.2769 0.0346 0.1248 
        D618  5 0.0981 0.1231 0.0661 0.6465 0.0662 
        D619  5 0.3262 0.2825 0.1666 0.1313 0.0935 
        D620  5 0.0926 0.0567 0.0313 0.0616 0.7578 
        D628  5 0.3884 0.1735 0.1803 0.1106 0.1472 
        D714  5 0.1188 0.0594 0.1314 0.5869 0.1036 
        D715  5 0.0398 0.1316 0.0462 0.6873 0.0951 
        D716  5 0.5183 0.1840 0.0549 0.0940 0.1488 
        D717  5 0.1131 0.2051 0.0823 0.4265 0.1730 
        D718  5 0.3834 0.0274 0.4494 0.0816 0.0582 
        D769  5 0.6886 0.0872 0.0900 0.0338 0.1004 
        D770  5 0.1039 0.1026 0.3982 0.1066 0.2887 
        D771  5 0.3440 0.2030 0.1571 0.1676 0.1283 
        D772  5 0.1055 0.2591 0.1477 0.3425 0.1452 
        D782  5 0.0660 0.0801 0.3463 0.3584 0.1492 
        D783  5 0.1002 0.1149 0.0739 0.1425 0.5684 
        D784  5 0.0550 0.4753 0.0327 0.2356 0.2015 
        D785  5 0.0977 0.1809 0.2644 0.3911 0.0660 
        D786  5 0.3500 0.2383 0.1056 0.0315 0.2747 
        D821  5 0.0297 0.0403 0.0386 0.8616 0.0298 
        D822  5 0.1286 0.3696 0.0835 0.1166 0.3018 
        D826  5 0.1265 0.0899 0.1376 0.4019 0.2441 
        D827  5 0.0830 0.4731 0.1078 0.0344 0.3018 
        D851  5 0.0874 0.5208 0.1313 0.1194 0.1411 
        D852  5 0.3291 0.0734 0.0820 0.4197 0.0958 
        D853  5 0.1226 0.1162 0.0944 0.5934 0.0734 
        D854  5 0.1121 0.2154 0.4683 0.0439 0.1602 
        D861  5 0.1866 0.0980 0.4087 0.1350 0.1716 
        D862  5 0.1529 0.3941 0.1046 0.1737 0.1747 
        D865  5 0.2098 0.0879 0.1274 0.4881 0.0868 
        D868  5 0.1655 0.2324 0.1178 0.3490 0.1352 
        D869  5 0.2980 0.0512 0.5453 0.0258 0.0796 
        D870  5 0.0449 0.3561 0.1048 0.0352 0.4589 
        D907  5 0.4977 0.0772 0.0797 0.3151 0.0303 
        D908  5 0.2705 0.0587 0.0910 0.5199 0.0599 
        D910  5 0.2595 0.0828 0.0794 0.2896 0.2888 
        D911  5 0.1084 0.0781 0.0462 0.3285 0.4388 
        D934  5 0.1189 0.3198 0.2300 0.1654 0.1659 
        D946  5 0.1870 0.1607 0.5029 0.0922 0.0572 
        D947  5 0.1548 0.3432 0.2120 0.2153 0.0747 
        D948  5 0.0582 0.1016 0.5897 0.2123 0.0382 
        D949  5 0.0457 0.0538 0.8238 0.0528 0.0239 
        D950  5 0.0876 0.1384 0.0365 0.3052 0.4322 
        D951  5 0.1297 0.5019 0.0648 0.0297 0.2739 
        D952  5 0.1634 0.5520 0.0405 0.1664 0.0777 
        D953  5 0.0956 0.1200 0.0637 0.6864 0.0344 
        D954  5 0.0313 0.6177 0.0608 0.1965 0.0937 
        D961  5 0.3844 0.0687 0.4221 0.0695 0.0553 
        D962  5 0.2197 0.3276 0.1808 0.2148 0.0571 
        D963  5 0.1128 0.1808 0.0610 0.4569 0.1886 
        D964  5 0.0763 0.1621 0.4940 0.1832 0.0845 
        D965  5 0.3319 0.3032 0.1018 0.0733 0.1898 
        D966  5 0.2510 0.3782 0.0502 0.2126 0.1079 
        D967  5 0.1174 0.1267 0.0575 0.5284 0.1700 
        D991  5 0.6084 0.0796 0.1532 0.0952 0.0635 
        D132  8 0.3562 0.0304 0.5329 0.0407 0.0398 
        D133  8 0.2240 0.0426 0.0368 0.0377 0.6590 
        D200  8 0.6806 0.0373 0.0970 0.1349 0.0501 
        D500  8 0.4204 0.0485 0.4825 0.0258 0.0228 
        D614  8 0.3037 0.0945 0.2032 0.3380 0.0606 
        D723  8 0.1579 0.0758 0.4821 0.0404 0.2438 
        D888  8 0.0772 0.0727 0.0416 0.7429 0.0656 
        D901  8 0.0339 0.0217 0.8868 0.0349 0.0227 
        D902  8 0.1409 0.0418 0.3802 0.3196 0.1175 
        D903  8 0.0727 0.4783 0.0633 0.0634 0.3223 
        D904  8 0.1665 0.5489 0.0557 0.0747 0.1541 
        D905  8 0.0569 0.0228 0.0274 0.8746 0.0183 
        D906  8 0.1138 0.3671 0.0377 0.1097 0.3717 
        D937  8 0.1513 0.0222 0.2814 0.4734 0.0718 
        D943  8 0.2388 0.1707 0.2093 0.2319 0.1494 
        D972  8 0.1262 0.0389 0.6564 0.0266 0.1519 
        D973  8 0.1239 0.1194 0.5463 0.0406 0.1698 
        D974  8 0.2880 0.0833 0.2184 0.1396 0.2707 
        D975  8 0.4923 0.0374 0.1002 0.2372 0.1328 
        D976  8 0.2330 0.0777 0.3725 0.2282 0.0885 
        D142 10 0.2223 0.2436 0.0975 0.1204 0.3163 
        D143 10 0.1890 0.0385 0.0412 0.0453 0.6861 
        D144 10 0.0833 0.3848 0.1438 0.1884 0.1997 
        D145 10 0.1180 0.0510 0.1159 0.6644 0.0507 
        D146 10 0.0837 0.1087 0.7038 0.0323 0.0715 
        D147 10 0.0727 0.1008 0.6257 0.0365 0.1644 
        D148 10 0.0329 0.3748 0.2286 0.0815 0.2822 
        D149 10 0.1647 0.1495 0.0726 0.1974 0.4159 
        D151 10 0.0583 0.0999 0.2555 0.3619 0.2244 
        D152 10 0.2389 0.0564 0.1363 0.0878 0.4806 
        D153 10 0.2044 0.2675 0.3384 0.0754 0.1143 
        D156 10 0.1587 0.4706 0.0536 0.0424 0.2747 
        D157 10 0.5021 0.1543 0.1663 0.1398 0.0376 
        D158 10 0.1453 0.0288 0.6438 0.1510 0.0311 
        D159 10 0.0413 0.0436 0.0307 0.0368 0.8475 
        D160 10 0.0160 0.0142 0.0201 0.9335 0.0162 
        D161 10 0.0707 0.4282 0.1484 0.1090 0.2437 
        D162 10 0.1089 0.5283 0.0377 0.0852 0.2399 
        D169 10 0.2907 0.1286 0.2075 0.2731 0.1002 
        D170 10 0.4448 0.2480 0.2133 0.0425 0.0514 
        D171 10 0.1178 0.3134 0.4265 0.0307 0.1116 
        D172 10 0.1455 0.1178 0.5454 0.0328 0.1584 
        D173 10 0.0381 0.0391 0.0524 0.0358 0.8346 
        D181 10 0.0961 0.2914 0.2141 0.1911 0.2073 
        D182 10 0.1392 0.2358 0.1682 0.1915 0.2652 
        D183 10 0.0984 0.0626 0.0718 0.7323 0.0349 
        D184 10 0.3232 0.3884 0.2113 0.0202 0.0570 
        D185 10 0.0386 0.5842 0.1795 0.0591 0.1386 
        D186 10 0.2810 0.0467 0.5615 0.0611 0.0497 
        D194 10 0.2624 0.1815 0.2423 0.0781 0.2357 
        D195 10 0.2032 0.1748 0.0805 0.2752 0.2663 
        D196 10 0.1695 0.1581 0.0386 0.1529 0.4810 
        D197 10 0.3021 0.0647 0.3349 0.1153 0.1830 
        D198 10 0.0344 0.6035 0.1384 0.1559 0.0679 
     D237226 10 0.0231 0.1560 0.1630 0.4926 0.1654 
     D237232 10 0.0996 0.0394 0.1386 0.6235 0.0988 
     D237233 10 0.3787 0.0742 0.2234 0.2134 0.1102 
     D237234 10 0.2197 0.1437 0.2514 0.2828 0.1024 
     D237354 10 0.0457 0.0355 0.0336 0.8288 0.0564 
     D237355 10 0.0202 0.0222 0.0203 0.9088 0.0285 
     D237356 10 0.0636 0.5787 0.0847 0.1833 0.0898 
     D237357 10 0.1567 0.0791 0.2443 0.0648 0.4551 
     D237358 10 0.1872 0.4204 0.0214 0.0588 0.3122 
     D237369 10 0.0478 0.0490 0.8078 0.0187 0.0765 
     D237370 10 0.1325 0.1094 0.1103 0.3725 0.2753 
     D237371 10 0.0753 0.7101 0.1058 0.0422 0.0666 
     D237372 10 0.3014 0.1474 0.0430 0.1140 0.3942 
     D237373 10 0.1481 0.1019 0.4470 0.2046 0.0983 
     D237374 10 0.0437 0.0319 0.0309 0.8687 0.0248 
     D237375 10 0.0656 0.2087 0.1213 0.0903 0.5141 
     D237400 10 0.3710 0.0351 0.0477 0.0668 0.4794 
     D244002 10 0.3370 0.2477 0.2102 0.0331 0.1720 
     D244003 10 0.1222 0.0230 0.0466 0.7793 0.0289 
     D244004 10 0.0586 0.0196 0.1150 0.7848 0.0220 
     D244005 10 0.1077 0.0529 0.0445 0.7540 0.0409 
     D244020 10 0.0634 0.3692 0.2346 0.2010 0.1317 
     D244021 10 0.0595 0.0267 0.7508 0.0388 0.1242 
     D244116 10 0.3197 0.1635 0.3016 0.0625 0.1527 
     D244117 10 0.0744 0.0879 0.0446 0.7061 0.0870 
     D244121 10 0.2925 0.0647 0.1976 0.3563 0.0889 
     D244123 10 0.3522 0.0963 0.1517 0.3204 0.0794 
     D244124 10 0.5631 0.0899 0.0971 0.0810 0.1689 
        D332 10 0.0879 0.3397 0.2230 0.0465 0.3029 
        D570 10 0.2228 0.2660 0.1519 0.2641 0.0952 
        D602 10 0.2222 0.1993 0.0669 0.0602 0.4513 
        D603 10 0.1953 0.0713 0.4232 0.1188 0.1914 
        D604 10 0.1819 0.2360 0.0358 0.1375 0.4088 
        D605 10 0.0920 0.4900 0.0911 0.1639 0.1630 
        D606 10 0.3242 0.1861 0.1431 0.2823 0.0643 
        D607 10 0.0309 0.7680 0.0433 0.0294 0.1284 
        D608 10 0.0538 0.0802 0.0200 0.0194 0.8266 
        D609 10 0.0864 0.1727 0.2923 0.4037 0.0450 
        D610 10 0.1163 0.1501 0.0543 0.6268 0.0524 
        D611 10 0.1093 0.0518 0.1092 0.6907 0.0391 
        D613 10 0.0814 0.5367 0.1086 0.1092 0.1641 
        D633 10 0.0614 0.6066 0.0380 0.0268 0.2672 
        D634 10 0.0764 0.3497 0.3146 0.1199 0.1394 
        D638 10 0.3681 0.0494 0.0572 0.1444 0.3808 
        D681 10 0.3673 0.1161 0.4000 0.0469 0.0697 
        D754 10 0.2322 0.0178 0.6541 0.0638 0.0321 
        D755 10 0.1859 0.0183 0.1101 0.5767 0.1090 
        D756 10 0.2876 0.0552 0.3228 0.2735 0.0608 
        D757 10 0.1446 0.3379 0.0568 0.3285 0.1323 
        D758 10 0.3777 0.2093 0.1913 0.1268 0.0949 
        D759 10 0.0482 0.0656 0.0277 0.7641 0.0944 
        D760 10 0.1418 0.0747 0.0973 0.4646 0.2215 
        D761 10 0.0814 0.0206 0.0259 0.8177 0.0543 
        D762 10 0.0326 0.6636 0.0413 0.0421 0.2204 
        D775 10 0.0452 0.0327 0.1070 0.7783 0.0368 
        D776 10 0.0838 0.0400 0.0597 0.6602 0.1562 
        D777 10 0.0331 0.0608 0.0545 0.8168 0.0348 
        D778 10 0.0555 0.0333 0.3354 0.4974 0.0784 
        D779 10 0.3015 0.0344 0.5228 0.0914 0.0498 
        D780 10 0.2901 0.1530 0.1304 0.2059 0.2205 
        D781 10 0.3212 0.1653 0.0792 0.0326 0.4018 
        D858 10 0.0654 0.0669 0.6664 0.1337 0.0676 
        D933 10 0.0495 0.2959 0.0357 0.4443 0.1747 
        D038 11 0.0836 0.1450 0.1790 0.4856 0.1069 
        D063 11 0.7339 0.0442 0.0413 0.1112 0.0694 
        D155 11 0.0473 0.1204 0.0771 0.6504 0.1048 
        D175 11 0.3189 0.0382 0.5129 0.0838 0.0463 
        D176 11 0.4187 0.0376 0.1660 0.1226 0.2550 
        D205 11 0.3539 0.0471 0.1837 0.3435 0.0718 
     D237229 11 0.3035 0.2148 0.0753 0.1676 0.2388 
     D237230 11 0.0365 0.0797 0.1757 0.0312 0.6770 
     D237231 11 0.1352 0.2719 0.0570 0.0430 0.4929 
     D237269 11 0.1085 0.2513 0.0928 0.1142 0.4332 
     D237270 11 0.0474 0.2079 0.5447 0.0728 0.1272 
     D237271 11 0.4402 0.2106 0.1271 0.1108 0.1112 
     D237272 11 0.2477 0.0984 0.3340 0.0492 0.2707 
     D237273 11 0.7345 0.0369 0.0563 0.1304 0.0418 
     D237301 11 0.2021 0.3109 0.1191 0.0698 0.2981 
     D237302 11 0.4741 0.1187 0.2359 0.0672 0.1042 
     D237303 11 0.0525 0.1418 0.5188 0.0305 0.2564 
     D237304 11 0.1720 0.1604 0.3532 0.1020 0.2124 
     D237305 11 0.3224 0.0442 0.1945 0.3946 0.0443 
     D237314 11 0.1860 0.1402 0.2471 0.3572 0.0695 
     D237315 11 0.0692 0.1959 0.6202 0.0503 0.0644 
     D237316 11 0.1332 0.7317 0.0319 0.0303 0.0729 
     D237328 11 0.1136 0.1654 0.4646 0.0869 0.1695 
     D237329 11 0.0664 0.1159 0.1418 0.5003 0.1757 
     D237330 11 0.3945 0.0445 0.1169 0.3411 0.1031 
     D237331 11 0.2035 0.2763 0.0600 0.4104 0.0499 
     D237332 11 0.4967 0.2321 0.0605 0.1395 0.0713 
     D237333 11 0.1268 0.1115 0.0319 0.6169 0.1129 
     D237334 11 0.1294 0.5756 0.0974 0.0610 0.1366 
     D237335 11 0.3709 0.1463 0.1882 0.1944 0.1002 
     D237336 11 0.0739 0.0819 0.0525 0.7467 0.0451 
     D237350 11 0.6408 0.0615 0.0376 0.1175 0.1426 
     D237383 11 0.5193 0.1075 0.1018 0.1953 0.0760 
     D237384 11 0.0577 0.7311 0.0581 0.1151 0.0380 
     D237385 11 0.2757 0.1348 0.1728 0.1687 0.2480 
     D237386 11 0.0852 0.1300 0.1858 0.0864 0.5126 
     D237387 11 0.4812 0.2836 0.1123 0.0417 0.0812 
     D237388 11 0.2240 0.3158 0.1855 0.1730 0.1017 
        D239 11 0.1121 0.1720 0.1088 0.5179 0.0892 
        D240 11 0.0681 0.0416 0.0249 0.8046 0.0609 
        D241 11 0.2591 0.4155 0.0477 0.1901 0.0877 
        D242 11 0.1575 0.3313 0.0883 0.1647 0.2582 
        D243 11 0.0763 0.1077 0.0545 0.7262 0.0354 
        D244 11 0.2230 0.0738 0.0482 0.6159 0.0391 
        D245 11 0.1464 0.0592 0.6773 0.0382 0.0788 
        D246 11 0.2521 0.1018 0.3760 0.1765 0.0936 
        D247 11 0.2191 0.1721 0.1055 0.3576 0.1456 
        D248 11 0.0821 0.2196 0.0734 0.0816 0.5434 
        D249 11 0.1369 0.0816 0.6696 0.0734 0.0385 
        D250 11 0.0761 0.1200 0.0926 0.1038 0.6075 
        D251 11 0.1562 0.1060 0.4970 0.1754 0.0655 
        D252 11 0.2070 0.3020 0.3685 0.0380 0.0844 
        D253 11 0.7448 0.0445 0.0585 0.1102 0.0420 
        D254 11 0.0415 0.0410 0.2841 0.0343 0.5991 
        D255 11 0.3667 0.1531 0.1959 0.0545 0.2297 
        D256 11 0.0908 0.2454 0.0751 0.5410 0.0477 
        D257 11 0.0697 0.1047 0.5765 0.1601 0.0891 
        D258 11 0.0387 0.1748 0.6913 0.0626 0.0327 
        D259 11 0.1650 0.1940 0.4522 0.0489 0.1399 
        D260 11 0.7150 0.0545 0.1014 0.0733 0.0557 
        D261 11 0.3177 0.3421 0.1987 0.0747 0.0668 
        D262 11 0.1662 0.0890 0.5970 0.0523 0.0955 
        D263 11 0.2344 0.3689 0.1306 0.1990 0.0670 
        D264 11 0.3533 0.0605 0.3477 0.0355 0.2030 
        D265 11 0.0623 0.0502 0.2364 0.1866 0.4645 
        D266 11 0.2050 0.3292 0.0527 0.2190 0.1942 
        D267 11 0.1206 0.2087 0.1672 0.4386 0.0649 
        D268 11 0.0972 0.0878 0.1018 0.6227 0.0905 
        D269 11 0.1023 0.7529 0.0563 0.0461 0.0424 
        D270 11 0.2124 0.2685 0.3329 0.0753 0.1108 
        D271 11 0.1332 0.2567 0.2156 0.3165 0.0780 
        D272 11 0.1098 0.3712 0.0330 0.3171 0.1689 
        D273 11 0.0583 0.0381 0.8494 0.0294 0.0248 
        D274 11 0.1829 0.2407 0.1436 0.2815 0.1514 
        D275 11 0.0839 0.4938 0.0658 0.2298 0.1268 
        D276 11 0.1248 0.4156 0.0410 0.3135 0.1052 
        D277 11 0.0772 0.2739 0.0974 0.3054 0.2461 
        D278 11 0.6977 0.0275 0.1713 0.0428 0.0608 
        D282 11 0.4965 0.1587 0.2328 0.0766 0.0353 
        D296 11 0.0766 0.2858 0.0506 0.5082 0.0789 
        D297 11 0.2411 0.2411 0.0528 0.3707 0.0943 
        D298 11 0.1404 0.2576 0.0666 0.3021 0.2333 
        D299 11 0.7436 0.0357 0.0638 0.0944 0.0626 
        D300 11 0.2349 0.2836 0.0802 0.2533 0.1480 
        D382 11 0.0880 0.4517 0.0602 0.3513 0.0488 
        D383 11 0.2529 0.0489 0.1482 0.5153 0.0346 
        D387 11 0.1487 0.0958 0.3520 0.2502 0.1533 
        D388 11 0.0327 0.8644 0.0320 0.0355 0.0354 
        D389 11 0.6044 0.1065 0.0829 0.0846 0.1216 
        D390 11 0.1777 0.2567 0.0551 0.1759 0.3346 
        D396 11 0.1640 0.2054 0.1310 0.1596 0.3399 
        D397 11 0.5905 0.1056 0.1733 0.0855 0.0452 
        D398 11 0.0811 0.3463 0.0652 0.4446 0.0629 
        D399 11 0.1023 0.5037 0.1412 0.0275 0.2253 
        D437 11 0.5963 0.0767 0.1979 0.0567 0.0723 
        D441 11 0.0597 0.0718 0.1303 0.6552 0.0829 
        D442 11 0.4268 0.1454 0.1502 0.1560 0.1215 
        D443 11 0.0345 0.0410 0.0266 0.8678 0.0301 
        D444 11 0.1558 0.3367 0.0884 0.1113 0.3078 
        D445 11 0.3996 0.3230 0.1611 0.0375 0.0788 
        D446 11 0.1854 0.3651 0.0891 0.0764 0.2839 
        D451 11 0.1232 0.2594 0.2637 0.2226 0.1310 
        D452 11 0.3012 0.2576 0.0670 0.1211 0.2532 
        D453 11 0.0671 0.6220 0.0381 0.0705 0.2023 
        D454 11 0.0863 0.3266 0.4149 0.0976 0.0746 
        D457 11 0.1585 0.0637 0.6228 0.1204 0.0347 
        D458 11 0.1333 0.5122 0.0520 0.2259 0.0766 
        D466 11 0.1692 0.0599 0.0745 0.0511 0.6454 
        D467 11 0.5358 0.0613 0.2266 0.1062 0.0702 
        D475 11 0.2507 0.1720 0.4726 0.0465 0.0582 
        D488 11 0.1263 0.2100 0.1118 0.1221 0.4299 
        D489 11 0.1650 0.0762 0.3064 0.0995 0.3530 
        D493 11 0.0563 0.2448 0.1377 0.1421 0.4191 
        D494 11 0.0969 0.2308 0.1649 0.0867 0.4207 
        D495 11 0.2489 0.0940 0.4074 0.0868 0.1629 
        D496 11 0.0722 0.0421 0.0240 0.7451 0.1166 
        D674 11 0.1191 0.0896 0.0460 0.6334 0.1119 
        D675 11 0.0424 0.0345 0.0200 0.8446 0.0585 
        D676 11 0.4491 0.0354 0.3689 0.0705 0.0760 
        D680 11 0.0572 0.1027 0.0338 0.7824 0.0240 
        D701 11 0.3835 0.0995 0.2961 0.1126 0.1083 
        D702 11 0.2779 0.3588 0.1238 0.0500 0.1895 
        D703 11 0.2048 0.2154 0.0637 0.3032 0.2129 
        D704 11 0.4171 0.0883 0.2879 0.0847 0.1220 
        D705 11 0.1933 0.1152 0.2249 0.0289 0.4377 
        D706 11 0.5903 0.0695 0.0746 0.1724 0.0932 
        D707 11 0.3115 0.3028 0.1905 0.0877 0.1075 
        D751 11 0.2339 0.5787 0.0634 0.0880 0.0360 
        D752 11 0.3946 0.0819 0.1182 0.2969 0.1083 
        D753 11 0.1289 0.0572 0.1268 0.0724 0.6147 
        D773 11 0.0274 0.0421 0.8841 0.0181 0.0283 
        D774 11 0.1559 0.3676 0.0508 0.2013 0.2244 
        D801 11 0.1428 0.0893 0.1222 0.3211 0.3245 
        D802 11 0.0814 0.2969 0.3029 0.0395 0.2792 
        D803 11 0.2126 0.1370 0.0922 0.5151 0.0431 
        D804 11 0.2753 0.1444 0.3848 0.0944 0.1011 
        D805 11 0.0638 0.5761 0.1829 0.1327 0.0445 
        D806 11 0.0763 0.0501 0.8047 0.0282 0.0407 
        D809 11 0.4611 0.1657 0.1343 0.1157 0.1232 
        D810 11 0.2264 0.1661 0.0472 0.4743 0.0859 
        D812 11 0.2205 0.1838 0.3624 0.0822 0.1511 
        D813 11 0.2100 0.2743 0.0543 0.3383 0.1230 
        D823 11 0.5815 0.1612 0.0762 0.0931 0.0879 
        D824 11 0.6035 0.0408 0.1158 0.1222 0.1178 
        D829 11 0.1736 0.3912 0.0342 0.0964 0.3046 
        D830 11 0.2126 0.1913 0.3102 0.0813 0.2046 
        D831 11 0.4636 0.0497 0.3055 0.0997 0.0816 
        D832 11 0.4846 0.0412 0.0959 0.1553 0.2230 
        D833 11 0.1836 0.4476 0.0333 0.2677 0.0678 
        D834 11 0.0665 0.5930 0.0671 0.1520 0.1214 
        D835 11 0.0954 0.0834 0.7374 0.0506 0.0332 
        D855 11 0.1331 0.1218 0.2953 0.2098 0.2399 
        D863 11 0.0657 0.0426 0.0239 0.8144 0.0534 
        D864 11 0.5938 0.1106 0.1266 0.1115 0.0574 
        D878 11 0.2112 0.1257 0.1564 0.4161 0.0906 
        D879 11 0.1269 0.1485 0.5850 0.0594 0.0802 
        D880 11 0.0937 0.0903 0.0258 0.2371 0.5531 
        D881 11 0.0553 0.0531 0.0401 0.8158 0.0358 
        D882 11 0.1905 0.1569 0.1394 0.1922 0.3211 
        D909 11 0.1155 0.1238 0.1623 0.2992 0.2991 
        D921 11 0.3650 0.3167 0.1016 0.1201 0.0966 
        D924 11 0.1104 0.1082 0.0462 0.5007 0.2345 
        D935 11 0.1633 0.5276 0.0930 0.0491 0.1670 
        D940 11 0.0402 0.0370 0.0208 0.8703 0.0317 
        D941 11 0.0511 0.4646 0.0410 0.3929 0.0505 
        D942 11 0.0804 0.0751 0.7317 0.0408 0.0721 
        D980 11 0.1245 0.4467 0.1010 0.1348 0.1930 
        D981 11 0.3356 0.4562 0.0937 0.0581 0.0563 
        D982 11 0.1786 0.0750 0.0276 0.0504 0.6684 
        D983 11 0.2139 0.1796 0.0769 0.4314 0.0982 
        D984 11 0.3938 0.2200 0.0632 0.0917 0.2313 
        D992 11 0.3011 0.0682 0.4381 0.0369 0.1557 
        D993 11 0.1365 0.3400 0.1497 0.1721 0.2016 
        D994 11 0.5781 0.0534 0.1484 0.1621 0.0580 
        D995 11 0.0324 0.0789 0.7981 0.0370 0.0535 
        H354 11 0.0665 0.1923 0.5752 0.0417 0.1243 
