        D023  2 0.0095 0.0088 0.0093 0.0114 0.0108 0.6970 0.0161 0.0119 0.0092 0.0137 0.0088 0.1935 
        D130  2 0.0131 0.0612 0.0143 0.1253 0.0521 0.1061 0.0478 0.0227 0.0377 0.0207 0.0644 0.4347 
        D131  2 0.0279 0.1383 0.0437 0.1222 0.1210 0.0521 0.2359 0.0110 0.1538 0.0275 0.0374 0.0293 
        D163  2 0.0541 0.0263 0.0512 0.0115 0.0156 0.2014 0.0573 0.0145 0.0206 0.0160 0.3122 0.2193 
        D164  2 0.0139 0.0084 0.0148 0.3803 0.3356 0.0301 0.0383 0.1000 0.0166 0.0241 0.0185 0.0194 
        D165  2 0.0101 0.0104 0.0158 0.0115 0.0117 0.6336 0.0182 0.0167 0.0098 0.0218 0.0128 0.2275 
        D166  2 0.0160 0.1727 0.0409 0.0237 0.1080 0.0344 0.1593 0.1474 0.0344 0.1062 0.1121 0.0449 
        D167  2 0.0089 0.0082 0.0063 0.0105 0.0077 0.0080 0.0073 0.9143 0.0092 0.0076 0.0068 0.0053 
        D192  2 0.0068 0.0087 0.0085 0.0112 0.0069 0.0079 0.0074 0.9136 0.0073 0.0085 0.0061 0.0071 
        D193  2 0.0597 0.0474 0.0419 0.0130 0.0166 0.0168 0.0527 0.5208 0.0411 0.0212 0.1035 0.0654 
        D206  2 0.0170 0.0246 0.0258 0.0861 0.0347 0.0714 0.0742 0.0993 0.4334 0.0282 0.0561 0.0491 
        D207  2 0.0202 0.0856 0.0876 0.2573 0.0354 0.1071 0.0920 0.1517 0.0217 0.0239 0.1043 0.0132 
        D208  2 0.1329 0.0458 0.2752 0.0211 0.0200 0.1237 0.0811 0.0539 0.0674 0.0347 0.0321 0.1122 
        D209  2 0.0135 0.0186 0.0129 0.0185 0.0214 0.0413 0.0504 0.7037 0.0212 0.0648 0.0145 0.0193 
        D210  2 0.4617 0.1006 0.1065 0.0564 0.0162 0.0491 0.0433 0.0424 0.0291 0.0331 0.0426 0.0191 
     D229599  2 0.0356 0.0302 0.1396 0.0147 0.0218 0.3936 0.0778 0.0451 0.0731 0.0881 0.0237 0.0568 
     D229600  2 0.0186 0.0502 0.0249 0.0550 0.0343 0.0725 0.0552 0.4965 0.0281 0.0210 0.0414 0.1024 
     D237227  2 0.1582 0.0418 0.1098 0.0150 0.3248 0.0878 0.0663 0.0423 0.0420 0.0151 0.0161 0.0809 
     D237228  2 0.1189 0.0154 0.0538 0.0158 0.5783 0.0158 0.0738 0.0520 0.0165 0.0186 0.0228 0.0183 
     D237258  2 0.0297 0.0384 0.0945 0.0500 0.0522 0.2078 0.1105 0.1889 0.0449 0.0989 0.0274 0.0569 
     D237310  2 0.0310 0.0857 0.0144 0.0241 0.7197 0.0101 0.0287 0.0287 0.0123 0.0177 0.0151 0.0126 
     D237311  2 0.0258 0.0214 0.0142 0.0482 0.6502 0.0128 0.0259 0.1146 0.0128 0.0149 0.0429 0.0165 
     D237312  2 0.0352 0.0670 0.0180 0.0199 0.4603 0.0259 0.0606 0.0264 0.0221 0.1081 0.1033 0.0532 
     D237313  2 0.0625 0.0436 0.0360 0.0208 0.0924 0.1531 0.0987 0.0155 0.3752 0.0358 0.0274 0.0389 
     D237322  2 0.0779 0.1932 0.1278 0.0413 0.1157 0.0275 0.2014 0.0275 0.0320 0.0645 0.0290 0.0620 
     D237323  2 0.1088 0.1107 0.0431 0.0156 0.5808 0.0173 0.0276 0.0203 0.0174 0.0160 0.0174 0.0250 
     D237324  2 0.0133 0.0280 0.0865 0.1503 0.0372 0.0339 0.3651 0.0585 0.0306 0.0203 0.0307 0.1456 
     D237325  2 0.0727 0.0398 0.0341 0.0233 0.2430 0.0162 0.0796 0.0975 0.0261 0.0244 0.2619 0.0814 
     D237326  2 0.0595 0.0149 0.0407 0.0756 0.4979 0.0516 0.0431 0.0297 0.0295 0.0242 0.1185 0.0148 
     D237327  2 0.0506 0.3413 0.1678 0.0450 0.0136 0.0639 0.1088 0.0303 0.0116 0.0657 0.0206 0.0808 
     D237337  2 0.0246 0.0190 0.0121 0.0134 0.8059 0.0138 0.0139 0.0089 0.0264 0.0116 0.0282 0.0222 
     D237338  2 0.0909 0.0487 0.0622 0.0252 0.1337 0.0650 0.1481 0.0366 0.0331 0.0363 0.1833 0.1367 
     D237339  2 0.0130 0.0306 0.0313 0.3985 0.0152 0.0395 0.1325 0.0537 0.0334 0.1291 0.0730 0.0503 
     D237340  2 0.1271 0.0359 0.0337 0.0573 0.2980 0.0137 0.0559 0.1770 0.0269 0.0298 0.1007 0.0442 
     D237389  2 0.0131 0.0252 0.0128 0.0134 0.5965 0.0160 0.0237 0.1693 0.0106 0.0237 0.0800 0.0156 
     D237390  2 0.0475 0.0311 0.0425 0.0169 0.2828 0.0235 0.0543 0.0220 0.0375 0.0375 0.3781 0.0263 
     D244017  2 0.0747 0.0330 0.0227 0.0194 0.0203 0.0509 0.0387 0.6810 0.0256 0.0135 0.0099 0.0102 
     D244112  2 0.0132 0.0185 0.0154 0.0591 0.0212 0.0140 0.0335 0.7320 0.0076 0.0145 0.0278 0.0433 
     D244118  2 0.0127 0.0080 0.0096 0.0103 0.0084 0.0189 0.0108 0.8709 0.0075 0.0092 0.0087 0.0251 
     D244119  2 0.4813 0.0252 0.0210 0.1035 0.0238 0.0240 0.0271 0.2248 0.0344 0.0099 0.0117 0.0133 
     D244120  2 0.0140 0.0210 0.0221 0.0108 0.0176 0.0084 0.0141 0.8129 0.0099 0.0257 0.0337 0.0098 
     D244122  2 0.0221 0.0212 0.0145 0.0205 0.0127 0.0284 0.0234 0.7504 0.0241 0.0294 0.0253 0.0281 
        D291  2 0.0111 0.0579 0.5376 0.0181 0.0269 0.1262 0.0559 0.0586 0.0496 0.0107 0.0207 0.0267 
        D292  2 0.0893 0.0357 0.1179 0.0245 0.0279 0.2084 0.0582 0.2833 0.0769 0.0332 0.0259 0.0188 
        D293  2 0.0079 0.0087 0.0101 0.8831 0.0075 0.0118 0.0161 0.0072 0.0139 0.0110 0.0152 0.0075 
        D322  2 0.0115 0.0234 0.0150 0.7209 0.0180 0.0589 0.0319 0.0293 0.0132 0.0364 0.0275 0.0140 
        D323  2 0.0346 0.0758 0.0229 0.0898 0.0498 0.0413 0.1147 0.1413 0.3194 0.0387 0.0340 0.0378 
        D324  2 0.0361 0.0326 0.3252 0.0455 0.0841 0.1950 0.0585 0.0172 0.0594 0.0246 0.1066 0.0152 
        D325  2 0.0083 0.0191 0.0420 0.8028 0.0117 0.0182 0.0151 0.0109 0.0160 0.0153 0.0302 0.0104 
        D326  2 0.0136 0.0338 0.0215 0.0179 0.0127 0.2268 0.0460 0.0081 0.5722 0.0124 0.0247 0.0103 
        D340  2 0.0206 0.0131 0.0261 0.8286 0.0134 0.0124 0.0150 0.0197 0.0133 0.0174 0.0122 0.0084 
        D341  2 0.0365 0.0881 0.0180 0.5253 0.0370 0.0191 0.0370 0.0295 0.0369 0.0242 0.1169 0.0315 
        D342  2 0.0153 0.0334 0.0292 0.0546 0.0353 0.1001 0.0806 0.5532 0.0276 0.0206 0.0300 0.0200 
        D343  2 0.0069 0.0096 0.0100 0.9065 0.0076 0.0091 0.0089 0.0079 0.0092 0.0092 0.0074 0.0077 
        D344  2 0.0124 0.0272 0.0161 0.0197 0.0455 0.1207 0.0671 0.1331 0.1573 0.3234 0.0563 0.0212 
        D345  2 0.0218 0.0339 0.0536 0.0344 0.0501 0.3020 0.1273 0.0278 0.1542 0.1603 0.0153 0.0193 
        D346  2 0.1835 0.0520 0.0427 0.0524 0.0955 0.1029 0.0879 0.0497 0.1889 0.0976 0.0283 0.0186 
        D351  2 0.0145 0.1028 0.1388 0.1317 0.0815 0.0677 0.1249 0.0106 0.1401 0.0342 0.1315 0.0217 
        D352  2 0.0758 0.0316 0.0227 0.0719 0.0455 0.0287 0.1288 0.0301 0.0374 0.4847 0.0186 0.0243 
        D353  2 0.0111 0.0300 0.0172 0.0167 0.0162 0.0721 0.6394 0.0177 0.0689 0.0745 0.0180 0.0181 
        D354  2 0.0187 0.0209 0.0134 0.0117 0.0164 0.1321 0.0401 0.0174 0.1288 0.5633 0.0169 0.0205 
        D362  2 0.0106 0.0132 0.0198 0.0149 0.0245 0.6859 0.0377 0.0244 0.1109 0.0165 0.0184 0.0231 
        D363  2 0.0130 0.0106 0.0177 0.0170 0.0247 0.6847 0.0325 0.0209 0.1271 0.0224 0.0141 0.0154 
        D364  2 0.0186 0.0201 0.0133 0.0104 0.0204 0.2574 0.0383 0.0357 0.2094 0.3429 0.0179 0.0156 
        D365  2 0.0187 0.0100 0.0092 0.8763 0.0138 0.0089 0.0131 0.0086 0.0110 0.0121 0.0094 0.0089 
        D369  2 0.1030 0.0294 0.0492 0.0830 0.3369 0.0651 0.0833 0.0596 0.0832 0.0172 0.0736 0.0164 
        D374  2 0.1956 0.0155 0.0200 0.0123 0.0187 0.0144 0.0234 0.5985 0.0331 0.0168 0.0151 0.0368 
        D375  2 0.0102 0.0187 0.0105 0.0110 0.0142 0.0981 0.0448 0.0324 0.0609 0.6459 0.0298 0.0236 
        D376  2 0.2110 0.0249 0.0261 0.0146 0.0228 0.0252 0.0494 0.4763 0.0332 0.0494 0.0165 0.0506 
        D377  2 0.0347 0.0365 0.0354 0.0398 0.2327 0.0741 0.0899 0.0342 0.2246 0.1097 0.0515 0.0368 
        D378  2 0.0166 0.0539 0.0322 0.3714 0.0171 0.2530 0.0714 0.0195 0.0354 0.0724 0.0227 0.0343 
        D379  2 0.0213 0.0249 0.0148 0.0196 0.0154 0.1213 0.0531 0.0268 0.6236 0.0151 0.0413 0.0227 
        D384  2 0.0229 0.0148 0.0180 0.0165 0.0133 0.1951 0.0250 0.0073 0.6494 0.0092 0.0177 0.0108 
        D385  2 0.0237 0.0149 0.0129 0.6838 0.0203 0.0248 0.0200 0.0187 0.0224 0.1299 0.0103 0.0182 
        D386  2 0.0161 0.0574 0.0196 0.1188 0.0154 0.1061 0.1009 0.0157 0.0993 0.4116 0.0163 0.0228 
        D391  2 0.0130 0.0195 0.0131 0.8136 0.0180 0.0126 0.0185 0.0138 0.0173 0.0274 0.0170 0.0160 
        D392  2 0.0228 0.0169 0.0224 0.4426 0.2116 0.0438 0.0407 0.0956 0.0565 0.0158 0.0150 0.0163 
        D393  2 0.0169 0.0615 0.0940 0.1728 0.0181 0.1011 0.0554 0.0139 0.1637 0.2382 0.0382 0.0262 
        D394  2 0.0394 0.0812 0.0511 0.0349 0.0711 0.0561 0.1410 0.2387 0.0322 0.0978 0.0898 0.0668 
        D395  2 0.0277 0.0208 0.0210 0.4294 0.0230 0.0525 0.0772 0.0249 0.0171 0.2598 0.0129 0.0336 
        D401  2 0.0154 0.0091 0.0141 0.0083 0.8625 0.0088 0.0140 0.0203 0.0097 0.0076 0.0149 0.0152 
        D402  2 0.0143 0.0275 0.0245 0.7535 0.0151 0.0129 0.0234 0.0272 0.0185 0.0610 0.0117 0.0104 
        D403  2 0.0149 0.1052 0.0238 0.0213 0.0172 0.1454 0.1947 0.0227 0.1531 0.2169 0.0357 0.0491 
        D415  2 0.0103 0.0483 0.0292 0.0454 0.2048 0.0864 0.3532 0.0116 0.0924 0.0442 0.0448 0.0291 
        D435  2 0.0207 0.0224 0.0637 0.4306 0.0370 0.1143 0.0576 0.0205 0.0602 0.0799 0.0553 0.0377 
        D436  2 0.0307 0.0461 0.0255 0.0360 0.0187 0.0221 0.0688 0.0267 0.0528 0.1068 0.5061 0.0599 
        D438  2 0.0148 0.0129 0.0163 0.8081 0.0170 0.0185 0.0191 0.0341 0.0193 0.0128 0.0141 0.0132 
        D439  2 0.0145 0.0217 0.0237 0.1638 0.0150 0.1425 0.1213 0.0254 0.0938 0.3036 0.0206 0.0539 
        D449  2 0.0150 0.0149 0.0112 0.0507 0.0195 0.0671 0.0758 0.4101 0.0398 0.0199 0.2616 0.0144 
        D450  2 0.0536 0.0860 0.0560 0.0149 0.0888 0.1536 0.1425 0.0314 0.0794 0.1144 0.0683 0.1112 
        D456  2 0.0088 0.0507 0.0432 0.0313 0.0142 0.1857 0.0839 0.0074 0.5033 0.0133 0.0444 0.0138 
        D462  2 0.0091 0.0119 0.0148 0.8190 0.0099 0.0156 0.0214 0.0143 0.0163 0.0310 0.0120 0.0247 
        D463  2 0.0148 0.0199 0.0099 0.0129 0.0095 0.2151 0.0228 0.0071 0.6381 0.0123 0.0218 0.0157 
        D464  2 0.0296 0.0947 0.0150 0.1146 0.0338 0.0298 0.3482 0.0434 0.0495 0.1867 0.0222 0.0325 
        D465  2 0.0147 0.0145 0.0137 0.6114 0.2125 0.0182 0.0317 0.0132 0.0236 0.0157 0.0171 0.0137 
        D473  2 0.3466 0.0872 0.0271 0.0479 0.1682 0.0528 0.0596 0.0201 0.0504 0.0927 0.0177 0.0295 
        D474  2 0.0320 0.0200 0.1267 0.0271 0.0172 0.5959 0.0334 0.0189 0.0424 0.0314 0.0277 0.0273 
        D476  2 0.0127 0.0213 0.0190 0.1427 0.0122 0.0564 0.0339 0.0118 0.0351 0.1781 0.0157 0.4610 
        D477  2 0.0244 0.0394 0.0445 0.0219 0.0646 0.0970 0.0873 0.0177 0.1976 0.3652 0.0241 0.0163 
        D478  2 0.0348 0.0678 0.0465 0.0184 0.0212 0.2796 0.1275 0.2300 0.0486 0.0393 0.0568 0.0296 
        D480  2 0.0438 0.1182 0.0296 0.2948 0.0169 0.0634 0.0718 0.0136 0.1199 0.1531 0.0448 0.0301 
        D481  2 0.0543 0.0737 0.0377 0.0348 0.0394 0.2768 0.1069 0.0679 0.1344 0.1323 0.0120 0.0298 
        D482  2 0.1242 0.0793 0.1566 0.0201 0.0390 0.0404 0.1403 0.0418 0.0609 0.2204 0.0295 0.0474 
        D483  2 0.0309 0.0120 0.0101 0.0240 0.0093 0.0129 0.0165 0.8431 0.0123 0.0090 0.0089 0.0111 
        D484  2 0.0214 0.0188 0.0161 0.0243 0.0112 0.0127 0.0199 0.0160 0.0152 0.8148 0.0138 0.0159 
        D510  2 0.2210 0.0215 0.1932 0.0116 0.0209 0.0230 0.0442 0.2667 0.0344 0.0247 0.1158 0.0230 
        D511  2 0.0170 0.0393 0.0307 0.2158 0.0207 0.0540 0.0525 0.0164 0.0538 0.4489 0.0218 0.0291 
        D512  2 0.0088 0.0205 0.0173 0.0487 0.7851 0.0112 0.0190 0.0171 0.0188 0.0205 0.0098 0.0230 
        D513  2 0.0383 0.0254 0.0358 0.5937 0.0322 0.0279 0.0305 0.0143 0.1374 0.0226 0.0282 0.0136 
        D635  2 0.0103 0.0120 0.0190 0.0210 0.0213 0.7586 0.0317 0.0167 0.0220 0.0148 0.0129 0.0597 
        D636  2 0.0103 0.0119 0.0092 0.0148 0.0322 0.6514 0.0352 0.0306 0.0217 0.0102 0.0126 0.1600 
        D637  2 0.0412 0.0380 0.0310 0.0660 0.0658 0.0512 0.1233 0.0434 0.0724 0.1752 0.2664 0.0261 
        D658  2 0.1090 0.0354 0.0184 0.3142 0.0948 0.0211 0.0602 0.0698 0.0203 0.1424 0.0318 0.0825 
        D659  2 0.0252 0.0241 0.0641 0.0194 0.0145 0.1263 0.0626 0.0231 0.0721 0.0283 0.5168 0.0235 
        D677  2 0.0157 0.0650 0.0301 0.0390 0.0509 0.0453 0.0511 0.0525 0.2768 0.0217 0.2926 0.0591 
        D678  2 0.0073 0.0149 0.0104 0.0122 0.0196 0.0155 0.0145 0.8481 0.0091 0.0233 0.0124 0.0127 
        D679  2 0.0517 0.0488 0.0399 0.0789 0.0227 0.1096 0.1123 0.0098 0.3943 0.0677 0.0319 0.0324 
        D719  2 0.1997 0.0147 0.0838 0.2554 0.0740 0.0323 0.0610 0.0195 0.1783 0.0190 0.0287 0.0337 
        D720  2 0.0424 0.0306 0.0305 0.2481 0.0276 0.0625 0.0455 0.0109 0.4424 0.0124 0.0254 0.0219 
        D721  2 0.0128 0.0086 0.0136 0.0243 0.0099 0.6371 0.0200 0.0171 0.0109 0.0153 0.0121 0.2184 
        D722  2 0.1056 0.0157 0.0560 0.0374 0.0328 0.0263 0.0518 0.5600 0.0408 0.0182 0.0271 0.0281 
        D734  2 0.0587 0.0309 0.0314 0.2175 0.0180 0.0229 0.0714 0.0359 0.1374 0.3214 0.0298 0.0247 
        D735  2 0.0345 0.1619 0.0235 0.1539 0.0646 0.1479 0.1339 0.0176 0.1307 0.0597 0.0166 0.0551 
        D736  2 0.1160 0.0276 0.2408 0.0219 0.0477 0.1375 0.0724 0.0617 0.0466 0.0489 0.1587 0.0201 
        D737  2 0.0254 0.0251 0.0201 0.0105 0.0143 0.0183 0.0220 0.7903 0.0138 0.0218 0.0123 0.0260 
        D807  2 0.0909 0.0584 0.0776 0.0272 0.0483 0.2131 0.0720 0.0577 0.0672 0.1143 0.1515 0.0219 
        D808  2 0.0219 0.0763 0.0314 0.1188 0.4401 0.0366 0.1386 0.0191 0.0322 0.0226 0.0298 0.0327 
        D817  2 0.0178 0.0270 0.0300 0.0233 0.0483 0.1132 0.0611 0.0158 0.5633 0.0292 0.0421 0.0290 
        D818  2 0.0256 0.1933 0.0714 0.2353 0.0166 0.1340 0.1582 0.0171 0.0257 0.0224 0.0671 0.0333 
        D819  2 0.0165 0.0317 0.0224 0.0129 0.5789 0.0725 0.0626 0.0244 0.1108 0.0224 0.0240 0.0209 
        D820  2 0.0164 0.0217 0.0468 0.2903 0.0170 0.0250 0.0518 0.0081 0.0697 0.0237 0.4104 0.0191 
        D895  2 0.0254 0.0266 0.0324 0.0204 0.0652 0.1539 0.1906 0.0754 0.1406 0.0348 0.1797 0.0549 
        D896  2 0.0223 0.0121 0.0114 0.0114 0.8617 0.0077 0.0116 0.0103 0.0104 0.0093 0.0220 0.0099 
        D897  2 0.0286 0.0843 0.0510 0.1402 0.0473 0.0430 0.1488 0.2623 0.0404 0.0453 0.0871 0.0217 
        D898  2 0.0251 0.1658 0.1180 0.0112 0.2494 0.1228 0.1123 0.0535 0.0629 0.0346 0.0221 0.0223 
        D918  2 0.0482 0.0596 0.0316 0.0828 0.2723 0.0209 0.1182 0.0114 0.1209 0.0758 0.1178 0.0405 
        D919  2 0.0201 0.0377 0.0489 0.1332 0.0166 0.1131 0.1687 0.0625 0.1673 0.1722 0.0310 0.0288 
        D920  2 0.0367 0.0394 0.0184 0.0188 0.0421 0.0487 0.0539 0.1317 0.0303 0.0216 0.0592 0.4993 
        D923  2 0.0125 0.0284 0.0176 0.0719 0.0330 0.1753 0.1226 0.0323 0.2892 0.1533 0.0382 0.0256 
        D930  2 0.0735 0.0352 0.0268 0.0792 0.0892 0.0667 0.1461 0.0200 0.2803 0.1194 0.0446 0.0192 
        D931  2 0.0261 0.0430 0.0326 0.1455 0.0638 0.1029 0.0943 0.0516 0.0572 0.3169 0.0242 0.0419 
        D968  2 0.0111 0.0117 0.0506 0.7834 0.0150 0.0153 0.0246 0.0236 0.0196 0.0152 0.0196 0.0103 
        D969  2 0.0438 0.1118 0.0724 0.0476 0.0324 0.1963 0.1412 0.1174 0.1432 0.0337 0.0408 0.0193 
        D977  2 0.0148 0.0557 0.0374 0.5812 0.0215 0.0393 0.0549 0.0585 0.0357 0.0272 0.0339 0.0396 
        D978  2 0.0241 0.5747 0.0592 0.0295 0.0114 0.0529 0.0831 0.0610 0.0573 0.0180 0.0160 0.0127 
        D009  4 0.0196 0.1895 0.0150 0.0125 0.0258 0.0356 0.0679 0.0287 0.0241 0.0167 0.0621 0.5025 
        D057  4 0.0179 0.0244 0.0200 0.0909 0.0080 0.0127 0.0162 0.0125 0.0128 0.0187 0.0130 0.7529 
        D109  4 0.0475 0.0251 0.0170 0.0141 0.6738 0.0205 0.0564 0.0181 0.0234 0.0246 0.0302 0.0494 
     D237222  4 0.1110 0.0505 0.0267 0.0236 0.0132 0.0402 0.0454 0.1116 0.0187 0.0180 0.0370 0.5042 
     D237223  4 0.0610 0.0189 0.0223 0.0488 0.0198 0.0127 0.0356 0.0189 0.0123 0.0305 0.6968 0.0225 
     D237224  4 0.0193 0.0559 0.1044 0.0509 0.0219 0.2371 0.0801 0.0912 0.1692 0.1184 0.0275 0.0239 
     D237225  4 0.0338 0.2228 0.0336 0.0273 0.0192 0.0666 0.1856 0.0282 0.0478 0.0194 0.1782 0.1375 
     D237299  4 0.0502 0.4291 0.0306 0.0333 0.1157 0.0142 0.1894 0.0098 0.0295 0.0213 0.0580 0.0189 
     D237300  4 0.0344 0.0259 0.7003 0.0147 0.0207 0.0178 0.0361 0.0569 0.0247 0.0220 0.0227 0.0237 
     D237306  4 0.0874 0.0137 0.0145 0.0120 0.0249 0.0161 0.0205 0.0266 0.0212 0.0247 0.7253 0.0131 
     D237307  4 0.1113 0.1819 0.0314 0.0452 0.0317 0.0922 0.0506 0.0279 0.2979 0.0137 0.0227 0.0936 
     D237308  4 0.1057 0.0212 0.0344 0.1523 0.0369 0.0431 0.0712 0.2221 0.0698 0.1123 0.0595 0.0715 
     D237309  4 0.0170 0.0743 0.0756 0.0171 0.0231 0.2271 0.1459 0.0301 0.0212 0.0505 0.0574 0.2607 
     D237317  4 0.0715 0.0375 0.0664 0.0183 0.0184 0.2702 0.2514 0.0204 0.1439 0.0244 0.0272 0.0504 
     D237318  4 0.0159 0.0387 0.7287 0.0421 0.0227 0.0204 0.0290 0.0359 0.0227 0.0125 0.0197 0.0118 
     D237319  4 0.0344 0.1879 0.0356 0.0238 0.1556 0.0421 0.1482 0.0604 0.1460 0.0282 0.0925 0.0453 
     D237320  4 0.0153 0.0190 0.0347 0.0166 0.0252 0.0190 0.0223 0.0252 0.0144 0.0113 0.7848 0.0123 
     D237321  4 0.0589 0.0335 0.3826 0.0177 0.0654 0.0765 0.0648 0.1665 0.0670 0.0193 0.0272 0.0206 
     D237397  4 0.0903 0.0381 0.0752 0.0249 0.0170 0.0163 0.0284 0.0601 0.0268 0.0113 0.5344 0.0773 
     D237398  4 0.0147 0.1328 0.4666 0.0437 0.0193 0.0534 0.0581 0.0141 0.0715 0.0625 0.0467 0.0166 
     D237399  4 0.1187 0.2046 0.1337 0.0310 0.0398 0.0828 0.0735 0.0279 0.0590 0.0250 0.1720 0.0320 
     D244001  4 0.0205 0.0271 0.0208 0.0176 0.0086 0.0275 0.0340 0.1856 0.0170 0.0176 0.0305 0.5931 
        D289  4 0.1265 0.0872 0.0780 0.0705 0.0218 0.0571 0.0983 0.0561 0.0782 0.1262 0.1619 0.0382 
        D290  4 0.0139 0.7902 0.0271 0.0205 0.0137 0.0159 0.0265 0.0207 0.0131 0.0139 0.0118 0.0327 
        D294  4 0.0247 0.3873 0.0290 0.0255 0.0162 0.0446 0.1180 0.0448 0.0384 0.1908 0.0158 0.0648 
        D295  4 0.0459 0.1045 0.0301 0.0252 0.0980 0.0342 0.0764 0.0238 0.0582 0.0362 0.3598 0.1077 
        D301  4 0.0669 0.0519 0.0380 0.0131 0.0272 0.0351 0.0594 0.2632 0.0595 0.0142 0.0398 0.3317 
        D302  4 0.0129 0.0542 0.0112 0.0154 0.0091 0.0701 0.0354 0.0133 0.0350 0.6734 0.0304 0.0396 
        D303  4 0.4792 0.0428 0.0177 0.0151 0.0581 0.0197 0.0573 0.0641 0.0885 0.0905 0.0367 0.0303 
        D304  4 0.0433 0.3682 0.2025 0.0173 0.0121 0.0679 0.0535 0.0152 0.0992 0.0212 0.0199 0.0798 
        D305  4 0.0171 0.0490 0.0405 0.0315 0.0186 0.0318 0.3652 0.1860 0.0261 0.1284 0.0389 0.0669 
        D306  4 0.0324 0.4620 0.0191 0.0164 0.0252 0.0379 0.2655 0.0582 0.0212 0.0177 0.0268 0.0178 
        D307  4 0.0591 0.0247 0.0253 0.0086 0.0143 0.0191 0.0141 0.0127 0.0120 0.0159 0.0091 0.7850 
        D327  4 0.0369 0.0422 0.0328 0.0579 0.0301 0.1143 0.0719 0.0216 0.4320 0.0163 0.1097 0.0342 
        D328  4 0.1096 0.0224 0.0235 0.0157 0.0474 0.0211 0.0521 0.0688 0.1740 0.2600 0.1311 0.0744 
        D329  4 0.0337 0.2675 0.0446 0.0172 0.0252 0.0276 0.1098 0.1542 0.0238 0.1796 0.0176 0.0992 
        D330  4 0.0172 0.0339 0.0135 0.0396 0.0479 0.0729 0.1021 0.0320 0.0306 0.0434 0.5403 0.0266 
        D331  4 0.0812 0.3067 0.1427 0.0282 0.0442 0.0834 0.0834 0.0282 0.1156 0.0203 0.0148 0.0514 
        D333  4 0.0470 0.0922 0.0551 0.0300 0.0366 0.0300 0.0635 0.0548 0.0235 0.0336 0.1194 0.4143 
        D334  4 0.2414 0.2533 0.0457 0.0219 0.0161 0.0471 0.0590 0.0145 0.0527 0.0379 0.0234 0.1869 
        D335  4 0.0321 0.0423 0.0239 0.1471 0.0224 0.0988 0.0601 0.0269 0.2040 0.1584 0.0323 0.1517 
        D370  4 0.0410 0.0299 0.0308 0.0209 0.0945 0.0589 0.1097 0.4142 0.0468 0.0561 0.0223 0.0748 
        D371  4 0.2583 0.0162 0.0260 0.0234 0.0447 0.0425 0.0665 0.0915 0.3115 0.0628 0.0331 0.0234 
        D372  4 0.0236 0.2129 0.4420 0.0107 0.0113 0.0155 0.0889 0.1403 0.0195 0.0120 0.0102 0.0131 
        D373  4 0.0134 0.0187 0.0321 0.0197 0.0170 0.0996 0.0318 0.0308 0.0278 0.0261 0.0100 0.6729 
        D455  4 0.0159 0.0624 0.0163 0.0130 0.0133 0.0275 0.0237 0.0130 0.0117 0.0175 0.0093 0.7764 
        D490  4 0.0111 0.0289 0.0095 0.0076 0.0133 0.0110 0.0095 0.0077 0.0094 0.0100 0.0173 0.8648 
        D497  4 0.0166 0.0260 0.0271 0.0114 0.0226 0.0361 0.0345 0.0133 0.0135 0.0209 0.0209 0.7572 
        D498  4 0.1156 0.3459 0.0752 0.0324 0.0902 0.0388 0.1008 0.0508 0.0753 0.0226 0.0216 0.0306 
        D499  4 0.0263 0.0440 0.0284 0.0757 0.2569 0.0290 0.1242 0.1228 0.1436 0.0978 0.0361 0.0155 
        D514  4 0.0120 0.1324 0.0719 0.0267 0.1720 0.1109 0.1245 0.0349 0.1077 0.1060 0.0522 0.0489 
        D515  4 0.0133 0.0146 0.0094 0.0143 0.0294 0.0146 0.0174 0.0129 0.0176 0.0310 0.8138 0.0118 
        D516  4 0.0692 0.0403 0.0782 0.0564 0.0999 0.0339 0.0771 0.0507 0.1038 0.0161 0.2525 0.1219 
        D517  4 0.0189 0.0162 0.0735 0.0099 0.0187 0.1827 0.0898 0.0213 0.0201 0.0129 0.0374 0.4986 
        D518  4 0.0287 0.0256 0.0097 0.0430 0.0092 0.0136 0.0217 0.0225 0.0300 0.0297 0.0228 0.7436 
        D519  4 0.0098 0.0181 0.0163 0.0178 0.0130 0.0178 0.0144 0.0099 0.0086 0.0115 0.8532 0.0097 
        D560  4 0.0119 0.0532 0.0227 0.0308 0.0177 0.0311 0.0439 0.0299 0.0703 0.0281 0.6231 0.0371 
        D561  4 0.0131 0.0759 0.0231 0.1542 0.0852 0.1020 0.3330 0.0223 0.0308 0.0231 0.0667 0.0707 
        D562  4 0.0372 0.1956 0.1076 0.0468 0.0370 0.0799 0.1315 0.1365 0.0378 0.0546 0.0314 0.1040 
        D563  4 0.0208 0.0393 0.0409 0.2291 0.0547 0.1421 0.1216 0.0616 0.0292 0.1843 0.0195 0.0569 
        D572  4 0.0257 0.0878 0.0215 0.0826 0.0158 0.0294 0.0778 0.0344 0.0459 0.3063 0.0346 0.2380 
        D629  4 0.0125 0.0489 0.0780 0.0347 0.0220 0.3178 0.0906 0.0162 0.1668 0.1157 0.0542 0.0427 
        D630  4 0.0425 0.1837 0.0399 0.0213 0.0197 0.0521 0.0950 0.0331 0.0292 0.0524 0.3352 0.0958 
        D631  4 0.0159 0.0468 0.0284 0.1255 0.0206 0.0180 0.1026 0.0252 0.0225 0.0638 0.0289 0.5018 
        D632  4 0.0097 0.0158 0.0122 0.0677 0.0462 0.1035 0.0620 0.1081 0.0387 0.3901 0.0129 0.1332 
        D646  4 0.0115 0.0111 0.0165 0.0193 0.0065 0.0116 0.0145 0.0185 0.0181 0.0093 0.8525 0.0108 
        D647  4 0.0136 0.0621 0.0416 0.0594 0.0351 0.0616 0.0671 0.0579 0.1159 0.0322 0.3816 0.0717 
        D648  4 0.0632 0.0424 0.0104 0.0195 0.0210 0.0140 0.0375 0.1150 0.1302 0.4088 0.0374 0.1007 
        D649  4 0.0161 0.0289 0.0247 0.0198 0.2944 0.0756 0.0581 0.0124 0.1081 0.2757 0.0231 0.0632 
        D650  4 0.0768 0.0803 0.0364 0.0723 0.1020 0.0675 0.0909 0.0135 0.1684 0.0381 0.0691 0.1848 
        D708  4 0.0731 0.0970 0.0567 0.0149 0.0535 0.0348 0.1364 0.0875 0.1572 0.1223 0.0624 0.1041 
        D709  4 0.0421 0.2327 0.0182 0.0302 0.2062 0.0310 0.1837 0.0451 0.0798 0.0324 0.0704 0.0281 
        D738  4 0.2932 0.0273 0.0236 0.0155 0.0309 0.0201 0.0289 0.0123 0.0344 0.0129 0.4628 0.0381 
        D739  4 0.0268 0.2350 0.0360 0.0244 0.0396 0.0402 0.0619 0.0726 0.0300 0.0265 0.0436 0.3635 
        D740  4 0.1836 0.2813 0.0622 0.0312 0.0613 0.0494 0.1472 0.0210 0.0392 0.0384 0.0152 0.0700 
        D741  4 0.0084 0.0097 0.0125 0.0477 0.0142 0.0094 0.0179 0.0084 0.0134 0.0096 0.8399 0.0088 
        D742  4 0.0499 0.0546 0.0797 0.2987 0.0617 0.0619 0.1016 0.0272 0.0266 0.0275 0.1314 0.0792 
        D743  4 0.0210 0.0471 0.0483 0.1994 0.0174 0.0641 0.0841 0.0205 0.2341 0.1734 0.0518 0.0391 
        D744  4 0.0161 0.0247 0.0179 0.0795 0.0215 0.0235 0.0296 0.0135 0.0374 0.6995 0.0240 0.0129 
        D745  4 0.0131 0.0344 0.0166 0.0122 0.0190 0.0155 0.0164 0.0100 0.0157 0.0226 0.7997 0.0249 
        D814  4 0.0159 0.0422 0.0415 0.0334 0.0083 0.0327 0.1055 0.3036 0.0219 0.0425 0.3078 0.0446 
        D815  4 0.0196 0.0799 0.0491 0.0381 0.0363 0.0620 0.0889 0.0330 0.0804 0.3810 0.0997 0.0319 
        D828  4 0.1151 0.0667 0.0365 0.0144 0.0206 0.0261 0.0664 0.4893 0.0250 0.0837 0.0292 0.0269 
        D845  4 0.0223 0.0126 0.7969 0.0347 0.0121 0.0142 0.0172 0.0098 0.0256 0.0131 0.0266 0.0148 
        D846  4 0.0084 0.0645 0.0434 0.0744 0.0119 0.1412 0.0949 0.0516 0.1600 0.0582 0.0312 0.2605 
        D847  4 0.0309 0.5820 0.0615 0.0273 0.0328 0.0789 0.0544 0.0151 0.0268 0.0202 0.0276 0.0425 
        D848  4 0.0156 0.0215 0.0914 0.0237 0.0109 0.1696 0.0297 0.0232 0.0108 0.0146 0.0068 0.5823 
        D849  4 0.0169 0.0895 0.0224 0.0410 0.0398 0.0419 0.0988 0.0275 0.0370 0.0215 0.2214 0.3423 
        D850  4 0.0686 0.0287 0.1654 0.0952 0.0249 0.2168 0.1178 0.0155 0.0327 0.0357 0.1678 0.0309 
        D856  4 0.0227 0.1171 0.0296 0.0383 0.4275 0.0397 0.1592 0.0181 0.0461 0.0387 0.0263 0.0370 
        D857  4 0.0423 0.0517 0.0112 0.0231 0.4661 0.0138 0.0368 0.2792 0.0110 0.0170 0.0190 0.0290 
        D859  4 0.0276 0.0624 0.0751 0.0255 0.0245 0.0661 0.1042 0.0512 0.0319 0.1877 0.2446 0.0992 
        D860  4 0.4351 0.0442 0.1370 0.0588 0.0130 0.0577 0.0639 0.0518 0.0687 0.0343 0.0158 0.0197 
        D883  4 0.0452 0.0695 0.0544 0.0193 0.0689 0.0712 0.0524 0.0342 0.0555 0.0470 0.0937 0.3887 
        D884  4 0.0184 0.0111 0.0095 0.0104 0.0154 0.0087 0.0162 0.0098 0.0173 0.0180 0.8473 0.0179 
        D885  4 0.0227 0.0440 0.1051 0.1946 0.0470 0.0793 0.1247 0.0092 0.1038 0.0219 0.1047 0.1431 
        D886  4 0.0180 0.2312 0.0369 0.0562 0.0559 0.0917 0.0791 0.0637 0.0770 0.0326 0.0646 0.1931 
        D887  4 0.0346 0.1091 0.1145 0.0417 0.0796 0.1538 0.1110 0.0557 0.0268 0.1880 0.0512 0.0342 
        D889  4 0.0145 0.2199 0.5195 0.0123 0.0108 0.0317 0.0506 0.0116 0.0215 0.0397 0.0511 0.0168 
        D890  4 0.0524 0.0441 0.0332 0.0295 0.1391 0.1371 0.0970 0.1210 0.1482 0.1280 0.0199 0.0504 
        D891  4 0.0099 0.0087 0.8992 0.0095 0.0069 0.0096 0.0112 0.0086 0.0126 0.0081 0.0098 0.0059 
        D899  4 0.0704 0.0591 0.1555 0.2515 0.0202 0.0521 0.1127 0.1244 0.0219 0.0451 0.0271 0.0600 
        D900  4 0.0333 0.4264 0.0358 0.0495 0.0364 0.1043 0.1061 0.0232 0.0529 0.0454 0.0342 0.0525 
        D970  4 0.0256 0.1821 0.0887 0.0303 0.0197 0.0956 0.1009 0.0383 0.0812 0.0555 0.0169 0.2653 
        D971  4 0.0618 0.0408 0.0216 0.4183 0.0549 0.0369 0.0864 0.0607 0.1016 0.0689 0.0165 0.0317 
        D979  4 0.0247 0.0375 0.0224 0.1277 0.0168 0.0722 0.0556 0.0203 0.4477 0.0670 0.0337 0.0744 
        D093  5 0.6044 0.0879 0.0307 0.0179 0.0259 0.0248 0.0480 0.0266 0.0242 0.0188 0.0512 0.0395 
        D154  5 0.0387 0.1067 0.1089 0.1320 0.0583 0.0339 0.1382 0.0354 0.0655 0.0258 0.1990 0.0576 
        D168  5 0.0178 0.0514 0.1047 0.1414 0.0589 0.0617 0.1101 0.0653 0.0916 0.0308 0.1818 0.0845 
        D189  5 0.2894 0.2433 0.1260 0.0218 0.0230 0.0334 0.0687 0.0291 0.0295 0.0254 0.0707 0.0397 
        D190  5 0.3476 0.0252 0.0227 0.0163 0.0279 0.0156 0.0282 0.0299 0.3968 0.0369 0.0285 0.0247 
     D237220  5 0.0999 0.5501 0.0597 0.0225 0.0277 0.0211 0.0541 0.0128 0.0224 0.0164 0.0369 0.0763 
     D237221  5 0.1494 0.0867 0.1201 0.0778 0.0434 0.0365 0.0614 0.0377 0.2978 0.0208 0.0257 0.0427 
     D237274  5 0.0110 0.0207 0.0239 0.0885 0.0309 0.1777 0.0931 0.0371 0.1602 0.1272 0.2167 0.0130 
     D237275  5 0.0336 0.1753 0.0752 0.2914 0.0513 0.0233 0.0993 0.1824 0.0243 0.0093 0.0123 0.0222 
     D237276  5 0.1612 0.1290 0.0186 0.0305 0.0528 0.0301 0.0557 0.0411 0.0533 0.0425 0.3117 0.0735 
     D237277  5 0.3298 0.0310 0.0601 0.0251 0.0271 0.0210 0.0267 0.0242 0.3598 0.0603 0.0183 0.0166 
     D237278  5 0.0572 0.1102 0.0234 0.1848 0.1185 0.0444 0.1290 0.0806 0.0353 0.0894 0.0189 0.1083 
     D237279  5 0.0159 0.0289 0.0293 0.0313 0.4530 0.0951 0.2170 0.0100 0.0198 0.0426 0.0256 0.0315 
     D237280  5 0.0617 0.0926 0.0178 0.0114 0.1493 0.2317 0.1211 0.0421 0.1274 0.0578 0.0203 0.0668 
     D237281  5 0.0365 0.0319 0.3454 0.1184 0.0222 0.0377 0.1014 0.0716 0.0318 0.0218 0.1664 0.0149 
     D237351  5 0.0831 0.0222 0.0214 0.0186 0.6631 0.0300 0.0242 0.0117 0.0325 0.0163 0.0317 0.0452 
     D237352  5 0.0300 0.0292 0.0207 0.1052 0.0260 0.1207 0.0456 0.0243 0.1074 0.0685 0.0286 0.3938 
     D237353  5 0.4047 0.0119 0.0241 0.0114 0.0385 0.0125 0.0178 0.0219 0.4071 0.0280 0.0120 0.0102 
     D237359  5 0.0303 0.5804 0.1071 0.0160 0.0125 0.0284 0.0481 0.0126 0.0652 0.0208 0.0273 0.0513 
     D237361  5 0.6824 0.0263 0.0295 0.0163 0.0548 0.0384 0.0478 0.0199 0.0351 0.0150 0.0187 0.0157 
     D237362  5 0.0392 0.0226 0.0323 0.0375 0.1098 0.0362 0.0490 0.0181 0.4906 0.0252 0.0449 0.0946 
     D237363  5 0.0255 0.0469 0.0393 0.0561 0.0702 0.0430 0.3442 0.0634 0.2481 0.0131 0.0315 0.0188 
     D237364  5 0.0112 0.1742 0.0391 0.0817 0.0881 0.0619 0.0735 0.0206 0.0445 0.0476 0.0411 0.3164 
     D237376  5 0.1009 0.0531 0.0294 0.0146 0.0487 0.0137 0.0374 0.1630 0.0232 0.4549 0.0274 0.0337 
     D237377  5 0.1141 0.0262 0.0224 0.0249 0.3425 0.1010 0.1389 0.0208 0.0950 0.0409 0.0192 0.0541 
     D237378  5 0.3030 0.0346 0.0382 0.0121 0.0227 0.0150 0.0538 0.2470 0.0244 0.0459 0.0275 0.1758 
     D237379  5 0.0685 0.1529 0.0338 0.0360 0.0468 0.0259 0.1466 0.0549 0.1107 0.2070 0.0400 0.0769 
     D237380  5 0.0699 0.0544 0.0137 0.0088 0.2094 0.0274 0.1137 0.1639 0.0259 0.2373 0.0218 0.0537 
     D237381  5 0.0449 0.0477 0.0561 0.0215 0.0500 0.0856 0.1087 0.2307 0.0661 0.0387 0.0774 0.1727 
     D237391  5 0.4730 0.0504 0.0328 0.0238 0.0237 0.0455 0.0305 0.0130 0.2385 0.0202 0.0330 0.0156 
     D237392  5 0.0212 0.0224 0.0388 0.2643 0.0963 0.0939 0.0670 0.0743 0.0865 0.1093 0.1126 0.0133 
     D237393  5 0.1408 0.0411 0.0351 0.0473 0.0626 0.2074 0.0985 0.1357 0.0779 0.0432 0.0559 0.0543 
     D237394  5 0.3931 0.0153 0.0160 0.0109 0.0260 0.0358 0.0193 0.0094 0.4053 0.0289 0.0168 0.0231 
     D237395  5 0.1694 0.4284 0.0263 0.0271 0.0435 0.0377 0.0768 0.0505 0.0561 0.0223 0.0375 0.0245 
     D237396  5 0.0886 0.0218 0.0614 0.1660 0.0420 0.3953 0.0714 0.0113 0.0479 0.0289 0.0257 0.0398 
     D244016  5 0.1267 0.0413 0.0447 0.0829 0.0590 0.0365 0.1190 0.0172 0.3054 0.1316 0.0183 0.0175 
     D244018  5 0.0855 0.0342 0.0805 0.2943 0.0311 0.0439 0.0575 0.0219 0.0316 0.0096 0.0317 0.2782 
     D244019  5 0.0207 0.0687 0.0392 0.0663 0.0212 0.0607 0.0971 0.0372 0.5186 0.0286 0.0298 0.0120 
        D279  5 0.0786 0.1578 0.1907 0.1153 0.0229 0.0288 0.0981 0.0152 0.0555 0.0326 0.0659 0.1387 
        D280  5 0.0724 0.2045 0.1759 0.0155 0.0307 0.2905 0.1012 0.0204 0.0150 0.0319 0.0116 0.0303 
        D281  5 0.0760 0.1510 0.4268 0.0944 0.0200 0.0319 0.0871 0.0245 0.0136 0.0248 0.0338 0.0160 
        D283  5 0.1845 0.0549 0.1531 0.0257 0.0256 0.1847 0.1162 0.0221 0.0820 0.0231 0.0807 0.0473 
        D284  5 0.0228 0.3384 0.0264 0.0485 0.2051 0.0250 0.0971 0.0144 0.0499 0.0418 0.0253 0.1054 
        D285  5 0.2869 0.2278 0.1699 0.0160 0.0316 0.0498 0.0723 0.0135 0.0542 0.0259 0.0316 0.0203 
        D286  5 0.1698 0.2189 0.0341 0.0279 0.0264 0.0667 0.0889 0.0456 0.0701 0.0833 0.0870 0.0813 
        D287  5 0.1015 0.0604 0.0215 0.0117 0.0696 0.0210 0.0748 0.1160 0.0969 0.3699 0.0301 0.0266 
        D288  5 0.0294 0.0429 0.3251 0.0192 0.0267 0.2247 0.1169 0.0189 0.1416 0.0149 0.0209 0.0188 
        D308  5 0.0250 0.0241 0.0144 0.0235 0.6767 0.0483 0.0532 0.0182 0.0451 0.0355 0.0246 0.0114 
        D309  5 0.0161 0.0162 0.0105 0.0138 0.0118 0.0330 0.0237 0.0096 0.0121 0.8275 0.0115 0.0143 
        D310  5 0.6547 0.0630 0.0436 0.0093 0.0124 0.0162 0.1115 0.0151 0.0223 0.0122 0.0246 0.0150 
        D311  5 0.0601 0.0525 0.0214 0.0304 0.0220 0.0391 0.0712 0.0284 0.4957 0.0218 0.0943 0.0631 
        D312  5 0.0465 0.0457 0.0694 0.0280 0.0543 0.2605 0.1194 0.0653 0.0391 0.1375 0.0567 0.0776 
        D313  5 0.0606 0.0206 0.0112 0.0109 0.4968 0.0340 0.0171 0.0098 0.0110 0.0072 0.0090 0.3120 
        D314  5 0.0718 0.0639 0.0600 0.0413 0.0573 0.0585 0.1264 0.0390 0.0691 0.1193 0.1571 0.1363 
        D315  5 0.0673 0.0888 0.0227 0.0170 0.0707 0.1706 0.1072 0.2804 0.0715 0.0564 0.0184 0.0289 
        D317  5 0.6152 0.0291 0.0516 0.0124 0.0187 0.0271 0.0508 0.0406 0.0363 0.0096 0.0508 0.0578 
        D318  5 0.0327 0.1095 0.0443 0.0772 0.0601 0.1719 0.1651 0.0312 0.0567 0.1540 0.0686 0.0288 
        D319  5 0.7315 0.0263 0.0593 0.0180 0.0262 0.0137 0.0287 0.0104 0.0151 0.0125 0.0415 0.0168 
        D320  5 0.4572 0.0499 0.0973 0.0157 0.0289 0.0323 0.0677 0.0263 0.1093 0.0552 0.0340 0.0264 
        D321  5 0.0216 0.0186 0.1259 0.0124 0.5599 0.0694 0.0298 0.0104 0.1011 0.0126 0.0178 0.0206 
        D336  5 0.5998 0.0685 0.0151 0.0134 0.0219 0.0195 0.0849 0.0320 0.0240 0.0414 0.0323 0.0473 
        D337  5 0.6673 0.0151 0.0960 0.0207 0.0147 0.0235 0.0329 0.0218 0.0452 0.0240 0.0233 0.0155 
        D338  5 0.0689 0.3545 0.0422 0.0628 0.0812 0.0464 0.0744 0.0105 0.0352 0.0167 0.0222 0.1852 
        D339  5 0.6137 0.0365 0.0690 0.0190 0.0280 0.0172 0.0628 0.0428 0.0366 0.0107 0.0286 0.0350 
        D347  5 0.0344 0.1015 0.0445 0.0192 0.0104 0.0704 0.0512 0.4810 0.0700 0.0196 0.0664 0.0314 
        D348  5 0.4632 0.0304 0.0778 0.0179 0.0089 0.0237 0.0518 0.1864 0.0466 0.0399 0.0280 0.0255 
        D349  5 0.0245 0.0159 0.0166 0.0156 0.8021 0.0243 0.0170 0.0155 0.0265 0.0199 0.0115 0.0107 
        D350  5 0.0164 0.0166 0.0132 0.0158 0.0153 0.0114 0.0232 0.0139 0.0164 0.8068 0.0357 0.0154 
        D355  5 0.0180 0.1197 0.2139 0.1904 0.0255 0.0276 0.1123 0.0206 0.0362 0.0336 0.1865 0.0156 
        D356  5 0.1191 0.1215 0.0937 0.0223 0.0568 0.2064 0.1057 0.0329 0.1082 0.0424 0.0279 0.0632 
        D357  5 0.0236 0.1255 0.0957 0.0148 0.0330 0.0900 0.1661 0.2517 0.0437 0.0516 0.0837 0.0205 
        D358  5 0.2805 0.0313 0.0416 0.0185 0.0614 0.1258 0.0969 0.0667 0.0407 0.1863 0.0281 0.0223 
        D359  5 0.1279 0.0184 0.0714 0.0173 0.0274 0.1302 0.0940 0.0261 0.2051 0.0277 0.2286 0.0260 
        D360  5 0.2189 0.1022 0.0928 0.0184 0.0349 0.1967 0.1055 0.0289 0.1073 0.0311 0.0262 0.0370 
        D361  5 0.0322 0.0114 0.0113 0.0109 0.8006 0.0175 0.0225 0.0297 0.0186 0.0103 0.0186 0.0163 
        D366  5 0.0265 0.0167 0.0182 0.6484 0.0360 0.0382 0.0214 0.0193 0.1112 0.0166 0.0211 0.0265 
        D367  5 0.4164 0.0515 0.0569 0.0132 0.0725 0.0352 0.1055 0.0208 0.0224 0.0346 0.0388 0.1323 
        D368  5 0.0618 0.0226 0.0357 0.0202 0.4685 0.0724 0.1212 0.0207 0.0783 0.0193 0.0480 0.0312 
        D380  5 0.0189 0.0192 0.0174 0.0380 0.0201 0.1417 0.0495 0.0118 0.0470 0.5906 0.0250 0.0209 
        D381  5 0.3664 0.0303 0.1689 0.0339 0.0162 0.0420 0.1228 0.0240 0.0757 0.0167 0.0579 0.0451 
        D400  5 0.3045 0.1155 0.0726 0.0267 0.0153 0.0224 0.0893 0.0697 0.0396 0.0217 0.0815 0.1413 
        D411  5 0.0086 0.0262 0.0181 0.0155 0.3579 0.0409 0.0342 0.0646 0.0515 0.0290 0.0368 0.3167 
        D412  5 0.1162 0.0514 0.0702 0.0154 0.0133 0.0876 0.1305 0.3903 0.0285 0.0138 0.0366 0.0463 
        D413  5 0.0152 0.0764 0.0215 0.5431 0.0386 0.0247 0.1100 0.0305 0.0551 0.0512 0.0155 0.0184 
        D414  5 0.0224 0.0358 0.0231 0.0531 0.0125 0.0153 0.0330 0.0306 0.0208 0.6982 0.0392 0.0159 
        D420  5 0.0372 0.2330 0.3228 0.0143 0.0465 0.1622 0.0607 0.0174 0.0208 0.0225 0.0153 0.0471 
        D431  5 0.0259 0.0292 0.0720 0.0083 0.1058 0.0230 0.0514 0.0887 0.0513 0.4954 0.0311 0.0178 
        D432  5 0.2182 0.0655 0.0485 0.0154 0.0279 0.1499 0.1173 0.1878 0.0211 0.0490 0.0293 0.0701 
        D433  5 0.4240 0.0211 0.1685 0.0210 0.0666 0.0477 0.0752 0.0488 0.0500 0.0191 0.0362 0.0218 
        D434  5 0.2494 0.1187 0.0904 0.0202 0.0302 0.0718 0.1327 0.0306 0.0608 0.0297 0.1119 0.0535 
        D440  5 0.0270 0.0828 0.0136 0.0210 0.0189 0.0117 0.0269 0.0107 0.0190 0.6902 0.0208 0.0574 
        D447  5 0.0167 0.0553 0.0191 0.0386 0.0225 0.0916 0.0869 0.1172 0.0303 0.0657 0.4427 0.0134 
        D448  5 0.2193 0.0375 0.0343 0.0109 0.0159 0.0257 0.0512 0.3598 0.0350 0.0193 0.1577 0.0332 
        D459  5 0.0227 0.0141 0.2895 0.4192 0.0144 0.0194 0.0391 0.0172 0.0136 0.0175 0.1137 0.0196 
        D460  5 0.0248 0.0135 0.0120 0.0151 0.7138 0.1050 0.0188 0.0101 0.0392 0.0239 0.0152 0.0085 
        D461  5 0.0102 0.0170 0.0171 0.0163 0.0117 0.0395 0.0213 0.0106 0.0263 0.7932 0.0147 0.0220 
        D468  5 0.0340 0.0219 0.0156 0.0296 0.4703 0.0291 0.0475 0.0210 0.1998 0.0356 0.0522 0.0436 
        D469  5 0.0622 0.0819 0.0348 0.0346 0.1351 0.1085 0.1107 0.0127 0.1137 0.0879 0.0580 0.1600 
        D470  5 0.0294 0.0228 0.0206 0.0105 0.0166 0.0254 0.0629 0.1064 0.0561 0.0291 0.3900 0.2302 
        D471  5 0.2701 0.1371 0.0648 0.0278 0.0210 0.0330 0.0678 0.0757 0.1008 0.0571 0.1278 0.0169 
        D472  5 0.0181 0.0494 0.0845 0.1792 0.0106 0.1486 0.0628 0.0203 0.3557 0.0183 0.0333 0.0190 
        D479  5 0.0139 0.0123 0.0129 0.0559 0.0112 0.0194 0.0284 0.7440 0.0274 0.0310 0.0156 0.0279 
        D485  5 0.0287 0.0864 0.0331 0.0308 0.0434 0.0343 0.0689 0.0821 0.0554 0.4591 0.0441 0.0337 
        D486  5 0.0322 0.0905 0.0200 0.0579 0.2960 0.0283 0.0809 0.0193 0.1228 0.0603 0.0309 0.1608 
        D487  5 0.2753 0.0473 0.1243 0.0265 0.0181 0.0505 0.1093 0.1666 0.0317 0.0547 0.0365 0.0594 
        D555  5 0.7321 0.0337 0.0317 0.0371 0.0120 0.0188 0.0303 0.0359 0.0303 0.0162 0.0096 0.0124 
        D556  5 0.0444 0.0420 0.2078 0.0164 0.0541 0.0439 0.0773 0.0180 0.0721 0.3639 0.0213 0.0387 
        D557  5 0.5888 0.0154 0.0266 0.0570 0.0391 0.0282 0.0547 0.0529 0.0533 0.0241 0.0166 0.0434 
        D564  5 0.0735 0.0369 0.0164 0.0195 0.1419 0.0973 0.0953 0.0826 0.0944 0.2986 0.0182 0.0254 
        D594  5 0.0452 0.0757 0.0578 0.0398 0.0225 0.0913 0.2633 0.1600 0.0869 0.0334 0.0602 0.0640 
        D595  5 0.1799 0.0553 0.0483 0.0352 0.1064 0.0665 0.1114 0.0809 0.1330 0.0715 0.0720 0.0396 
        D596  5 0.5478 0.0412 0.0307 0.0164 0.0166 0.0272 0.0293 0.1050 0.1378 0.0167 0.0095 0.0216 
        D597  5 0.1684 0.0541 0.1902 0.3092 0.0120 0.0276 0.0694 0.0310 0.0472 0.0299 0.0378 0.0232 
        D598  5 0.2355 0.0716 0.0350 0.0272 0.0306 0.0435 0.0973 0.0952 0.0555 0.1422 0.0369 0.1295 
        D617  5 0.0123 0.0190 0.0336 0.0265 0.0276 0.0451 0.0492 0.4648 0.0336 0.0158 0.1151 0.1572 
        D618  5 0.3271 0.0434 0.0486 0.0230 0.0314 0.0247 0.0315 0.0211 0.3744 0.0268 0.0258 0.0221 
        D619  5 0.0458 0.0210 0.0532 0.0172 0.1262 0.1145 0.1484 0.3161 0.0663 0.0442 0.0348 0.0122 
        D620  5 0.0307 0.0308 0.0629 0.5975 0.0157 0.0395 0.0296 0.0459 0.0348 0.0132 0.0430 0.0564 
        D628  5 0.0379 0.0310 0.0096 0.0150 0.0155 0.0159 0.0226 0.0384 0.0135 0.7692 0.0142 0.0171 
        D714  5 0.0512 0.0160 0.2622 0.0193 0.0428 0.0344 0.0650 0.0322 0.0896 0.3118 0.0322 0.0433 
        D715  5 0.2397 0.0218 0.0583 0.0418 0.0262 0.0381 0.0248 0.0162 0.4736 0.0252 0.0205 0.0139 
        D716  5 0.0347 0.0895 0.1099 0.0368 0.0139 0.0540 0.0739 0.2847 0.0914 0.0340 0.0923 0.0850 
        D717  5 0.1394 0.1906 0.0873 0.0845 0.0394 0.0529 0.0810 0.0126 0.1444 0.0960 0.0196 0.0523 
        D718  5 0.0860 0.1908 0.0444 0.0199 0.1244 0.0117 0.1508 0.1338 0.0215 0.0535 0.1238 0.0394 
        D769  5 0.0177 0.0284 0.0177 0.0116 0.0119 0.0333 0.0465 0.4029 0.0137 0.0135 0.2730 0.1298 
        D770  5 0.0233 0.0132 0.0350 0.1183 0.0340 0.0304 0.0647 0.0357 0.1270 0.4595 0.0341 0.0249 
        D771  5 0.0495 0.2392 0.0762 0.0435 0.0254 0.0877 0.1146 0.1523 0.0343 0.1059 0.0353 0.0361 
        D772  5 0.0338 0.0193 0.0433 0.0234 0.0207 0.0633 0.0308 0.0135 0.1305 0.5519 0.0188 0.0507 
        D782  5 0.0212 0.0430 0.2745 0.0247 0.2435 0.1112 0.1677 0.0227 0.0229 0.0231 0.0229 0.0228 
        D783  5 0.1378 0.0258 0.0359 0.1742 0.0235 0.0289 0.1451 0.0470 0.0407 0.2597 0.0525 0.0290 
        D784  5 0.0288 0.1265 0.0708 0.0821 0.0301 0.0660 0.1091 0.0145 0.2645 0.1488 0.0232 0.0354 
        D785  5 0.2445 0.0248 0.0155 0.0170 0.0608 0.0150 0.0331 0.0143 0.4099 0.1189 0.0182 0.0280 
        D786  5 0.0174 0.0553 0.0170 0.1424 0.0392 0.0508 0.0723 0.0442 0.1104 0.0811 0.0306 0.3392 
        D821  5 0.4281 0.0224 0.0266 0.0103 0.0257 0.0098 0.0163 0.0087 0.4032 0.0264 0.0116 0.0109 
        D822  5 0.0398 0.1207 0.0624 0.0823 0.0450 0.0873 0.1148 0.0430 0.2439 0.0463 0.0948 0.0198 
        D826  5 0.2248 0.0661 0.2057 0.1103 0.0537 0.0384 0.1220 0.0227 0.0272 0.0356 0.0430 0.0505 
        D827  5 0.0159 0.0192 0.0270 0.0800 0.0147 0.0579 0.1079 0.0236 0.1375 0.0275 0.4735 0.0153 
        D851  5 0.0652 0.0537 0.0278 0.0220 0.0674 0.2339 0.2308 0.0649 0.0991 0.0594 0.0289 0.0469 
        D852  5 0.1020 0.0273 0.2699 0.0214 0.0224 0.0178 0.0782 0.1215 0.0226 0.1898 0.0488 0.0781 
        D853  5 0.1908 0.2321 0.1151 0.0385 0.0413 0.0683 0.1053 0.0305 0.0765 0.0282 0.0494 0.0240 
        D854  5 0.0126 0.0683 0.1103 0.0432 0.1811 0.0420 0.1137 0.0808 0.1539 0.0391 0.1316 0.0234 
        D861  5 0.0996 0.0761 0.1069 0.0470 0.0985 0.0221 0.1287 0.0540 0.1002 0.0281 0.1946 0.0443 
        D862  5 0.1119 0.0352 0.0725 0.0506 0.0456 0.1704 0.1348 0.0180 0.1287 0.0590 0.1317 0.0416 
        D865  5 0.3361 0.0322 0.0698 0.0183 0.1032 0.0730 0.0663 0.1743 0.0338 0.0446 0.0207 0.0276 
        D868  5 0.1372 0.2200 0.0711 0.0366 0.0248 0.0857 0.0966 0.0188 0.0888 0.0270 0.1250 0.0685 
