        D023  2 0.0228 0.8120 0.0374 0.0278 0.1000 
        D130  2 0.1270 0.1200 0.5608 0.0326 0.1596 
        D131  2 0.0500 0.2905 0.2192 0.1233 0.3170 
        D163  2 0.0846 0.4270 0.2785 0.1488 0.0611 
        D164  2 0.0660 0.0703 0.3091 0.0227 0.5318 
        D165  2 0.0397 0.6761 0.1090 0.0375 0.1376 
        D166  2 0.4175 0.1762 0.2765 0.0544 0.0755 
        D167  2 0.3872 0.0407 0.0257 0.0424 0.5039 
        D192  2 0.3232 0.0395 0.0214 0.0504 0.5655 
        D193  2 0.8357 0.0427 0.0542 0.0354 0.0320 
        D206  2 0.0794 0.3249 0.1942 0.0370 0.3645 
        D207  2 0.1382 0.1025 0.0777 0.1170 0.5645 
        D208  2 0.1575 0.0767 0.0582 0.6206 0.0870 
        D209  2 0.3578 0.2731 0.0435 0.0444 0.2812 
        D210  2 0.1212 0.0723 0.0396 0.6128 0.1541 
     D229599  2 0.0942 0.6999 0.0408 0.1210 0.0441 
     D229600  2 0.2756 0.0882 0.1831 0.0530 0.4001 
     D237227  2 0.0814 0.0872 0.1639 0.6166 0.0509 
     D237228  2 0.1210 0.0314 0.5603 0.2205 0.0668 
     D237258  2 0.2114 0.2874 0.1613 0.1896 0.1503 
     D237310  2 0.0507 0.0216 0.8502 0.0423 0.0352 
     D237311  2 0.0746 0.0260 0.7123 0.0478 0.1393 
     D237312  2 0.1066 0.0435 0.7612 0.0427 0.0460 
     D237313  2 0.1092 0.4996 0.1882 0.1055 0.0974 
     D237322  2 0.1694 0.0609 0.2075 0.4577 0.1045 
     D237323  2 0.0848 0.0256 0.6642 0.1909 0.0345 
     D237324  2 0.1687 0.1021 0.1405 0.0572 0.5316 
     D237325  2 0.2002 0.0356 0.6040 0.0609 0.0993 
     D237326  2 0.0740 0.1116 0.4939 0.1151 0.2054 
     D237327  2 0.1232 0.1280 0.0506 0.5138 0.1844 
     D237337  2 0.0296 0.0337 0.8690 0.0406 0.0271 
     D237338  2 0.1398 0.1199 0.3434 0.2416 0.1553 
     D237339  2 0.1414 0.1520 0.0323 0.0337 0.6406 
     D237340  2 0.2866 0.0385 0.3183 0.1927 0.1639 
     D237389  2 0.1196 0.0351 0.7718 0.0230 0.0505 
     D237390  2 0.1568 0.0500 0.6346 0.1012 0.0574 
     D244017  2 0.4474 0.1122 0.0357 0.2529 0.1518 
     D244112  2 0.4024 0.0297 0.0573 0.0344 0.4763 
     D244118  2 0.4298 0.0559 0.0352 0.0405 0.4386 
     D244119  2 0.1879 0.0416 0.0465 0.3591 0.3649 
     D244120  2 0.6725 0.0562 0.0861 0.0746 0.1106 
     D244122  2 0.4213 0.0560 0.0456 0.0526 0.4244 
        D291  2 0.0963 0.1429 0.0554 0.5345 0.1709 
        D292  2 0.2203 0.2756 0.0403 0.3359 0.1279 
        D293  2 0.0206 0.0246 0.0195 0.0186 0.9167 
        D322  2 0.0304 0.0843 0.0306 0.0337 0.8211 
        D323  2 0.2412 0.1878 0.0938 0.0830 0.3942 
        D324  2 0.0525 0.1861 0.1007 0.4436 0.2170 
        D325  2 0.0205 0.0345 0.0312 0.0319 0.8819 
        D326  2 0.0401 0.6500 0.0421 0.0745 0.1933 
        D340  2 0.0270 0.0260 0.0257 0.0402 0.8812 
        D341  2 0.0605 0.0413 0.1107 0.0615 0.7261 
        D342  2 0.2639 0.1479 0.0652 0.0540 0.4690 
        D343  2 0.0156 0.0196 0.0197 0.0190 0.9260 
        D344  2 0.1818 0.6356 0.0737 0.0302 0.0787 
        D345  2 0.0566 0.8148 0.0227 0.0613 0.0446 
        D346  2 0.0961 0.2375 0.1400 0.3229 0.2035 
        D351  2 0.0528 0.3932 0.1035 0.1135 0.3371 
        D352  2 0.2202 0.4203 0.0924 0.0813 0.1858 
        D353  2 0.0808 0.6621 0.0562 0.0543 0.1467 
        D354  2 0.0830 0.8058 0.0367 0.0406 0.0339 
        D362  2 0.0539 0.7919 0.0446 0.0423 0.0672 
        D363  2 0.0442 0.8242 0.0347 0.0508 0.0461 
        D364  2 0.0429 0.8728 0.0290 0.0247 0.0307 
        D365  2 0.0152 0.0202 0.0237 0.0253 0.9157 
        D369  2 0.1042 0.1661 0.3101 0.1784 0.2412 
        D374  2 0.8724 0.0319 0.0256 0.0412 0.0289 
        D375  2 0.1297 0.7558 0.0523 0.0232 0.0389 
        D376  2 0.7836 0.0568 0.0468 0.0597 0.0531 
        D377  2 0.1257 0.2237 0.3723 0.1207 0.1576 
        D378  2 0.0390 0.3494 0.0287 0.0587 0.5241 
        D379  2 0.0970 0.6055 0.0696 0.0649 0.1630 
        D384  2 0.0493 0.6010 0.0704 0.0936 0.1857 
        D385  2 0.0415 0.0644 0.0523 0.0355 0.8063 
        D386  2 0.0515 0.7513 0.0293 0.0405 0.1273 
        D391  2 0.0334 0.0374 0.0336 0.0247 0.8709 
        D392  2 0.0563 0.1024 0.0863 0.0601 0.6949 
        D393  2 0.0376 0.5070 0.0493 0.1264 0.2796 
        D394  2 0.4818 0.1741 0.1225 0.0822 0.1394 
        D395  2 0.0722 0.1758 0.0660 0.0513 0.6348 
        D401  2 0.0332 0.0181 0.8779 0.0440 0.0268 
        D402  2 0.0346 0.0481 0.0301 0.0480 0.8393 
        D403  2 0.1278 0.6528 0.0752 0.0384 0.1057 
        D415  2 0.0380 0.4496 0.2900 0.0282 0.1943 
        D435  2 0.0503 0.2506 0.0748 0.0422 0.5822 
        D436  2 0.3827 0.2167 0.1375 0.0507 0.2125 
        D438  2 0.0230 0.0251 0.0288 0.0287 0.8944 
        D439  2 0.0590 0.7528 0.0265 0.0337 0.1280 
        D449  2 0.1253 0.2256 0.0488 0.0352 0.5650 
        D450  2 0.1700 0.4546 0.2084 0.1184 0.0486 
        D456  2 0.0318 0.6336 0.0367 0.0841 0.2137 
        D462  2 0.0321 0.0478 0.0201 0.0215 0.8785 
        D463  2 0.0553 0.7046 0.0318 0.0510 0.1573 
        D464  2 0.1740 0.3990 0.1108 0.0501 0.2661 
        D465  2 0.0312 0.0558 0.2413 0.0343 0.6374 
        D473  2 0.1058 0.0988 0.2670 0.4438 0.0846 
        D474  2 0.0471 0.5828 0.0525 0.2273 0.0904 
        D476  2 0.0805 0.4527 0.1196 0.0410 0.3062 
        D477  2 0.0646 0.6872 0.0542 0.1275 0.0665 
        D478  2 0.1599 0.5829 0.0429 0.1251 0.0891 
        D480  2 0.0815 0.2126 0.0735 0.1412 0.4912 
        D481  2 0.1068 0.5577 0.0411 0.1922 0.1023 
        D482  2 0.1835 0.1542 0.1049 0.4987 0.0588 
        D483  2 0.2607 0.0426 0.0258 0.0862 0.5847 
        D484  2 0.3192 0.2653 0.0803 0.1219 0.2133 
        D510  2 0.6364 0.0474 0.0410 0.2229 0.0522 
        D511  2 0.0779 0.5297 0.0459 0.0478 0.2987 
        D512  2 0.0304 0.0319 0.8451 0.0243 0.0683 
        D513  2 0.0411 0.0890 0.0744 0.1035 0.6920 
        D635  2 0.0238 0.8308 0.0284 0.0488 0.0681 
        D636  2 0.0395 0.6848 0.1381 0.0431 0.0945 
        D637  2 0.1626 0.1968 0.2696 0.1065 0.2645 
        D658  2 0.1702 0.0685 0.2313 0.0656 0.4644 
        D659  2 0.2000 0.5397 0.0671 0.0881 0.1051 
        D677  2 0.1730 0.1657 0.4442 0.0675 0.1496 
        D678  2 0.4942 0.0813 0.0511 0.0339 0.3396 
        D679  2 0.0524 0.4641 0.0732 0.1530 0.2573 
        D719  2 0.0970 0.1241 0.0690 0.2611 0.4487 
        D720  2 0.0538 0.2870 0.0774 0.1686 0.4133 
        D721  2 0.0409 0.6256 0.0565 0.0754 0.2017 
        D722  2 0.7809 0.0462 0.0488 0.0589 0.0652 
        D734  2 0.1800 0.1516 0.0487 0.1762 0.4436 
        D735  2 0.0604 0.4672 0.0670 0.1155 0.2899 
        D736  2 0.0787 0.1767 0.0713 0.5982 0.0752 
        D737  2 0.4871 0.0977 0.0505 0.1227 0.2421 
        D807  2 0.1511 0.2718 0.1398 0.2842 0.1531 
        D808  2 0.0687 0.1233 0.4187 0.0706 0.3188 
        D817  2 0.0877 0.5416 0.1510 0.0885 0.1311 
        D818  2 0.0482 0.2825 0.1121 0.1209 0.4362 
        D819  2 0.0755 0.3034 0.4650 0.0776 0.0786 
        D820  2 0.1029 0.1617 0.0624 0.0425 0.6305 
        D895  2 0.2228 0.5369 0.0950 0.0582 0.0870 
        D896  2 0.0371 0.0215 0.8745 0.0403 0.0267 
        D897  2 0.1881 0.0715 0.0956 0.0768 0.5680 
        D898  2 0.1456 0.4005 0.1986 0.2136 0.0417 
        D918  2 0.0558 0.0706 0.6176 0.1277 0.1283 
        D919  2 0.1132 0.4929 0.0314 0.0515 0.3110 
        D920  2 0.3110 0.1021 0.4178 0.0496 0.1196 
        D923  2 0.0559 0.7652 0.0382 0.0315 0.1092 
        D930  2 0.0861 0.3769 0.1901 0.0990 0.2480 
        D931  2 0.1045 0.4510 0.1116 0.0824 0.2506 
        D968  2 0.0407 0.0367 0.0199 0.0451 0.8576 
        D969  2 0.0886 0.4587 0.0528 0.2510 0.1489 
        D977  2 0.0525 0.0706 0.1000 0.0477 0.7292 
        D978  2 0.1229 0.2480 0.0557 0.3407 0.2326 
        D009  4 0.2647 0.1326 0.4926 0.0575 0.0527 
        D057  4 0.3774 0.0774 0.0824 0.0584 0.4044 
        D109  4 0.0616 0.0535 0.8167 0.0428 0.0254 
     D237222  4 0.6273 0.0736 0.0844 0.0598 0.1550 
     D237223  4 0.2403 0.0344 0.3096 0.0839 0.3319 
     D237224  4 0.1169 0.5853 0.0364 0.1529 0.1085 
     D237225  4 0.2361 0.2378 0.2245 0.1190 0.1826 
     D237299  4 0.0500 0.0786 0.6362 0.1210 0.1142 
     D237300  4 0.0945 0.0466 0.0903 0.7185 0.0502 
     D237306  4 0.4282 0.0902 0.2843 0.1036 0.0937 
     D237307  4 0.1861 0.1647 0.2204 0.2775 0.1513 
     D237308  4 0.2806 0.1172 0.0674 0.1032 0.4316 
     D237309  4 0.2673 0.4630 0.1117 0.0623 0.0956 
     D237317  4 0.2018 0.4777 0.0562 0.1944 0.0698 
     D237318  4 0.0616 0.0526 0.0564 0.6835 0.1459 
     D237319  4 0.2559 0.1242 0.4603 0.0708 0.0889 
     D237320  4 0.0917 0.0547 0.5246 0.1066 0.2224 
     D237321  4 0.0959 0.1034 0.0762 0.6620 0.0625 
     D237397  4 0.4390 0.0376 0.1906 0.1410 0.1918 
     D237398  4 0.0413 0.1918 0.0644 0.5294 0.1732 
     D237399  4 0.0843 0.1470 0.0708 0.6104 0.0876 
     D244001  4 0.6637 0.0758 0.0736 0.0266 0.1603 
        D289  4 0.1801 0.1931 0.0722 0.2508 0.3038 
        D290  4 0.6094 0.0514 0.0566 0.2001 0.0825 
        D294  4 0.3342 0.2981 0.0589 0.2092 0.0996 
        D295  4 0.2590 0.1330 0.4119 0.0925 0.1037 
        D301  4 0.4238 0.0721 0.2827 0.1559 0.0655 
        D302  4 0.1226 0.7226 0.0295 0.0477 0.0777 
        D303  4 0.2785 0.0594 0.2455 0.3476 0.0691 
        D304  4 0.3469 0.1292 0.0464 0.4226 0.0550 
        D305  4 0.4715 0.2376 0.0465 0.0477 0.1966 
        D306  4 0.6511 0.1093 0.0622 0.1126 0.0648 
        D307  4 0.2181 0.1257 0.3437 0.2381 0.0744 
        D327  4 0.1112 0.3568 0.1741 0.0978 0.2601 
        D328  4 0.4863 0.1012 0.2306 0.1249 0.0571 
        D329  4 0.4893 0.2059 0.0429 0.1298 0.1321 
        D330  4 0.1670 0.3471 0.2069 0.0291 0.2499 
        D331  4 0.2283 0.1568 0.0846 0.4534 0.0768 
        D333  4 0.6018 0.0651 0.1498 0.0707 0.1126 
        D334  4 0.1949 0.0845 0.0789 0.5788 0.0629 
        D335  4 0.1692 0.4427 0.0404 0.0400 0.3077 
        D370  4 0.7165 0.1015 0.0720 0.0549 0.0552 
        D371  4 0.3329 0.1544 0.2023 0.2208 0.0896 
        D372  4 0.1381 0.0277 0.0299 0.7615 0.0428 
        D373  4 0.1234 0.3923 0.1698 0.1259 0.1886 
        D455  4 0.2670 0.2170 0.1994 0.1797 0.1369 
        D490  4 0.0688 0.0255 0.8583 0.0269 0.0205 
        D497  4 0.0633 0.0567 0.7986 0.0505 0.0308 
        D498  4 0.3209 0.0749 0.1192 0.4044 0.0807 
        D499  4 0.1467 0.1539 0.2770 0.1416 0.2807 
        D514  4 0.1620 0.4896 0.2248 0.0504 0.0732 
        D515  4 0.0728 0.0617 0.7143 0.0354 0.1158 
        D516  4 0.3280 0.0661 0.2529 0.0772 0.2759 
        D517  4 0.3431 0.2328 0.1565 0.1682 0.0995 
        D518  4 0.4746 0.1119 0.0924 0.0340 0.2870 
        D519  4 0.0516 0.0417 0.7336 0.0553 0.1177 
        D560  4 0.1078 0.0789 0.5763 0.0573 0.1797 
        D561  4 0.0617 0.3693 0.1390 0.0395 0.3905 
        D562  4 0.3962 0.2218 0.0887 0.1511 0.1423 
        D563  4 0.0764 0.2399 0.1014 0.0623 0.5201 
        D572  4 0.3801 0.2397 0.0781 0.0554 0.2468 
        D629  4 0.0495 0.6924 0.0842 0.0960 0.0779 
        D630  4 0.3261 0.2285 0.1621 0.1654 0.1178 
        D631  4 0.3283 0.0840 0.1089 0.0622 0.4165 
        D632  4 0.0969 0.4765 0.1857 0.0273 0.2136 
        D646  4 0.2390 0.0910 0.2773 0.0343 0.3584 
        D647  4 0.2841 0.2245 0.1170 0.0396 0.3348 
        D648  4 0.6595 0.0834 0.1365 0.0446 0.0759 
        D649  4 0.0485 0.6219 0.2373 0.0461 0.0462 
        D650  4 0.0595 0.1581 0.5203 0.1047 0.1574 
        D708  4 0.3960 0.1983 0.2019 0.1377 0.0661 
        D709  4 0.4591 0.1513 0.2005 0.1078 0.0813 
        D738  4 0.3619 0.0626 0.2296 0.2343 0.1115 
        D739  4 0.4202 0.0943 0.3235 0.0924 0.0695 
        D740  4 0.1181 0.1073 0.2847 0.3964 0.0935 
        D741  4 0.0706 0.0381 0.4776 0.0281 0.3856 
        D742  4 0.0759 0.0636 0.1778 0.1147 0.5680 
        D743  4 0.0856 0.4243 0.0824 0.0801 0.3277 
        D744  4 0.0586 0.5339 0.0625 0.0507 0.2943 
        D745  4 0.0413 0.0371 0.8152 0.0456 0.0608 
        D814  4 0.4127 0.1477 0.0854 0.0642 0.2899 
        D815  4 0.3199 0.4026 0.0658 0.0819 0.1299 
        D828  4 0.6901 0.0496 0.0755 0.1202 0.0646 
        D845  4 0.0337 0.0335 0.0266 0.8277 0.0784 
        D846  4 0.1202 0.5467 0.0431 0.0509 0.2392 
        D847  4 0.0783 0.1990 0.1987 0.4076 0.1164 
        D848  4 0.1865 0.2024 0.0862 0.2947 0.2302 
        D849  4 0.2448 0.0603 0.4994 0.0445 0.1511 
        D850  4 0.0540 0.2555 0.0888 0.2923 0.3094 
        D856  4 0.1490 0.2364 0.4296 0.0683 0.1166 
        D857  4 0.2688 0.0326 0.5950 0.0427 0.0610 
        D859  4 0.3383 0.3338 0.1349 0.0750 0.1180 
        D860  4 0.1211 0.1206 0.0227 0.5495 0.1860 
        D883  4 0.3393 0.1319 0.3729 0.1035 0.0525 
        D884  4 0.2142 0.0420 0.6202 0.0343 0.0893 
        D885  4 0.0317 0.1194 0.3723 0.1066 0.3700 
        D886  4 0.3844 0.1722 0.1690 0.0885 0.1859 
        D887  4 0.1471 0.3088 0.2053 0.2289 0.1099 
        D889  4 0.2401 0.0906 0.0308 0.6035 0.0350 
        D890  4 0.2359 0.3401 0.1684 0.1355 0.1201 
        D891  4 0.0214 0.0310 0.0232 0.8935 0.0309 
        D899  4 0.2556 0.0683 0.0489 0.1913 0.4358 
        D900  4 0.1839 0.3679 0.1497 0.1514 0.1470 
        D970  4 0.1841 0.3650 0.0463 0.2549 0.1497 
        D971  4 0.0928 0.1342 0.0554 0.0525 0.6652 
        D979  4 0.1407 0.5028 0.0345 0.0472 0.2749 
        D093  5 0.2217 0.0554 0.1643 0.5165 0.0421 
        D154  5 0.1840 0.0955 0.3190 0.0974 0.3041 
        D168  5 0.1530 0.1003 0.3247 0.0847 0.3373 
        D189  5 0.3312 0.0438 0.0704 0.4601 0.0944 
        D190  5 0.2182 0.1179 0.1315 0.4105 0.1219 
     D237220  5 0.1256 0.0555 0.2057 0.5529 0.0602 
     D237221  5 0.0932 0.1189 0.0773 0.5379 0.1728 
     D237274  5 0.0452 0.7213 0.0330 0.0259 0.1746 
     D237275  5 0.2044 0.0357 0.0767 0.1495 0.5337 
     D237276  5 0.3505 0.0708 0.3177 0.1303 0.1307 
     D237277  5 0.0641 0.0828 0.0484 0.7434 0.0613 
     D237278  5 0.2481 0.1067 0.2632 0.0814 0.3005 
     D237279  5 0.0401 0.2673 0.5100 0.0756 0.1071 
     D237280  5 0.2067 0.4657 0.1750 0.1086 0.0440 
     D237281  5 0.1257 0.0916 0.0440 0.1461 0.5926 
     D237351  5 0.0293 0.0343 0.8410 0.0510 0.0445 
     D237352  5 0.1688 0.2892 0.1619 0.0777 0.3024 
     D237353  5 0.1242 0.0785 0.0499 0.7040 0.0434 
     D237359  5 0.1009 0.0946 0.1633 0.5777 0.0634 
     D237361  5 0.0840 0.0465 0.0481 0.7771 0.0443 
     D237362  5 0.1061 0.2278 0.4103 0.0927 0.1632 
     D237363  5 0.1272 0.1846 0.2039 0.0856 0.3988 
     D237364  5 0.0718 0.1579 0.4963 0.0468 0.2272 
     D237376  5 0.5662 0.0397 0.2014 0.1341 0.0586 
     D237377  5 0.0964 0.3822 0.3629 0.0935 0.0650 
     D237378  5 0.5710 0.0395 0.1020 0.2451 0.0423 
     D237379  5 0.3236 0.1285 0.2411 0.2254 0.0813 
     D237380  5 0.6021 0.1527 0.1803 0.0396 0.0253 
     D237381  5 0.4327 0.1958 0.1446 0.0787 0.1482 
     D237391  5 0.0350 0.0543 0.0401 0.8308 0.0398 
     D237392  5 0.0719 0.3553 0.0792 0.0320 0.4616 
     D237393  5 0.3421 0.3592 0.0658 0.1173 0.1155 
     D237394  5 0.0767 0.1149 0.0573 0.7104 0.0408 
     D237395  5 0.1404 0.0786 0.1766 0.5228 0.0816 
     D237396  5 0.0372 0.5071 0.0501 0.1541 0.2514 
     D244016  5 0.0987 0.2872 0.0644 0.2492 0.3005 
     D244018  5 0.1025 0.0501 0.0812 0.2904 0.4758 
     D244019  5 0.1015 0.3891 0.0650 0.1266 0.3178 
        D279  5 0.0796 0.0684 0.3113 0.3323 0.2084 
        D280  5 0.0508 0.2178 0.0591 0.6220 0.0503 
        D281  5 0.1024 0.0388 0.0469 0.4607 0.3512 
        D283  5 0.0895 0.2528 0.0674 0.4876 0.1026 
        D284  5 0.0656 0.0638 0.7012 0.0805 0.0889 
        D285  5 0.0591 0.0672 0.0372 0.8013 0.0354 
        D286  5 0.3324 0.2114 0.0971 0.2755 0.0837 
        D287  5 0.3774 0.0534 0.3368 0.1964 0.0360 
        D288  5 0.0595 0.3189 0.0504 0.4722 0.0989 
        D308  5 0.0481 0.2090 0.6278 0.0572 0.0579 
        D309  5 0.1148 0.5332 0.0455 0.0381 0.2684 
        D310  5 0.3374 0.0480 0.0566 0.5221 0.0358 
        D311  5 0.2882 0.1794 0.2088 0.0948 0.2288 
        D312  5 0.2610 0.3326 0.1164 0.1721 0.1178 
        D313  5 0.0530 0.0310 0.8626 0.0293 0.0241 
        D314  5 0.1434 0.1270 0.4596 0.1167 0.1533 
        D315  5 0.3216 0.3924 0.0796 0.1310 0.0754 
        D317  5 0.5346 0.0612 0.0771 0.2795 0.0476 
        D318  5 0.0966 0.4123 0.1492 0.1445 0.1974 
        D319  5 0.3270 0.0405 0.1027 0.4108 0.1191 
        D320  5 0.1325 0.0634 0.0580 0.7067 0.0395 
        D321  5 0.0356 0.0762 0.5697 0.2768 0.0416 
        D336  5 0.5832 0.0709 0.0814 0.2261 0.0385 
        D337  5 0.2474 0.0422 0.0352 0.6193 0.0559 
        D338  5 0.0824 0.1108 0.4742 0.1917 0.1408 
        D339  5 0.4322 0.0437 0.1296 0.3249 0.0695 
        D347  5 0.7089 0.1573 0.0219 0.0479 0.0640 
        D348  5 0.6717 0.0723 0.0254 0.1814 0.0492 
        D349  5 0.0403 0.0947 0.7338 0.0923 0.0390 
        D350  5 0.1564 0.3463 0.1202 0.0469 0.3302 
        D355  5 0.0927 0.1195 0.0692 0.1276 0.5910 
        D356  5 0.1113 0.2143 0.0997 0.5298 0.0449 
        D357  5 0.4192 0.2726 0.1049 0.1349 0.0684 
        D358  5 0.2029 0.2846 0.1194 0.3163 0.0768 
        D359  5 0.1915 0.4966 0.0660 0.1582 0.0877 
        D360  5 0.0811 0.1539 0.0761 0.6453 0.0435 
        D361  5 0.0348 0.0307 0.8839 0.0242 0.0264 
        D366  5 0.0524 0.1034 0.0835 0.0466 0.7141 
        D367  5 0.4506 0.0664 0.2735 0.1665 0.0430 
        D368  5 0.0578 0.1460 0.6655 0.0664 0.0644 
        D380  5 0.0511 0.6196 0.0751 0.0591 0.1951 
        D381  5 0.3380 0.1674 0.0596 0.3188 0.1162 
        D400  5 0.6063 0.0434 0.0536 0.1867 0.1100 
        D411  5 0.0236 0.0267 0.9097 0.0158 0.0243 
        D412  5 0.7056 0.0882 0.0245 0.1004 0.0814 
        D413  5 0.0379 0.1252 0.0654 0.0395 0.7321 
        D414  5 0.2244 0.1977 0.0990 0.0705 0.4083 
        D420  5 0.0599 0.1127 0.1288 0.6503 0.0483 
        D431  5 0.2055 0.0990 0.4562 0.2017 0.0376 
        D432  5 0.3213 0.1716 0.0501 0.3948 0.0623 
        D433  5 0.4296 0.0800 0.1024 0.3125 0.0754 
        D434  5 0.3349 0.1087 0.0920 0.3765 0.0879 
        D440  5 0.1964 0.2891 0.1744 0.0421 0.2981 
        D447  5 0.1107 0.4978 0.0722 0.0455 0.2738 
        D448  5 0.7826 0.0605 0.0522 0.0713 0.0334 
        D459  5 0.0484 0.0373 0.0318 0.0864 0.7960 
        D460  5 0.0301 0.1801 0.6724 0.0653 0.0520 
        D461  5 0.1162 0.5525 0.0546 0.0493 0.2273 
        D468  5 0.0674 0.0728 0.7488 0.0419 0.0691 
        D469  5 0.0738 0.2292 0.4971 0.1353 0.0647 
        D470  5 0.6543 0.0821 0.1527 0.0430 0.0680 
        D471  5 0.4615 0.0943 0.0745 0.2267 0.1431 
        D472  5 0.0505 0.3797 0.0233 0.1152 0.4314 
        D479  5 0.3573 0.0526 0.0315 0.0269 0.5318 
        D485  5 0.4556 0.1188 0.2198 0.1096 0.0963 
        D486  5 0.0844 0.0438 0.7583 0.0381 0.0754 
        D487  5 0.3042 0.0825 0.0738 0.4494 0.0902 
        D555  5 0.2142 0.0352 0.0261 0.6460 0.0785 
        D556  5 0.0777 0.1907 0.1765 0.4981 0.0570 
        D557  5 0.3687 0.0835 0.0665 0.3397 0.1416 
        D564  5 0.2091 0.4858 0.1294 0.1103 0.0654 
        D594  5 0.4861 0.2557 0.0571 0.0670 0.1342 
        D595  5 0.2035 0.2184 0.2423 0.2245 0.1113 
        D596  5 0.2749 0.0611 0.0274 0.5933 0.0433 
        D597  5 0.0902 0.0678 0.0236 0.4367 0.3817 
        D598  5 0.4346 0.1182 0.1116 0.2650 0.0705 
        D617  5 0.3024 0.0561 0.4696 0.0418 0.1302 
        D618  5 0.0997 0.0982 0.0691 0.6537 0.0793 
        D619  5 0.4653 0.2929 0.1051 0.0681 0.0685 
        D620  5 0.0703 0.0475 0.0373 0.0721 0.7728 
        D628  5 0.4300 0.3145 0.0794 0.0894 0.0866 
        D714  5 0.1657 0.0770 0.1273 0.5471 0.0830 
        D715  5 0.0623 0.1264 0.0636 0.6233 0.1244 
        D716  5 0.6121 0.1445 0.0486 0.0815 0.1133 
        D717  5 0.1076 0.1687 0.0883 0.4595 0.1758 
        D718  5 0.5147 0.0263 0.3488 0.0642 0.0459 
        D769  5 0.6160 0.0964 0.1360 0.0402 0.1113 
        D770  5 0.1952 0.1587 0.3236 0.1151 0.2075 
        D771  5 0.3421 0.2421 0.0981 0.1854 0.1324 
        D772  5 0.1364 0.3468 0.1273 0.3197 0.0697 
        D782  5 0.0725 0.1572 0.2706 0.3270 0.1726 
        D783  5 0.1747 0.1478 0.0700 0.1379 0.4696 
        D784  5 0.0588 0.4557 0.0501 0.2505 0.1849 
        D785  5 0.1341 0.1641 0.2385 0.3847 0.0786 
        D786  5 0.2392 0.2579 0.1626 0.0327 0.3076 
        D821  5 0.0706 0.0476 0.0387 0.8142 0.0289 
        D822  5 0.1295 0.3495 0.0868 0.1032 0.3311 
        D826  5 0.1541 0.1040 0.1725 0.3303 0.2393 
        D827  5 0.0827 0.3302 0.1038 0.0441 0.4392 
        D851  5 0.1071 0.5737 0.1048 0.1012 0.1132 
        D852  5 0.4309 0.0977 0.0696 0.2714 0.1304 
        D853  5 0.1242 0.0879 0.0652 0.6473 0.0755 
        D854  5 0.1059 0.2089 0.4801 0.0511 0.1541 
        D861  5 0.2326 0.0805 0.4467 0.1031 0.1372 
        D862  5 0.2287 0.2924 0.1139 0.1753 0.1897 
        D865  5 0.3427 0.1034 0.0958 0.3975 0.0606 
        D868  5 0.1976 0.1775 0.1115 0.3656 0.1478 
        D869  5 0.0365 0.0443 0.8451 0.0285 0.0456 
        D870  5 0.0443 0.5257 0.0323 0.0300 0.3677 
        D907  5 0.6321 0.0645 0.0646 0.2080 0.0309 
        D908  5 0.2772 0.0737 0.0615 0.5167 0.0709 
        D910  5 0.3940 0.0704 0.0879 0.2067 0.2410 
        D911  5 0.1296 0.0497 0.0374 0.2709 0.5124 
        D934  5 0.1296 0.3506 0.1930 0.1931 0.1336 
        D946  5 0.2440 0.2047 0.3541 0.1292 0.0679 
        D947  5 0.1175 0.4149 0.1621 0.2287 0.0768 
        D948  5 0.0620 0.1217 0.5634 0.2184 0.0346 
        D949  5 0.0434 0.0690 0.7984 0.0621 0.0271 
        D950  5 0.1179 0.1104 0.0518 0.2092 0.5108 
        D951  5 0.1303 0.6409 0.0550 0.0343 0.1395 
        D952  5 0.2054 0.4410 0.0557 0.1568 0.1411 
        D953  5 0.0969 0.0992 0.0543 0.7149 0.0347 
        D954  5 0.0590 0.5691 0.0768 0.1728 0.1224 
        D961  5 0.4657 0.1477 0.2277 0.1102 0.0487 
        D962  5 0.3801 0.3431 0.0783 0.1579 0.0406 
        D963  5 0.1514 0.1746 0.0493 0.4531 0.1717 
        D964  5 0.0793 0.1535 0.4363 0.2555 0.0755 
        D965  5 0.3538 0.2712 0.0672 0.0846 0.2231 
        D966  5 0.2305 0.4148 0.0416 0.2119 0.1013 
        D967  5 0.1068 0.1239 0.0575 0.5673 0.1445 
        D991  5 0.6370 0.0959 0.1160 0.0858 0.0654 
        D132  8 0.0350 0.0295 0.8665 0.0368 0.0322 
        D133  8 0.1484 0.0370 0.0462 0.0398 0.7286 
        D200  8 0.6002 0.0540 0.1012 0.1892 0.0554 
        D500  8 0.0968 0.0652 0.7760 0.0377 0.0244 
        D614  8 0.3758 0.0694 0.2020 0.2978 0.0549 
        D723  8 0.1116 0.0505 0.6044 0.0400 0.1936 
        D888  8 0.0809 0.0683 0.0368 0.7595 0.0545 
        D901  8 0.0471 0.0227 0.8672 0.0343 0.0288 
        D902  8 0.2392 0.0506 0.3459 0.2435 0.1208 
        D903  8 0.0691 0.4689 0.0608 0.0884 0.3127 
        D904  8 0.1759 0.5267 0.0858 0.0778 0.1338 
        D905  8 0.0605 0.0217 0.0269 0.8684 0.0226 
        D906  8 0.0810 0.3340 0.0434 0.1213 0.4203 
        D937  8 0.2993 0.0215 0.2752 0.3139 0.0901 
        D943  8 0.1403 0.1599 0.2697 0.2974 0.1327 
        D972  8 0.1216 0.0382 0.6765 0.0302 0.1335 
        D973  8 0.1063 0.1029 0.5357 0.0452 0.2100 
        D974  8 0.2364 0.0898 0.3076 0.1347 0.2315 
        D975  8 0.4902 0.0473 0.0747 0.2683 0.1195 
        D976  8 0.1781 0.0686 0.3878 0.2605 0.1050 
        D142 10 0.3176 0.2551 0.0780 0.1165 0.2327 
        D143 10 0.1636 0.0474 0.0536 0.0447 0.6907 
        D144 10 0.0897 0.4842 0.1058 0.1959 0.1244 
        D145 10 0.0862 0.0524 0.1622 0.6261 0.0730 
        D146 10 0.1671 0.1317 0.5940 0.0353 0.0719 
        D147 10 0.1904 0.1196 0.4495 0.0443 0.1963 
        D148 10 0.0512 0.4502 0.1023 0.0607 0.3357 
        D149 10 0.1431 0.1293 0.0786 0.2557 0.3934 
        D151 10 0.0837 0.1635 0.1434 0.2629 0.3464 
        D152 10 0.1278 0.0764 0.0779 0.1439 0.5740 
        D153 10 0.2377 0.3248 0.2409 0.0845 0.1122 
        D156 10 0.2346 0.5328 0.0426 0.0434 0.1466 
        D157 10 0.5715 0.1715 0.0884 0.1244 0.0443 
        D158 10 0.1061 0.0291 0.6873 0.1400 0.0375 
        D159 10 0.0405 0.0449 0.0421 0.0430 0.8295 
        D160 10 0.0204 0.0154 0.0210 0.9243 0.0189 
        D161 10 0.0847 0.4330 0.0923 0.1145 0.2755 
        D162 10 0.1976 0.4980 0.0409 0.0891 0.1744 
        D169 10 0.0648 0.1675 0.3365 0.3156 0.1155 
        D170 10 0.1470 0.3684 0.3793 0.0504 0.0550 
        D171 10 0.1865 0.3950 0.2944 0.0417 0.0824 
        D172 10 0.2538 0.1594 0.3928 0.0396 0.1543 
        D173 10 0.0364 0.0440 0.0533 0.0370 0.8293 
        D181 10 0.1892 0.2982 0.1544 0.2299 0.1283 
        D182 10 0.1410 0.1964 0.1979 0.2233 0.2413 
        D183 10 0.0803 0.0703 0.0854 0.7338 0.0302 
        D184 10 0.0888 0.5200 0.3154 0.0254 0.0504 
        D185 10 0.0523 0.5992 0.1660 0.0739 0.1085 
        D186 10 0.0497 0.0375 0.7891 0.0808 0.0429 
        D194 10 0.2967 0.1786 0.2334 0.0897 0.2017 
        D195 10 0.2254 0.2236 0.0611 0.2452 0.2448 
        D196 10 0.1886 0.1239 0.0346 0.1145 0.5383 
        D197 10 0.0558 0.0900 0.5461 0.1290 0.1791 
        D198 10 0.0380 0.6140 0.1334 0.1401 0.0745 
     D237226 10 0.0240 0.1699 0.1070 0.5226 0.1764 
     D237232 10 0.1028 0.0551 0.1368 0.5953 0.1099 
     D237233 10 0.4394 0.0797 0.1640 0.1808 0.1361 
     D237234 10 0.2855 0.1744 0.1889 0.2740 0.0772 
     D237354 10 0.0641 0.0391 0.0354 0.7881 0.0734 
     D237355 10 0.0186 0.0267 0.0261 0.9023 0.0262 
     D237356 10 0.0515 0.5254 0.1133 0.2034 0.1064 
     D237357 10 0.1293 0.0796 0.3091 0.0631 0.4190 
     D237358 10 0.0825 0.5835 0.0383 0.0541 0.2417 
     D237369 10 0.0424 0.0450 0.8052 0.0193 0.0881 
     D237370 10 0.1933 0.1130 0.0861 0.3305 0.2771 
     D237371 10 0.0734 0.6834 0.1044 0.0563 0.0826 
     D237372 10 0.2131 0.1544 0.0532 0.1158 0.4635 
     D237373 10 0.1284 0.1051 0.4082 0.2450 0.1134 
     D237374 10 0.0668 0.0293 0.0407 0.8162 0.0470 
     D237375 10 0.0607 0.2129 0.1171 0.0989 0.5105 
     D237400 10 0.2752 0.0493 0.0541 0.0787 0.5427 
     D244002 10 0.2360 0.2796 0.2132 0.0358 0.2354 
     D244003 10 0.1327 0.0268 0.0599 0.7428 0.0378 
     D244004 10 0.0790 0.0233 0.1043 0.7692 0.0242 
     D244005 10 0.0354 0.0578 0.0615 0.7959 0.0495 
     D244020 10 0.0973 0.3327 0.2386 0.2208 0.1107 
     D244021 10 0.0646 0.0268 0.7398 0.0423 0.1265 
     D244116 10 0.2958 0.2356 0.2471 0.0639 0.1576 
     D244117 10 0.0950 0.1206 0.0379 0.6570 0.0895 
     D244121 10 0.3224 0.0537 0.1854 0.3199 0.1185 
     D244123 10 0.4428 0.1075 0.0861 0.2795 0.0842 
     D244124 10 0.4222 0.0893 0.1650 0.0885 0.2350 
        D332 10 0.1220 0.2586 0.2195 0.0524 0.3476 
        D570 10 0.2744 0.2855 0.1062 0.2444 0.0895 
        D602 10 0.2431 0.2564 0.0726 0.0545 0.3735 
        D603 10 0.2189 0.0995 0.2533 0.1517 0.2767 
        D604 10 0.1719 0.3135 0.0321 0.1101 0.3725 
        D605 10 0.0924 0.4049 0.0685 0.2263 0.2079 
        D606 10 0.1122 0.2783 0.2069 0.2930 0.1096 
        D607 10 0.0549 0.6115 0.0466 0.0329 0.2541 
        D608 10 0.0346 0.0484 0.0219 0.0239 0.8712 
        D609 10 0.1125 0.2346 0.2469 0.3580 0.0481 
        D610 10 0.0495 0.1269 0.0519 0.7272 0.0446 
        D611 10 0.2405 0.0505 0.0907 0.5884 0.0299 
        D613 10 0.1639 0.5457 0.0742 0.1183 0.0979 
        D633 10 0.0761 0.6639 0.0312 0.0327 0.1961 
        D634 10 0.1274 0.3917 0.2722 0.1171 0.0916 
        D638 10 0.2356 0.0648 0.0722 0.1592 0.4682 
        D681 10 0.4481 0.1616 0.2609 0.0557 0.0737 
        D754 10 0.2765 0.0229 0.6043 0.0618 0.0345 
        D755 10 0.1637 0.0282 0.1014 0.5410 0.1658 
        D756 10 0.3779 0.0653 0.3027 0.1966 0.0575 
        D757 10 0.1393 0.2545 0.0462 0.4041 0.1559 
        D758 10 0.4667 0.1352 0.1948 0.1088 0.0945 
        D759 10 0.0375 0.0855 0.0379 0.7449 0.0943 
        D760 10 0.1635 0.0753 0.0980 0.4407 0.2225 
        D761 10 0.0566 0.0284 0.0282 0.8378 0.0490 
        D762 10 0.0386 0.7458 0.0394 0.0403 0.1359 
        D775 10 0.0608 0.0336 0.1167 0.7474 0.0416 
        D776 10 0.0897 0.0457 0.0763 0.6394 0.1489 
        D777 10 0.0408 0.0485 0.0610 0.8157 0.0340 
        D778 10 0.0444 0.0388 0.3154 0.5207 0.0807 
        D779 10 0.4126 0.0466 0.4145 0.0773 0.0490 
        D780 10 0.2896 0.2357 0.1043 0.1634 0.2071 
        D781 10 0.3517 0.1743 0.0724 0.0300 0.3716 
        D858 10 0.0358 0.0781 0.6477 0.1569 0.0815 
        D933 10 0.0286 0.3364 0.0365 0.4471 0.1514 
        D038 11 0.1572 0.1694 0.0921 0.4735 0.1077 
        D063 11 0.7202 0.0525 0.0452 0.0973 0.0848 
        D155 11 0.0544 0.1168 0.0964 0.6450 0.0874 
        D175 11 0.2086 0.0281 0.6357 0.0788 0.0487 
        D176 11 0.4400 0.0433 0.1681 0.1182 0.2304 
        D205 11 0.3561 0.0523 0.1834 0.3346 0.0736 
     D237229 11 0.3167 0.1877 0.0838 0.1543 0.2576 
     D237230 11 0.0514 0.0617 0.1810 0.0286 0.6773 
     D237231 11 0.1830 0.1972 0.0588 0.0474 0.5136 
     D237269 11 0.0927 0.1903 0.0829 0.1762 0.4578 
     D237270 11 0.0552 0.2354 0.4672 0.0938 0.1484 
     D237271 11 0.5534 0.1728 0.0885 0.1069 0.0785 
     D237272 11 0.2273 0.0761 0.4285 0.0497 0.2184 
     D237273 11 0.7557 0.0369 0.0415 0.1291 0.0369 
     D237301 11 0.2915 0.2882 0.0997 0.0597 0.2609 
     D237302 11 0.3014 0.1556 0.3170 0.0695 0.1565 
     D237303 11 0.0664 0.1520 0.4337 0.0283 0.3197 
     D237304 11 0.1791 0.1822 0.3374 0.1154 0.1860 
     D237305 11 0.3554 0.0439 0.2268 0.3235 0.0505 
     D237314 11 0.2622 0.1368 0.1967 0.3333 0.0711 
     D237315 11 0.0471 0.1767 0.6263 0.0934 0.0565 
     D237316 11 0.1887 0.6701 0.0327 0.0338 0.0747 
     D237328 11 0.0827 0.1675 0.4986 0.0951 0.1561 
     D237329 11 0.0606 0.1108 0.1592 0.5171 0.1523 
     D237330 11 0.5827 0.0502 0.0707 0.2168 0.0796 
     D237331 11 0.1756 0.2578 0.0560 0.4625 0.0481 
     D237332 11 0.5396 0.1713 0.0810 0.1218 0.0863 
     D237333 11 0.1137 0.1130 0.0315 0.6494 0.0925 
     D237334 11 0.1458 0.5290 0.0972 0.0603 0.1676 
     D237335 11 0.4926 0.1307 0.1515 0.1233 0.1019 
     D237336 11 0.0544 0.0723 0.0518 0.7782 0.0432 
     D237350 11 0.7534 0.0687 0.0265 0.0599 0.0915 
     D237383 11 0.4544 0.1267 0.1122 0.2349 0.0719 
     D237384 11 0.0609 0.6706 0.0721 0.1417 0.0547 
     D237385 11 0.3231 0.1025 0.1574 0.1786 0.2384 
     D237386 11 0.0994 0.1193 0.1622 0.1028 0.5162 
     D237387 11 0.5087 0.2012 0.1493 0.0437 0.0972 
     D237388 11 0.3086 0.3305 0.1321 0.1426 0.0861 
        D239 11 0.0785 0.1970 0.0795 0.5824 0.0627 
        D240 11 0.0476 0.0455 0.0259 0.8260 0.0549 
        D241 11 0.1798 0.4663 0.0729 0.1370 0.1440 
        D242 11 0.1654 0.3299 0.0604 0.1844 0.2599 
        D243 11 0.0677 0.0662 0.0684 0.7558 0.0419 
        D244 11 0.2533 0.0679 0.0337 0.6076 0.0375 
        D245 11 0.0569 0.0756 0.7669 0.0417 0.0589 
        D246 11 0.3564 0.0959 0.2660 0.1764 0.1053 
        D247 11 0.3122 0.1906 0.0852 0.3267 0.0853 
        D248 11 0.0863 0.1757 0.0498 0.0700 0.6182 
        D249 11 0.1494 0.0820 0.6558 0.0768 0.0361 
        D250 11 0.1200 0.1325 0.0667 0.0892 0.5916 
        D251 11 0.1866 0.1276 0.4342 0.1910 0.0605 
        D252 11 0.1108 0.2960 0.4915 0.0396 0.0621 
        D253 11 0.7305 0.0521 0.0557 0.1175 0.0443 
        D254 11 0.0330 0.0356 0.2796 0.0362 0.6156 
        D255 11 0.5276 0.1322 0.1506 0.0450 0.1446 
        D256 11 0.0789 0.2073 0.0712 0.5831 0.0595 
        D257 11 0.0998 0.0988 0.5339 0.1919 0.0757 
        D258 11 0.0435 0.1850 0.6497 0.0822 0.0396 
        D259 11 0.1362 0.2307 0.3954 0.0526 0.1851 
        D260 11 0.7225 0.0764 0.0725 0.0563 0.0723 
        D261 11 0.4074 0.3088 0.1424 0.0725 0.0688 
        D262 11 0.0527 0.0739 0.7395 0.0492 0.0848 
        D263 11 0.3469 0.4201 0.0669 0.1121 0.0539 
        D264 11 0.3446 0.0552 0.3268 0.0347 0.2387 
        D265 11 0.0503 0.0654 0.2412 0.1654 0.4777 
        D266 11 0.2439 0.2907 0.0409 0.1672 0.2572 
        D267 11 0.1396 0.1851 0.1437 0.4722 0.0594 
        D268 11 0.1253 0.1092 0.0906 0.5841 0.0908 
        D269 11 0.0963 0.7431 0.0597 0.0530 0.0479 
        D270 11 0.2274 0.2595 0.3176 0.0865 0.1090 
        D271 11 0.1149 0.1784 0.1724 0.4543 0.0800 
        D272 11 0.1166 0.3955 0.0295 0.3515 0.1069 
        D273 11 0.0429 0.0458 0.8517 0.0318 0.0278 
        D274 11 0.2651 0.2693 0.0953 0.2125 0.1578 
        D275 11 0.0944 0.4546 0.0661 0.2384 0.1465 
        D276 11 0.1226 0.4532 0.0469 0.2818 0.0955 
        D277 11 0.0806 0.3183 0.0897 0.2948 0.2166 
        D278 11 0.8105 0.0308 0.0676 0.0391 0.0520 
        D282 11 0.2227 0.2138 0.4336 0.0842 0.0456 
        D296 11 0.0849 0.2194 0.0499 0.5498 0.0961 
        D297 11 0.1625 0.2829 0.0752 0.3813 0.0982 
        D298 11 0.1617 0.2507 0.0767 0.3076 0.2033 
        D299 11 0.8141 0.0340 0.0471 0.0512 0.0536 
        D300 11 0.1888 0.3015 0.0744 0.2965 0.1388 
        D382 11 0.1364 0.3936 0.0742 0.3388 0.0571 
        D383 11 0.3715 0.0544 0.1227 0.4150 0.0363 
        D387 11 0.1583 0.1170 0.2642 0.3128 0.1477 
        D388 11 0.0362 0.8126 0.0351 0.0449 0.0712 
        D389 11 0.7299 0.0763 0.0514 0.0637 0.0787 
        D390 11 0.2217 0.2483 0.0954 0.1430 0.2915 
        D396 11 0.1570 0.1417 0.1670 0.1655 0.3688 
        D397 11 0.4562 0.0977 0.2804 0.1060 0.0597 
        D398 11 0.0817 0.3346 0.0542 0.4869 0.0426 
        D399 11 0.1359 0.5046 0.1529 0.0277 0.1789 
        D437 11 0.4983 0.0746 0.2865 0.0659 0.0747 
        D441 11 0.1089 0.0816 0.1390 0.5834 0.0871 
        D442 11 0.4805 0.1412 0.1014 0.1572 0.1196 
        D443 11 0.0409 0.0489 0.0322 0.8489 0.0291 
        D444 11 0.1913 0.3082 0.0846 0.1240 0.2919 
        D445 11 0.4082 0.2493 0.2056 0.0503 0.0867 
        D446 11 0.1402 0.4026 0.0973 0.1381 0.2220 
        D451 11 0.0745 0.2356 0.3220 0.2479 0.1201 
        D452 11 0.3835 0.2566 0.0535 0.0974 0.2091 
        D453 11 0.0677 0.5290 0.0396 0.0833 0.2804 
        D454 11 0.0978 0.2779 0.3460 0.1716 0.1068 
        D457 11 0.1358 0.0521 0.6373 0.1360 0.0388 
        D458 11 0.1635 0.3997 0.0731 0.2588 0.1048 
        D466 11 0.0679 0.0443 0.0715 0.0589 0.7573 
        D467 11 0.7851 0.0743 0.0659 0.0372 0.0375 
        D475 11 0.0602 0.1800 0.6671 0.0490 0.0437 
        D488 11 0.0814 0.1983 0.1326 0.1457 0.4420 
        D489 11 0.1445 0.0839 0.2791 0.0966 0.3959 
        D493 11 0.0716 0.3501 0.0668 0.0964 0.4151 
        D494 11 0.1177 0.2030 0.1888 0.0999 0.3905 
        D495 11 0.0898 0.0900 0.5567 0.0961 0.1675 
        D496 11 0.0689 0.0412 0.0309 0.7411 0.1179 
        D674 11 0.1197 0.1071 0.0499 0.5857 0.1376 
        D675 11 0.0645 0.0406 0.0246 0.7727 0.0977 
        D676 11 0.5179 0.0396 0.3217 0.0512 0.0696 
        D680 11 0.0520 0.0793 0.0273 0.8172 0.0242 
        D701 11 0.2212 0.0980 0.4108 0.1187 0.1514 
        D702 11 0.2108 0.3867 0.1421 0.0636 0.1967 
        D703 11 0.1699 0.1684 0.0716 0.3331 0.2570 
        D704 11 0.4690 0.0810 0.2372 0.1112 0.1016 
        D705 11 0.1370 0.0930 0.3169 0.0303 0.4228 
        D706 11 0.3985 0.1293 0.0941 0.2432 0.1350 
        D707 11 0.3333 0.2120 0.2085 0.1220 0.1242 
        D751 11 0.2256 0.5064 0.0939 0.1184 0.0557 
        D752 11 0.3746 0.1104 0.1182 0.2737 0.1231 
        D753 11 0.1585 0.0381 0.1655 0.0608 0.5772 
        D773 11 0.0289 0.0481 0.8734 0.0213 0.0283 
        D774 11 0.1668 0.3100 0.0581 0.2361 0.2291 
        D801 11 0.2157 0.1045 0.1279 0.2859 0.2659 
        D802 11 0.0695 0.2463 0.3905 0.0719 0.2217 
        D803 11 0.1578 0.1189 0.0772 0.5938 0.0522 
        D804 11 0.1254 0.1181 0.5479 0.1140 0.0946 
        D805 11 0.0709 0.5606 0.1744 0.1495 0.0445 
        D806 11 0.0482 0.0575 0.8312 0.0295 0.0337 
        D809 11 0.4922 0.2036 0.0946 0.0946 0.1151 
        D810 11 0.3415 0.1508 0.0375 0.3836 0.0865 
        D812 11 0.1839 0.1849 0.3932 0.1014 0.1365 
        D813 11 0.1399 0.2384 0.0571 0.3953 0.1693 
        D823 11 0.6922 0.1105 0.0685 0.0653 0.0634 
        D824 11 0.7901 0.0376 0.0418 0.0483 0.0822 
        D829 11 0.1633 0.4027 0.0414 0.1248 0.2678 
        D830 11 0.2593 0.2606 0.2672 0.0702 0.1426 
        D831 11 0.2662 0.0528 0.4954 0.0899 0.0957 
        D832 11 0.4575 0.0609 0.1400 0.1164 0.2251 
        D833 11 0.2510 0.3118 0.0392 0.3342 0.0637 
        D834 11 0.1251 0.4594 0.0620 0.1912 0.1624 
        D835 11 0.1284 0.0768 0.6781 0.0814 0.0353 
        D855 11 0.1368 0.1099 0.3597 0.2368 0.1568 
        D863 11 0.0479 0.0492 0.0217 0.8344 0.0468 
        D864 11 0.6421 0.0871 0.0821 0.1237 0.0649 
        D878 11 0.2514 0.1312 0.1651 0.3647 0.0877 
        D879 11 0.1357 0.1638 0.5850 0.0583 0.0572 
        D880 11 0.1247 0.0992 0.0287 0.1856 0.5618 
        D881 11 0.0652 0.0734 0.0477 0.7816 0.0320 
        D882 11 0.1962 0.0898 0.1447 0.2183 0.3510 
        D909 11 0.1088 0.1205 0.1846 0.3023 0.2837 
        D921 11 0.3922 0.2817 0.1049 0.1429 0.0784 
        D924 11 0.1104 0.1461 0.0381 0.5182 0.1872 
        D935 11 0.3002 0.3887 0.0761 0.0492 0.1858 
        D940 11 0.0243 0.0359 0.0252 0.8835 0.0311 
        D941 11 0.0388 0.4245 0.0496 0.4081 0.0790 
        D942 11 0.0999 0.0777 0.7001 0.0608 0.0615 
        D980 11 0.1585 0.3915 0.0879 0.2008 0.1612 
        D981 11 0.2075 0.5159 0.1378 0.0731 0.0656 
        D982 11 0.2040 0.0906 0.0331 0.0476 0.6246 
        D983 11 0.2385 0.2206 0.0841 0.3621 0.0947 
        D984 11 0.5747 0.1256 0.0545 0.0664 0.1788 
        D992 11 0.3826 0.0728 0.3168 0.0347 0.1931 
        D993 11 0.1621 0.3783 0.1182 0.1567 0.1847 
        D994 11 0.4910 0.0544 0.1917 0.1733 0.0897 
        D995 11 0.0418 0.1346 0.7207 0.0408 0.0621 
        H354 11 0.0701 0.2481 0.4928 0.0599 0.1291 
