        D023  2 0.0397 0.0660 0.8943 
        D130  2 0.0315 0.7587 0.2098 
        D131  2 0.1415 0.3898 0.4688 
        D163  2 0.1542 0.6694 0.1764 
        D164  2 0.0200 0.3465 0.6335 
        D165  2 0.0385 0.1445 0.8170 
        D166  2 0.1192 0.7489 0.1319 
        D167  2 0.1417 0.0421 0.8162 
        D192  2 0.0809 0.0234 0.8957 
        D193  2 0.4567 0.4583 0.0851 
        D206  2 0.0553 0.5196 0.4251 
        D207  2 0.1961 0.1414 0.6625 
        D208  2 0.7811 0.0908 0.1280 
        D209  2 0.1023 0.0501 0.8476 
        D210  2 0.8130 0.0683 0.1187 
     D229599  2 0.3887 0.1931 0.4182 
     D229600  2 0.0716 0.2500 0.6784 
     D237227  2 0.7487 0.1393 0.1120 
     D237228  2 0.3225 0.6062 0.0713 
     D237258  2 0.3462 0.2670 0.3869 
     D237310  2 0.0991 0.8566 0.0442 
     D237311  2 0.0660 0.8015 0.1325 
     D237312  2 0.0745 0.8693 0.0563 
     D237313  2 0.3612 0.3904 0.2484 
     D237322  2 0.7051 0.1924 0.1025 
     D237323  2 0.3850 0.5748 0.0402 
     D237324  2 0.0965 0.2266 0.6769 
     D237325  2 0.1253 0.7864 0.0884 
     D237326  2 0.1457 0.5949 0.2594 
     D237327  2 0.6930 0.0484 0.2586 
     D237337  2 0.0584 0.9092 0.0324 
     D237338  2 0.2396 0.5956 0.1648 
     D237339  2 0.0523 0.0489 0.8988 
     D237340  2 0.3198 0.4776 0.2026 
     D237389  2 0.0356 0.9150 0.0494 
     D237390  2 0.1515 0.7946 0.0538 
     D244017  2 0.7779 0.0445 0.1777 
     D244112  2 0.1253 0.2368 0.6380 
     D244118  2 0.1061 0.0594 0.8345 
     D244119  2 0.5890 0.0563 0.3547 
     D244120  2 0.5848 0.2608 0.1543 
     D244122  2 0.1301 0.1184 0.7516 
        D291  2 0.6326 0.0827 0.2846 
        D292  2 0.6786 0.0661 0.2554 
        D293  2 0.0222 0.0193 0.9585 
        D322  2 0.0314 0.0251 0.9435 
        D323  2 0.1818 0.2184 0.5997 
        D324  2 0.3981 0.1879 0.4140 
        D325  2 0.0301 0.0697 0.9001 
        D326  2 0.2069 0.1095 0.6836 
        D340  2 0.0285 0.0273 0.9442 
        D341  2 0.0715 0.1719 0.7566 
        D342  2 0.1132 0.2027 0.6842 
        D343  2 0.0171 0.0217 0.9612 
        D344  2 0.0565 0.2641 0.6795 
        D345  2 0.1576 0.0788 0.7635 
        D346  2 0.3914 0.2106 0.3980 
        D351  2 0.1778 0.2477 0.5745 
        D352  2 0.1733 0.1038 0.7229 
        D353  2 0.1034 0.1775 0.7191 
        D354  2 0.1645 0.1726 0.6629 
        D362  2 0.1675 0.1731 0.6594 
        D363  2 0.2236 0.0980 0.6785 
        D364  2 0.0796 0.1673 0.7531 
        D365  2 0.0228 0.0237 0.9535 
        D369  2 0.3615 0.3179 0.3207 
        D374  2 0.6050 0.3150 0.0799 
        D375  2 0.0965 0.1716 0.7319 
        D376  2 0.5919 0.2869 0.1212 
        D377  2 0.1270 0.6840 0.1891 
        D378  2 0.0421 0.0284 0.9295 
        D379  2 0.1776 0.2125 0.6099 
        D384  2 0.2095 0.2505 0.5400 
        D385  2 0.0253 0.0358 0.9389 
        D386  2 0.0492 0.0753 0.8755 
        D391  2 0.0262 0.0304 0.9434 
        D392  2 0.0688 0.0474 0.8837 
        D393  2 0.1511 0.0677 0.7812 
        D394  2 0.4295 0.2340 0.3365 
        D395  2 0.0520 0.0435 0.9045 
        D401  2 0.0388 0.9241 0.0371 
        D402  2 0.0473 0.0285 0.9242 
        D403  2 0.0495 0.3719 0.5786 
        D415  2 0.0274 0.4762 0.4963 
        D435  2 0.0564 0.1796 0.7640 
        D436  2 0.0966 0.6649 0.2384 
        D438  2 0.0252 0.0455 0.9293 
        D439  2 0.0474 0.0320 0.9205 
        D449  2 0.0459 0.2347 0.7194 
        D450  2 0.2343 0.5977 0.1680 
        D456  2 0.1436 0.1687 0.6877 
        D462  2 0.0201 0.0180 0.9619 
        D463  2 0.2051 0.1351 0.6597 
        D464  2 0.0841 0.1221 0.7939 
        D465  2 0.0354 0.3560 0.6085 
        D473  2 0.4913 0.3529 0.1558 
        D474  2 0.4600 0.0963 0.4437 
        D476  2 0.0380 0.1513 0.8107 
        D477  2 0.2845 0.1413 0.5742 
        D478  2 0.3817 0.1008 0.5175 
        D480  2 0.1461 0.0606 0.7933 
        D481  2 0.4848 0.0482 0.4670 
        D482  2 0.7468 0.1638 0.0894 
        D483  2 0.1097 0.0268 0.8635 
        D484  2 0.3205 0.1130 0.5665 
        D510  2 0.7456 0.1854 0.0690 
        D511  2 0.0745 0.0408 0.8848 
        D512  2 0.0349 0.8182 0.1469 
        D513  2 0.0854 0.2907 0.6239 
        D635  2 0.1048 0.0663 0.8289 
        D636  2 0.0579 0.4125 0.5296 
        D637  2 0.1401 0.4399 0.4199 
        D658  2 0.1364 0.2338 0.6298 
        D659  2 0.2566 0.4532 0.2902 
        D677  2 0.0932 0.7535 0.1534 
        D678  2 0.1156 0.0793 0.8050 
        D679  2 0.2832 0.1581 0.5587 
        D719  2 0.3706 0.1248 0.5046 
        D720  2 0.2315 0.2141 0.5544 
        D721  2 0.0354 0.0694 0.8952 
        D722  2 0.5211 0.3268 0.1521 
        D734  2 0.3559 0.1000 0.5441 
        D735  2 0.1510 0.0945 0.7545 
        D736  2 0.6559 0.1476 0.1965 
        D737  2 0.4209 0.0654 0.5138 
        D807  2 0.5111 0.2565 0.2324 
        D808  2 0.1460 0.4493 0.4047 
        D817  2 0.2150 0.4389 0.3461 
        D818  2 0.1302 0.2276 0.6421 
        D819  2 0.1349 0.5860 0.2791 
        D820  2 0.0793 0.1803 0.7404 
        D895  2 0.1235 0.6083 0.2682 
        D896  2 0.0409 0.9329 0.0262 
        D897  2 0.1718 0.2224 0.6059 
        D898  2 0.5807 0.2931 0.1262 
        D918  2 0.0961 0.7850 0.1189 
        D919  2 0.0918 0.0390 0.8692 
        D920  2 0.0512 0.8141 0.1347 
        D923  2 0.0602 0.1034 0.8364 
        D930  2 0.1632 0.3219 0.5149 
        D931  2 0.1515 0.1564 0.6921 
        D968  2 0.0336 0.0264 0.9400 
        D969  2 0.5030 0.0725 0.4245 
        D977  2 0.0566 0.2661 0.6773 
        D978  2 0.4699 0.0791 0.4510 
        D009  4 0.1246 0.7912 0.0843 
        D057  4 0.1489 0.1997 0.6514 
        D109  4 0.0637 0.9041 0.0322 
     D237222  4 0.1975 0.4201 0.3824 
     D237223  4 0.1314 0.7311 0.1375 
     D237224  4 0.3117 0.0941 0.5943 
     D237225  4 0.1702 0.6782 0.1516 
     D237299  4 0.1878 0.7249 0.0873 
     D237300  4 0.8740 0.0759 0.0501 
     D237306  4 0.2063 0.6945 0.0992 
     D237307  4 0.4516 0.3995 0.1489 
     D237308  4 0.1551 0.1350 0.7098 
     D237309  4 0.1711 0.3303 0.4986 
     D237317  4 0.4843 0.1328 0.3829 
     D237318  4 0.8811 0.0413 0.0776 
     D237319  4 0.1550 0.6859 0.1591 
     D237320  4 0.1759 0.6647 0.1595 
     D237321  4 0.8122 0.1025 0.0853 
     D237397  4 0.4068 0.5048 0.0884 
     D237398  4 0.5742 0.1013 0.3246 
     D237399  4 0.6857 0.1753 0.1390 
     D244001  4 0.0966 0.4488 0.4546 
        D289  4 0.5165 0.0880 0.3955 
        D290  4 0.7568 0.1215 0.1217 
        D294  4 0.4170 0.0970 0.4860 
        D295  4 0.1308 0.7975 0.0717 
        D301  4 0.1873 0.7295 0.0832 
        D302  4 0.0735 0.0969 0.8295 
        D303  4 0.5878 0.3235 0.0886 
        D304  4 0.8675 0.0558 0.0767 
        D305  4 0.1322 0.1336 0.7343 
        D306  4 0.6953 0.1215 0.1833 
        D307  4 0.2488 0.5885 0.1627 
        D327  4 0.1765 0.4485 0.3749 
        D328  4 0.2706 0.6191 0.1103 
        D329  4 0.3583 0.0917 0.5500 
        D330  4 0.0507 0.5116 0.4377 
        D331  4 0.7432 0.1330 0.1237 
        D333  4 0.3089 0.5318 0.1594 
        D334  4 0.6969 0.1531 0.1501 
        D335  4 0.0608 0.0725 0.8666 
        D370  4 0.3383 0.4958 0.1659 
        D371  4 0.5522 0.3331 0.1147 
        D372  4 0.9124 0.0402 0.0474 
        D373  4 0.0957 0.3116 0.5927 
        D455  4 0.1946 0.3909 0.4144 
        D490  4 0.0365 0.9412 0.0223 
        D497  4 0.0622 0.8930 0.0448 
        D498  4 0.7168 0.1809 0.1023 
        D499  4 0.1945 0.2990 0.5065 
        D514  4 0.1198 0.5681 0.3121 
        D515  4 0.0376 0.8967 0.0657 
        D516  4 0.1986 0.6603 0.1411 
        D517  4 0.2086 0.4212 0.3702 
        D518  4 0.0810 0.3134 0.6056 
        D519  4 0.0715 0.8731 0.0554 
        D560  4 0.0491 0.8700 0.0809 
        D561  4 0.0411 0.1686 0.7903 
        D562  4 0.4846 0.1293 0.3861 
        D563  4 0.0695 0.0681 0.8625 
        D572  4 0.1779 0.1499 0.6722 
        D629  4 0.1530 0.3189 0.5281 
        D630  4 0.3180 0.4258 0.2562 
        D631  4 0.1533 0.1715 0.6753 
        D632  4 0.0288 0.2456 0.7256 
        D646  4 0.0865 0.7503 0.1632 
        D647  4 0.0768 0.4380 0.4852 
        D648  4 0.1491 0.5942 0.2567 
        D649  4 0.0684 0.5822 0.3493 
        D650  4 0.2394 0.6192 0.1413 
        D708  4 0.3926 0.4833 0.1240 
        D709  4 0.4691 0.3399 0.1910 
        D738  4 0.4007 0.5255 0.0738 
        D739  4 0.2138 0.6833 0.1028 
        D740  4 0.6877 0.2465 0.0658 
        D741  4 0.0270 0.8345 0.1385 
        D742  4 0.2339 0.2193 0.5468 
        D743  4 0.1549 0.1864 0.6587 
        D744  4 0.0675 0.0612 0.8713 
        D745  4 0.0345 0.9299 0.0355 
        D814  4 0.1619 0.3586 0.4795 
        D815  4 0.2180 0.2933 0.4887 
        D828  4 0.6687 0.2224 0.1089 
        D845  4 0.9065 0.0356 0.0579 
        D846  4 0.0435 0.1067 0.8498 
        D847  4 0.5804 0.2357 0.1839 
        D848  4 0.2285 0.1166 0.6549 
        D849  4 0.0386 0.8951 0.0663 
        D850  4 0.3228 0.2476 0.4296 
        D856  4 0.1036 0.6833 0.2131 
        D857  4 0.0676 0.8763 0.0561 
        D859  4 0.2995 0.4540 0.2466 
        D860  4 0.8323 0.0240 0.1437 
        D883  4 0.2303 0.6845 0.0852 
        D884  4 0.0527 0.9092 0.0381 
        D885  4 0.0892 0.6374 0.2734 
        D886  4 0.1788 0.3272 0.4940 
        D887  4 0.3872 0.3328 0.2800 
        D889  4 0.9113 0.0488 0.0399 
        D890  4 0.2314 0.4092 0.3594 
        D891  4 0.9567 0.0187 0.0246 
        D899  4 0.4429 0.0952 0.4618 
        D900  4 0.4127 0.2415 0.3458 
        D970  4 0.4117 0.0559 0.5324 
        D971  4 0.0502 0.0395 0.9103 
        D979  4 0.1054 0.1216 0.7730 
        D093  5 0.6480 0.2978 0.0541 
        D154  5 0.1913 0.5995 0.2092 
        D168  5 0.1393 0.5802 0.2805 
        D189  5 0.8310 0.1133 0.0557 
        D190  5 0.5722 0.2700 0.1577 
     D237220  5 0.6418 0.3016 0.0566 
     D237221  5 0.6288 0.1703 0.2009 
     D237274  5 0.0439 0.1404 0.8157 
     D237275  5 0.3677 0.1100 0.5223 
     D237276  5 0.1844 0.7289 0.0867 
     D237277  5 0.7210 0.1602 0.1188 
     D237278  5 0.2360 0.2868 0.4772 
     D237279  5 0.0808 0.6347 0.2845 
     D237280  5 0.2079 0.6211 0.1710 
     D237281  5 0.4494 0.0898 0.4607 
     D237351  5 0.0655 0.9061 0.0284 
     D237352  5 0.0912 0.3264 0.5824 
     D237353  5 0.8284 0.0991 0.0726 
     D237359  5 0.6255 0.3096 0.0649 
     D237361  5 0.8251 0.1184 0.0565 
     D237362  5 0.1478 0.6874 0.1648 
     D237363  5 0.1923 0.4948 0.3128 
     D237364  5 0.0817 0.5251 0.3933 
     D237376  5 0.4617 0.4442 0.0941 
     D237377  5 0.1822 0.4805 0.3373 
     D237378  5 0.6990 0.2164 0.0846 
     D237379  5 0.4899 0.3443 0.1658 
     D237380  5 0.1951 0.6901 0.1148 
     D237381  5 0.2178 0.3738 0.4084 
     D237391  5 0.7699 0.1315 0.0986 
     D237392  5 0.0440 0.1826 0.7734 
     D237393  5 0.5080 0.1937 0.2982 
     D237394  5 0.6909 0.1824 0.1267 
     D237395  5 0.5351 0.3367 0.1282 
     D237396  5 0.1466 0.0603 0.7931 
     D244016  5 0.2609 0.0944 0.6447 
     D244018  5 0.3026 0.2545 0.4429 
     D244019  5 0.2518 0.1169 0.6312 
        D279  5 0.4232 0.4771 0.0997 
        D280  5 0.8536 0.0547 0.0917 
        D281  5 0.7589 0.0670 0.1741 
        D283  5 0.7411 0.0807 0.1782 
        D284  5 0.1371 0.7574 0.1055 
        D285  5 0.8658 0.0820 0.0522 
        D286  5 0.4578 0.2947 0.2475 
        D287  5 0.4944 0.4622 0.0434 
        D288  5 0.7942 0.0580 0.1478 
        D308  5 0.0539 0.8620 0.0841 
        D309  5 0.0402 0.0616 0.8982 
        D310  5 0.9306 0.0440 0.0254 
        D311  5 0.2398 0.5685 0.1917 
        D312  5 0.3517 0.3176 0.3307 
        D313  5 0.0654 0.9066 0.0281 
        D314  5 0.1731 0.6769 0.1500 
        D315  5 0.5991 0.1772 0.2237 
        D317  5 0.7353 0.2129 0.0519 
        D318  5 0.2870 0.2532 0.4598 
        D319  5 0.8185 0.1372 0.0443 
        D320  5 0.8686 0.0836 0.0477 
        D321  5 0.2429 0.7017 0.0554 
        D336  5 0.7524 0.1732 0.0744 
        D337  5 0.9169 0.0471 0.0360 
        D338  5 0.3588 0.4407 0.2004 
        D339  5 0.8306 0.1381 0.0313 
        D347  5 0.6321 0.0831 0.2848 
        D348  5 0.8934 0.0373 0.0693 
        D349  5 0.0618 0.8875 0.0507 
        D350  5 0.0683 0.2137 0.7181 
        D355  5 0.4085 0.1908 0.4007 
        D356  5 0.7080 0.1698 0.1223 
        D357  5 0.6858 0.1574 0.1568 
        D358  5 0.4651 0.1512 0.3837 
        D359  5 0.5369 0.1310 0.3320 
        D360  5 0.7672 0.1372 0.0956 
        D361  5 0.0318 0.9425 0.0257 
        D366  5 0.0565 0.2088 0.7347 
        D367  5 0.5721 0.3678 0.0601 
        D368  5 0.1677 0.7493 0.0830 
        D380  5 0.0679 0.0649 0.8672 
        D381  5 0.7980 0.0773 0.1247 
        D400  5 0.6818 0.2040 0.1141 
        D411  5 0.0191 0.9355 0.0455 
        D412  5 0.7841 0.0611 0.1547 
        D413  5 0.0278 0.0394 0.9328 
        D414  5 0.1875 0.1535 0.6590 
        D420  5 0.7512 0.1449 0.1039 
        D431  5 0.5534 0.3887 0.0579 
        D432  5 0.7380 0.0843 0.1778 
        D433  5 0.7419 0.1948 0.0633 
        D434  5 0.8005 0.1033 0.0962 
        D440  5 0.0550 0.3042 0.6408 
        D447  5 0.0979 0.1813 0.7208 
        D448  5 0.6728 0.2707 0.0565 
        D459  5 0.3360 0.1013 0.5627 
        D460  5 0.0618 0.8427 0.0955 
        D461  5 0.0781 0.1504 0.7715 
        D468  5 0.0625 0.8218 0.1156 
        D469  5 0.2404 0.5766 0.1830 
        D470  5 0.0898 0.8261 0.0840 
        D471  5 0.6336 0.2425 0.1239 
        D472  5 0.1733 0.0404 0.7864 
        D479  5 0.0461 0.0656 0.8883 
        D485  5 0.3234 0.5213 0.1553 
        D486  5 0.0880 0.8004 0.1115 
        D487  5 0.7648 0.0925 0.1427 
        D555  5 0.9069 0.0370 0.0561 
        D556  5 0.6323 0.2325 0.1352 
        D557  5 0.6601 0.1170 0.2229 
        D564  5 0.3603 0.2383 0.4014 
        D594  5 0.3644 0.1842 0.4514 
        D595  5 0.4435 0.4445 0.1120 
        D596  5 0.8953 0.0373 0.0674 
        D597  5 0.6072 0.0489 0.3439 
        D598  5 0.6439 0.2286 0.1274 
        D617  5 0.0742 0.8128 0.1130 
        D618  5 0.7219 0.1579 0.1202 
        D619  5 0.4063 0.3023 0.2914 
        D620  5 0.0830 0.0449 0.8721 
        D628  5 0.3251 0.2016 0.4733 
        D714  5 0.7340 0.1512 0.1148 
        D715  5 0.7090 0.0962 0.1949 
        D716  5 0.4357 0.2684 0.2959 
        D717  5 0.5868 0.1058 0.3074 
        D718  5 0.1545 0.8096 0.0359 
        D769  5 0.0791 0.7625 0.1584 
        D770  5 0.2289 0.4283 0.3428 
        D771  5 0.5545 0.2426 0.2029 
        D772  5 0.3840 0.2891 0.3269 
        D782  5 0.2825 0.4313 0.2862 
        D783  5 0.1866 0.1159 0.6976 
        D784  5 0.2985 0.0678 0.6338 
        D785  5 0.4133 0.4538 0.1329 
        D786  5 0.0485 0.3783 0.5732 
        D821  5 0.8300 0.1055 0.0645 
        D822  5 0.2313 0.1175 0.6512 
        D826  5 0.6247 0.2408 0.1346 
        D827  5 0.0819 0.2816 0.6365 
        D851  5 0.2844 0.1653 0.5502 
        D852  5 0.6863 0.1315 0.1822 
        D853  5 0.6674 0.1882 0.1443 
        D854  5 0.1192 0.6684 0.2124 
        D861  5 0.3963 0.4924 0.1113 
        D862  5 0.3556 0.2737 0.3706 
        D865  5 0.7749 0.1424 0.0826 
        D868  5 0.5683 0.2736 0.1581 
        D869  5 0.0276 0.9239 0.0485 
        D870  5 0.0359 0.0912 0.8729 
        D907  5 0.8390 0.1223 0.0388 
        D908  5 0.7426 0.0877 0.1697 
        D910  5 0.5895 0.2745 0.1360 
        D911  5 0.7680 0.0853 0.1467 
        D934  5 0.2804 0.2304 0.4892 
        D946  5 0.4364 0.4119 0.1517 
        D947  5 0.3286 0.4320 0.2395 
        D948  5 0.1612 0.7813 0.0575 
        D949  5 0.0592 0.9137 0.0272 
        D950  5 0.6526 0.0867 0.2607 
        D951  5 0.0586 0.1064 0.8350 
        D952  5 0.5574 0.1618 0.2808 
        D953  5 0.8545 0.0799 0.0656 
        D954  5 0.4051 0.1622 0.4327 
        D961  5 0.3441 0.5450 0.1109 
        D962  5 0.5679 0.2878 0.1443 
        D963  5 0.5622 0.1241 0.3137 
        D964  5 0.3414 0.4955 0.1632 
        D965  5 0.1909 0.1681 0.6410 
        D966  5 0.3603 0.1196 0.5201 
        D967  5 0.7017 0.0607 0.2376 
        D991  5 0.3442 0.4923 0.1635 
        D132  8 0.0358 0.9278 0.0363 
        D133  8 0.0672 0.0992 0.8336 
        D200  8 0.7107 0.1771 0.1123 
        D500  8 0.0406 0.9207 0.0387 
        D614  8 0.5517 0.3728 0.0755 
        D723  8 0.0602 0.8636 0.0762 
        D888  8 0.8393 0.0643 0.0964 
        D901  8 0.0717 0.8923 0.0361 
        D902  8 0.5379 0.3287 0.1334 
        D903  8 0.1355 0.1049 0.7597 
        D904  8 0.1776 0.1250 0.6974 
        D905  8 0.9454 0.0314 0.0232 
        D906  8 0.1805 0.0575 0.7619 
        D937  8 0.7242 0.2157 0.0600 
        D943  8 0.3696 0.4547 0.1757 
        D972  8 0.0370 0.9057 0.0573 
        D973  8 0.0630 0.7787 0.1583 
        D974  8 0.2557 0.5252 0.2191 
        D975  8 0.7665 0.1101 0.1235 
        D976  8 0.4211 0.4582 0.1207 
        D142 10 0.2435 0.2246 0.5319 
        D143 10 0.0549 0.0681 0.8769 
        D144 10 0.2897 0.2639 0.4463 
        D145 10 0.7587 0.1882 0.0531 
        D146 10 0.0416 0.8625 0.0959 
        D147 10 0.0696 0.7589 0.1716 
        D148 10 0.1266 0.2013 0.6721 
        D149 10 0.4286 0.2392 0.3322 
        D151 10 0.5088 0.1809 0.3103 
        D152 10 0.1379 0.0675 0.7946 
        D153 10 0.1148 0.6383 0.2468 
        D156 10 0.1095 0.1295 0.7610 
        D157 10 0.4800 0.3619 0.1581 
        D158 10 0.4834 0.4685 0.0481 
        D159 10 0.0498 0.0440 0.9061 
        D160 10 0.9642 0.0204 0.0155 
        D161 10 0.1540 0.2659 0.5801 
        D162 10 0.2014 0.0721 0.7265 
        D169 10 0.2585 0.4165 0.3250 
        D170 10 0.0590 0.7615 0.1794 
        D171 10 0.0516 0.6669 0.2815 
        D172 10 0.0885 0.6456 0.2658 
        D173 10 0.0400 0.0763 0.8837 
        D181 10 0.3372 0.2868 0.3760 
        D182 10 0.2874 0.5107 0.2018 
        D183 10 0.7249 0.2170 0.0581 
        D184 10 0.0249 0.8468 0.1283 
        D185 10 0.1150 0.3504 0.5346 
        D186 10 0.0661 0.8991 0.0348 
        D194 10 0.1072 0.5541 0.3387 
        D195 10 0.3665 0.1532 0.4803 
        D196 10 0.2878 0.0564 0.6558 
        D197 10 0.0963 0.6715 0.2322 
        D198 10 0.1759 0.3955 0.4286 
     D237226 10 0.5795 0.1707 0.2498 
     D237232 10 0.7866 0.1215 0.0919 
     D237233 10 0.5278 0.3034 0.1688 
     D237234 10 0.4302 0.4279 0.1419 
     D237354 10 0.9335 0.0252 0.0413 
     D237355 10 0.9428 0.0283 0.0288 
     D237356 10 0.1924 0.4632 0.3444 
     D237357 10 0.1143 0.3506 0.5351 
     D237358 10 0.0481 0.0373 0.9145 
     D237369 10 0.0185 0.9496 0.0319 
     D237370 10 0.3214 0.2578 0.4208 
     D237371 10 0.1518 0.4148 0.4333 
     D237372 10 0.1116 0.2248 0.6637 
     D237373 10 0.6625 0.2005 0.1370 
     D237374 10 0.9337 0.0407 0.0256 
     D237375 10 0.1075 0.1153 0.7772 
     D237400 10 0.1795 0.1494 0.6712 
     D244002 10 0.0923 0.5063 0.4014 
     D244003 10 0.9241 0.0447 0.0312 
     D244004 10 0.8965 0.0803 0.0232 
     D244005 10 0.7956 0.0986 0.1058 
     D244020 10 0.2548 0.4474 0.2979 
     D244021 10 0.0372 0.9271 0.0357 
     D244116 10 0.1156 0.5841 0.3003 
     D244117 10 0.8288 0.0678 0.1034 
     D244121 10 0.6375 0.2248 0.1377 
     D244123 10 0.7807 0.1202 0.0991 
     D244124 10 0.1467 0.3365 0.5168 
        D332 10 0.0740 0.4398 0.4862 
        D570 10 0.5612 0.2052 0.2337 
        D602 10 0.0865 0.1981 0.7154 
        D603 10 0.3746 0.3325 0.2929 
        D604 10 0.1162 0.0482 0.8355 
        D605 10 0.2686 0.1355 0.5959 
        D606 10 0.2629 0.5334 0.2037 
        D607 10 0.0628 0.0665 0.8708 
        D608 10 0.0231 0.0218 0.9551 
        D609 10 0.3235 0.5999 0.0766 
        D610 10 0.8493 0.0499 0.1008 
        D611 10 0.8542 0.1122 0.0336 
        D613 10 0.3345 0.2175 0.4480 
        D633 10 0.0577 0.0386 0.9038 
        D634 10 0.1478 0.5163 0.3359 
        D638 10 0.3016 0.1160 0.5825 
        D681 10 0.0681 0.8245 0.1074 
        D754 10 0.2029 0.7676 0.0296 
        D755 10 0.7531 0.1132 0.1337 
        D756 10 0.4752 0.4563 0.0685 
        D757 10 0.6623 0.0765 0.2612 
        D758 10 0.2734 0.5711 0.1555 
        D759 10 0.7878 0.0400 0.1722 
        D760 10 0.5980 0.2004 0.2016 
        D761 10 0.9006 0.0341 0.0653 
        D762 10 0.0627 0.0696 0.8677 
        D775 10 0.8244 0.1308 0.0448 
        D776 10 0.8314 0.0712 0.0975 
        D777 10 0.8727 0.0794 0.0479 
        D778 10 0.6186 0.2928 0.0885 
        D779 10 0.1701 0.7608 0.0691 
        D780 10 0.4754 0.1484 0.3761 
        D781 10 0.0578 0.1250 0.8172 
        D858 10 0.1261 0.8181 0.0558 
        D933 10 0.4978 0.0868 0.4154 
        D038 11 0.6478 0.2047 0.1475 
        D063 11 0.6262 0.2131 0.1607 
        D155 11 0.7106 0.1451 0.1443 
        D175 11 0.2195 0.7196 0.0609 
        D176 11 0.4005 0.4427 0.1568 
        D205 11 0.6214 0.3128 0.0658 
     D237229 11 0.4059 0.0890 0.5052 
     D237230 11 0.0309 0.5666 0.4025 
     D237231 11 0.0835 0.1633 0.7532 
     D237269 11 0.1831 0.0966 0.7204 
     D237270 11 0.1229 0.4291 0.4480 
     D237271 11 0.3900 0.3075 0.3025 
     D237272 11 0.0625 0.8472 0.0903 
     D237273 11 0.7995 0.1318 0.0687 
     D237301 11 0.1856 0.4439 0.3705 
     D237302 11 0.0874 0.6365 0.2761 
     D237303 11 0.0371 0.5510 0.4119 
     D237304 11 0.2223 0.4737 0.3041 
     D237305 11 0.6978 0.2497 0.0525 
     D237314 11 0.6902 0.2272 0.0826 
     D237315 11 0.1096 0.7185 0.1719 
     D237316 11 0.1151 0.1525 0.7324 
     D237328 11 0.0711 0.7588 0.1700 
     D237329 11 0.4227 0.2568 0.3204 
     D237330 11 0.7284 0.1761 0.0955 
     D237331 11 0.7908 0.0943 0.1149 
     D237332 11 0.2966 0.5865 0.1169 
     D237333 11 0.6715 0.0606 0.2679 
     D237334 11 0.1823 0.4388 0.3789 
     D237335 11 0.5114 0.3762 0.1123 
     D237336 11 0.8458 0.0856 0.0686 
     D237350 11 0.4224 0.1476 0.4300 
     D237383 11 0.5703 0.3046 0.1251 
     D237384 11 0.3333 0.1985 0.4682 
     D237385 11 0.3704 0.3929 0.2368 
     D237386 11 0.1480 0.2189 0.6331 
     D237387 11 0.1049 0.8084 0.0867 
     D237388 11 0.4430 0.2616 0.2954 
        D239 11 0.7329 0.1279 0.1392 
        D240 11 0.8486 0.0394 0.1120 
        D241 11 0.6129 0.0799 0.3072 
        D242 11 0.3054 0.1475 0.5471 
        D243 11 0.8234 0.1037 0.0728 
        D244 11 0.8853 0.0536 0.0611 
        D245 11 0.0641 0.8643 0.0716 
        D246 11 0.2449 0.6288 0.1263 
        D247 11 0.6463 0.1321 0.2217 
        D248 11 0.1106 0.2086 0.6808 
        D249 11 0.1324 0.7917 0.0759 
        D250 11 0.1921 0.1062 0.7016 
        D251 11 0.3205 0.5492 0.1303 
        D252 11 0.0652 0.7719 0.1629 
        D253 11 0.7109 0.1792 0.1099 
        D254 11 0.0484 0.7029 0.2487 
        D255 11 0.1443 0.4270 0.4286 
        D256 11 0.7068 0.1642 0.1290 
        D257 11 0.1570 0.7757 0.0673 
        D258 11 0.0863 0.8295 0.0842 
        D259 11 0.0753 0.6448 0.2800 
        D260 11 0.3930 0.3282 0.2788 
        D261 11 0.2519 0.4738 0.2743 
        D262 11 0.0827 0.8413 0.0761 
        D263 11 0.3224 0.4075 0.2701 
        D264 11 0.0444 0.8845 0.0711 
        D265 11 0.2043 0.5298 0.2660 
        D266 11 0.4877 0.0676 0.4447 
        D267 11 0.7135 0.1533 0.1332 
        D268 11 0.7357 0.1099 0.1544 
        D269 11 0.2734 0.3156 0.4110 
        D270 11 0.1074 0.8098 0.0828 
        D271 11 0.4768 0.2559 0.2672 
        D272 11 0.6184 0.0606 0.3210 
        D273 11 0.0281 0.9425 0.0294 
        D274 11 0.4697 0.1643 0.3660 
        D275 11 0.3678 0.1787 0.4536 
        D276 11 0.6193 0.1093 0.2714 
        D277 11 0.2283 0.2176 0.5541 
        D278 11 0.4570 0.4185 0.1245 
        D282 11 0.1116 0.7854 0.1030 
        D296 11 0.6838 0.1312 0.1850 
        D297 11 0.5742 0.1932 0.2326 
        D298 11 0.4887 0.1005 0.4109 
        D299 11 0.3812 0.4330 0.1859 
        D300 11 0.4765 0.1766 0.3469 
        D382 11 0.6937 0.1738 0.1325 
        D383 11 0.7602 0.1704 0.0694 
        D387 11 0.3878 0.3925 0.2197 
        D388 11 0.2064 0.1466 0.6469 
        D389 11 0.3835 0.3455 0.2710 
        D390 11 0.3505 0.2367 0.4128 
        D396 11 0.2813 0.2742 0.4445 
        D397 11 0.1116 0.8380 0.0504 
        D398 11 0.7781 0.0876 0.1343 
        D399 11 0.0462 0.1510 0.8028 
        D437 11 0.1768 0.6275 0.1957 
        D441 11 0.6990 0.1791 0.1219 
        D442 11 0.5702 0.1606 0.2692 
        D443 11 0.9071 0.0475 0.0454 
        D444 11 0.2062 0.1608 0.6330 
        D445 11 0.0711 0.8715 0.0574 
        D446 11 0.2159 0.1604 0.6237 
        D451 11 0.1901 0.6537 0.1562 
        D452 11 0.2775 0.0904 0.6321 
        D453 11 0.1435 0.1744 0.6820 
        D454 11 0.1697 0.4667 0.3636 
        D457 11 0.1528 0.8143 0.0328 
        D458 11 0.7505 0.1160 0.1335 
        D466 11 0.0780 0.1173 0.8047 
        D467 11 0.4230 0.4078 0.1692 
        D475 11 0.0519 0.8057 0.1424 
        D488 11 0.2187 0.1824 0.5988 
        D489 11 0.1162 0.7449 0.1389 
        D493 11 0.2191 0.1484 0.6325 
        D494 11 0.1767 0.3451 0.4782 
        D495 11 0.2106 0.5952 0.1942 
        D496 11 0.8542 0.0486 0.0972 
        D674 11 0.7536 0.0694 0.1770 
        D675 11 0.8890 0.0279 0.0831 
        D676 11 0.1726 0.7584 0.0690 
        D680 11 0.8840 0.0612 0.0547 
        D701 11 0.3963 0.5294 0.0743 
        D702 11 0.0669 0.3259 0.6071 
        D703 11 0.5418 0.0934 0.3647 
        D704 11 0.2755 0.5413 0.1832 
        D705 11 0.0217 0.8770 0.1012 
        D706 11 0.4280 0.2284 0.3436 
        D707 11 0.1278 0.8002 0.0720 
        D751 11 0.3564 0.4485 0.1951 
        D752 11 0.5890 0.2386 0.1725 
        D753 11 0.0700 0.7510 0.1791 
        D773 11 0.0244 0.9499 0.0258 
        D774 11 0.4604 0.1111 0.4286 
        D801 11 0.4785 0.2536 0.2679 
        D802 11 0.0748 0.6060 0.3192 
        D803 11 0.8476 0.0773 0.0751 
        D804 11 0.1532 0.7195 0.1273 
        D805 11 0.3535 0.3762 0.2703 
        D806 11 0.0330 0.9346 0.0324 
        D809 11 0.3493 0.3212 0.3295 
        D810 11 0.8041 0.0629 0.1330 
        D812 11 0.1643 0.5964 0.2393 
        D813 11 0.6301 0.0625 0.3073 
        D823 11 0.2073 0.4958 0.2969 
        D824 11 0.4274 0.3848 0.1878 
        D829 11 0.2563 0.0477 0.6960 
        D830 11 0.1009 0.7349 0.1642 
        D831 11 0.2681 0.6636 0.0683 
        D832 11 0.4472 0.2593 0.2935 
        D833 11 0.7580 0.0739 0.1680 
        D834 11 0.4126 0.1249 0.4625 
        D835 11 0.0697 0.8864 0.0438 
        D855 11 0.2980 0.5428 0.1592 
        D863 11 0.9064 0.0332 0.0603 
        D864 11 0.5063 0.3125 0.1812 
        D878 11 0.5031 0.4084 0.0885 
        D879 11 0.1350 0.7243 0.1407 
        D880 11 0.4152 0.0399 0.5449 
        D881 11 0.9210 0.0414 0.0376 
        D882 11 0.3050 0.4524 0.2427 
        D909 11 0.3791 0.3075 0.3134 
        D921 11 0.3672 0.2945 0.3383 
        D924 11 0.4842 0.0892 0.4266 
        D935 11 0.2020 0.3910 0.4070 
        D940 11 0.9292 0.0337 0.0371 
        D941 11 0.7776 0.0766 0.1459 
        D942 11 0.0569 0.8652 0.0779 
        D980 11 0.3222 0.1292 0.5486 
        D981 11 0.1201 0.4598 0.4200 
        D982 11 0.0629 0.0426 0.8946 
        D983 11 0.6342 0.2103 0.1555 
        D984 11 0.3721 0.2650 0.3629 
        D992 11 0.0463 0.8133 0.1404 
        D993 11 0.2239 0.3733 0.4028 
        D994 11 0.6378 0.2760 0.0862 
        D995 11 0.0749 0.7559 0.1692 
        H354 11 0.0654 0.6497 0.2850 
