        D023  2 0.0350 0.0121 0.0122 0.0185 0.7757 0.0145 0.0769 0.0168 0.0152 0.0231 
        D130  2 0.0787 0.0834 0.0145 0.1055 0.4826 0.0226 0.0729 0.0428 0.0766 0.0205 
        D131  2 0.3007 0.0430 0.0490 0.1124 0.0366 0.0648 0.1259 0.0508 0.1795 0.0374 
        D163  2 0.0835 0.2301 0.0483 0.0154 0.4654 0.0469 0.0357 0.0239 0.0227 0.0281 
        D164  2 0.0354 0.0221 0.0104 0.3953 0.0229 0.0154 0.0256 0.1057 0.3393 0.0279 
        D165  2 0.0414 0.0146 0.0123 0.0224 0.7965 0.0199 0.0219 0.0218 0.0222 0.0271 
        D166  2 0.1846 0.1833 0.0164 0.0189 0.0349 0.0643 0.0393 0.1935 0.0986 0.1662 
        D167  2 0.0161 0.0087 0.0185 0.1746 0.0069 0.0116 0.0108 0.7335 0.0099 0.0095 
        D192  2 0.0236 0.0087 0.0124 0.1889 0.0111 0.0152 0.0093 0.7089 0.0100 0.0118 
        D193  2 0.1020 0.1217 0.0379 0.0170 0.0231 0.0473 0.0367 0.5589 0.0280 0.0274 
        D206  2 0.0981 0.0508 0.0200 0.1017 0.0430 0.0216 0.4869 0.1004 0.0550 0.0225 
        D207  2 0.1334 0.0871 0.0168 0.3413 0.0220 0.1215 0.0351 0.1863 0.0307 0.0259 
        D208  2 0.0749 0.0610 0.1921 0.0382 0.1619 0.2404 0.0634 0.0836 0.0220 0.0626 
        D209  2 0.1248 0.0171 0.0174 0.0812 0.0317 0.0150 0.0292 0.5735 0.0286 0.0816 
        D210  2 0.0750 0.0544 0.4769 0.0760 0.0270 0.1532 0.0265 0.0458 0.0268 0.0384 
     D229599  2 0.1261 0.0522 0.0247 0.0195 0.1792 0.1103 0.2757 0.0850 0.0260 0.1012 
     D229600  2 0.0660 0.0397 0.0240 0.1079 0.1716 0.0296 0.0233 0.4579 0.0488 0.0313 
     D237227  2 0.0872 0.0127 0.2523 0.0223 0.1562 0.0852 0.0350 0.0357 0.2909 0.0226 
     D237228  2 0.1103 0.0175 0.1245 0.0281 0.0171 0.0408 0.0117 0.0539 0.5746 0.0214 
     D237258  2 0.0981 0.0335 0.0293 0.0681 0.1012 0.1172 0.0836 0.1796 0.0981 0.1914 
     D237310  2 0.0238 0.0187 0.0388 0.0206 0.0112 0.0127 0.0094 0.0313 0.8094 0.0242 
     D237311  2 0.0328 0.0596 0.0256 0.0704 0.0205 0.0241 0.0137 0.0978 0.6370 0.0184 
     D237312  2 0.0602 0.2189 0.0311 0.0239 0.0540 0.0210 0.0224 0.0458 0.3805 0.1421 
     D237313  2 0.1015 0.0250 0.0450 0.0179 0.0473 0.0276 0.6051 0.0219 0.0672 0.0414 
     D237322  2 0.2164 0.0780 0.0767 0.0537 0.0579 0.2197 0.0269 0.0697 0.1324 0.0688 
     D237323  2 0.0352 0.0198 0.0936 0.0170 0.0352 0.0633 0.0159 0.0290 0.6684 0.0226 
     D237324  2 0.4100 0.0354 0.0129 0.1330 0.1492 0.0789 0.0281 0.0883 0.0401 0.0240 
     D237325  2 0.0878 0.2639 0.0666 0.0412 0.0499 0.0196 0.0263 0.1099 0.2948 0.0399 
     D237326  2 0.0842 0.0858 0.0624 0.0683 0.0277 0.0296 0.0384 0.0413 0.5289 0.0334 
     D237327  2 0.1484 0.0275 0.0295 0.0578 0.1954 0.4025 0.0201 0.0466 0.0218 0.0504 
     D237337  2 0.0174 0.0327 0.0280 0.0152 0.0176 0.0143 0.0261 0.0137 0.8214 0.0136 
     D237338  2 0.1595 0.2104 0.0994 0.0413 0.1574 0.0753 0.0272 0.0473 0.1310 0.0511 
     D237339  2 0.1687 0.0876 0.0128 0.4092 0.0564 0.0305 0.0501 0.0705 0.0114 0.1027 
     D237340  2 0.0781 0.0933 0.1342 0.0723 0.0403 0.0496 0.0209 0.1755 0.2837 0.0521 
     D237389  2 0.0270 0.1138 0.0134 0.0209 0.0181 0.0151 0.0133 0.1260 0.6217 0.0306 
     D237390  2 0.0478 0.4500 0.0753 0.0190 0.0303 0.0395 0.0340 0.0314 0.2191 0.0536 
     D244017  2 0.0742 0.0120 0.0699 0.0569 0.0201 0.0361 0.0293 0.6580 0.0249 0.0184 
     D244112  2 0.0482 0.0290 0.0161 0.1828 0.0375 0.0197 0.0135 0.6163 0.0229 0.0141 
     D244118  2 0.0170 0.0110 0.0145 0.1255 0.0853 0.0101 0.0123 0.6967 0.0126 0.0149 
     D244119  2 0.0329 0.0126 0.5740 0.1625 0.0131 0.0212 0.0261 0.1211 0.0248 0.0117 
     D244120  2 0.0210 0.0390 0.0184 0.0547 0.0114 0.0344 0.0110 0.7229 0.0320 0.0550 
     D244122  2 0.0296 0.0392 0.0323 0.1435 0.0548 0.0209 0.0201 0.6081 0.0187 0.0328 
        D291  2 0.0809 0.0255 0.0124 0.0291 0.0578 0.5719 0.1020 0.0783 0.0307 0.0114 
        D292  2 0.0954 0.0331 0.1112 0.0422 0.0346 0.1353 0.2133 0.2506 0.0325 0.0517 
        D293  2 0.0204 0.0164 0.0096 0.8851 0.0096 0.0133 0.0156 0.0089 0.0094 0.0118 
        D322  2 0.0648 0.0229 0.0139 0.7417 0.0232 0.0210 0.0224 0.0248 0.0276 0.0378 
        D323  2 0.1198 0.0450 0.0439 0.1342 0.0310 0.0446 0.3139 0.1483 0.0604 0.0589 
        D324  2 0.1666 0.1087 0.0402 0.0652 0.0450 0.2960 0.1007 0.0346 0.1192 0.0239 
        D325  2 0.0192 0.0405 0.0113 0.8120 0.0122 0.0290 0.0241 0.0168 0.0154 0.0195 
        D326  2 0.0140 0.0139 0.0133 0.0120 0.0113 0.0195 0.8815 0.0092 0.0133 0.0120 
        D340  2 0.0179 0.0141 0.0210 0.8528 0.0104 0.0180 0.0133 0.0224 0.0138 0.0163 
        D341  2 0.0368 0.1838 0.0440 0.5563 0.0244 0.0309 0.0264 0.0271 0.0495 0.0207 
        D342  2 0.1044 0.0459 0.0164 0.1883 0.0682 0.0223 0.0315 0.4599 0.0450 0.0181 
        D343  2 0.0121 0.0098 0.0079 0.9178 0.0082 0.0097 0.0098 0.0081 0.0083 0.0085 
        D344  2 0.0699 0.0650 0.0150 0.0266 0.0213 0.0186 0.2893 0.1245 0.0560 0.3139 
        D345  2 0.1664 0.0178 0.0340 0.0494 0.0353 0.0597 0.3442 0.0742 0.0339 0.1851 
        D346  2 0.0667 0.0356 0.3489 0.0735 0.0221 0.0494 0.1033 0.0475 0.1289 0.1240 
        D351  2 0.1569 0.1122 0.0174 0.1703 0.0295 0.1354 0.2198 0.0444 0.0748 0.0394 
        D352  2 0.1561 0.0267 0.0493 0.0866 0.0230 0.0325 0.0399 0.0641 0.0478 0.4740 
        D353  2 0.5571 0.0163 0.0117 0.0164 0.0138 0.0217 0.1892 0.0702 0.0157 0.0879 
        D354  2 0.0582 0.0201 0.0307 0.0140 0.0179 0.0189 0.2558 0.0328 0.0231 0.5285 
        D362  2 0.0544 0.0316 0.0288 0.0230 0.1455 0.0213 0.5872 0.0353 0.0523 0.0207 
        D363  2 0.0550 0.0236 0.0281 0.0228 0.1103 0.0232 0.6387 0.0299 0.0350 0.0334 
        D364  2 0.0430 0.0213 0.0164 0.0132 0.0300 0.0147 0.5287 0.0462 0.0198 0.2666 
        D365  2 0.0128 0.0112 0.0194 0.8815 0.0087 0.0119 0.0161 0.0094 0.0163 0.0126 
        D369  2 0.0813 0.0483 0.1462 0.0923 0.0346 0.0446 0.0726 0.0640 0.3949 0.0214 
        D374  2 0.0546 0.0302 0.1349 0.0147 0.0192 0.0309 0.0236 0.6532 0.0172 0.0214 
        D375  2 0.0552 0.0252 0.0107 0.0122 0.0220 0.0120 0.1136 0.0520 0.0169 0.6802 
        D376  2 0.0923 0.0358 0.1473 0.0244 0.0410 0.0291 0.0262 0.5257 0.0215 0.0568 
        D377  2 0.1198 0.0911 0.0781 0.0566 0.0359 0.0313 0.0850 0.0638 0.3329 0.1056 
        D378  2 0.1050 0.0302 0.0172 0.4358 0.1106 0.0441 0.1307 0.0320 0.0196 0.0748 
        D379  2 0.0365 0.0367 0.0264 0.0146 0.0159 0.0191 0.7924 0.0175 0.0208 0.0200 
        D384  2 0.0213 0.0197 0.0240 0.0177 0.0123 0.0173 0.8438 0.0092 0.0231 0.0117 
        D385  2 0.0236 0.0154 0.0251 0.7051 0.0183 0.0152 0.0230 0.0220 0.0238 0.1285 
        D386  2 0.0717 0.0228 0.0167 0.1385 0.0433 0.0329 0.2633 0.0419 0.0177 0.3512 
        D391  2 0.0203 0.0160 0.0136 0.8344 0.0128 0.0137 0.0236 0.0147 0.0242 0.0267 
        D392  2 0.0491 0.0181 0.0341 0.4730 0.0201 0.0196 0.0597 0.1034 0.2039 0.0189 
        D393  2 0.0594 0.0445 0.0283 0.2125 0.0490 0.1172 0.2081 0.0248 0.0276 0.2285 
        D394  2 0.1489 0.1042 0.0393 0.0501 0.0703 0.0535 0.0401 0.2849 0.0730 0.1357 
        D395  2 0.0904 0.0187 0.0188 0.4691 0.0382 0.0312 0.0205 0.0299 0.0279 0.2552 
        D401  2 0.0147 0.0153 0.0186 0.0101 0.0162 0.0178 0.0082 0.0205 0.8687 0.0100 
        D402  2 0.0223 0.0151 0.0191 0.7815 0.0123 0.0258 0.0214 0.0354 0.0199 0.0472 
        D403  2 0.1761 0.0431 0.0195 0.0289 0.0653 0.0280 0.4521 0.0476 0.0302 0.1093 
        D415  2 0.2832 0.0678 0.0113 0.0493 0.0506 0.0159 0.1809 0.0485 0.2681 0.0243 
        D435  2 0.0761 0.0672 0.0127 0.4565 0.0384 0.0633 0.1371 0.0323 0.0380 0.0785 
        D436  2 0.0470 0.5911 0.0338 0.0367 0.0342 0.0227 0.0531 0.0420 0.0188 0.1208 
        D438  2 0.0216 0.0168 0.0189 0.8354 0.0176 0.0147 0.0158 0.0260 0.0182 0.0150 
        D439  2 0.1267 0.0274 0.0140 0.1755 0.0878 0.0210 0.1888 0.0623 0.0159 0.2806 
        D449  2 0.1131 0.2396 0.0234 0.1612 0.0225 0.0171 0.0624 0.2925 0.0395 0.0288 
        D450  2 0.1472 0.1100 0.0536 0.0180 0.1226 0.0602 0.1327 0.0817 0.1029 0.1710 
        D456  2 0.0426 0.0264 0.0125 0.0280 0.0139 0.0440 0.7917 0.0152 0.0145 0.0114 
        D462  2 0.0214 0.0174 0.0121 0.8303 0.0187 0.0183 0.0172 0.0179 0.0122 0.0346 
        D463  2 0.0198 0.0127 0.0178 0.0135 0.0120 0.0118 0.8740 0.0121 0.0122 0.0141 
        D464  2 0.3472 0.0284 0.0281 0.0860 0.0180 0.0291 0.0945 0.0775 0.0372 0.2540 
        D465  2 0.0357 0.0214 0.0167 0.5556 0.0183 0.0146 0.0287 0.0190 0.2695 0.0207 
        D473  2 0.0617 0.0234 0.3486 0.0461 0.0639 0.0365 0.0216 0.0264 0.2228 0.1490 
        D474  2 0.0761 0.0395 0.0795 0.0579 0.1177 0.1572 0.3228 0.0352 0.0605 0.0536 
        D476  2 0.0547 0.0224 0.0128 0.1702 0.4739 0.0244 0.0442 0.0200 0.0142 0.1631 
        D477  2 0.0539 0.0195 0.0418 0.0203 0.0252 0.0393 0.2311 0.0261 0.0685 0.4742 
        D478  2 0.1907 0.0416 0.0447 0.0278 0.1188 0.0677 0.1466 0.2826 0.0282 0.0515 
        D480  2 0.0772 0.0627 0.0849 0.3125 0.0293 0.0530 0.1699 0.0313 0.0308 0.1485 
        D481  2 0.1010 0.0133 0.0731 0.0413 0.0473 0.0536 0.3425 0.0779 0.0401 0.2100 
        D482  2 0.1577 0.0532 0.1074 0.0237 0.0366 0.2162 0.0537 0.0504 0.0400 0.2611 
        D483  2 0.0155 0.0100 0.0439 0.2021 0.0184 0.0188 0.0143 0.6521 0.0143 0.0106 
        D484  2 0.0252 0.0201 0.0275 0.0284 0.0178 0.0219 0.0120 0.0286 0.0107 0.8078 
        D510  2 0.0835 0.1306 0.1888 0.0184 0.0202 0.1332 0.0316 0.3499 0.0198 0.0241 
        D511  2 0.0620 0.0260 0.0202 0.2093 0.0454 0.0381 0.1113 0.0249 0.0292 0.4337 
        D512  2 0.0228 0.0116 0.0092 0.0487 0.0200 0.0147 0.0127 0.0148 0.8254 0.0201 
        D513  2 0.0643 0.0453 0.0570 0.6081 0.0160 0.0486 0.0560 0.0254 0.0546 0.0246 
        D635  2 0.0944 0.0281 0.0241 0.0368 0.4263 0.0313 0.2319 0.0571 0.0409 0.0293 
        D636  2 0.0539 0.0223 0.0221 0.0275 0.6383 0.0139 0.1019 0.0427 0.0587 0.0188 
        D637  2 0.1266 0.2363 0.0454 0.0968 0.0351 0.0399 0.0443 0.0677 0.0588 0.2492 
        D658  2 0.0871 0.0500 0.0806 0.3434 0.0658 0.0260 0.0203 0.0724 0.1031 0.1512 
        D659  2 0.1588 0.4095 0.0440 0.0331 0.0506 0.0635 0.1378 0.0394 0.0164 0.0469 
        D677  2 0.0492 0.3239 0.0267 0.0454 0.0595 0.0377 0.2758 0.0690 0.0837 0.0291 
        D678  2 0.0499 0.0146 0.0093 0.1138 0.0188 0.0169 0.0119 0.7133 0.0305 0.0210 
        D679  2 0.1062 0.0432 0.0795 0.0733 0.0322 0.0446 0.5004 0.0228 0.0267 0.0710 
        D719  2 0.0706 0.0393 0.3488 0.2600 0.0261 0.0415 0.0945 0.0311 0.0644 0.0236 
        D720  2 0.0328 0.0334 0.0630 0.1727 0.0215 0.0397 0.5638 0.0151 0.0444 0.0137 
        D721  2 0.0460 0.0256 0.0165 0.0353 0.7822 0.0160 0.0232 0.0177 0.0132 0.0244 
        D722  2 0.1095 0.0267 0.0570 0.0323 0.0221 0.0323 0.0399 0.6165 0.0367 0.0271 
        D734  2 0.0662 0.0348 0.1681 0.1884 0.0219 0.0268 0.0300 0.0428 0.0167 0.4044 
        D735  2 0.1333 0.0261 0.0733 0.1446 0.1464 0.0421 0.2485 0.0428 0.0778 0.0651 
        D736  2 0.0786 0.1294 0.2042 0.0452 0.0475 0.2464 0.0471 0.0646 0.0558 0.0812 
        D737  2 0.0463 0.0172 0.0286 0.0751 0.0953 0.0400 0.0170 0.6215 0.0220 0.0368 
        D807  2 0.1024 0.1895 0.1497 0.0533 0.0580 0.0898 0.0748 0.0599 0.0794 0.1431 
        D808  2 0.1169 0.0439 0.0214 0.1128 0.0482 0.0351 0.0446 0.0486 0.5016 0.0268 
        D817  2 0.0349 0.0417 0.0208 0.0191 0.0331 0.0248 0.7079 0.0257 0.0600 0.0321 
        D818  2 0.2480 0.0780 0.0205 0.2456 0.1004 0.1130 0.0806 0.0571 0.0266 0.0301 
        D819  2 0.0642 0.0209 0.0259 0.0199 0.0294 0.0268 0.0970 0.0377 0.6282 0.0498 
        D820  2 0.0509 0.4100 0.0177 0.3160 0.0250 0.0296 0.0923 0.0200 0.0139 0.0246 
        D895  2 0.2407 0.1679 0.0326 0.0299 0.0610 0.0323 0.2057 0.1295 0.0468 0.0536 
        D896  2 0.0123 0.0199 0.0215 0.0110 0.0092 0.0108 0.0110 0.0115 0.8812 0.0117 
        D897  2 0.1956 0.0838 0.0311 0.2488 0.0321 0.0591 0.0389 0.2110 0.0538 0.0458 
        D898  2 0.1425 0.0299 0.0307 0.0195 0.0418 0.2352 0.1242 0.0813 0.2447 0.0502 
        D918  2 0.1582 0.1270 0.1093 0.0799 0.0461 0.0359 0.0327 0.0347 0.2649 0.1111 
        D919  2 0.1570 0.0449 0.0165 0.1766 0.0527 0.0526 0.2042 0.1078 0.0178 0.1698 
        D920  2 0.0623 0.1086 0.0377 0.0260 0.5181 0.0227 0.0315 0.1241 0.0434 0.0256 
        D923  2 0.1305 0.0487 0.0183 0.0414 0.0322 0.0237 0.5244 0.0518 0.0328 0.0962 
        D930  2 0.1441 0.0444 0.0746 0.0840 0.0231 0.0283 0.3477 0.0325 0.0874 0.1338 
        D931  2 0.0863 0.0355 0.0390 0.1605 0.0472 0.0336 0.0882 0.0544 0.1011 0.3542 
        D968  2 0.0213 0.0207 0.0112 0.8120 0.0117 0.0331 0.0238 0.0340 0.0159 0.0163 
        D969  2 0.1405 0.0374 0.0638 0.0757 0.0516 0.1695 0.2244 0.1347 0.0497 0.0526 
        D977  2 0.1034 0.0522 0.0181 0.5841 0.0450 0.0547 0.0329 0.0550 0.0275 0.0273 
        D978  2 0.1234 0.0234 0.0323 0.0688 0.0509 0.3361 0.1643 0.1468 0.0212 0.0328 
        D009  4 0.1096 0.0954 0.0197 0.0196 0.5508 0.0241 0.0454 0.0775 0.0377 0.0201 
        D057  4 0.0364 0.0226 0.0181 0.1398 0.6667 0.0322 0.0159 0.0199 0.0124 0.0358 
        D109  4 0.0648 0.0276 0.0358 0.0155 0.0467 0.0211 0.0204 0.0452 0.6871 0.0359 
     D237222  4 0.0633 0.0607 0.0758 0.0299 0.5582 0.0250 0.0205 0.1343 0.0135 0.0189 
     D237223  4 0.0446 0.7126 0.0486 0.0495 0.0128 0.0303 0.0125 0.0301 0.0314 0.0276 
     D237224  4 0.0954 0.0261 0.0335 0.0545 0.0514 0.1189 0.3330 0.0813 0.0264 0.1795 
     D237225  4 0.1747 0.2127 0.0398 0.0361 0.3271 0.0482 0.0600 0.0572 0.0236 0.0205 
     D237299  4 0.2614 0.1388 0.0710 0.0287 0.0185 0.0620 0.0284 0.0764 0.2550 0.0598 
     D237300  4 0.0659 0.0347 0.0330 0.0239 0.0272 0.6856 0.0234 0.0533 0.0251 0.0279 
     D237306  4 0.0322 0.6372 0.1532 0.0157 0.0178 0.0149 0.0158 0.0466 0.0323 0.0343 
     D237307  4 0.0677 0.0345 0.2156 0.0555 0.0754 0.0738 0.3776 0.0380 0.0464 0.0155 
     D237308  4 0.0978 0.0455 0.0899 0.2284 0.0596 0.0397 0.0735 0.1822 0.0409 0.1426 
     D237309  4 0.1610 0.0545 0.0170 0.0258 0.4688 0.0579 0.0685 0.0737 0.0267 0.0461 
     D237317  4 0.2720 0.0400 0.0993 0.0208 0.1167 0.0497 0.2936 0.0647 0.0218 0.0213 
     D237318  4 0.0482 0.0165 0.0238 0.0471 0.0136 0.7426 0.0266 0.0371 0.0286 0.0160 
     D237319  4 0.1362 0.0912 0.0401 0.0396 0.0409 0.0495 0.2201 0.1226 0.2300 0.0299 
     D237320  4 0.0201 0.7729 0.0171 0.0327 0.0236 0.0370 0.0185 0.0336 0.0267 0.0178 
     D237321  4 0.0747 0.0342 0.0542 0.0286 0.0347 0.4673 0.0973 0.1155 0.0621 0.0314 
     D237397  4 0.0415 0.5119 0.1127 0.0401 0.0470 0.0815 0.0299 0.0977 0.0228 0.0148 
     D237398  4 0.0567 0.0380 0.0144 0.0441 0.0181 0.6039 0.1231 0.0204 0.0215 0.0598 
     D237399  4 0.0798 0.1778 0.1878 0.0318 0.0813 0.2581 0.0547 0.0505 0.0402 0.0381 
     D244001  4 0.0679 0.0449 0.0208 0.0470 0.4541 0.0246 0.0284 0.2846 0.0105 0.0171 
        D289  4 0.1017 0.1164 0.2574 0.0882 0.0620 0.0791 0.0474 0.0764 0.0222 0.1492 
        D290  4 0.1904 0.0611 0.0324 0.0476 0.0963 0.3320 0.0376 0.1417 0.0310 0.0300 
        D294  4 0.2548 0.0281 0.0347 0.0382 0.1454 0.0920 0.0719 0.0874 0.0206 0.2269 
        D295  4 0.0689 0.5077 0.0523 0.0268 0.0553 0.0382 0.0605 0.0359 0.1078 0.0467 
        D301  4 0.0606 0.0421 0.0847 0.0217 0.3314 0.0658 0.0381 0.3035 0.0296 0.0226 
        D302  4 0.0335 0.0298 0.0157 0.0149 0.0755 0.0210 0.0821 0.0184 0.0142 0.6950 
        D303  4 0.0501 0.0452 0.5657 0.0261 0.0292 0.0208 0.0141 0.0634 0.0705 0.1149 
        D304  4 0.0810 0.0225 0.0414 0.0247 0.0876 0.5088 0.1149 0.0818 0.0154 0.0219 
        D305  4 0.4272 0.0304 0.0152 0.0548 0.0460 0.0310 0.0278 0.2321 0.0155 0.1201 
        D306  4 0.4069 0.0271 0.0373 0.0242 0.0307 0.1137 0.0434 0.2712 0.0214 0.0241 
        D307  4 0.0215 0.0124 0.0393 0.0117 0.8171 0.0290 0.0139 0.0156 0.0184 0.0211 
        D327  4 0.0647 0.1035 0.0311 0.0488 0.0376 0.0381 0.5934 0.0275 0.0307 0.0247 
        D328  4 0.0577 0.2071 0.1243 0.0193 0.0412 0.0231 0.0279 0.0758 0.0446 0.3790 
        D329  4 0.1996 0.0242 0.0522 0.0365 0.1709 0.0695 0.0459 0.1755 0.0346 0.1910 
        D330  4 0.0884 0.5587 0.0175 0.0486 0.0444 0.0156 0.0697 0.0467 0.0567 0.0535 
        D331  4 0.0760 0.0224 0.0725 0.0440 0.0485 0.3252 0.2671 0.0573 0.0589 0.0282 
        D333  4 0.0980 0.1949 0.0481 0.0640 0.2582 0.0763 0.0328 0.1362 0.0391 0.0523 
        D334  4 0.0704 0.0277 0.4670 0.0277 0.2236 0.0648 0.0323 0.0263 0.0202 0.0401 
        D335  4 0.0796 0.0406 0.0261 0.1200 0.0847 0.0197 0.4082 0.0399 0.0262 0.1550 
        D370  4 0.1387 0.0365 0.0437 0.0235 0.0526 0.0361 0.0507 0.4419 0.0991 0.0772 
        D371  4 0.0829 0.0346 0.3672 0.0282 0.0151 0.0258 0.1654 0.1119 0.0832 0.0856 
        D372  4 0.0840 0.0178 0.0401 0.0185 0.0204 0.6486 0.0145 0.1243 0.0181 0.0139 
        D373  4 0.0310 0.0109 0.0144 0.0220 0.7764 0.0364 0.0376 0.0202 0.0168 0.0344 
        D455  4 0.0193 0.0118 0.0176 0.0171 0.8408 0.0290 0.0168 0.0167 0.0118 0.0191 
        D490  4 0.0189 0.0289 0.0206 0.0098 0.8461 0.0138 0.0110 0.0128 0.0214 0.0166 
        D497  4 0.0386 0.0321 0.0186 0.0143 0.7701 0.0284 0.0129 0.0241 0.0311 0.0298 
        D498  4 0.1225 0.0373 0.1652 0.0396 0.0449 0.1855 0.0990 0.1300 0.1467 0.0294 
        D499  4 0.0979 0.0521 0.0716 0.1038 0.0229 0.0380 0.0431 0.0810 0.3632 0.1263 
        D514  4 0.1495 0.0766 0.0124 0.0335 0.1068 0.0830 0.1044 0.0828 0.1408 0.2101 
        D515  4 0.0204 0.8148 0.0151 0.0166 0.0135 0.0132 0.0165 0.0210 0.0319 0.0370 
        D516  4 0.0854 0.3080 0.0684 0.1186 0.0702 0.0409 0.1002 0.0906 0.1002 0.0176 
        D517  4 0.1360 0.0476 0.0162 0.0140 0.5976 0.0642 0.0399 0.0437 0.0225 0.0183 
        D518  4 0.0661 0.0458 0.0471 0.0793 0.5881 0.0150 0.0410 0.0481 0.0154 0.0540 
        D519  4 0.0161 0.8416 0.0142 0.0139 0.0220 0.0247 0.0128 0.0152 0.0265 0.0130 
        D560  4 0.0350 0.6869 0.0139 0.0204 0.0196 0.0335 0.0841 0.0413 0.0291 0.0362 
        D561  4 0.3374 0.0566 0.0154 0.1465 0.1440 0.0222 0.0588 0.1041 0.0815 0.0335 
        D562  4 0.1783 0.0430 0.0448 0.0574 0.1505 0.1044 0.0898 0.2144 0.0400 0.0774 
        D563  4 0.1410 0.0284 0.0178 0.2746 0.1336 0.0501 0.0364 0.0690 0.0482 0.2011 
        D572  4 0.0769 0.0504 0.0371 0.0818 0.2262 0.0281 0.0439 0.0613 0.0209 0.3734 
        D629  4 0.0760 0.0518 0.0177 0.0399 0.1394 0.0717 0.3854 0.0265 0.0342 0.1575 
        D630  4 0.0876 0.4027 0.0381 0.0301 0.1651 0.0635 0.0457 0.0640 0.0301 0.0732 
        D631  4 0.1106 0.0554 0.0190 0.1851 0.3007 0.0377 0.0287 0.0690 0.0349 0.1589 
        D632  4 0.0522 0.0166 0.0121 0.0850 0.1767 0.0123 0.0631 0.0984 0.0609 0.4226 
        D646  4 0.0266 0.8249 0.0141 0.0325 0.0149 0.0217 0.0190 0.0254 0.0112 0.0097 
        D647  4 0.0794 0.3814 0.0148 0.0648 0.0559 0.0389 0.1988 0.0837 0.0454 0.0369 
        D648  4 0.0370 0.0489 0.0741 0.0262 0.0513 0.0113 0.0189 0.1492 0.0225 0.5606 
        D649  4 0.0726 0.0320 0.0195 0.0232 0.0652 0.0234 0.1980 0.0219 0.2531 0.2911 
        D650  4 0.0864 0.0854 0.0790 0.0810 0.1177 0.0484 0.2928 0.0197 0.1351 0.0545 
        D708  4 0.1674 0.0831 0.1075 0.0182 0.0475 0.0609 0.1171 0.1269 0.0564 0.2149 
        D709  4 0.2272 0.1156 0.0384 0.0317 0.0230 0.0569 0.0974 0.1641 0.2016 0.0440 
        D738  4 0.0348 0.4234 0.3554 0.0181 0.0370 0.0223 0.0396 0.0247 0.0304 0.0145 
        D739  4 0.1122 0.0709 0.0317 0.0214 0.4162 0.0881 0.0363 0.1486 0.0415 0.0331 
        D740  4 0.1992 0.0362 0.2353 0.0380 0.0990 0.1402 0.0394 0.0701 0.0811 0.0615 
        D741  4 0.0236 0.8063 0.0087 0.0708 0.0119 0.0141 0.0169 0.0134 0.0232 0.0111 
        D742  4 0.0936 0.1072 0.0543 0.3690 0.1483 0.0705 0.0238 0.0500 0.0461 0.0372 
        D743  4 0.0681 0.0531 0.0271 0.1780 0.0321 0.0452 0.2435 0.0293 0.0322 0.2915 
        D744  4 0.0344 0.0358 0.0164 0.0659 0.0158 0.0238 0.0254 0.0176 0.0186 0.7465 
        D745  4 0.0209 0.8002 0.0200 0.0150 0.0222 0.0274 0.0156 0.0140 0.0317 0.0331 
        D814  4 0.1565 0.3066 0.0186 0.0533 0.0480 0.0541 0.0200 0.2805 0.0123 0.0499 
        D815  4 0.1430 0.1011 0.0321 0.0568 0.0259 0.0429 0.1344 0.0740 0.0378 0.3521 
        D828  4 0.0994 0.0378 0.0931 0.0305 0.0315 0.0485 0.0285 0.4868 0.0280 0.1160 
        D845  4 0.0190 0.0357 0.0399 0.0758 0.0150 0.7498 0.0233 0.0135 0.0109 0.0172 
        D846  4 0.0910 0.0387 0.0120 0.0865 0.2874 0.0529 0.2871 0.0665 0.0211 0.0568 
        D847  4 0.1103 0.0414 0.0493 0.0592 0.2191 0.3103 0.0802 0.0419 0.0671 0.0212 
        D848  4 0.0258 0.0071 0.0131 0.0249 0.7939 0.0777 0.0111 0.0232 0.0102 0.0130 
        D849  4 0.1076 0.4246 0.0168 0.0476 0.1801 0.0344 0.0404 0.0540 0.0724 0.0220 
        D850  4 0.1918 0.1883 0.0660 0.1149 0.0686 0.1496 0.0790 0.0636 0.0327 0.0454 
        D856  4 0.2175 0.0330 0.0307 0.0329 0.0298 0.0317 0.1098 0.0723 0.4009 0.0414 
        D857  4 0.0487 0.0252 0.0330 0.0361 0.0225 0.0198 0.0144 0.3176 0.4611 0.0215 
        D859  4 0.0865 0.3379 0.0237 0.0334 0.0393 0.0682 0.0996 0.0796 0.0277 0.2040 
        D860  4 0.0951 0.0172 0.4512 0.0970 0.0264 0.1390 0.0635 0.0622 0.0125 0.0361 
        D883  4 0.1098 0.1559 0.0527 0.0256 0.2905 0.0628 0.0598 0.0804 0.1052 0.0573 
        D884  4 0.0149 0.8459 0.0221 0.0109 0.0160 0.0132 0.0163 0.0145 0.0245 0.0217 
        D885  4 0.1090 0.1143 0.0225 0.3030 0.1383 0.0939 0.0853 0.0376 0.0535 0.0426 
        D886  4 0.1290 0.0862 0.0229 0.0705 0.1936 0.0720 0.1940 0.1088 0.0899 0.0332 
        D887  4 0.1295 0.0621 0.0294 0.0678 0.0512 0.1696 0.0851 0.0667 0.0794 0.2592 
        D889  4 0.0737 0.0512 0.0157 0.0124 0.0259 0.7008 0.0361 0.0359 0.0115 0.0368 
        D890  4 0.1393 0.0224 0.0650 0.0464 0.1188 0.0462 0.1064 0.1202 0.1331 0.2022 
        D891  4 0.0112 0.0107 0.0129 0.0122 0.0084 0.9011 0.0145 0.0083 0.0100 0.0106 
        D899  4 0.1146 0.0424 0.0880 0.3540 0.0674 0.1106 0.0215 0.1219 0.0297 0.0498 
        D900  4 0.1753 0.0554 0.0444 0.0625 0.1536 0.1465 0.1550 0.0630 0.0687 0.0755 
        D970  4 0.0952 0.0241 0.0289 0.0458 0.3486 0.1621 0.1683 0.0547 0.0272 0.0451 
        D971  4 0.0873 0.0154 0.0453 0.4086 0.0391 0.0240 0.1679 0.0929 0.0649 0.0546 
        D979  4 0.0306 0.0281 0.0209 0.0612 0.0403 0.0163 0.7262 0.0215 0.0125 0.0424 
        D093  5 0.0414 0.0887 0.6424 0.0200 0.0505 0.0451 0.0254 0.0302 0.0356 0.0207 
        D154  5 0.1836 0.2022 0.0402 0.1590 0.0427 0.1127 0.0487 0.0752 0.0925 0.0432 
        D168  5 0.1475 0.1504 0.0192 0.2410 0.0628 0.0708 0.0736 0.1140 0.0805 0.0403 
        D189  5 0.0869 0.1168 0.3209 0.0382 0.0520 0.2056 0.0354 0.0757 0.0332 0.0353 
        D190  5 0.0318 0.0440 0.6455 0.0280 0.0210 0.0270 0.0697 0.0364 0.0442 0.0524 
     D237220  5 0.1182 0.0689 0.1186 0.0311 0.1477 0.3744 0.0299 0.0320 0.0560 0.0231 
     D237221  5 0.0769 0.0413 0.3156 0.0947 0.0444 0.1605 0.1318 0.0455 0.0581 0.0312 
     D237274  5 0.1106 0.1790 0.0115 0.0805 0.0177 0.0196 0.3673 0.0569 0.0346 0.1224 
     D237275  5 0.0913 0.0186 0.0429 0.3777 0.0319 0.1069 0.0208 0.2268 0.0632 0.0199 
     D237276  5 0.0523 0.4619 0.1764 0.0411 0.0529 0.0286 0.0351 0.0558 0.0536 0.0423 
     D237277  5 0.0507 0.0258 0.6288 0.0311 0.0155 0.0832 0.0306 0.0274 0.0351 0.0718 
     D237278  5 0.1309 0.0247 0.1141 0.1824 0.1006 0.0327 0.0324 0.1028 0.1513 0.1282 
     D237279  5 0.2143 0.0268 0.0171 0.0256 0.0471 0.0374 0.0216 0.0318 0.5221 0.0563 
     D237280  5 0.1768 0.0269 0.0831 0.0160 0.1289 0.0275 0.2697 0.0845 0.0983 0.0882 
     D237281  5 0.1266 0.1282 0.0320 0.2050 0.0207 0.2816 0.0490 0.1058 0.0296 0.0216 
     D237351  5 0.0290 0.0419 0.0661 0.0175 0.0394 0.0171 0.0323 0.0138 0.7240 0.0189 
     D237352  5 0.0534 0.0341 0.0497 0.1303 0.4728 0.0233 0.0865 0.0399 0.0280 0.0820 
     D237353  5 0.0332 0.0149 0.7549 0.0152 0.0104 0.0261 0.0643 0.0201 0.0262 0.0348 
     D237359  5 0.0882 0.0596 0.0891 0.0278 0.0953 0.4875 0.0660 0.0361 0.0274 0.0229 
     D237361  5 0.0350 0.0209 0.7682 0.0152 0.0192 0.0351 0.0241 0.0245 0.0388 0.0189 
     D237362  5 0.0672 0.0634 0.0657 0.0640 0.0354 0.0239 0.4187 0.0277 0.1858 0.0482 
     D237363  5 0.4317 0.0392 0.0397 0.0646 0.0157 0.0428 0.1837 0.1064 0.0627 0.0135 
     D237364  5 0.0731 0.0506 0.0139 0.1143 0.3772 0.0501 0.0755 0.0531 0.1229 0.0692 
     D237376  5 0.0589 0.0527 0.0892 0.0238 0.0197 0.0348 0.0111 0.1803 0.0434 0.4862 
     D237377  5 0.1271 0.0246 0.0910 0.0324 0.1093 0.0298 0.1625 0.0424 0.3378 0.0430 
     D237378  5 0.0719 0.0535 0.2521 0.0241 0.1058 0.0607 0.0189 0.3152 0.0310 0.0667 
     D237379  5 0.1338 0.0457 0.1395 0.0486 0.0324 0.0594 0.0538 0.0765 0.0579 0.3524 
     D237380  5 0.1490 0.0204 0.0510 0.0105 0.0360 0.0206 0.0523 0.2236 0.2159 0.2206 
     D237381  5 0.1253 0.0562 0.0640 0.0322 0.2629 0.0574 0.0936 0.2049 0.0567 0.0467 
     D237391  5 0.0190 0.0322 0.7638 0.0174 0.0244 0.0567 0.0310 0.0125 0.0205 0.0223 
     D237392  5 0.1261 0.1087 0.0202 0.2393 0.0163 0.0261 0.1516 0.0821 0.0870 0.1427 
     D237393  5 0.1603 0.0716 0.1490 0.0580 0.1296 0.0419 0.1428 0.1559 0.0471 0.0437 
     D237394  5 0.0180 0.0177 0.8363 0.0117 0.0163 0.0125 0.0287 0.0130 0.0171 0.0288 
     D237395  5 0.1043 0.0869 0.3541 0.0410 0.0755 0.1055 0.0377 0.0804 0.0813 0.0334 
     D237396  5 0.1016 0.0296 0.1501 0.2109 0.2007 0.0511 0.1263 0.0279 0.0657 0.0361 
     D244016  5 0.1989 0.0177 0.1953 0.0993 0.0186 0.0495 0.0611 0.0460 0.0817 0.2320 
     D244018  5 0.0944 0.0438 0.1380 0.3054 0.2123 0.0987 0.0294 0.0366 0.0267 0.0147 
     D244019  5 0.1046 0.0282 0.0386 0.0787 0.0176 0.0417 0.5522 0.0725 0.0310 0.0348 
        D279  5 0.1352 0.0894 0.0972 0.1367 0.1048 0.2805 0.0445 0.0320 0.0463 0.0334 
        D280  5 0.1963 0.0209 0.0727 0.0269 0.1662 0.2959 0.0462 0.0763 0.0536 0.0450 
        D281  5 0.1121 0.0701 0.0531 0.1357 0.0205 0.4909 0.0202 0.0490 0.0234 0.0250 
        D283  5 0.1566 0.0717 0.2388 0.0362 0.0929 0.1879 0.1162 0.0436 0.0290 0.0270 
        D284  5 0.1029 0.0478 0.0376 0.0633 0.1044 0.0933 0.0557 0.0382 0.3923 0.0646 
        D285  5 0.0936 0.0537 0.2791 0.0216 0.0279 0.3584 0.0499 0.0310 0.0359 0.0489 
        D286  5 0.0979 0.1658 0.2312 0.0292 0.1078 0.0654 0.0871 0.0730 0.0395 0.1030 
        D287  5 0.0651 0.0442 0.0789 0.0147 0.0249 0.0294 0.0195 0.1218 0.0538 0.5476 
        D288  5 0.1617 0.0204 0.0353 0.0244 0.0461 0.3149 0.3243 0.0278 0.0246 0.0205 
        D308  5 0.0505 0.0289 0.0379 0.0238 0.0120 0.0200 0.0717 0.0260 0.6915 0.0377 
        D309  5 0.0248 0.0151 0.0169 0.0218 0.0498 0.0133 0.0181 0.0181 0.0129 0.8091 
        D310  5 0.1902 0.0300 0.5715 0.0111 0.0182 0.0646 0.0221 0.0585 0.0157 0.0181 
        D311  5 0.0846 0.1330 0.0736 0.0506 0.0392 0.0283 0.4471 0.0709 0.0357 0.0371 
        D312  5 0.1436 0.0927 0.0777 0.0322 0.1530 0.0536 0.0454 0.1066 0.0471 0.2482 
        D313  5 0.0335 0.0153 0.0366 0.0103 0.3516 0.0112 0.0157 0.0160 0.5020 0.0078 
        D314  5 0.1281 0.1835 0.0895 0.0521 0.1572 0.0637 0.0480 0.0502 0.0780 0.1497 
        D315  5 0.1345 0.0257 0.1080 0.0258 0.0501 0.0385 0.1127 0.3313 0.0813 0.0921 
        D317  5 0.0520 0.0613 0.6520 0.0166 0.0443 0.0377 0.0541 0.0492 0.0216 0.0112 
        D318  5 0.1884 0.1021 0.0399 0.1006 0.0448 0.0887 0.1180 0.0771 0.0570 0.1834 
        D319  5 0.0266 0.0577 0.7612 0.0279 0.0193 0.0196 0.0143 0.0291 0.0318 0.0125 
        D320  5 0.0513 0.0298 0.6284 0.0172 0.0214 0.0779 0.0360 0.0281 0.0304 0.0794 
        D321  5 0.0326 0.0252 0.0322 0.0117 0.0279 0.1283 0.1377 0.0161 0.5728 0.0154 
        D336  5 0.1168 0.0306 0.6173 0.0124 0.0344 0.0337 0.0156 0.0739 0.0205 0.0449 
        D337  5 0.0576 0.0196 0.6958 0.0250 0.0120 0.0532 0.0314 0.0566 0.0198 0.0289 
        D338  5 0.1227 0.0315 0.0662 0.0936 0.1653 0.1451 0.1476 0.0292 0.1623 0.0364 
        D339  5 0.0983 0.0442 0.5296 0.0295 0.0284 0.0342 0.0377 0.1371 0.0463 0.0146 
        D347  5 0.0715 0.0576 0.0258 0.0288 0.0255 0.0587 0.0787 0.6237 0.0101 0.0195 
        D348  5 0.0922 0.0282 0.4016 0.0213 0.0334 0.0281 0.0376 0.3100 0.0140 0.0337 
        D349  5 0.0204 0.0141 0.0294 0.0155 0.0147 0.0244 0.0268 0.0173 0.8137 0.0237 
        D350  5 0.0209 0.0243 0.0145 0.0165 0.0176 0.0144 0.0121 0.0127 0.0140 0.8531 
        D355  5 0.1181 0.2186 0.0194 0.3277 0.0196 0.1670 0.0305 0.0368 0.0366 0.0256 
        D356  5 0.1437 0.0384 0.2406 0.0259 0.1065 0.0864 0.1597 0.0734 0.0599 0.0654 
        D357  5 0.1758 0.0739 0.0221 0.0193 0.0355 0.0920 0.0781 0.3657 0.0412 0.0964 
        D358  5 0.1074 0.0369 0.2935 0.0261 0.0793 0.0469 0.0284 0.0666 0.0854 0.2295 
        D359  5 0.1357 0.1200 0.1630 0.0204 0.0310 0.0353 0.3685 0.0561 0.0349 0.0351 
        D360  5 0.1021 0.0300 0.3779 0.0200 0.1072 0.1225 0.1098 0.0392 0.0483 0.0428 
        D361  5 0.0178 0.0216 0.0210 0.0125 0.0166 0.0106 0.0249 0.0335 0.8280 0.0134 
        D366  5 0.0470 0.0280 0.0361 0.6381 0.0235 0.0192 0.1140 0.0326 0.0390 0.0225 
        D367  5 0.2571 0.0805 0.2391 0.0197 0.0960 0.0532 0.0335 0.0649 0.0957 0.0604 
        D368  5 0.0721 0.0605 0.0513 0.0208 0.0201 0.0241 0.1140 0.0297 0.5823 0.0251 
        D380  5 0.0551 0.0211 0.0314 0.0505 0.0559 0.0253 0.0339 0.0221 0.0253 0.6795 
        D381  5 0.2554 0.0426 0.2558 0.0445 0.0658 0.0924 0.1117 0.0904 0.0224 0.0191 
        D400  5 0.1295 0.1594 0.1692 0.0537 0.1071 0.1082 0.0781 0.1458 0.0183 0.0306 
        D411  5 0.0716 0.0533 0.0089 0.0172 0.2925 0.0192 0.0157 0.0498 0.4420 0.0299 
        D412  5 0.1356 0.0412 0.0429 0.0274 0.0659 0.0422 0.0482 0.5686 0.0142 0.0138 
        D413  5 0.0821 0.0243 0.0227 0.5973 0.0300 0.0254 0.0478 0.0392 0.0721 0.0591 
        D414  5 0.0497 0.0545 0.0247 0.0600 0.0151 0.0336 0.0175 0.0339 0.0165 0.6946 
        D420  5 0.0833 0.0246 0.0347 0.0177 0.1619 0.5022 0.0500 0.0338 0.0701 0.0217 
        D431  5 0.0578 0.0261 0.0246 0.0106 0.0175 0.0756 0.0164 0.0507 0.1171 0.6034 
        D432  5 0.1399 0.0338 0.1914 0.0238 0.1992 0.0673 0.0440 0.1935 0.0280 0.0792 
        D433  5 0.1138 0.0578 0.3773 0.0429 0.0270 0.0956 0.0901 0.0847 0.0822 0.0285 
        D434  5 0.2312 0.0921 0.2640 0.0263 0.0910 0.1007 0.0645 0.0729 0.0324 0.0248 
        D440  5 0.0606 0.0279 0.0225 0.0295 0.0489 0.0183 0.0121 0.0209 0.0250 0.7344 
        D447  5 0.2041 0.3661 0.0140 0.0561 0.0255 0.0263 0.0618 0.1560 0.0247 0.0654 
        D448  5 0.0747 0.1912 0.0847 0.0131 0.0261 0.0330 0.0298 0.5102 0.0154 0.0220 
        D459  5 0.0574 0.1363 0.0196 0.5003 0.0181 0.1898 0.0194 0.0279 0.0146 0.0166 
        D460  5 0.0237 0.0202 0.0363 0.0192 0.0167 0.0156 0.0405 0.0177 0.7816 0.0283 
        D461  5 0.0206 0.0184 0.0145 0.0182 0.0246 0.0179 0.0320 0.0175 0.0134 0.8229 
        D468  5 0.0658 0.0587 0.0467 0.0369 0.0320 0.0155 0.0667 0.0239 0.5807 0.0732 
        D469  5 0.0990 0.0761 0.0546 0.0517 0.1296 0.0462 0.2193 0.0351 0.2073 0.0810 
        D470  5 0.0867 0.4630 0.0338 0.0162 0.0917 0.0219 0.0600 0.1644 0.0177 0.0445 
        D471  5 0.0712 0.1704 0.3540 0.0360 0.0215 0.0587 0.0921 0.1177 0.0257 0.0526 
        D472  5 0.0380 0.0344 0.0249 0.1661 0.0190 0.0898 0.5753 0.0256 0.0121 0.0149 
        D479  5 0.0308 0.0173 0.0164 0.1771 0.0197 0.0113 0.0308 0.6313 0.0133 0.0521 
        D485  5 0.0539 0.0497 0.0317 0.0271 0.0434 0.0412 0.0237 0.1190 0.0473 0.5629 
        D486  5 0.0745 0.0551 0.0449 0.0429 0.0644 0.0220 0.0396 0.0326 0.5556 0.0684 
        D487  5 0.1396 0.0557 0.2172 0.0314 0.0820 0.1781 0.0294 0.1661 0.0282 0.0722 
        D555  5 0.0185 0.0110 0.8049 0.0381 0.0134 0.0260 0.0161 0.0423 0.0129 0.0169 
        D556  5 0.0743 0.0272 0.0469 0.0167 0.0411 0.2076 0.0301 0.0257 0.0586 0.4719 
        D557  5 0.0563 0.0174 0.6793 0.0508 0.0342 0.0156 0.0314 0.0566 0.0350 0.0234 
        D564  5 0.0808 0.0193 0.1214 0.0259 0.0345 0.0153 0.0653 0.0858 0.1403 0.4114 
        D594  5 0.3156 0.0753 0.0356 0.0427 0.0716 0.0534 0.1141 0.2379 0.0216 0.0323 
        D595  5 0.1375 0.0782 0.2352 0.0459 0.0360 0.0527 0.0877 0.0814 0.1476 0.0977 
        D596  5 0.0242 0.0108 0.7966 0.0163 0.0147 0.0237 0.0277 0.0535 0.0137 0.0189 
        D597  5 0.0730 0.0383 0.1844 0.3680 0.0262 0.1772 0.0366 0.0463 0.0160 0.0340 
        D598  5 0.1055 0.0418 0.2074 0.0331 0.1283 0.0676 0.0634 0.1305 0.0380 0.1844 
        D617  5 0.0574 0.0907 0.0117 0.0506 0.1184 0.0289 0.0320 0.5284 0.0628 0.0191 
        D618  5 0.0389 0.0377 0.5780 0.0274 0.0288 0.0861 0.0872 0.0323 0.0333 0.0504 
        D619  5 0.1434 0.0397 0.0470 0.0383 0.0169 0.0392 0.1479 0.3627 0.1286 0.0362 
        D620  5 0.0387 0.0376 0.0348 0.6607 0.0371 0.0473 0.0786 0.0339 0.0164 0.0149 
        D628  5 0.0332 0.0196 0.0281 0.0203 0.0172 0.0152 0.0151 0.0292 0.0149 0.8072 
        D714  5 0.0683 0.0398 0.0914 0.0319 0.0433 0.1853 0.0210 0.0533 0.0455 0.4202 
        D715  5 0.0390 0.0204 0.6076 0.0361 0.0174 0.0534 0.1378 0.0218 0.0289 0.0375 
        D716  5 0.1169 0.1269 0.0292 0.0385 0.0434 0.0853 0.0975 0.4031 0.0163 0.0430 
        D717  5 0.1266 0.0260 0.2119 0.0835 0.0750 0.1212 0.1436 0.0290 0.0526 0.1306 
        D718  5 0.1785 0.1678 0.0905 0.0208 0.0365 0.0485 0.0100 0.1964 0.1592 0.0919 
        D769  5 0.0887 0.2577 0.0179 0.0217 0.1585 0.0251 0.0177 0.3803 0.0161 0.0163 
        D770  5 0.0437 0.0386 0.0228 0.1282 0.0202 0.0257 0.0224 0.0405 0.0521 0.6059 
        D771  5 0.1905 0.0448 0.0471 0.0516 0.1009 0.1451 0.0501 0.1608 0.0352 0.1740 
        D772  5 0.0418 0.0221 0.0842 0.0219 0.0420 0.0499 0.0284 0.0182 0.0269 0.6645 
        D782  5 0.2297 0.0305 0.0269 0.0489 0.0420 0.2420 0.0291 0.0602 0.2665 0.0242 
        D783  5 0.1235 0.0483 0.1041 0.2477 0.0340 0.0450 0.0293 0.0702 0.0244 0.2735 
        D784  5 0.0943 0.0257 0.0707 0.0674 0.0462 0.1322 0.3308 0.0338 0.0340 0.1649 
        D785  5 0.0323 0.0237 0.5786 0.0213 0.0199 0.0208 0.0611 0.0208 0.0947 0.1268 
        D786  5 0.0834 0.0485 0.0228 0.1604 0.3288 0.0267 0.1382 0.0639 0.0430 0.0843 
        D821  5 0.0138 0.0114 0.8581 0.0117 0.0097 0.0189 0.0203 0.0107 0.0177 0.0278 
        D822  5 0.1507 0.0869 0.0626 0.1101 0.0316 0.0748 0.2933 0.0633 0.0760 0.0505 
        D826  5 0.1369 0.0516 0.2405 0.1730 0.0585 0.1392 0.0315 0.0443 0.0585 0.0660 
        D827  5 0.1470 0.3535 0.0188 0.0799 0.0210 0.0318 0.2294 0.0592 0.0232 0.0361 
        D851  5 0.2570 0.0383 0.0774 0.0276 0.1090 0.0374 0.1717 0.1001 0.1018 0.0797 
        D852  5 0.1289 0.0520 0.0912 0.0323 0.0509 0.2100 0.0207 0.1750 0.0273 0.2117 
        D853  5 0.1276 0.1148 0.2889 0.0278 0.0376 0.2199 0.0635 0.0383 0.0488 0.0328 
        D854  5 0.1094 0.1708 0.0150 0.0463 0.0272 0.0939 0.1817 0.0784 0.2241 0.0531 
        D861  5 0.1543 0.2034 0.0854 0.0645 0.0341 0.0607 0.0427 0.1400 0.1785 0.0364 
        D862  5 0.1345 0.1565 0.1397 0.0555 0.0703 0.0484 0.2296 0.0586 0.0525 0.0543 
        D865  5 0.1039 0.0323 0.3762 0.0309 0.0367 0.0565 0.0285 0.1449 0.1176 0.0724 
        D868  5 0.1210 0.2184 0.1348 0.0598 0.0498 0.1212 0.1728 0.0467 0.0431 0.0325 
        D869  5 0.0395 0.0321 0.0275 0.0345 0.4479 0.0142 0.0361 0.0316 0.3172 0.0194 
        D870  5 0.5197 0.0217 0.0122 0.1181 0.0474 0.0205 0.0547 0.1571 0.0292 0.0195 
        D907  5 0.1509 0.0818 0.3618 0.0134 0.0650 0.0314 0.0287 0.2076 0.0368 0.0227 
        D908  5 0.0896 0.0209 0.1584 0.0395 0.0487 0.2017 0.0361 0.2187 0.0557 0.1307 
        D910  5 0.1050 0.1114 0.1677 0.1322 0.0301 0.0979 0.0950 0.1773 0.0538 0.0297 
        D911  5 0.0658 0.1783 0.0327 0.2669 0.0164 0.3758 0.0144 0.0235 0.0124 0.0138 
        D934  5 0.0801 0.0297 0.0347 0.0328 0.0348 0.0819 0.1303 0.0681 0.0722 0.4353 
        D946  5 0.0717 0.0403 0.0277 0.0140 0.0248 0.0545 0.0261 0.0634 0.0795 0.5980 
        D947  5 0.0973 0.0907 0.0217 0.0364 0.1102 0.2202 0.0817 0.0480 0.0762 0.2175 
        D948  5 0.0268 0.0128 0.1623 0.0201 0.0266 0.0308 0.0286 0.0253 0.6486 0.0180 
        D949  5 0.0286 0.0252 0.0518 0.0165 0.0304 0.0173 0.0358 0.0170 0.7584 0.0189 
        D950  5 0.0919 0.0870 0.0324 0.2627 0.0195 0.3968 0.0326 0.0224 0.0222 0.0325 
        D951  5 0.3130 0.0395 0.0211 0.0731 0.0659 0.0272 0.1584 0.1322 0.0998 0.0698 
        D952  5 0.0563 0.0724 0.0447 0.0286 0.0344 0.0727 0.6354 0.0238 0.0142 0.0175 
        D953  5 0.0692 0.0309 0.5717 0.0202 0.0220 0.0625 0.0803 0.0497 0.0463 0.0473 
        D954  5 0.0261 0.0105 0.0403 0.0167 0.0127 0.0193 0.7661 0.0183 0.0674 0.0226 
        D961  5 0.0553 0.0403 0.0421 0.0164 0.0112 0.0215 0.0166 0.1223 0.0270 0.6472 
        D962  5 0.0460 0.0174 0.1196 0.0127 0.0223 0.0197 0.0290 0.0348 0.0367 0.6618 
        D963  5 0.0551 0.0398 0.3896 0.0661 0.0271 0.0849 0.1165 0.0298 0.0253 0.1658 
        D964  5 0.1152 0.0396 0.0422 0.0272 0.0380 0.1148 0.0619 0.0541 0.1756 0.3312 
        D965  5 0.1162 0.0543 0.0412 0.0650 0.0915 0.0312 0.0649 0.1960 0.0327 0.3071 
        D966  5 0.1505 0.0297 0.0586 0.0333 0.1131 0.1086 0.2045 0.1216 0.0249 0.1553 
        D967  5 0.1219 0.0205 0.2153 0.1150 0.0291 0.2467 0.0299 0.1005 0.0902 0.0309 
        D991  5 0.0859 0.0883 0.0522 0.0247 0.2767 0.0548 0.0262 0.0908 0.0369 0.2637 
        D132  8 0.0265 0.0533 0.0294 0.0225 0.7265 0.0317 0.0163 0.0150 0.0425 0.0362 
        D133  8 0.0800 0.0830 0.0162 0.4321 0.0314 0.0408 0.0201 0.2622 0.0136 0.0206 
        D200  8 0.1360 0.0660 0.0150 0.0215 0.0291 0.3568 0.0253 0.2567 0.0449 0.0487 
        D500  8 0.0237 0.0368 0.0180 0.0100 0.7353 0.0231 0.0150 0.0198 0.0991 0.0191 
        D614  8 0.1093 0.1450 0.2524 0.0273 0.0974 0.1037 0.0350 0.0609 0.0754 0.0935 
        D723  8 0.0398 0.5819 0.0170 0.0674 0.0255 0.0254 0.0288 0.0247 0.1764 0.0131 
        D888  8 0.0417 0.0273 0.0149 0.0229 0.0256 0.7678 0.0300 0.0185 0.0251 0.0263 
        D901  8 0.0919 0.3039 0.0367 0.0217 0.0206 0.0353 0.0146 0.0421 0.3667 0.0665 
        D902  8 0.0828 0.0545 0.4652 0.0413 0.0389 0.0362 0.0172 0.0303 0.1277 0.1060 
        D903  8 0.0762 0.0199 0.0459 0.1255 0.0880 0.0233 0.5112 0.0168 0.0353 0.0580 
        D904  8 0.0724 0.0306 0.0302 0.0422 0.2607 0.0455 0.2711 0.0514 0.0351 0.1607 
        D905  8 0.0236 0.0179 0.0707 0.0117 0.0230 0.7775 0.0125 0.0243 0.0165 0.0222 
        D906  8 0.1778 0.0413 0.0240 0.2160 0.1273 0.0826 0.1002 0.1411 0.0216 0.0681 
        D937  8 0.0477 0.0232 0.7397 0.0194 0.0150 0.0320 0.0160 0.0276 0.0650 0.0144 
        D943  8 0.1882 0.0561 0.0294 0.0532 0.1698 0.3474 0.0513 0.0399 0.0284 0.0362 
        D972  8 0.0282 0.7406 0.0148 0.0425 0.0179 0.0157 0.0137 0.0379 0.0716 0.0171 
        D973  8 0.0715 0.2000 0.0261 0.0901 0.0374 0.0212 0.0597 0.0302 0.4417 0.0220 
        D974  8 0.1019 0.1176 0.0646 0.1323 0.0617 0.0718 0.0800 0.1055 0.2339 0.0305 
        D975  8 0.2229 0.0920 0.0632 0.0655 0.0387 0.2665 0.0193 0.1720 0.0262 0.0338 
        D976  8 0.2525 0.0439 0.1178 0.0395 0.0748 0.1321 0.0327 0.1109 0.1073 0.0887 
        D142 10 0.1474 0.0518 0.0436 0.0911 0.0399 0.0737 0.0913 0.2742 0.0414 0.1455 
        D143 10 0.0627 0.0198 0.0559 0.5445 0.0527 0.0199 0.0216 0.1488 0.0391 0.0350 
        D144 10 0.1509 0.0529 0.0795 0.0577 0.0852 0.0629 0.0708 0.0679 0.0434 0.3287 
        D145 10 0.0626 0.0546 0.0227 0.0285 0.0844 0.6329 0.0215 0.0289 0.0193 0.0446 
        D146 10 0.1911 0.2571 0.0260 0.0235 0.0626 0.0155 0.0404 0.0852 0.1944 0.1042 
        D147 10 0.3689 0.2104 0.0197 0.0399 0.0138 0.0165 0.0209 0.0945 0.1069 0.1085 
        D148 10 0.2169 0.0299 0.0325 0.0633 0.0205 0.0222 0.0953 0.1043 0.0880 0.3272 
        D149 10 0.1537 0.1629 0.0429 0.1809 0.0330 0.1906 0.0568 0.1269 0.0236 0.0286 
        D151 10 0.4646 0.0230 0.0640 0.0372 0.0157 0.1076 0.0275 0.1534 0.0769 0.0301 
        D152 10 0.0541 0.0152 0.0109 0.2254 0.0141 0.1577 0.0296 0.4090 0.0343 0.0497 
        D153 10 0.1045 0.2640 0.0364 0.0354 0.1883 0.0337 0.0599 0.0529 0.1397 0.0852 
        D156 10 0.0413 0.0369 0.0128 0.0191 0.0140 0.0200 0.0220 0.0322 0.0195 0.7823 
        D157 10 0.1165 0.0373 0.1271 0.0169 0.1432 0.0291 0.0597 0.3343 0.0848 0.0510 
        D158 10 0.1233 0.1199 0.0376 0.0195 0.0371 0.1844 0.0202 0.0847 0.3120 0.0613 
        D159 10 0.0260 0.0288 0.0388 0.7175 0.0632 0.0164 0.0488 0.0231 0.0183 0.0191 
        D160 10 0.0136 0.0119 0.3256 0.0125 0.0089 0.5728 0.0101 0.0120 0.0192 0.0133 
        D161 10 0.0836 0.0570 0.0368 0.0778 0.0576 0.0390 0.5102 0.0272 0.0493 0.0616 
        D162 10 0.0261 0.0198 0.0166 0.0215 0.0201 0.0198 0.0231 0.0240 0.0125 0.8166 
        D169 10 0.1073 0.0148 0.0426 0.0217 0.5134 0.1352 0.0539 0.0298 0.0635 0.0179 
