        D023  2 0.0449 0.0188 0.4058 0.0137 0.4795 0.0233 0.0140 
        D130  2 0.0879 0.0305 0.0863 0.0147 0.6607 0.0216 0.0984 
        D131  2 0.0714 0.0574 0.3476 0.0372 0.0503 0.1498 0.2863 
        D163  2 0.0158 0.0248 0.0910 0.0543 0.6979 0.0726 0.0437 
        D164  2 0.5756 0.0272 0.0285 0.0127 0.0196 0.0135 0.3228 
        D165  2 0.0677 0.0453 0.1477 0.0164 0.6507 0.0430 0.0291 
        D166  2 0.0814 0.3642 0.0619 0.0300 0.1312 0.0786 0.2527 
        D167  2 0.8697 0.0251 0.0206 0.0387 0.0141 0.0159 0.0160 
        D192  2 0.9040 0.0194 0.0136 0.0150 0.0155 0.0233 0.0091 
        D193  2 0.0356 0.1648 0.0948 0.4784 0.0771 0.0637 0.0856 
        D206  2 0.3153 0.0647 0.3943 0.0287 0.1125 0.0257 0.0588 
        D207  2 0.6166 0.0473 0.0564 0.0197 0.0327 0.1735 0.0538 
        D208  2 0.0720 0.0672 0.0626 0.2484 0.1978 0.3164 0.0357 
        D209  2 0.6337 0.1617 0.0497 0.0273 0.0829 0.0257 0.0191 
        D210  2 0.1054 0.0511 0.0308 0.4559 0.0386 0.2820 0.0362 
     D229599  2 0.0301 0.1261 0.4270 0.0525 0.1875 0.1504 0.0264 
     D229600  2 0.5547 0.0324 0.0496 0.0235 0.2104 0.0514 0.0780 
     D237227  2 0.0464 0.0343 0.0724 0.3837 0.1099 0.1621 0.1912 
     D237228  2 0.0474 0.0222 0.0175 0.1321 0.0213 0.0573 0.7022 
     D237258  2 0.1932 0.2077 0.1179 0.0552 0.0816 0.2081 0.1363 
     D237310  2 0.0249 0.0282 0.0118 0.0212 0.0165 0.0185 0.8790 
     D237311  2 0.1245 0.0238 0.0201 0.0217 0.0253 0.0241 0.7605 
     D237312  2 0.0219 0.1208 0.0256 0.0403 0.0700 0.0203 0.7010 
     D237313  2 0.0281 0.0713 0.5589 0.0956 0.0966 0.0487 0.1007 
     D237322  2 0.0802 0.1366 0.0446 0.0922 0.0892 0.3956 0.1616 
     D237323  2 0.0212 0.0305 0.0141 0.0802 0.0259 0.0539 0.7742 
     D237324  2 0.5425 0.0310 0.0685 0.0234 0.1791 0.0870 0.0685 
     D237325  2 0.0758 0.0402 0.0226 0.0737 0.1208 0.0224 0.6445 
     D237326  2 0.0511 0.0416 0.1006 0.0890 0.0274 0.0453 0.6450 
     D237327  2 0.0554 0.0754 0.0329 0.0288 0.0986 0.6817 0.0272 
     D237337  2 0.0137 0.0152 0.0287 0.0237 0.0209 0.0151 0.8826 
     D237338  2 0.0713 0.0964 0.0516 0.1507 0.3201 0.0767 0.2331 
     D237339  2 0.5026 0.2013 0.0965 0.0250 0.0990 0.0546 0.0210 
     D237340  2 0.1810 0.0820 0.0268 0.1711 0.0667 0.0585 0.4139 
     D237389  2 0.0462 0.0398 0.0155 0.0197 0.0302 0.0166 0.8319 
     D237390  2 0.0280 0.0913 0.0417 0.0758 0.0826 0.0550 0.6256 
     D244017  2 0.3736 0.0656 0.0708 0.3339 0.0387 0.0922 0.0252 
     D244112  2 0.8491 0.0232 0.0139 0.0237 0.0432 0.0185 0.0284 
     D244118  2 0.7735 0.0240 0.0173 0.0204 0.1302 0.0193 0.0152 
     D244119  2 0.3681 0.0143 0.0303 0.5038 0.0175 0.0379 0.0281 
     D244120  2 0.2964 0.3027 0.0215 0.1264 0.0340 0.1034 0.1156 
     D244122  2 0.6996 0.0532 0.0295 0.0636 0.1069 0.0245 0.0226 
        D291  2 0.0473 0.0142 0.0893 0.0155 0.0513 0.7595 0.0228 
        D292  2 0.1881 0.0867 0.2394 0.1734 0.0612 0.2130 0.0383 
        D293  2 0.8624 0.0149 0.0512 0.0143 0.0115 0.0295 0.0161 
        D322  2 0.8219 0.0329 0.0548 0.0128 0.0197 0.0315 0.0263 
        D323  2 0.3636 0.1122 0.2514 0.0868 0.0668 0.0528 0.0665 
        D324  2 0.0467 0.0260 0.2543 0.0468 0.0314 0.4295 0.1653 
        D325  2 0.8309 0.0216 0.0363 0.0125 0.0205 0.0543 0.0239 
        D326  2 0.0205 0.0148 0.8757 0.0262 0.0193 0.0251 0.0183 
        D340  2 0.8995 0.0156 0.0213 0.0153 0.0129 0.0186 0.0167 
        D341  2 0.6662 0.0231 0.0388 0.0489 0.0861 0.0355 0.1014 
        D342  2 0.7681 0.0287 0.0451 0.0234 0.0716 0.0315 0.0317 
        D343  2 0.9349 0.0101 0.0122 0.0085 0.0105 0.0135 0.0103 
        D344  2 0.0454 0.4800 0.3545 0.0206 0.0323 0.0191 0.0482 
        D345  2 0.0495 0.1823 0.5812 0.0315 0.0583 0.0752 0.0220 
        D346  2 0.1415 0.1444 0.1789 0.3086 0.0271 0.0571 0.1424 
        D351  2 0.0612 0.0573 0.3850 0.0177 0.0452 0.3342 0.0994 
        D352  2 0.0846 0.5890 0.1241 0.0621 0.0353 0.0453 0.0597 
        D353  2 0.0555 0.4607 0.3439 0.0160 0.0324 0.0596 0.0319 
        D354  2 0.0206 0.5488 0.3411 0.0328 0.0208 0.0156 0.0203 
        D362  2 0.0321 0.0236 0.7592 0.0321 0.0970 0.0247 0.0314 
        D363  2 0.0281 0.0285 0.7962 0.0430 0.0466 0.0349 0.0227 
        D364  2 0.0248 0.3228 0.5601 0.0246 0.0295 0.0146 0.0236 
        D365  2 0.9142 0.0170 0.0132 0.0146 0.0112 0.0141 0.0158 
        D369  2 0.1740 0.0412 0.1509 0.1404 0.0433 0.0631 0.3872 
        D374  2 0.0140 0.1341 0.0221 0.7838 0.0175 0.0158 0.0126 
        D375  2 0.0185 0.7218 0.1664 0.0163 0.0393 0.0163 0.0214 
        D376  2 0.0297 0.1475 0.0176 0.7449 0.0238 0.0156 0.0209 
        D377  2 0.0964 0.2147 0.1836 0.0812 0.0884 0.0533 0.2825 
        D378  2 0.4271 0.0577 0.3858 0.0221 0.0393 0.0462 0.0218 
        D379  2 0.0256 0.0305 0.7740 0.0676 0.0461 0.0191 0.0373 
        D384  2 0.0184 0.0160 0.8200 0.0723 0.0310 0.0192 0.0233 
        D385  2 0.8199 0.0721 0.0243 0.0225 0.0194 0.0166 0.0251 
        D386  2 0.0596 0.4799 0.3537 0.0173 0.0300 0.0376 0.0220 
        D391  2 0.8751 0.0267 0.0272 0.0119 0.0167 0.0170 0.0254 
        D392  2 0.7366 0.0265 0.0735 0.0295 0.0250 0.0295 0.0794 
        D393  2 0.1032 0.1136 0.5484 0.0270 0.0300 0.1367 0.0411 
        D394  2 0.1441 0.2379 0.1075 0.1388 0.1381 0.0937 0.1399 
        D395  2 0.5781 0.2602 0.0381 0.0260 0.0358 0.0335 0.0282 
        D401  2 0.0200 0.0118 0.0138 0.0234 0.0188 0.0177 0.8945 
        D402  2 0.8331 0.0446 0.0267 0.0217 0.0150 0.0411 0.0179 
        D403  2 0.0548 0.2706 0.4647 0.0206 0.1000 0.0473 0.0421 
        D415  2 0.0362 0.0702 0.4184 0.0172 0.0990 0.0209 0.3380 
        D435  2 0.4411 0.0878 0.1981 0.0204 0.0541 0.1147 0.0839 
        D436  2 0.0514 0.3035 0.1018 0.1060 0.3464 0.0309 0.0599 
        D438  2 0.9129 0.0145 0.0137 0.0166 0.0154 0.0112 0.0156 
        D439  2 0.1479 0.2253 0.4379 0.0183 0.1234 0.0316 0.0157 
        D449  2 0.7498 0.0406 0.0746 0.0211 0.0469 0.0187 0.0482 
        D450  2 0.0239 0.1711 0.2638 0.1138 0.1787 0.0800 0.1688 
        D456  2 0.0146 0.0150 0.8562 0.0138 0.0139 0.0631 0.0233 
        D462  2 0.8727 0.0274 0.0336 0.0145 0.0213 0.0167 0.0139 
        D463  2 0.0117 0.0222 0.8562 0.0584 0.0205 0.0169 0.0142 
        D464  2 0.1116 0.6132 0.1370 0.0438 0.0315 0.0277 0.0352 
        D465  2 0.6056 0.0350 0.0463 0.0173 0.0273 0.0186 0.2499 
        D473  2 0.0619 0.2380 0.0462 0.2348 0.0553 0.1145 0.2494 
        D474  2 0.0586 0.0460 0.5148 0.0669 0.0458 0.2308 0.0370 
        D476  2 0.1412 0.1226 0.1012 0.0160 0.5670 0.0285 0.0235 
        D477  2 0.0295 0.2972 0.5272 0.0375 0.0208 0.0462 0.0416 
        D478  2 0.0838 0.1162 0.3660 0.0747 0.1457 0.1776 0.0360 
        D480  2 0.2097 0.1213 0.3796 0.0941 0.0355 0.1030 0.0569 
        D481  2 0.0793 0.1803 0.4903 0.1037 0.0361 0.0798 0.0304 
        D482  2 0.0273 0.4384 0.0464 0.1266 0.0412 0.2621 0.0580 
        D483  2 0.8707 0.0154 0.0183 0.0432 0.0194 0.0190 0.0141 
        D484  2 0.0361 0.8521 0.0163 0.0322 0.0190 0.0303 0.0139 
        D510  2 0.0273 0.0475 0.0459 0.6919 0.0368 0.1152 0.0354 
        D511  2 0.2343 0.3612 0.2588 0.0244 0.0410 0.0479 0.0324 
        D512  2 0.0465 0.0276 0.0164 0.0101 0.0174 0.0191 0.8629 
        D513  2 0.6161 0.0338 0.1277 0.0468 0.0545 0.0629 0.0583 
        D635  2 0.0437 0.0257 0.6955 0.0185 0.1678 0.0299 0.0188 
        D636  2 0.0764 0.0265 0.2579 0.0173 0.5645 0.0263 0.0311 
        D637  2 0.1963 0.3204 0.0653 0.0809 0.0478 0.0440 0.2452 
        D658  2 0.5141 0.1724 0.0204 0.0913 0.0608 0.0278 0.1132 
        D659  2 0.0410 0.0533 0.3350 0.0934 0.3440 0.0974 0.0359 
        D677  2 0.0884 0.0464 0.2590 0.0337 0.2545 0.0579 0.2602 
        D678  2 0.7943 0.0677 0.0260 0.0228 0.0435 0.0215 0.0241 
        D679  2 0.0587 0.0796 0.6471 0.0680 0.0390 0.0731 0.0345 
        D719  2 0.2390 0.0322 0.2553 0.3019 0.0426 0.0766 0.0523 
        D720  2 0.0803 0.0176 0.6757 0.0738 0.0313 0.0638 0.0575 
        D721  2 0.1105 0.0418 0.1921 0.0244 0.5746 0.0378 0.0187 
        D722  2 0.1186 0.1249 0.0736 0.5449 0.0587 0.0383 0.0410 
        D734  2 0.2280 0.3948 0.0625 0.2052 0.0374 0.0457 0.0265 
        D735  2 0.1463 0.0682 0.5082 0.0634 0.0952 0.0823 0.0365 
        D736  2 0.0610 0.0755 0.1489 0.2500 0.0517 0.3415 0.0713 
        D737  2 0.5575 0.0915 0.0267 0.0601 0.1596 0.0749 0.0298 
        D807  2 0.0726 0.1392 0.2066 0.2075 0.0785 0.1644 0.1312 
        D808  2 0.1771 0.0662 0.0849 0.0291 0.0297 0.0772 0.5358 
        D817  2 0.0292 0.0675 0.6964 0.0377 0.0633 0.0313 0.0747 
        D818  2 0.2022 0.0912 0.2059 0.0263 0.0979 0.2952 0.0813 
        D819  2 0.0462 0.0927 0.2007 0.0347 0.0441 0.0478 0.5339 
        D820  2 0.1015 0.0587 0.5661 0.0460 0.1272 0.0569 0.0435 
        D895  2 0.0764 0.1085 0.2175 0.0531 0.4249 0.0418 0.0778 
        D896  2 0.0111 0.0105 0.0126 0.0213 0.0114 0.0101 0.9230 
        D897  2 0.7590 0.0330 0.0377 0.0303 0.0352 0.0414 0.0634 
        D898  2 0.0300 0.1077 0.1839 0.0464 0.0697 0.3311 0.2314 
        D918  2 0.0568 0.1183 0.0356 0.0811 0.0717 0.0444 0.5920 
        D919  2 0.2002 0.1493 0.4037 0.0311 0.0843 0.1130 0.0184 
        D920  2 0.0581 0.0262 0.0428 0.0502 0.7309 0.0253 0.0666 
        D923  2 0.0350 0.1321 0.7520 0.0151 0.0266 0.0197 0.0195 
        D930  2 0.0546 0.1449 0.5189 0.0917 0.0303 0.0241 0.1355 
        D931  2 0.2109 0.4209 0.1557 0.0336 0.0376 0.0503 0.0910 
        D968  2 0.8691 0.0196 0.0264 0.0178 0.0132 0.0375 0.0163 
        D969  2 0.1295 0.0788 0.3423 0.0881 0.0456 0.2639 0.0518 
        D977  2 0.8057 0.0387 0.0276 0.0240 0.0337 0.0306 0.0397 
        D978  2 0.1827 0.0465 0.1741 0.0385 0.0460 0.4815 0.0308 
        D009  4 0.0172 0.0442 0.0401 0.0300 0.7544 0.0449 0.0693 
        D057  4 0.1263 0.0282 0.0196 0.0391 0.7381 0.0361 0.0127 
        D109  4 0.0180 0.0467 0.0254 0.0535 0.0520 0.0201 0.7843 
     D237222  4 0.0516 0.0220 0.0289 0.1441 0.7096 0.0270 0.0168 
     D237223  4 0.1587 0.0627 0.0292 0.1330 0.1510 0.0637 0.4018 
     D237224  4 0.0964 0.2253 0.4067 0.0357 0.0503 0.1622 0.0235 
     D237225  4 0.0384 0.0410 0.0794 0.0429 0.6810 0.0797 0.0377 
     D237299  4 0.0466 0.0869 0.0400 0.0325 0.0305 0.0666 0.6968 
     D237300  4 0.0612 0.0556 0.0249 0.0595 0.0418 0.7099 0.0471 
     D237306  4 0.0270 0.0765 0.0402 0.6190 0.0788 0.0226 0.1359 
     D237307  4 0.0481 0.0244 0.2369 0.3223 0.2233 0.0865 0.0587 
     D237308  4 0.5021 0.1283 0.0694 0.1158 0.0975 0.0373 0.0497 
     D237309  4 0.0337 0.0907 0.0693 0.0293 0.6421 0.1022 0.0326 
     D237317  4 0.0253 0.0359 0.4452 0.2117 0.1661 0.0914 0.0244 
     D237318  4 0.0484 0.0175 0.0328 0.0236 0.0183 0.8358 0.0236 
     D237319  4 0.0732 0.0595 0.1880 0.0542 0.0890 0.0462 0.4899 
     D237320  4 0.0960 0.0286 0.0426 0.0346 0.0946 0.1158 0.5878 
     D237321  4 0.0788 0.0519 0.0770 0.0497 0.0668 0.5900 0.0858 
     D237397  4 0.0671 0.0312 0.0292 0.4712 0.2029 0.0965 0.1018 
     D237398  4 0.0384 0.0358 0.1522 0.0147 0.0166 0.7063 0.0360 
     D237399  4 0.0365 0.0311 0.1441 0.1741 0.0920 0.4429 0.0792 
     D244001  4 0.0715 0.0327 0.0189 0.0504 0.7877 0.0235 0.0152 
        D289  4 0.1184 0.1334 0.1216 0.3460 0.1017 0.1355 0.0435 
        D290  4 0.0566 0.0694 0.0379 0.0542 0.1219 0.6075 0.0526 
        D294  4 0.0538 0.4139 0.1251 0.0629 0.1316 0.1906 0.0221 
        D295  4 0.0326 0.0804 0.0741 0.0792 0.4227 0.0622 0.2488 
        D301  4 0.0382 0.0451 0.0306 0.1294 0.6521 0.0577 0.0469 
        D302  4 0.0199 0.5407 0.2843 0.0190 0.0954 0.0244 0.0163 
        D303  4 0.0409 0.1672 0.0213 0.6011 0.0381 0.0317 0.0997 
        D304  4 0.0245 0.0378 0.0859 0.0658 0.0923 0.6736 0.0200 
        D305  4 0.2098 0.3895 0.0706 0.0250 0.2390 0.0459 0.0202 
        D306  4 0.1379 0.1341 0.1080 0.1091 0.0984 0.3464 0.0662 
        D307  4 0.0179 0.0319 0.0215 0.0504 0.8063 0.0463 0.0256 
        D327  4 0.0926 0.0483 0.5358 0.0455 0.1030 0.0555 0.1194 
        D328  4 0.0312 0.4820 0.0396 0.2386 0.0981 0.0206 0.0899 
        D329  4 0.1207 0.4076 0.0491 0.0926 0.1833 0.1215 0.0251 
        D330  4 0.1208 0.1427 0.1962 0.0235 0.3341 0.0268 0.1560 
        D331  4 0.0319 0.0600 0.1678 0.0976 0.0856 0.4999 0.0572 
        D333  4 0.0835 0.1139 0.0296 0.1981 0.3866 0.0925 0.0957 
        D334  4 0.0216 0.0581 0.0642 0.5378 0.1501 0.1365 0.0317 
        D335  4 0.0653 0.1919 0.4843 0.0411 0.1594 0.0326 0.0253 
        D370  4 0.0621 0.3187 0.0916 0.3106 0.1247 0.0333 0.0592 
        D371  4 0.0302 0.1207 0.0704 0.6858 0.0211 0.0193 0.0525 
        D372  4 0.0349 0.0240 0.0160 0.0379 0.0319 0.8335 0.0218 
        D373  4 0.0341 0.0488 0.0608 0.0217 0.7678 0.0479 0.0188 
        D455  4 0.0182 0.0293 0.0273 0.0192 0.8481 0.0424 0.0154 
        D490  4 0.0091 0.0174 0.0104 0.0181 0.9009 0.0153 0.0287 
        D497  4 0.0143 0.0466 0.0187 0.0160 0.8151 0.0361 0.0532 
        D498  4 0.0709 0.0555 0.0860 0.2111 0.0784 0.3813 0.1168 
        D499  4 0.2106 0.1838 0.0802 0.0753 0.0172 0.0406 0.3924 
        D514  4 0.0406 0.2564 0.2091 0.0158 0.1664 0.1001 0.2116 
        D515  4 0.0389 0.0836 0.0428 0.0310 0.1209 0.0287 0.6541 
        D516  4 0.1595 0.0317 0.0890 0.1536 0.2789 0.0579 0.2295 
        D517  4 0.0151 0.0172 0.0455 0.0184 0.8076 0.0761 0.0200 
        D518  4 0.0622 0.0639 0.0737 0.0654 0.6944 0.0182 0.0223 
        D519  4 0.0317 0.0186 0.0300 0.0275 0.1125 0.0549 0.7248 
        D560  4 0.0819 0.0692 0.0861 0.0241 0.1594 0.0418 0.5376 
        D561  4 0.1868 0.1637 0.2840 0.0166 0.1423 0.0441 0.1625 
        D562  4 0.1160 0.1312 0.2281 0.1100 0.1514 0.2063 0.0569 
        D563  4 0.4844 0.2257 0.1141 0.0143 0.0523 0.0528 0.0564 
        D572  4 0.0636 0.5645 0.0538 0.0427 0.2194 0.0300 0.0259 
        D629  4 0.0298 0.1137 0.6400 0.0263 0.0784 0.0801 0.0318 
        D630  4 0.0364 0.1361 0.1572 0.0852 0.3862 0.1215 0.0774 
        D631  4 0.2155 0.2040 0.0720 0.0508 0.3384 0.0495 0.0698 
        D632  4 0.2209 0.4198 0.1101 0.0191 0.1510 0.0142 0.0650 
        D646  4 0.1257 0.0241 0.0607 0.0667 0.3335 0.0520 0.3372 
        D647  4 0.1093 0.0817 0.3608 0.0278 0.2353 0.0928 0.0923 
        D648  4 0.0289 0.7373 0.0230 0.1132 0.0550 0.0112 0.0313 
        D649  4 0.0262 0.2722 0.2944 0.0201 0.0757 0.0290 0.2824 
        D650  4 0.0353 0.0655 0.3048 0.1202 0.1360 0.0542 0.2840 
        D708  4 0.0382 0.2536 0.1310 0.3020 0.1115 0.0501 0.1136 
        D709  4 0.0925 0.1891 0.1108 0.0918 0.0725 0.1562 0.2871 
        D738  4 0.0135 0.0159 0.0341 0.7302 0.0965 0.0341 0.0757 
        D739  4 0.0350 0.0811 0.0516 0.0607 0.5368 0.1168 0.1180 
        D740  4 0.0709 0.0720 0.0790 0.2216 0.1578 0.2194 0.1794 
        D741  4 0.0867 0.0263 0.0432 0.0295 0.1041 0.0240 0.6862 
        D742  4 0.3219 0.0828 0.0726 0.0787 0.1586 0.1234 0.1620 
        D743  4 0.1274 0.2808 0.4157 0.0327 0.0516 0.0514 0.0404 
        D744  4 0.1325 0.5943 0.1620 0.0180 0.0186 0.0422 0.0325 
        D745  4 0.0213 0.0290 0.0234 0.0200 0.1398 0.0299 0.7365 
        D814  4 0.3012 0.1176 0.0325 0.0367 0.4052 0.0678 0.0391 
        D815  4 0.0507 0.5320 0.1826 0.0489 0.0829 0.0575 0.0455 
        D828  4 0.1057 0.3448 0.0307 0.2952 0.0802 0.0780 0.0654 
        D845  4 0.0314 0.0174 0.0220 0.0420 0.0187 0.8535 0.0150 
        D846  4 0.1493 0.0976 0.2603 0.0127 0.4055 0.0542 0.0205 
        D847  4 0.0472 0.0549 0.0948 0.0421 0.1566 0.4902 0.1142 
        D848  4 0.0496 0.0250 0.0518 0.0209 0.6623 0.1792 0.0112 
        D849  4 0.0467 0.0271 0.0410 0.0202 0.6896 0.0227 0.1528 
        D850  4 0.0717 0.0587 0.2706 0.0598 0.1063 0.3779 0.0550 
        D856  4 0.0452 0.0953 0.1545 0.0308 0.0410 0.0497 0.5835 
        D857  4 0.1054 0.0629 0.0184 0.0630 0.0430 0.0253 0.6820 
        D859  4 0.0687 0.3998 0.1139 0.0604 0.2053 0.0892 0.0626 
        D860  4 0.0880 0.0438 0.1259 0.4595 0.0349 0.2361 0.0119 
        D883  4 0.0338 0.1119 0.0689 0.0974 0.4598 0.0790 0.1491 
        D884  4 0.0223 0.0759 0.0303 0.1507 0.1883 0.0209 0.5117 
        D885  4 0.0880 0.0444 0.1725 0.0392 0.3234 0.1378 0.1946 
        D886  4 0.1436 0.0797 0.1440 0.0530 0.2688 0.1059 0.2051 
        D887  4 0.0607 0.4162 0.0867 0.0464 0.0583 0.1850 0.1467 
        D889  4 0.0142 0.0381 0.0363 0.0216 0.0365 0.8400 0.0133 
        D890  4 0.0900 0.4129 0.1222 0.1082 0.1136 0.0521 0.1011 
        D891  4 0.0103 0.0108 0.0169 0.0101 0.0089 0.9331 0.0098 
        D899  4 0.4538 0.0930 0.0475 0.0926 0.0958 0.1894 0.0280 
        D900  4 0.0743 0.1987 0.1500 0.0494 0.1691 0.2804 0.0781 
        D970  4 0.0733 0.1345 0.2072 0.0598 0.2514 0.2478 0.0261 
        D971  4 0.6032 0.0551 0.1667 0.0494 0.0458 0.0268 0.0530 
        D979  4 0.0422 0.0772 0.7047 0.0363 0.0972 0.0262 0.0162 
        D093  5 0.0206 0.0299 0.0245 0.7514 0.0557 0.0580 0.0597 
        D154  5 0.2195 0.0707 0.0521 0.0761 0.1074 0.1185 0.3556 
        D168  5 0.3682 0.0706 0.0583 0.0313 0.2065 0.0742 0.1909 
        D189  5 0.0471 0.0467 0.0220 0.4635 0.0829 0.2878 0.0500 
        D190  5 0.0249 0.0639 0.0492 0.7679 0.0289 0.0239 0.0414 
     D237220  5 0.0169 0.0557 0.0304 0.0698 0.1192 0.5918 0.1163 
     D237221  5 0.1160 0.0456 0.1472 0.3250 0.0657 0.2226 0.0779 
     D237274  5 0.0632 0.1822 0.6531 0.0141 0.0347 0.0234 0.0293 
     D237275  5 0.5689 0.0290 0.0296 0.0646 0.0405 0.2062 0.0611 
     D237276  5 0.0507 0.0797 0.0489 0.3744 0.2603 0.0416 0.1444 
     D237277  5 0.0651 0.1058 0.0708 0.5559 0.0214 0.1397 0.0413 
     D237278  5 0.3474 0.1057 0.0441 0.2175 0.1059 0.0311 0.1484 
     D237279  5 0.0328 0.0586 0.0774 0.0175 0.0300 0.0810 0.7025 
     D237280  5 0.0253 0.1676 0.2162 0.1247 0.3458 0.0305 0.0899 
     D237281  5 0.3658 0.0402 0.0711 0.0520 0.0342 0.4005 0.0362 
     D237351  5 0.0174 0.0220 0.0307 0.0519 0.0382 0.0220 0.8177 
     D237352  5 0.1533 0.0894 0.1019 0.0550 0.5391 0.0345 0.0269 
     D237353  5 0.0176 0.0467 0.0478 0.8124 0.0122 0.0362 0.0270 
     D237359  5 0.0180 0.0683 0.0674 0.0663 0.1295 0.5883 0.0622 
     D237361  5 0.0339 0.0261 0.0327 0.7569 0.0243 0.0769 0.0493 
     D237362  5 0.0821 0.0593 0.2973 0.1259 0.1367 0.0330 0.2657 
     D237363  5 0.2799 0.0334 0.3092 0.0918 0.0610 0.0751 0.1497 
     D237364  5 0.0995 0.1285 0.0983 0.0166 0.2796 0.0751 0.3023 
     D237376  5 0.0250 0.7372 0.0127 0.1116 0.0250 0.0383 0.0502 
     D237377  5 0.0536 0.0637 0.2512 0.1485 0.1289 0.0256 0.3284 
     D237378  5 0.0501 0.1324 0.0193 0.5941 0.1152 0.0506 0.0383 
     D237379  5 0.0481 0.4388 0.0494 0.2332 0.0589 0.0439 0.1276 
     D237380  5 0.0123 0.4680 0.0779 0.1817 0.0494 0.0151 0.1954 
     D237381  5 0.1363 0.0748 0.1133 0.1183 0.4162 0.0722 0.0689 
     D237391  5 0.0246 0.0287 0.0803 0.6579 0.0286 0.1271 0.0528 
     D237392  5 0.2401 0.1914 0.3858 0.0255 0.0294 0.0250 0.1029 
     D237393  5 0.0809 0.0530 0.1855 0.4154 0.1679 0.0553 0.0421 
     D237394  5 0.0138 0.0410 0.0832 0.7942 0.0231 0.0265 0.0182 
     D237395  5 0.0754 0.0688 0.0650 0.3973 0.0933 0.1436 0.1566 
     D237396  5 0.1097 0.0326 0.5338 0.1108 0.0821 0.0752 0.0559 
     D244016  5 0.1259 0.3111 0.1720 0.1903 0.0312 0.0969 0.0725 
     D244018  5 0.3136 0.0181 0.0430 0.2258 0.2083 0.1462 0.0450 
     D244019  5 0.1625 0.0491 0.5398 0.0687 0.0413 0.0962 0.0425 
        D279  5 0.0829 0.0477 0.0507 0.1117 0.2319 0.3504 0.1247 
        D280  5 0.0282 0.0548 0.1075 0.0502 0.0543 0.6757 0.0292 
        D281  5 0.1088 0.0262 0.0233 0.0469 0.0179 0.7443 0.0327 
        D283  5 0.0240 0.0360 0.2011 0.1637 0.0986 0.4390 0.0376 
        D284  5 0.0479 0.0977 0.0555 0.0330 0.1265 0.1218 0.5177 
        D285  5 0.0116 0.0602 0.0610 0.2162 0.0427 0.5602 0.0481 
        D286  5 0.0303 0.1800 0.1270 0.3451 0.1517 0.1018 0.0641 
        D287  5 0.0261 0.6743 0.0238 0.0913 0.0294 0.0294 0.1258 
        D288  5 0.0244 0.0389 0.2671 0.0342 0.0399 0.5691 0.0264 
        D308  5 0.0267 0.0399 0.0960 0.0301 0.0172 0.0225 0.7677 
        D309  5 0.0312 0.7882 0.0999 0.0202 0.0248 0.0199 0.0158 
        D310  5 0.0126 0.0216 0.0241 0.8098 0.0503 0.0638 0.0177 
        D311  5 0.0871 0.1266 0.2895 0.1686 0.1778 0.0365 0.1137 
        D312  5 0.0821 0.2932 0.1305 0.0971 0.1897 0.1093 0.0981 
        D313  5 0.0140 0.0092 0.0110 0.0505 0.3195 0.0107 0.5851 
        D314  5 0.0635 0.1722 0.0511 0.1826 0.3162 0.0544 0.1601 
        D315  5 0.0996 0.1533 0.2327 0.3036 0.0780 0.0464 0.0865 
        D317  5 0.0130 0.0174 0.0231 0.8623 0.0436 0.0238 0.0168 
        D318  5 0.1049 0.2370 0.2893 0.0559 0.0864 0.1273 0.0993 
        D319  5 0.0148 0.0154 0.0153 0.8619 0.0393 0.0284 0.0249 
        D320  5 0.0177 0.0666 0.0406 0.7146 0.0318 0.0928 0.0359 
        D321  5 0.0153 0.0166 0.1224 0.0472 0.0315 0.1588 0.6081 
        D336  5 0.0195 0.1621 0.0228 0.6877 0.0523 0.0329 0.0227 
        D337  5 0.0248 0.0252 0.0233 0.8066 0.0263 0.0733 0.0205 
        D338  5 0.0580 0.0445 0.1145 0.1343 0.1835 0.1442 0.3210 
        D339  5 0.0252 0.0141 0.0226 0.8041 0.0474 0.0382 0.0485 
        D347  5 0.1013 0.1021 0.1428 0.1634 0.2004 0.2744 0.0156 
        D348  5 0.0314 0.0559 0.0515 0.7451 0.0561 0.0481 0.0119 
        D349  5 0.0211 0.0344 0.0380 0.0559 0.0267 0.0378 0.7861 
        D350  5 0.0240 0.8673 0.0187 0.0165 0.0245 0.0152 0.0337 
        D355  5 0.1133 0.0566 0.1331 0.0439 0.0856 0.4507 0.1169 
        D356  5 0.0334 0.0981 0.2641 0.2325 0.1044 0.1877 0.0798 
        D357  5 0.0449 0.1947 0.1305 0.1050 0.0993 0.3063 0.1192 
        D358  5 0.0621 0.3125 0.1122 0.2799 0.0387 0.0648 0.1298 
        D359  5 0.0202 0.0307 0.5369 0.3025 0.0343 0.0455 0.0299 
        D360  5 0.0260 0.0495 0.1636 0.3350 0.1025 0.2634 0.0600 
        D361  5 0.0201 0.0128 0.0166 0.0222 0.0201 0.0116 0.8965 
        D366  5 0.6266 0.0297 0.1621 0.0381 0.0662 0.0254 0.0519 
        D367  5 0.0192 0.0714 0.0326 0.5276 0.1457 0.0765 0.1270 
        D368  5 0.0248 0.0299 0.1096 0.0824 0.0374 0.0369 0.6791 
        D380  5 0.0846 0.4211 0.3179 0.0307 0.0516 0.0415 0.0527 
        D381  5 0.0308 0.0225 0.1276 0.5671 0.1029 0.1229 0.0262 
        D400  5 0.0674 0.0669 0.0460 0.3721 0.2489 0.1642 0.0344 
        D411  5 0.0402 0.0429 0.0155 0.0104 0.3820 0.0168 0.4922 
        D412  5 0.1348 0.0350 0.0738 0.3247 0.2696 0.1440 0.0181 
        D413  5 0.6659 0.0792 0.1123 0.0183 0.0252 0.0431 0.0561 
        D414  5 0.0637 0.7807 0.0271 0.0293 0.0288 0.0382 0.0322 
        D420  5 0.0227 0.0245 0.0543 0.0248 0.0410 0.7726 0.0601 
        D431  5 0.0176 0.7103 0.0145 0.0191 0.0187 0.0693 0.1506 
        D432  5 0.0611 0.0891 0.0776 0.5168 0.1003 0.1245 0.0306 
        D433  5 0.0320 0.0314 0.0473 0.7249 0.0526 0.0564 0.0554 
        D434  5 0.0227 0.0609 0.0891 0.3745 0.1005 0.2974 0.0549 
        D440  5 0.0384 0.8044 0.0240 0.0229 0.0463 0.0257 0.0383 
        D447  5 0.1981 0.1507 0.3306 0.0208 0.0964 0.0973 0.1061 
        D448  5 0.0279 0.0982 0.0329 0.5938 0.1644 0.0488 0.0340 
        D459  5 0.3979 0.0287 0.0621 0.0397 0.0724 0.3679 0.0312 
        D460  5 0.0225 0.0225 0.0909 0.0415 0.0215 0.0221 0.7789 
        D461  5 0.0162 0.8216 0.0660 0.0197 0.0277 0.0289 0.0198 
        D468  5 0.0800 0.1298 0.0939 0.0552 0.0442 0.0167 0.5802 
        D469  5 0.0327 0.0902 0.2482 0.0805 0.1488 0.0695 0.3302 
        D470  5 0.0450 0.1026 0.0630 0.0898 0.6232 0.0236 0.0528 
        D471  5 0.0533 0.0940 0.0810 0.6302 0.0477 0.0633 0.0306 
        D472  5 0.0665 0.0153 0.7434 0.0349 0.0241 0.1032 0.0127 
        D479  5 0.7303 0.1098 0.0360 0.0391 0.0534 0.0147 0.0167 
        D485  5 0.0569 0.7162 0.0402 0.0285 0.0530 0.0447 0.0605 
        D486  5 0.0561 0.1396 0.0374 0.0527 0.1223 0.0312 0.5607 
        D487  5 0.0701 0.0896 0.0311 0.4726 0.1237 0.1804 0.0325 
        D555  5 0.0325 0.0210 0.0141 0.8605 0.0169 0.0429 0.0121 
        D556  5 0.0248 0.4646 0.0604 0.0559 0.0547 0.2510 0.0885 
        D557  5 0.0574 0.0372 0.0355 0.7794 0.0470 0.0206 0.0228 
        D564  5 0.0806 0.4086 0.1367 0.2106 0.0370 0.0234 0.1031 
        D594  5 0.0773 0.1253 0.1449 0.1803 0.3277 0.1071 0.0374 
        D595  5 0.0915 0.1092 0.1240 0.3883 0.0899 0.0467 0.1504 
        D596  5 0.0244 0.0261 0.0241 0.8767 0.0172 0.0210 0.0104 
        D597  5 0.2567 0.0366 0.0544 0.2979 0.0356 0.2989 0.0199 
        D598  5 0.0518 0.1963 0.0595 0.4219 0.0990 0.0909 0.0805 
        D617  5 0.2319 0.0379 0.0304 0.0299 0.4920 0.0254 0.1525 
        D618  5 0.0446 0.0518 0.1619 0.5542 0.0337 0.1026 0.0514 
        D619  5 0.0501 0.1293 0.3534 0.2449 0.0274 0.0544 0.1405 
        D620  5 0.7280 0.0261 0.0499 0.0555 0.0478 0.0686 0.0241 
        D628  5 0.0245 0.8592 0.0215 0.0303 0.0203 0.0203 0.0240 
        D714  5 0.0322 0.4728 0.0353 0.0923 0.0476 0.2465 0.0733 
        D715  5 0.0477 0.0462 0.1922 0.5427 0.0239 0.1135 0.0338 
        D716  5 0.1115 0.1265 0.1461 0.0823 0.3241 0.1793 0.0301 
        D717  5 0.0512 0.1080 0.2090 0.2365 0.0660 0.2846 0.0446 
        D718  5 0.0509 0.2601 0.0130 0.1252 0.1573 0.0640 0.3295 
        D769  5 0.0974 0.0392 0.0191 0.0323 0.7588 0.0276 0.0256 
        D770  5 0.1210 0.6348 0.0370 0.0287 0.0211 0.0385 0.1188 
        D771  5 0.0839 0.3061 0.0830 0.0824 0.1172 0.2806 0.0468 
        D772  5 0.0256 0.6296 0.0938 0.0658 0.0707 0.0681 0.0463 
        D782  5 0.0764 0.0378 0.0486 0.0413 0.0397 0.3968 0.3595 
        D783  5 0.4265 0.2320 0.0503 0.1559 0.0426 0.0510 0.0416 
        D784  5 0.0595 0.1048 0.5587 0.0642 0.0398 0.1483 0.0248 
        D785  5 0.0228 0.2037 0.0734 0.5494 0.0326 0.0297 0.0884 
        D786  5 0.1833 0.0984 0.1595 0.0287 0.4541 0.0304 0.0456 
        D821  5 0.0112 0.0486 0.0316 0.8301 0.0124 0.0438 0.0223 
        D822  5 0.1285 0.0594 0.4858 0.0798 0.0503 0.1255 0.0707 
        D826  5 0.1029 0.0780 0.0408 0.4089 0.1420 0.1468 0.0806 
        D827  5 0.1097 0.1369 0.5366 0.0252 0.0579 0.0455 0.0882 
        D851  5 0.0642 0.0885 0.4716 0.1391 0.0881 0.0427 0.1058 
        D852  5 0.0777 0.2146 0.0326 0.3513 0.0685 0.2024 0.0530 
        D853  5 0.0437 0.0533 0.1052 0.2955 0.0708 0.3547 0.0767 
        D854  5 0.1215 0.0909 0.2365 0.0193 0.0604 0.1059 0.3656 
        D861  5 0.1593 0.0563 0.0877 0.1899 0.0782 0.0835 0.3450 
        D862  5 0.0396 0.0884 0.3488 0.2446 0.1252 0.0859 0.0675 
        D865  5 0.0813 0.0888 0.0431 0.5518 0.0539 0.0936 0.0876 
        D868  5 0.0365 0.0439 0.2584 0.2343 0.1568 0.2066 0.0635 
        D869  5 0.0502 0.0200 0.0424 0.0237 0.6017 0.0226 0.2394 
        D870  5 0.2262 0.2273 0.3582 0.0178 0.0610 0.0557 0.0539 
        D907  5 0.0214 0.0262 0.0191 0.7169 0.1410 0.0403 0.0350 
        D908  5 0.1133 0.1999 0.0384 0.3345 0.0454 0.2065 0.0620 
        D910  5 0.1543 0.0483 0.0801 0.4232 0.1361 0.0844 0.0736 
        D911  5 0.0346 0.0231 0.0406 0.0807 0.0694 0.7111 0.0404 
        D934  5 0.1157 0.4526 0.2033 0.0341 0.0384 0.0848 0.0711 
        D946  5 0.0375 0.6879 0.0351 0.0414 0.0414 0.0514 0.1053 
        D947  5 0.0395 0.2343 0.1318 0.0248 0.1531 0.3053 0.1112 
        D948  5 0.0252 0.0407 0.0476 0.1944 0.0540 0.0385 0.5995 
        D949  5 0.0145 0.0185 0.0319 0.0532 0.0574 0.0305 0.7939 
        D950  5 0.0681 0.0359 0.1089 0.0676 0.0594 0.6168 0.0432 
        D951  5 0.1729 0.1597 0.4826 0.0284 0.0755 0.0268 0.0541 
        D952  5 0.0313 0.0265 0.5367 0.0835 0.1530 0.1406 0.0283 
        D953  5 0.0239 0.0676 0.1148 0.6444 0.0307 0.0825 0.0360 
        D954  5 0.0240 0.0281 0.7645 0.1053 0.0141 0.0233 0.0407 
        D961  5 0.0180 0.8294 0.0154 0.0424 0.0172 0.0166 0.0610 
        D962  5 0.0136 0.6344 0.0569 0.2136 0.0295 0.0217 0.0304 
        D963  5 0.0771 0.2103 0.1257 0.3948 0.0367 0.1206 0.0347 
        D964  5 0.0630 0.2382 0.1025 0.0356 0.0565 0.1409 0.3633 
        D965  5 0.0940 0.5356 0.1292 0.0564 0.0960 0.0514 0.0375 
        D966  5 0.0734 0.2820 0.1946 0.1257 0.1809 0.1139 0.0295 
        D967  5 0.2356 0.0317 0.0955 0.1744 0.0382 0.3743 0.0503 
        D991  5 0.0394 0.3439 0.0279 0.1361 0.3322 0.0547 0.0658 
        D132  8 0.0179 0.0362 0.0248 0.0309 0.7726 0.0237 0.0939 
        D133  8 0.8300 0.0216 0.0206 0.0216 0.0397 0.0436 0.0230 
        D200  8 0.0540 0.1456 0.0245 0.0308 0.0609 0.5873 0.0970 
        D500  8 0.0171 0.0253 0.0185 0.0232 0.7767 0.0189 0.1203 
        D614  8 0.0256 0.1144 0.0444 0.3626 0.1350 0.1757 0.1424 
        D723  8 0.0860 0.0260 0.0328 0.0359 0.1639 0.0361 0.6194 
        D888  8 0.0327 0.0282 0.0345 0.0219 0.0249 0.8342 0.0236 
        D901  8 0.0165 0.0336 0.0158 0.0195 0.0291 0.0236 0.8619 
        D902  8 0.0450 0.0968 0.0178 0.5273 0.0369 0.0416 0.2345 
        D903  8 0.0464 0.0483 0.7155 0.0482 0.0869 0.0276 0.0271 
        D904  8 0.0820 0.2318 0.3251 0.0601 0.1859 0.0633 0.0520 
        D905  8 0.0140 0.0353 0.0130 0.0629 0.0191 0.8398 0.0159 
        D906  8 0.4158 0.0648 0.1982 0.0345 0.1193 0.1454 0.0220 
        D937  8 0.0275 0.0281 0.0131 0.7866 0.0165 0.0273 0.1009 
        D943  8 0.0409 0.0806 0.0725 0.0270 0.1127 0.5885 0.0777 
        D972  8 0.0717 0.0242 0.0254 0.0284 0.1469 0.0260 0.6773 
        D973  8 0.0592 0.0391 0.0780 0.0331 0.1509 0.0256 0.6140 
        D974  8 0.1594 0.0635 0.0716 0.0569 0.2391 0.1623 0.2473 
        D975  8 0.1495 0.0797 0.0270 0.0873 0.0786 0.4885 0.0894 
        D976  8 0.0704 0.2380 0.0451 0.0975 0.0918 0.2747 0.1825 
        D142 10 0.3048 0.2676 0.1501 0.0614 0.0651 0.0886 0.0624 
        D143 10 0.7912 0.0545 0.0249 0.0442 0.0342 0.0238 0.0271 
        D144 10 0.0865 0.3140 0.2228 0.0819 0.0716 0.1395 0.0837 
        D145 10 0.0280 0.0657 0.0291 0.0334 0.1054 0.6921 0.0464 
        D146 10 0.0596 0.2100 0.0731 0.0486 0.1617 0.0181 0.4288 
        D147 10 0.0883 0.3352 0.0735 0.0295 0.0377 0.0217 0.4142 
        D148 10 0.1056 0.4387 0.2703 0.0417 0.0223 0.0272 0.0942 
        D149 10 0.3890 0.0572 0.0619 0.0645 0.1003 0.2906 0.0365 
        D151 10 0.0969 0.1985 0.1351 0.1021 0.0304 0.2128 0.2241 
        D152 10 0.6905 0.0612 0.0273 0.0104 0.0194 0.1446 0.0466 
        D153 10 0.0417 0.1998 0.1232 0.0638 0.2602 0.0879 0.2235 
        D156 10 0.0292 0.8363 0.0443 0.0154 0.0361 0.0177 0.0210 
        D157 10 0.0440 0.1178 0.0643 0.4578 0.1700 0.0463 0.0999 
        D158 10 0.0255 0.0782 0.0165 0.0440 0.0369 0.1027 0.6961 
        D159 10 0.7779 0.0246 0.0415 0.0349 0.0705 0.0300 0.0206 
        D160 10 0.0111 0.0163 0.0094 0.1611 0.0120 0.7735 0.0167 
        D161 10 0.1214 0.0906 0.5612 0.0569 0.0649 0.0482 0.0567 
        D162 10 0.0446 0.7808 0.0629 0.0284 0.0298 0.0376 0.0159 
        D169 10 0.0255 0.0181 0.1164 0.0280 0.4622 0.2841 0.0657 
        D170 10 0.0227 0.1025 0.0679 0.0354 0.7079 0.0178 0.0458 
        D171 10 0.0240 0.8164 0.0441 0.0376 0.0309 0.0088 0.0383 
        D172 10 0.0320 0.7056 0.0283 0.0381 0.0573 0.0228 0.1160 
        D173 10 0.6885 0.0293 0.0357 0.0173 0.0529 0.1279 0.0485 
        D181 10 0.0556 0.5247 0.0987 0.1814 0.0304 0.0388 0.0705 
        D182 10 0.1914 0.1315 0.0840 0.0610 0.1171 0.2437 0.1713 
        D183 10 0.0121 0.0207 0.0549 0.6681 0.1164 0.0959 0.0319 
        D184 10 0.0194 0.0265 0.1279 0.0144 0.7706 0.0156 0.0256 
        D185 10 0.0542 0.2067 0.5598 0.0215 0.0436 0.0364 0.0777 
        D186 10 0.0194 0.0187 0.0208 0.0198 0.6449 0.0636 0.2128 
        D194 10 0.2444 0.1022 0.1720 0.0545 0.1568 0.0617 0.2084 
        D195 10 0.2272 0.1770 0.0604 0.0966 0.1873 0.2035 0.0482 
        D196 10 0.3146 0.0839 0.1743 0.0988 0.0909 0.2103 0.0272 
        D197 10 0.0864 0.0345 0.0317 0.0558 0.6600 0.0500 0.0816 
        D198 10 0.0180 0.0279 0.7865 0.0274 0.0394 0.0503 0.0505 
     D237226 10 0.0606 0.0371 0.1332 0.0215 0.0173 0.5717 0.1585 
     D237232 10 0.0684 0.0393 0.0387 0.1041 0.0602 0.5909 0.0984 
     D237233 10 0.2051 0.3149 0.0220 0.1316 0.0504 0.1716 0.1044 
     D237234 10 0.0288 0.6823 0.0355 0.0926 0.0496 0.0499 0.0612 
     D237354 10 0.0225 0.0164 0.0204 0.0219 0.0240 0.8826 0.0122 
     D237355 10 0.0159 0.0158 0.0242 0.0291 0.0144 0.8843 0.0163 
     D237356 10 0.0232 0.0151 0.5843 0.1251 0.1946 0.0339 0.0238 
     D237357 10 0.2960 0.1284 0.0480 0.0369 0.1879 0.0559 0.2468 
     D237358 10 0.1560 0.0459 0.1819 0.0379 0.5230 0.0353 0.0200 
     D237369 10 0.0212 0.0343 0.0252 0.0146 0.1272 0.0136 0.7638 
     D237370 10 0.2710 0.1291 0.1097 0.2829 0.0657 0.0828 0.0587 
     D237371 10 0.0578 0.0266 0.6199 0.0233 0.1662 0.0314 0.0748 
     D237372 10 0.3580 0.0306 0.0464 0.0360 0.4316 0.0736 0.0238 
     D237373 10 0.0502 0.2836 0.0532 0.0512 0.0360 0.2417 0.2840 
     D237374 10 0.0183 0.0806 0.0279 0.0907 0.0235 0.7368 0.0222 
     D237375 10 0.4871 0.0746 0.1819 0.0371 0.0439 0.0846 0.0909 
     D237400 10 0.7543 0.0819 0.0179 0.0331 0.0432 0.0427 0.0269 
     D244002 10 0.0802 0.3344 0.0980 0.0207 0.3527 0.0393 0.0747 
     D244003 10 0.0275 0.0684 0.0110 0.5520 0.0283 0.2793 0.0336 
     D244004 10 0.0104 0.0169 0.0108 0.8809 0.0134 0.0328 0.0348 
     D244005 10 0.0187 0.0115 0.0300 0.0166 0.1018 0.8070 0.0144 
     D244020 10 0.0450 0.1918 0.4343 0.0711 0.0553 0.0588 0.1438 
     D244021 10 0.0468 0.0362 0.0193 0.0351 0.1527 0.0197 0.6903 
     D244116 10 0.0443 0.5269 0.0448 0.0276 0.2424 0.0410 0.0729 
     D244117 10 0.0449 0.0598 0.0269 0.7080 0.0286 0.1137 0.0181 
     D244121 10 0.0599 0.0723 0.0288 0.6616 0.0713 0.0435 0.0626 
     D244123 10 0.0811 0.2060 0.0781 0.1245 0.0527 0.3980 0.0596 
     D244124 10 0.2914 0.0390 0.0512 0.1243 0.3949 0.0418 0.0574 
        D332 10 0.1624 0.1188 0.3616 0.0596 0.1120 0.0230 0.1625 
        D570 10 0.0232 0.4146 0.0552 0.3965 0.0427 0.0303 0.0375 
        D602 10 0.0778 0.6465 0.0333 0.0606 0.0854 0.0465 0.0500 
        D603 10 0.2264 0.0459 0.0706 0.1446 0.0235 0.0726 0.4165 
        D604 10 0.2317 0.3982 0.0931 0.0345 0.1056 0.1162 0.0207 
        D605 10 0.0988 0.0549 0.4929 0.0384 0.0379 0.2031 0.0742 
        D606 10 0.0257 0.0129 0.0998 0.2274 0.5723 0.0380 0.0239 
        D607 10 0.0275 0.0244 0.8554 0.0190 0.0268 0.0203 0.0265 
        D608 10 0.8867 0.0225 0.0358 0.0118 0.0164 0.0143 0.0125 
        D609 10 0.0221 0.0998 0.0832 0.3930 0.1583 0.0559 0.1877 
        D610 10 0.0150 0.0412 0.1055 0.0696 0.1201 0.6182 0.0304 
        D611 10 0.0127 0.0789 0.0229 0.8023 0.0214 0.0344 0.0274 
        D613 10 0.0185 0.6991 0.1593 0.0248 0.0251 0.0416 0.0316 
        D633 10 0.2383 0.3322 0.3062 0.0200 0.0515 0.0253 0.0264 
        D634 10 0.0384 0.6454 0.1094 0.0412 0.0597 0.0330 0.0728 
        D638 10 0.6599 0.0532 0.0149 0.0532 0.1129 0.0803 0.0257 
        D681 10 0.0211 0.7420 0.0315 0.0367 0.0974 0.0191 0.0522 
        D754 10 0.0243 0.0838 0.0121 0.0899 0.0622 0.0389 0.6889 
        D755 10 0.2074 0.0282 0.0116 0.5987 0.0216 0.0648 0.0677 
        D756 10 0.0499 0.1892 0.0359 0.2451 0.1184 0.0764 0.2852 
        D757 10 0.1125 0.0256 0.2562 0.1234 0.0718 0.3806 0.0300 
        D758 10 0.1098 0.2776 0.1064 0.1463 0.2014 0.0580 0.1004 
        D759 10 0.0886 0.0843 0.0500 0.4664 0.0272 0.2465 0.0369 
        D760 10 0.0558 0.1794 0.0625 0.1325 0.1430 0.3742 0.0527 
        D761 10 0.0639 0.0184 0.0145 0.0329 0.0236 0.8287 0.0181 
        D762 10 0.0468 0.0834 0.7735 0.0198 0.0269 0.0258 0.0238 
        D775 10 0.0207 0.0224 0.0232 0.7010 0.0184 0.1303 0.0840 
        D776 10 0.0902 0.0308 0.0323 0.0457 0.0503 0.7117 0.0390 
        D777 10 0.0281 0.0521 0.0406 0.4327 0.0284 0.3557 0.0624 
        D778 10 0.0710 0.0218 0.0192 0.0379 0.0249 0.4539 0.3713 
        D779 10 0.0247 0.5226 0.0150 0.0799 0.1833 0.0363 0.1382 
        D780 10 0.1058 0.5642 0.0345 0.0716 0.0631 0.1209 0.0399 
        D781 10 0.2302 0.4784 0.0507 0.0492 0.0967 0.0362 0.0587 
        D858 10 0.0475 0.0341 0.0341 0.0315 0.0831 0.1836 0.5861 
        D933 10 0.0602 0.0244 0.3440 0.0370 0.0563 0.4556 0.0225 
        D038 11 0.0413 0.1673 0.0739 0.0670 0.0616 0.4884 0.1005 
        D063 11 0.0351 0.1146 0.0295 0.1407 0.5893 0.0733 0.0174 
        D155 11 0.0892 0.0422 0.1808 0.1933 0.0837 0.3280 0.0828 
        D175 11 0.0370 0.1397 0.0223 0.1193 0.1712 0.0573 0.4532 
        D176 11 0.4488 0.1247 0.0201 0.1511 0.0573 0.0456 0.1524 
        D205 11 0.0199 0.0283 0.0267 0.6957 0.1012 0.0601 0.0682 
     D237229 11 0.1023 0.2545 0.0881 0.0356 0.0923 0.3742 0.0530 
     D237230 11 0.4485 0.0470 0.1130 0.0238 0.1412 0.0187 0.2078 
     D237231 11 0.1300 0.1548 0.4143 0.0483 0.1599 0.0637 0.0290 
     D237269 11 0.2426 0.0626 0.3284 0.0531 0.1186 0.1346 0.0601 
     D237270 11 0.1226 0.0250 0.1629 0.0305 0.0357 0.0405 0.5829 
     D237271 11 0.0744 0.4165 0.0713 0.1651 0.1426 0.0674 0.0626 
     D237272 11 0.0928 0.0245 0.0773 0.0285 0.3912 0.0621 0.3235 
     D237273 11 0.0593 0.3297 0.0301 0.2432 0.1333 0.1726 0.0317 
     D237301 11 0.0777 0.1526 0.3011 0.1381 0.2206 0.0429 0.0670 
     D237302 11 0.0472 0.0756 0.0282 0.0274 0.7051 0.0519 0.0646 
     D237303 11 0.2536 0.0592 0.1042 0.0177 0.0639 0.0197 0.4817 
     D237304 11 0.0999 0.2768 0.1034 0.0998 0.1320 0.0642 0.2239 
     D237305 11 0.0300 0.0823 0.0224 0.3964 0.1174 0.2282 0.1234 
     D237314 11 0.0280 0.3186 0.0792 0.3070 0.0513 0.1191 0.0968 
     D237315 11 0.0296 0.1081 0.1369 0.0192 0.1446 0.1273 0.4343 
     D237316 11 0.0339 0.2890 0.4637 0.0495 0.1253 0.0196 0.0189 
     D237328 11 0.0304 0.0387 0.1703 0.0514 0.3828 0.0496 0.2769 
     D237329 11 0.1612 0.0254 0.0948 0.0652 0.1044 0.4069 0.1420 
     D237330 11 0.0611 0.2591 0.0262 0.4862 0.0364 0.0787 0.0524 
     D237331 11 0.0428 0.2745 0.1459 0.1989 0.1254 0.1769 0.0356 
     D237332 11 0.0365 0.0674 0.0907 0.0669 0.6197 0.0893 0.0296 
     D237333 11 0.1274 0.2133 0.0824 0.2047 0.0631 0.2883 0.0208 
     D237334 11 0.0500 0.0702 0.5485 0.0798 0.1732 0.0295 0.0489 
     D237335 11 0.0485 0.1212 0.0728 0.3008 0.1909 0.1289 0.1368 
     D237336 11 0.0267 0.0632 0.1096 0.0869 0.1013 0.5716 0.0407 
     D237350 11 0.0749 0.4437 0.0304 0.3121 0.0859 0.0385 0.0144 
     D237383 11 0.1008 0.1298 0.0422 0.0504 0.2264 0.3800 0.0704 
     D237384 11 0.0237 0.0509 0.6913 0.0215 0.0277 0.1216 0.0633 
     D237385 11 0.1005 0.1938 0.0749 0.1583 0.2306 0.1638 0.0780 
     D237386 11 0.2914 0.0526 0.2378 0.1125 0.0895 0.0469 0.1693 
     D237387 11 0.0201 0.0915 0.0801 0.0446 0.7084 0.0280 0.0273 
     D237388 11 0.0362 0.4188 0.1365 0.2538 0.0521 0.0459 0.0567 
        D239 11 0.0412 0.1846 0.0936 0.0961 0.0583 0.4697 0.0565 
        D240 11 0.0367 0.0542 0.0225 0.0369 0.0555 0.7764 0.0177 
        D241 11 0.0146 0.0380 0.1417 0.0131 0.0930 0.6723 0.0273 
        D242 11 0.1093 0.1840 0.1898 0.0819 0.0689 0.2972 0.0689 
        D243 11 0.0281 0.0332 0.0900 0.3436 0.0594 0.3801 0.0654 
        D244 11 0.0295 0.0193 0.0665 0.6367 0.0565 0.1575 0.0341 
        D245 11 0.0238 0.0974 0.0308 0.0184 0.4033 0.0510 0.3753 
        D246 11 0.0680 0.2114 0.0941 0.1362 0.0989 0.0982 0.2934 
        D247 11 0.0486 0.4784 0.0722 0.1386 0.0351 0.1751 0.0519 
        D248 11 0.2982 0.0439 0.4403 0.0551 0.0854 0.0469 0.0302 
        D249 11 0.0205 0.2807 0.0420 0.0556 0.0547 0.0359 0.5106 
        D250 11 0.2768 0.1030 0.2420 0.2408 0.0251 0.0412 0.0711 
        D251 11 0.0336 0.3658 0.0488 0.1202 0.0756 0.0771 0.2789 
        D252 11 0.0218 0.0947 0.2297 0.0363 0.3584 0.0219 0.2373 
        D253 11 0.0859 0.1091 0.0438 0.1910 0.3028 0.2140 0.0533 
        D254 11 0.4659 0.0156 0.0369 0.0176 0.1931 0.0351 0.2359 
        D255 11 0.1884 0.3209 0.1532 0.0893 0.0988 0.0505 0.0990 
        D256 11 0.0495 0.0540 0.2854 0.1167 0.0714 0.3578 0.0652 
        D257 11 0.0669 0.0534 0.0489 0.0860 0.0391 0.0644 0.6414 
        D258 11 0.0203 0.0505 0.1282 0.0400 0.0326 0.0295 0.6989 
        D259 11 0.1117 0.0818 0.1071 0.0302 0.3456 0.0438 0.2797 
        D260 11 0.0839 0.4849 0.0356 0.1137 0.1694 0.0443 0.0681 
        D261 11 0.0274 0.6700 0.0782 0.0216 0.0857 0.0671 0.0501 
        D262 11 0.0640 0.1233 0.0410 0.0546 0.3806 0.0393 0.2972 
        D263 11 0.0272 0.3761 0.0852 0.3117 0.1214 0.0404 0.0381 
        D264 11 0.1068 0.0845 0.0401 0.0513 0.5034 0.0217 0.1921 
        D265 11 0.3559 0.0390 0.0773 0.0972 0.0593 0.1315 0.2398 
        D266 11 0.1057 0.1185 0.4183 0.1527 0.0296 0.1466 0.0287 
        D267 11 0.0345 0.2370 0.1268 0.2723 0.0664 0.1462 0.1169 
        D268 11 0.0562 0.1267 0.0859 0.5439 0.0401 0.0986 0.0486 
        D269 11 0.0161 0.0767 0.5390 0.0730 0.2045 0.0543 0.0364 
