        D023  2 0.0833 0.4081 0.0388 0.4698 
        D130  2 0.7047 0.1333 0.0217 0.1403 
        D131  2 0.1926 0.6626 0.1166 0.0282 
        D163  2 0.5148 0.0493 0.1253 0.3107 
        D164  2 0.3753 0.4281 0.0165 0.1802 
        D165  2 0.1894 0.2581 0.0318 0.5208 
        D166  2 0.4718 0.0672 0.0595 0.4014 
        D167  2 0.0379 0.1999 0.0391 0.7231 
        D192  2 0.0162 0.1076 0.0318 0.8444 
        D193  2 0.1210 0.0594 0.1403 0.6793 
        D206  2 0.2160 0.5319 0.0331 0.2190 
        D207  2 0.1091 0.5630 0.1194 0.2086 
        D208  2 0.0650 0.1100 0.7160 0.1091 
        D209  2 0.0231 0.0495 0.0218 0.9056 
        D210  2 0.0424 0.1173 0.6942 0.1462 
     D229599  2 0.0787 0.1299 0.2464 0.5451 
     D229600  2 0.2148 0.1827 0.0379 0.5646 
     D237227  2 0.1846 0.0416 0.6574 0.1163 
     D237228  2 0.6436 0.0586 0.2323 0.0655 
     D237258  2 0.2091 0.1667 0.1504 0.4738 
     D237310  2 0.8905 0.0253 0.0410 0.0432 
     D237311  2 0.7563 0.0826 0.0424 0.1187 
     D237312  2 0.8748 0.0364 0.0356 0.0532 
     D237313  2 0.3078 0.2195 0.2229 0.2498 
     D237322  2 0.2314 0.0870 0.5690 0.1126 
     D237323  2 0.6841 0.0199 0.2427 0.0533 
     D237324  2 0.1931 0.2968 0.0625 0.4475 
     D237325  2 0.6848 0.0697 0.0867 0.1588 
     D237326  2 0.5038 0.3254 0.1110 0.0597 
     D237327  2 0.0354 0.0676 0.6871 0.2098 
     D237337  2 0.9195 0.0242 0.0393 0.0170 
     D237338  2 0.4746 0.1144 0.2239 0.1871 
     D237339  2 0.0313 0.7221 0.0497 0.1968 
     D237340  2 0.4247 0.1135 0.2218 0.2401 
     D237389  2 0.8814 0.0244 0.0158 0.0784 
     D237390  2 0.7740 0.0582 0.0932 0.0746 
     D244017  2 0.0409 0.0813 0.4169 0.4610 
     D244112  2 0.1161 0.0637 0.0325 0.7877 
     D244118  2 0.0227 0.0421 0.0252 0.9100 
     D244119  2 0.0451 0.2761 0.5222 0.1566 
     D244120  2 0.1366 0.0330 0.1116 0.7188 
     D244122  2 0.0413 0.1192 0.0457 0.7939 
        D291  2 0.0668 0.1255 0.6604 0.1473 
        D292  2 0.0389 0.1099 0.4392 0.4120 
        D293  2 0.0127 0.9621 0.0139 0.0112 
        D322  2 0.0204 0.9203 0.0264 0.0329 
        D323  2 0.1141 0.6243 0.0857 0.1759 
        D324  2 0.1437 0.4618 0.3465 0.0480 
        D325  2 0.0251 0.9295 0.0181 0.0273 
        D326  2 0.0403 0.8442 0.0784 0.0370 
        D340  2 0.0225 0.9152 0.0271 0.0352 
        D341  2 0.1424 0.6407 0.0568 0.1601 
        D342  2 0.0938 0.1574 0.0558 0.6930 
        D343  2 0.0163 0.9569 0.0119 0.0148 
        D344  2 0.0595 0.1424 0.0214 0.7766 
        D345  2 0.0353 0.3405 0.1155 0.5087 
        D346  2 0.1585 0.3805 0.2920 0.1690 
        D351  2 0.1203 0.7444 0.0945 0.0408 
        D352  2 0.0866 0.3836 0.1052 0.4247 
        D353  2 0.0886 0.5679 0.0550 0.2885 
        D354  2 0.0593 0.2258 0.0540 0.6609 
        D362  2 0.1052 0.3304 0.1329 0.4315 
        D363  2 0.0769 0.4319 0.1405 0.3507 
        D364  2 0.0411 0.1831 0.0333 0.7425 
        D365  2 0.0150 0.9584 0.0155 0.0111 
        D369  2 0.3083 0.3888 0.2334 0.0695 
        D374  2 0.0520 0.0271 0.2083 0.7126 
        D375  2 0.0547 0.1807 0.0203 0.7443 
        D376  2 0.0484 0.0222 0.1891 0.7404 
        D377  2 0.4839 0.2722 0.1194 0.1244 
        D378  2 0.0203 0.8740 0.0305 0.0751 
        D379  2 0.0930 0.6943 0.0893 0.1234 
        D384  2 0.0904 0.7716 0.0884 0.0496 
        D385  2 0.0317 0.8780 0.0231 0.0672 
        D386  2 0.0380 0.6845 0.0224 0.2551 
        D391  2 0.0250 0.9224 0.0159 0.0367 
        D392  2 0.0580 0.8140 0.0509 0.0771 
        D393  2 0.0421 0.8057 0.0744 0.0778 
        D394  2 0.1386 0.0990 0.1103 0.6521 
        D395  2 0.0586 0.6866 0.0381 0.2168 
        D401  2 0.9358 0.0192 0.0239 0.0211 
        D402  2 0.0211 0.8565 0.0345 0.0878 
        D403  2 0.1130 0.2698 0.0512 0.5660 
        D415  2 0.3574 0.5276 0.0282 0.0868 
        D435  2 0.1047 0.7495 0.0469 0.0989 
        D436  2 0.2909 0.3250 0.0795 0.3046 
        D438  2 0.0284 0.9200 0.0224 0.0293 
        D439  2 0.0211 0.5293 0.0371 0.4125 
        D449  2 0.0894 0.2066 0.0255 0.6785 
        D450  2 0.4504 0.1432 0.1686 0.2379 
        D456  2 0.0341 0.8302 0.0924 0.0433 
        D462  2 0.0142 0.9404 0.0142 0.0311 
        D463  2 0.0464 0.8097 0.0846 0.0593 
        D464  2 0.0848 0.5498 0.0391 0.3263 
        D465  2 0.2021 0.7566 0.0199 0.0214 
        D473  2 0.3407 0.1003 0.4775 0.0815 
        D474  2 0.0769 0.2845 0.4467 0.1919 
        D476  2 0.1880 0.3298 0.0284 0.4538 
        D477  2 0.1148 0.4238 0.1913 0.2702 
        D478  2 0.0478 0.1596 0.2852 0.5074 
        D480  2 0.0404 0.8178 0.0765 0.0653 
        D481  2 0.0442 0.2607 0.3069 0.3881 
        D482  2 0.1279 0.0826 0.5823 0.2072 
        D483  2 0.0204 0.2682 0.0781 0.6333 
        D484  2 0.0695 0.2428 0.0945 0.5932 
        D510  2 0.0590 0.0620 0.5652 0.3138 
        D511  2 0.0423 0.7573 0.0497 0.1507 
        D512  2 0.8760 0.0733 0.0185 0.0322 
        D513  2 0.0657 0.8527 0.0544 0.0272 
        D635  2 0.0669 0.5167 0.0788 0.3376 
        D636  2 0.3804 0.1495 0.0416 0.4286 
        D637  2 0.3319 0.3698 0.0905 0.2078 
        D658  2 0.3034 0.2727 0.0715 0.3524 
        D659  2 0.1502 0.2485 0.1628 0.4385 
        D677  2 0.5517 0.2091 0.0654 0.1738 
        D678  2 0.0367 0.0447 0.0198 0.8988 
        D679  2 0.0732 0.7243 0.1476 0.0548 
        D719  2 0.0799 0.5772 0.2780 0.0649 
        D720  2 0.0387 0.8187 0.1189 0.0237 
        D721  2 0.0616 0.4452 0.0553 0.4379 
        D722  2 0.0722 0.1055 0.1855 0.6367 
        D734  2 0.0685 0.5953 0.1857 0.1504 
        D735  2 0.0715 0.6866 0.1224 0.1195 
        D736  2 0.0879 0.1404 0.6286 0.1430 
        D737  2 0.0297 0.0290 0.0875 0.8537 
        D807  2 0.1743 0.2728 0.4019 0.1511 
        D808  2 0.4934 0.3352 0.0888 0.0825 
        D817  2 0.2212 0.5044 0.1205 0.1539 
        D818  2 0.1378 0.7038 0.0968 0.0616 
        D819  2 0.4979 0.3217 0.0834 0.0970 
        D820  2 0.0549 0.8803 0.0307 0.0341 
        D895  2 0.2408 0.1045 0.0673 0.5874 
        D896  2 0.9328 0.0182 0.0324 0.0166 
        D897  2 0.1464 0.2482 0.0861 0.5193 
        D898  2 0.2716 0.0600 0.4067 0.2617 
        D918  2 0.6956 0.1555 0.1004 0.0485 
        D919  2 0.0273 0.6246 0.0516 0.2965 
        D920  2 0.6304 0.0323 0.0322 0.3052 
        D923  2 0.0490 0.7022 0.0333 0.2155 
        D930  2 0.1819 0.6502 0.0973 0.0706 
        D931  2 0.1428 0.5128 0.0768 0.2677 
        D968  2 0.0176 0.9009 0.0353 0.0462 
        D969  2 0.0706 0.3836 0.2769 0.2690 
        D977  2 0.1919 0.6800 0.0402 0.0878 
        D978  2 0.0653 0.3123 0.4352 0.1872 
        D009  4 0.5827 0.0551 0.0863 0.2759 
        D057  4 0.1595 0.1839 0.0760 0.5806 
        D109  4 0.8916 0.0255 0.0353 0.0476 
     D237222  4 0.1801 0.0543 0.1090 0.6567 
     D237223  4 0.5893 0.1470 0.0935 0.1702 
     D237224  4 0.0527 0.3675 0.1829 0.3969 
     D237225  4 0.4444 0.1616 0.1560 0.2380 
     D237299  4 0.7371 0.0838 0.1407 0.0385 
     D237300  4 0.0626 0.0231 0.8145 0.0998 
     D237306  4 0.5258 0.1010 0.1546 0.2186 
     D237307  4 0.2767 0.2162 0.3849 0.1221 
     D237308  4 0.0799 0.2972 0.0881 0.5348 
     D237309  4 0.1156 0.1007 0.0788 0.7048 
     D237317  4 0.0674 0.2087 0.4147 0.3092 
     D237318  4 0.0395 0.0992 0.8226 0.0386 
     D237319  4 0.5137 0.1335 0.0833 0.2695 
     D237320  4 0.6460 0.1733 0.1019 0.0788 
     D237321  4 0.0911 0.0540 0.7165 0.1384 
     D237397  4 0.3619 0.1434 0.3076 0.1870 
     D237398  4 0.0677 0.3354 0.5300 0.0669 
     D237399  4 0.1114 0.1228 0.6627 0.1031 
     D244001  4 0.0523 0.0302 0.0303 0.8872 
        D289  4 0.0630 0.3469 0.3443 0.2458 
        D290  4 0.0660 0.0551 0.5328 0.3461 
        D294  4 0.0724 0.1587 0.2505 0.5184 
        D295  4 0.6755 0.0966 0.0959 0.1321 
        D301  4 0.3892 0.0274 0.1058 0.4775 
        D302  4 0.0402 0.4830 0.0299 0.4469 
        D303  4 0.3148 0.0464 0.3512 0.2875 
        D304  4 0.0403 0.0445 0.7519 0.1634 
        D305  4 0.0457 0.0964 0.0223 0.8356 
        D306  4 0.0728 0.0673 0.4491 0.4108 
        D307  4 0.4358 0.0247 0.1557 0.3838 
        D327  4 0.2873 0.4993 0.1116 0.1017 
        D328  4 0.3923 0.0768 0.1731 0.3578 
        D329  4 0.0349 0.0343 0.0731 0.8577 
        D330  4 0.3427 0.3037 0.0321 0.3215 
        D331  4 0.0831 0.1182 0.5826 0.2162 
        D333  4 0.2584 0.0603 0.1861 0.4952 
        D334  4 0.1088 0.1306 0.6762 0.0843 
        D335  4 0.0337 0.7013 0.0326 0.2325 
        D370  4 0.0895 0.0440 0.0997 0.7668 
        D371  4 0.2514 0.1601 0.2558 0.3328 
        D372  4 0.0300 0.0183 0.8586 0.0931 
        D373  4 0.2692 0.0742 0.0697 0.5870 
        D455  4 0.3160 0.0584 0.1412 0.4843 
        D490  4 0.9063 0.0162 0.0264 0.0511 
        D497  4 0.7699 0.0207 0.0500 0.1594 
        D498  4 0.1439 0.0850 0.5663 0.2048 
        D499  4 0.3029 0.4340 0.1217 0.1414 
        D514  4 0.4171 0.1746 0.0465 0.3618 
        D515  4 0.8758 0.0641 0.0234 0.0367 
        D516  4 0.4808 0.2385 0.1318 0.1489 
        D517  4 0.2354 0.0283 0.1376 0.5987 
        D518  4 0.1922 0.2579 0.0418 0.5081 
        D519  4 0.8555 0.0685 0.0533 0.0227 
        D560  4 0.7578 0.1042 0.0418 0.0963 
        D561  4 0.1320 0.7487 0.0270 0.0923 
        D562  4 0.0854 0.2798 0.2608 0.3740 
        D563  4 0.0778 0.6568 0.0406 0.2248 
        D572  4 0.0789 0.3220 0.0557 0.5434 
        D629  4 0.1526 0.5750 0.1056 0.1667 
        D630  4 0.2514 0.2200 0.2045 0.3241 
        D631  4 0.1583 0.3694 0.0774 0.3949 
        D632  4 0.1401 0.2250 0.0195 0.6154 
        D646  4 0.5489 0.1942 0.0453 0.2115 
        D647  4 0.1827 0.5648 0.0349 0.2177 
        D648  4 0.2699 0.0839 0.0466 0.5997 
        D649  4 0.5074 0.2338 0.0414 0.2175 
        D650  4 0.4660 0.3138 0.1722 0.0479 
        D708  4 0.2653 0.0857 0.2537 0.3952 
        D709  4 0.2697 0.1215 0.3076 0.3011 
        D738  4 0.3758 0.1338 0.3800 0.1104 
        D739  4 0.4297 0.0944 0.1632 0.3127 
        D740  4 0.2424 0.0627 0.6273 0.0676 
        D741  4 0.6301 0.3275 0.0204 0.0220 
        D742  4 0.1895 0.6127 0.1281 0.0696 
        D743  4 0.0562 0.7466 0.0668 0.1304 
        D744  4 0.0528 0.7580 0.0401 0.1491 
        D745  4 0.9182 0.0282 0.0332 0.0204 
        D814  4 0.0952 0.0749 0.0533 0.7767 
        D815  4 0.0948 0.3037 0.1136 0.4878 
        D828  4 0.1021 0.0374 0.2422 0.6183 
        D845  4 0.0143 0.1035 0.8626 0.0196 
        D846  4 0.0598 0.3887 0.0428 0.5087 
        D847  4 0.2174 0.1389 0.5247 0.1190 
        D848  4 0.1177 0.0854 0.2805 0.5164 
        D849  4 0.7321 0.0727 0.0315 0.1637 
        D850  4 0.1042 0.5197 0.3048 0.0714 
        D856  4 0.5729 0.2209 0.0650 0.1412 
        D857  4 0.7868 0.0214 0.0314 0.1604 
        D859  4 0.1957 0.1174 0.1336 0.5533 
        D860  4 0.0164 0.1762 0.7194 0.0880 
        D883  4 0.4685 0.0724 0.1681 0.2910 
        D884  4 0.8536 0.0462 0.0294 0.0708 
        D885  4 0.3651 0.5301 0.0696 0.0352 
        D886  4 0.2515 0.2538 0.1145 0.3801 
        D887  4 0.2491 0.1373 0.2075 0.4060 
        D889  4 0.0255 0.0364 0.8383 0.0999 
        D890  4 0.2092 0.1718 0.1428 0.4762 
        D891  4 0.0149 0.0239 0.9468 0.0143 
        D899  4 0.0506 0.3414 0.2972 0.3108 
        D900  4 0.2092 0.2038 0.2735 0.3136 
        D970  4 0.0484 0.2113 0.3386 0.4017 
        D971  4 0.0385 0.8384 0.0423 0.0809 
        D979  4 0.0320 0.8120 0.0478 0.1082 
        D093  5 0.2748 0.0434 0.5712 0.1105 
        D154  5 0.4454 0.2891 0.1617 0.1038 
        D168  5 0.4298 0.2972 0.0853 0.1877 
        D189  5 0.0771 0.0727 0.7595 0.0907 
        D190  5 0.1789 0.1780 0.4990 0.1441 
     D237220  5 0.2066 0.0525 0.6809 0.0600 
     D237221  5 0.0984 0.2452 0.5892 0.0672 
     D237274  5 0.0617 0.6508 0.0222 0.2653 
     D237275  5 0.1142 0.4264 0.2278 0.2316 
     D237276  5 0.5732 0.0895 0.1719 0.1653 
     D237277  5 0.0861 0.1244 0.7013 0.0883 
     D237278  5 0.2734 0.1540 0.1178 0.4548 
     D237279  5 0.6902 0.2262 0.0380 0.0457 
     D237280  5 0.2837 0.0395 0.1390 0.5377 
     D237281  5 0.0766 0.4771 0.3006 0.1457 
     D237351  5 0.9028 0.0241 0.0477 0.0255 
     D237352  5 0.2281 0.3897 0.0744 0.3077 
     D237353  5 0.0582 0.0702 0.7934 0.0782 
     D237359  5 0.1958 0.0671 0.6734 0.0637 
     D237361  5 0.0671 0.0305 0.8655 0.0369 
     D237362  5 0.4928 0.3043 0.1283 0.0746 
     D237363  5 0.2464 0.4413 0.1474 0.1650 
     D237364  5 0.4471 0.3413 0.0529 0.1587 
     D237376  5 0.2857 0.0488 0.2295 0.4360 
     D237377  5 0.4616 0.2643 0.1395 0.1346 
     D237378  5 0.1464 0.0351 0.3613 0.4572 
     D237379  5 0.2958 0.1594 0.2796 0.2652 
     D237380  5 0.1809 0.0311 0.0747 0.7133 
     D237381  5 0.1538 0.0681 0.0807 0.6974 
     D237391  5 0.0822 0.0802 0.8055 0.0321 
     D237392  5 0.0724 0.7873 0.0238 0.1164 
     D237393  5 0.1255 0.1214 0.2444 0.5087 
     D237394  5 0.0723 0.1394 0.7393 0.0490 
     D237395  5 0.2638 0.0827 0.5239 0.1296 
     D237396  5 0.0523 0.6815 0.1542 0.1119 
     D244016  5 0.0655 0.7247 0.1458 0.0640 
     D244018  5 0.2013 0.4348 0.2792 0.0847 
     D244019  5 0.0787 0.6637 0.1392 0.1185 
        D279  5 0.3356 0.1536 0.4273 0.0835 
        D280  5 0.0448 0.0374 0.8140 0.1039 
        D281  5 0.0487 0.1885 0.7042 0.0587 
        D283  5 0.0503 0.0949 0.7714 0.0834 
        D284  5 0.7649 0.0968 0.0885 0.0497 
        D285  5 0.0484 0.0377 0.8575 0.0563 
        D286  5 0.2033 0.1287 0.3479 0.3202 
        D287  5 0.4098 0.0288 0.1902 0.3712 
        D288  5 0.0636 0.0965 0.7341 0.1058 
        D308  5 0.8141 0.0960 0.0379 0.0520 
        D309  5 0.0343 0.5387 0.0236 0.4033 
        D310  5 0.0382 0.0224 0.8499 0.0894 
        D311  5 0.3444 0.3196 0.1695 0.1666 
        D312  5 0.1824 0.1769 0.2232 0.4175 
        D313  5 0.9244 0.0149 0.0340 0.0267 
        D314  5 0.5239 0.1286 0.1063 0.2412 
        D315  5 0.1297 0.1050 0.2532 0.5120 
        D317  5 0.1414 0.0617 0.6342 0.1628 
        D318  5 0.2121 0.3568 0.2100 0.2211 
        D319  5 0.0981 0.0543 0.7714 0.0762 
        D320  5 0.0576 0.0375 0.8451 0.0598 
        D321  5 0.6518 0.0485 0.2613 0.0383 
        D336  5 0.0989 0.0483 0.5844 0.2684 
        D337  5 0.0286 0.0454 0.8855 0.0406 
        D338  5 0.4157 0.1782 0.3094 0.0967 
        D339  5 0.1490 0.0420 0.6822 0.1268 
        D347  5 0.0224 0.0571 0.2162 0.7043 
        D348  5 0.0219 0.0549 0.5387 0.3845 
        D349  5 0.8749 0.0288 0.0550 0.0413 
        D350  5 0.1123 0.4035 0.0413 0.4428 
        D355  5 0.0956 0.5862 0.2222 0.0961 
        D356  5 0.1102 0.0900 0.6760 0.1239 
        D357  5 0.1248 0.0684 0.2204 0.5864 
        D358  5 0.1180 0.2692 0.3169 0.2960 
        D359  5 0.0589 0.3065 0.4312 0.2035 
        D360  5 0.0560 0.0542 0.8237 0.0662 
        D361  5 0.9423 0.0162 0.0209 0.0206 
        D366  5 0.0467 0.8970 0.0269 0.0294 
        D367  5 0.3435 0.0316 0.3997 0.2253 
        D368  5 0.7825 0.0658 0.1083 0.0434 
        D380  5 0.0571 0.7047 0.0469 0.1912 
        D381  5 0.0447 0.1274 0.6897 0.1382 
        D400  5 0.1138 0.1096 0.4786 0.2981 
        D411  5 0.9332 0.0165 0.0133 0.0370 
        D412  5 0.0290 0.0464 0.2818 0.6428 
        D413  5 0.0250 0.9118 0.0235 0.0397 
        D414  5 0.1024 0.3882 0.0803 0.4291 
        D420  5 0.1107 0.0734 0.7442 0.0717 
        D431  5 0.4706 0.0213 0.1676 0.3405 
        D432  5 0.0570 0.0631 0.3822 0.4978 
        D433  5 0.1351 0.0620 0.6162 0.1866 
        D434  5 0.0629 0.0673 0.7496 0.1203 
        D440  5 0.1574 0.3953 0.0317 0.4155 
        D447  5 0.0914 0.3725 0.0455 0.4906 
        D448  5 0.1211 0.0489 0.2777 0.5523 
        D459  5 0.0347 0.7681 0.1472 0.0500 
        D460  5 0.8483 0.0693 0.0468 0.0356 
        D461  5 0.0533 0.4788 0.0369 0.4310 
        D468  5 0.7978 0.1207 0.0362 0.0452 
        D469  5 0.5379 0.2091 0.1612 0.0917 
        D470  5 0.3828 0.0524 0.0575 0.5073 
        D471  5 0.1016 0.1776 0.4775 0.2433 
        D472  5 0.0182 0.8259 0.1056 0.0503 
        D479  5 0.0267 0.2914 0.0209 0.6610 
        D485  5 0.3278 0.0936 0.0910 0.4876 
        D486  5 0.8041 0.0956 0.0424 0.0579 
        D487  5 0.0785 0.0404 0.4071 0.4740 
        D555  5 0.0193 0.0431 0.8699 0.0677 
        D556  5 0.2423 0.0757 0.5206 0.1614 
        D557  5 0.0824 0.1950 0.5024 0.2202 
        D564  5 0.1938 0.1653 0.1603 0.4806 
        D594  5 0.0789 0.1771 0.1404 0.6036 
        D595  5 0.3280 0.1369 0.3528 0.1823 
        D596  5 0.0268 0.0363 0.8106 0.1263 
        D597  5 0.0298 0.3200 0.5441 0.1061 
        D598  5 0.1836 0.1061 0.3178 0.3925 
        D617  5 0.6051 0.0516 0.0316 0.3118 
        D618  5 0.0670 0.1342 0.7062 0.0926 
        D619  5 0.1065 0.1149 0.1407 0.6379 
        D620  5 0.0297 0.7302 0.0750 0.1652 
        D628  5 0.0926 0.0917 0.0765 0.7393 
        D714  5 0.1646 0.1009 0.5791 0.1554 
        D715  5 0.0680 0.2482 0.6365 0.0473 
        D716  5 0.1154 0.2199 0.1763 0.4884 
        D717  5 0.0733 0.3546 0.5019 0.0702 
        D718  5 0.6682 0.0256 0.1097 0.1965 
        D769  5 0.1645 0.0271 0.0277 0.7807 
        D770  5 0.3487 0.2969 0.0808 0.2735 
        D771  5 0.1338 0.1087 0.2070 0.5505 
        D772  5 0.1974 0.3136 0.3042 0.1848 
        D782  5 0.4090 0.2398 0.2596 0.0917 
        D783  5 0.0769 0.5453 0.1436 0.2342 
        D784  5 0.0367 0.6602 0.2103 0.0927 
        D785  5 0.3112 0.1285 0.4176 0.1427 
        D786  5 0.2281 0.3195 0.0384 0.4140 
        D821  5 0.0482 0.0382 0.8754 0.0382 
        D822  5 0.0761 0.6537 0.1386 0.1315 
        D826  5 0.1772 0.1339 0.5718 0.1171 
        D827  5 0.0967 0.8007 0.0441 0.0586 
        D851  5 0.1436 0.4155 0.1731 0.2677 
        D852  5 0.0662 0.0503 0.3381 0.5454 
        D853  5 0.1109 0.1018 0.6919 0.0953 
        D854  5 0.5942 0.1941 0.0522 0.1596 
        D861  5 0.5123 0.0949 0.2092 0.1837 
        D862  5 0.1351 0.4797 0.2446 0.1406 
        D865  5 0.1107 0.0419 0.6142 0.2332 
        D868  5 0.1858 0.2056 0.5033 0.1053 
        D869  5 0.9074 0.0324 0.0149 0.0452 
        D870  5 0.0379 0.8510 0.0246 0.0865 
        D907  5 0.1119 0.0178 0.5974 0.2729 
        D908  5 0.0580 0.0353 0.4292 0.4774 
        D910  5 0.1624 0.2401 0.4032 0.1943 
        D911  5 0.0440 0.3856 0.5308 0.0396 
        D934  5 0.2456 0.2898 0.1455 0.3191 
        D946  5 0.3547 0.0294 0.0960 0.5199 
        D947  5 0.3210 0.1557 0.2660 0.2572 
        D948  5 0.7353 0.0359 0.1569 0.0720 
        D949  5 0.9057 0.0184 0.0346 0.0413 
        D950  5 0.0483 0.4509 0.4002 0.1006 
        D951  5 0.0626 0.6486 0.0429 0.2458 
        D952  5 0.0671 0.2889 0.4547 0.1893 
        D953  5 0.0438 0.0509 0.8426 0.0627 
        D954  5 0.0954 0.5525 0.2669 0.0851 
        D961  5 0.2659 0.0398 0.0818 0.6125 
        D962  5 0.1348 0.1090 0.2653 0.4910 
        D963  5 0.0539 0.3796 0.4427 0.1237 
        D964  5 0.5405 0.0916 0.2606 0.1073 
        D965  5 0.0900 0.3711 0.0939 0.4450 
        D966  5 0.0564 0.1481 0.1827 0.6128 
        D967  5 0.0543 0.1108 0.6948 0.1401 
        D991  5 0.2175 0.0503 0.1499 0.5822 
        D132  8 0.9189 0.0252 0.0276 0.0284 
        D133  8 0.0744 0.3362 0.0432 0.5462 
        D200  8 0.1364 0.0401 0.3988 0.4247 
        D500  8 0.8334 0.0183 0.0246 0.1237 
        D614  8 0.2682 0.0531 0.5088 0.1699 
        D723  8 0.7449 0.1502 0.0459 0.0591 
        D888  8 0.0418 0.0510 0.8022 0.1050 
        D901  8 0.9206 0.0158 0.0373 0.0264 
        D902  8 0.3426 0.0895 0.4513 0.1166 
        D903  8 0.0495 0.8480 0.0591 0.0434 
        D904  8 0.0619 0.2765 0.1069 0.5547 
        D905  8 0.0214 0.0143 0.9303 0.0339 
        D906  8 0.0361 0.5787 0.1069 0.2784 
        D937  8 0.2128 0.0522 0.6374 0.0976 
        D943  8 0.2985 0.1828 0.3971 0.1216 
        D972  8 0.8407 0.0584 0.0201 0.0808 
        D973  8 0.6523 0.2467 0.0359 0.0651 
        D974  8 0.4442 0.2020 0.1995 0.1543 
        D975  8 0.0881 0.0454 0.6326 0.2340 
        D976  8 0.4496 0.0985 0.2763 0.1757 
        D142 10 0.1206 0.3443 0.1364 0.3987 
        D143 10 0.0470 0.6561 0.0454 0.2516 
        D144 10 0.1859 0.3825 0.2728 0.1588 
        D145 10 0.1390 0.0390 0.7605 0.0615 
        D146 10 0.7910 0.0839 0.0253 0.0998 
        D147 10 0.6827 0.1806 0.0347 0.1019 
        D148 10 0.1397 0.7102 0.0626 0.0875 
        D149 10 0.1018 0.1994 0.2824 0.4164 
        D151 10 0.1660 0.3835 0.3820 0.0685 
        D152 10 0.1092 0.3061 0.0820 0.5027 
        D153 10 0.4852 0.2150 0.0955 0.2043 
        D156 10 0.0571 0.3564 0.0400 0.5465 
        D157 10 0.1292 0.0307 0.1399 0.7002 
        D158 10 0.6484 0.0297 0.2130 0.1089 
        D159 10 0.0302 0.8652 0.0308 0.0738 
        D160 10 0.0153 0.0107 0.9634 0.0107 
        D161 10 0.0911 0.7443 0.0851 0.0795 
        D162 10 0.0316 0.3307 0.0789 0.5589 
        D169 10 0.4451 0.1189 0.2685 0.1675 
        D170 10 0.5005 0.0467 0.0349 0.4179 
        D171 10 0.4040 0.2888 0.0351 0.2721 
        D172 10 0.4602 0.1373 0.0379 0.3646 
        D173 10 0.0433 0.8791 0.0300 0.0476 
        D181 10 0.2040 0.3552 0.2321 0.2087 
        D182 10 0.3076 0.1525 0.1991 0.3408 
        D183 10 0.0731 0.0365 0.8563 0.0341 
        D184 10 0.6057 0.0529 0.0212 0.3202 
        D185 10 0.2008 0.6487 0.0668 0.0837 
        D186 10 0.8869 0.0202 0.0378 0.0550 
        D194 10 0.3789 0.1796 0.0680 0.3735 
        D195 10 0.0999 0.1356 0.2278 0.5367 
        D196 10 0.0378 0.5612 0.2050 0.1961 
        D197 10 0.6550 0.0917 0.0838 0.1694 
        D198 10 0.1910 0.5102 0.2042 0.0946 
     D237226 10 0.1127 0.2919 0.5587 0.0366 
     D237232 10 0.1354 0.0691 0.7390 0.0566 
     D237233 10 0.1813 0.0538 0.1798 0.5851 
     D237234 10 0.2684 0.0942 0.2990 0.3384 
     D237354 10 0.0225 0.0346 0.9092 0.0337 
     D237355 10 0.0206 0.0264 0.9388 0.0142 
     D237356 10 0.2081 0.4404 0.2659 0.0855 
     D237357 10 0.3988 0.3119 0.0639 0.2255 
     D237358 10 0.0322 0.4663 0.0349 0.4666 
     D237369 10 0.9132 0.0308 0.0147 0.0413 
     D237370 10 0.1030 0.3721 0.3770 0.1479 
     D237371 10 0.2669 0.3554 0.0944 0.2833 
     D237372 10 0.0752 0.2291 0.0900 0.6056 
     D237373 10 0.3518 0.0824 0.3654 0.2004 
     D237374 10 0.0344 0.0219 0.9035 0.0401 
     D237375 10 0.1010 0.7124 0.0776 0.1091 
     D237400 10 0.0605 0.0752 0.0833 0.7810 
     D244002 10 0.2682 0.2505 0.0513 0.4300 
     D244003 10 0.0354 0.0164 0.8855 0.0627 
     D244004 10 0.0569 0.0174 0.8983 0.0274 
     D244005 10 0.0501 0.0444 0.8367 0.0688 
     D244020 10 0.2880 0.4349 0.1981 0.0789 
     D244021 10 0.8745 0.0503 0.0341 0.0411 
     D244116 10 0.3813 0.1072 0.0411 0.4703 
     D244117 10 0.0483 0.0628 0.7746 0.1143 
     D244121 10 0.1854 0.0687 0.4035 0.3424 
     D244123 10 0.0961 0.0515 0.5272 0.3253 
     D244124 10 0.2072 0.1401 0.0934 0.5593 
        D332 10 0.2632 0.5727 0.0467 0.1175 
        D570 10 0.1243 0.1277 0.3143 0.4337 
        D602 10 0.1021 0.3908 0.0523 0.4548 
        D603 10 0.3438 0.2549 0.2145 0.1868 
        D604 10 0.0357 0.3493 0.0883 0.5268 
        D605 10 0.0945 0.6343 0.1576 0.1136 
        D606 10 0.3765 0.0842 0.2904 0.2489 
        D607 10 0.0401 0.8730 0.0345 0.0524 
        D608 10 0.0150 0.9180 0.0157 0.0514 
        D609 10 0.4411 0.0786 0.3845 0.0958 
        D610 10 0.0376 0.0296 0.8917 0.0411 
        D611 10 0.0909 0.0248 0.8505 0.0339 
        D613 10 0.1138 0.4147 0.1384 0.3330 
        D633 10 0.0344 0.4540 0.0274 0.4842 
        D634 10 0.3587 0.2952 0.1137 0.2323 
        D638 10 0.0766 0.1083 0.1545 0.6606 
        D681 10 0.3678 0.0692 0.0424 0.5206 
        D754 10 0.7388 0.0183 0.0906 0.1523 
        D755 10 0.0904 0.0647 0.6699 0.1750 
        D756 10 0.3810 0.0506 0.3371 0.2313 
        D757 10 0.0537 0.1746 0.5937 0.1780 
        D758 10 0.2500 0.1085 0.1561 0.4854 
        D759 10 0.0296 0.1424 0.7591 0.0688 
        D760 10 0.1275 0.2626 0.5154 0.0946 
        D761 10 0.0239 0.0202 0.9140 0.0419 
        D762 10 0.0382 0.8273 0.0403 0.0942 
        D775 10 0.1266 0.0510 0.7928 0.0295 
        D776 10 0.0521 0.0794 0.8124 0.0561 
        D777 10 0.0523 0.0338 0.8864 0.0276 
        D778 10 0.3147 0.0588 0.5785 0.0480 
        D779 10 0.6042 0.0332 0.0918 0.2708 
        D780 10 0.1242 0.1026 0.1810 0.5923 
        D781 10 0.0748 0.3657 0.0307 0.5288 
        D858 10 0.7944 0.0515 0.1126 0.0415 
        D933 10 0.0428 0.4157 0.4915 0.0501 
        D038 11 0.1540 0.1355 0.5781 0.1324 
        D063 11 0.0716 0.0544 0.1816 0.6923 
        D155 11 0.1060 0.1949 0.6485 0.0506 
        D175 11 0.7236 0.0386 0.1273 0.1105 
        D176 11 0.2282 0.0517 0.1264 0.5937 
        D205 11 0.2962 0.0573 0.5333 0.1133 
     D237229 11 0.0573 0.1852 0.1312 0.6263 
     D237230 11 0.2110 0.7335 0.0200 0.0355 
     D237231 11 0.0798 0.8089 0.0395 0.0718 
     D237269 11 0.0804 0.6935 0.1236 0.1024 
     D237270 11 0.5085 0.3132 0.0769 0.1014 
     D237271 11 0.1508 0.1204 0.1646 0.5642 
     D237272 11 0.6531 0.1943 0.0489 0.1037 
     D237273 11 0.0852 0.0373 0.3448 0.5327 
     D237301 11 0.1962 0.5019 0.0861 0.2158 
     D237302 11 0.4654 0.0632 0.0619 0.4095 
     D237303 11 0.4981 0.3453 0.0256 0.1310 
     D237304 11 0.3632 0.2282 0.1689 0.2397 
     D237305 11 0.1598 0.0265 0.5471 0.2667 
     D237314 11 0.2312 0.0968 0.4538 0.2182 
     D237315 11 0.6812 0.1361 0.1004 0.0823 
     D237316 11 0.0448 0.2771 0.0390 0.6392 
     D237328 11 0.5877 0.2830 0.0712 0.0581 
     D237329 11 0.2022 0.2111 0.4899 0.0968 
     D237330 11 0.1026 0.0577 0.4834 0.3563 
     D237331 11 0.0662 0.0773 0.5424 0.3141 
     D237332 11 0.2724 0.0850 0.2731 0.3695 
     D237333 11 0.0331 0.1522 0.5446 0.2701 
     D237334 11 0.2088 0.3979 0.0902 0.3031 
     D237335 11 0.2483 0.0811 0.3099 0.3607 
     D237336 11 0.0771 0.0551 0.8253 0.0425 
     D237350 11 0.0344 0.0891 0.1135 0.7629 
     D237383 11 0.1610 0.0513 0.3608 0.4269 
     D237384 11 0.0961 0.3297 0.2292 0.3450 
     D237385 11 0.2456 0.2826 0.2560 0.2158 
     D237386 11 0.1725 0.6560 0.0962 0.0752 
     D237387 11 0.3910 0.1390 0.0751 0.3950 
     D237388 11 0.1461 0.1699 0.2355 0.4485 
        D239 11 0.0988 0.0892 0.6882 0.1238 
        D240 11 0.0221 0.0481 0.8334 0.0965 
        D241 11 0.0781 0.1741 0.4529 0.2948 
        D242 11 0.0824 0.4486 0.2125 0.2565 
        D243 11 0.0765 0.0347 0.8227 0.0661 
        D244 11 0.0363 0.0401 0.8504 0.0732 
        D245 11 0.8342 0.0674 0.0365 0.0619 
        D246 11 0.4541 0.1702 0.1899 0.1857 
        D247 11 0.0784 0.1108 0.3100 0.5008 
        D248 11 0.0506 0.8664 0.0443 0.0387 
        D249 11 0.7244 0.0749 0.0866 0.1141 
        D250 11 0.0574 0.7891 0.0859 0.0676 
        D251 11 0.4874 0.0943 0.2391 0.1792 
        D252 11 0.6603 0.1424 0.0528 0.1445 
        D253 11 0.0977 0.0348 0.2530 0.6145 
        D254 11 0.6008 0.3349 0.0340 0.0303 
        D255 11 0.2180 0.3451 0.0941 0.3427 
        D256 11 0.0915 0.0708 0.7204 0.1173 
        D257 11 0.7575 0.0491 0.0982 0.0952 
        D258 11 0.8273 0.0517 0.0605 0.0604 
        D259 11 0.6171 0.0833 0.0544 0.2452 
        D260 11 0.1075 0.0428 0.0479 0.8018 
        D261 11 0.1875 0.1201 0.1099 0.5824 
        D262 11 0.8132 0.0573 0.0492 0.0804 
        D263 11 0.1340 0.0836 0.1619 0.6205 
        D264 11 0.7226 0.1014 0.0355 0.1406 
        D265 11 0.4387 0.3304 0.1690 0.0619 
        D266 11 0.0404 0.3178 0.3145 0.3273 
        D267 11 0.1526 0.1085 0.6208 0.1182 
        D268 11 0.0794 0.1251 0.7186 0.0769 
        D269 11 0.1629 0.3129 0.1563 0.3679 
        D270 11 0.5144 0.1120 0.1230 0.2506 
        D271 11 0.2340 0.1895 0.4501 0.1264 
        D272 11 0.0326 0.1977 0.4779 0.2917 
        D273 11 0.9201 0.0298 0.0213 0.0288 
        D274 11 0.1363 0.2669 0.4008 0.1959 
        D275 11 0.1041 0.4068 0.3273 0.1619 
        D276 11 0.0631 0.2765 0.5278 0.1326 
        D277 11 0.1203 0.4985 0.2454 0.1358 
        D278 11 0.2214 0.0349 0.0983 0.6453 
        D282 11 0.5448 0.0310 0.0799 0.3443 
        D296 11 0.0598 0.2355 0.6225 0.0823 
        D297 11 0.0767 0.1383 0.6507 0.1343 
        D298 11 0.0679 0.3926 0.3875 0.1520 
        D299 11 0.1175 0.0680 0.1810 0.6334 
        D300 11 0.0876 0.1337 0.2424 0.5363 
        D382 11 0.0962 0.1235 0.6159 0.1644 
        D383 11 0.0907 0.0346 0.7177 0.1570 
        D387 11 0.3513 0.1222 0.2423 0.2843 
        D388 11 0.0793 0.6502 0.1109 0.1596 
        D389 11 0.0996 0.1229 0.1406 0.6370 
        D390 11 0.1329 0.4279 0.2511 0.1882 
        D396 11 0.1648 0.5568 0.1496 0.1287 
        D397 11 0.5162 0.0307 0.0862 0.3669 
        D398 11 0.0556 0.0668 0.6994 0.1783 
        D399 11 0.1053 0.5403 0.0329 0.3215 
        D437 11 0.2955 0.0352 0.0581 0.6112 
        D441 11 0.1554 0.1200 0.6555 0.0692 
        D442 11 0.1154 0.0878 0.2441 0.5526 
        D443 11 0.0282 0.0266 0.9157 0.0295 
        D444 11 0.0963 0.4797 0.1083 0.3158 
        D445 11 0.5751 0.0696 0.0551 0.3002 
        D446 11 0.1441 0.3738 0.1451 0.3370 
        D451 11 0.4556 0.2209 0.2375 0.0859 
        D452 11 0.0408 0.1973 0.0820 0.6800 
        D453 11 0.0292 0.8252 0.0817 0.0638 
        D454 11 0.4498 0.2481 0.1511 0.1509 
        D457 11 0.7431 0.0255 0.1389 0.0925 
        D458 11 0.0716 0.1750 0.6593 0.0941 
        D466 11 0.1245 0.6111 0.0670 0.1975 
        D467 11 0.0969 0.0461 0.0659 0.7911 
        D475 11 0.7600 0.0622 0.0324 0.1455 
        D488 11 0.0994 0.7331 0.0994 0.0681 
        D489 11 0.5979 0.2002 0.1112 0.0907 
        D493 11 0.0795 0.7372 0.1249 0.0584 
        D494 11 0.1736 0.6358 0.1084 0.0822 
        D495 11 0.6328 0.1110 0.0967 0.1595 
        D496 11 0.0247 0.1140 0.8112 0.0501 
        D674 11 0.0413 0.1152 0.6836 0.1600 
        D675 11 0.0172 0.0477 0.8942 0.0409 
        D676 11 0.5608 0.0743 0.1181 0.2468 
        D680 11 0.0308 0.0224 0.8883 0.0585 
        D701 11 0.5603 0.0968 0.2003 0.1426 
        D702 11 0.1593 0.2115 0.0429 0.5863 
        D703 11 0.0799 0.2462 0.4055 0.2684 
        D704 11 0.3980 0.1791 0.1252 0.2976 
        D705 11 0.6564 0.2308 0.0221 0.0908 
        D706 11 0.0707 0.0244 0.0980 0.8069 
        D707 11 0.5550 0.0954 0.1278 0.2218 
        D751 11 0.2222 0.1403 0.1876 0.4499 
        D752 11 0.1377 0.0873 0.3538 0.4212 
        D753 11 0.4327 0.4566 0.0717 0.0390 
        D773 11 0.9369 0.0284 0.0167 0.0180 
        D774 11 0.0781 0.3410 0.2788 0.3021 
        D801 11 0.2107 0.2589 0.3819 0.1485 
        D802 11 0.4511 0.4004 0.0642 0.0843 
        D803 11 0.0661 0.0613 0.7570 0.1156 
        D804 11 0.6112 0.1563 0.0943 0.1382 
        D805 11 0.3035 0.1650 0.2512 0.2803 
        D806 11 0.9113 0.0300 0.0217 0.0370 
        D809 11 0.1149 0.0871 0.1241 0.6740 
        D810 11 0.0485 0.1243 0.6072 0.2201 
        D812 11 0.4923 0.2070 0.1185 0.1823 
        D813 11 0.0468 0.0819 0.4279 0.4433 
        D823 11 0.1341 0.0929 0.1112 0.6618 
        D824 11 0.1102 0.0345 0.0691 0.7862 
        D829 11 0.0320 0.3698 0.1618 0.4364 
        D830 11 0.4792 0.1837 0.0592 0.2780 
        D831 11 0.6142 0.0527 0.1335 0.1996 
        D832 11 0.2147 0.0823 0.1913 0.5117 
        D833 11 0.0390 0.1640 0.6398 0.1573 
        D834 11 0.0881 0.4218 0.3503 0.1398 
        D835 11 0.8166 0.0259 0.0782 0.0793 
        D855 11 0.4392 0.2382 0.2591 0.0636 
        D863 11 0.0208 0.0330 0.8697 0.0766 
        D864 11 0.1420 0.0673 0.1697 0.6211 
        D878 11 0.2251 0.1135 0.4784 0.1831 
        D879 11 0.7201 0.0670 0.0576 0.1552 
        D880 11 0.0238 0.5784 0.3239 0.0739 
        D881 11 0.0288 0.0224 0.9148 0.0341 
        D882 11 0.2298 0.2267 0.2261 0.3175 
        D909 11 0.2014 0.4528 0.2844 0.0615 
        D921 11 0.1550 0.1470 0.1773 0.5207 
        D924 11 0.0478 0.3580 0.4260 0.1682 
        D935 11 0.1177 0.5096 0.0827 0.2899 
        D940 11 0.0216 0.0215 0.9237 0.0332 
        D941 11 0.0476 0.1575 0.7021 0.0928 
        D942 11 0.8419 0.0729 0.0315 0.0537 
        D980 11 0.0850 0.5580 0.1749 0.1821 
        D981 11 0.2337 0.1510 0.0981 0.5173 
        D982 11 0.0259 0.5330 0.0528 0.3883 
        D983 11 0.1206 0.1333 0.6130 0.1331 
        D984 11 0.0825 0.1674 0.1404 0.6097 
        D992 11 0.5921 0.0795 0.0322 0.2962 
        D993 11 0.1815 0.4334 0.2399 0.1452 
        D994 11 0.2570 0.0518 0.3749 0.3163 
        D995 11 0.8163 0.1217 0.0337 0.0283 
        H354 11 0.6365 0.1982 0.0387 0.1266 
