        D023  2 0.0196 0.0502 0.0425 0.8668 0.0209 
        D130  2 0.1416 0.5899 0.1516 0.0900 0.0270 
        D131  2 0.0366 0.3215 0.1453 0.3600 0.1366 
        D163  2 0.1954 0.3089 0.0531 0.3041 0.1385 
        D164  2 0.0281 0.3134 0.6071 0.0373 0.0141 
        D165  2 0.0471 0.1321 0.0923 0.6941 0.0344 
        D166  2 0.4368 0.3267 0.0946 0.0965 0.0454 
        D167  2 0.0863 0.0201 0.8246 0.0347 0.0343 
        D192  2 0.0790 0.0129 0.8548 0.0199 0.0333 
        D193  2 0.8662 0.0380 0.0285 0.0358 0.0316 
        D206  2 0.0777 0.1955 0.4381 0.2623 0.0264 
        D207  2 0.0884 0.0536 0.7072 0.0695 0.0814 
        D208  2 0.1622 0.0431 0.0967 0.0843 0.6137 
        D209  2 0.2065 0.0369 0.5962 0.1236 0.0367 
        D210  2 0.0856 0.0398 0.1804 0.0671 0.6271 
     D229599  2 0.1096 0.0428 0.0415 0.6234 0.1826 
     D229600  2 0.1116 0.2079 0.5781 0.0579 0.0445 
     D237227  2 0.0570 0.1840 0.0478 0.0768 0.6344 
     D237228  2 0.0666 0.6316 0.0668 0.0265 0.2085 
     D237258  2 0.1619 0.1879 0.1646 0.3185 0.1670 
     D237310  2 0.0330 0.8832 0.0363 0.0179 0.0296 
     D237311  2 0.0461 0.7282 0.1607 0.0220 0.0430 
     D237312  2 0.1033 0.7773 0.0363 0.0404 0.0427 
     D237313  2 0.1112 0.1882 0.0526 0.5285 0.1196 
     D237322  2 0.1787 0.1707 0.0778 0.0645 0.5083 
     D237323  2 0.0677 0.6654 0.0379 0.0237 0.2053 
     D237324  2 0.1334 0.0959 0.6504 0.0418 0.0785 
     D237325  2 0.1793 0.6029 0.1422 0.0261 0.0495 
     D237326  2 0.0953 0.4929 0.1867 0.1086 0.1164 
     D237327  2 0.1014 0.0348 0.1026 0.1215 0.6397 
     D237337  2 0.0285 0.8950 0.0204 0.0276 0.0285 
     D237338  2 0.1867 0.3558 0.1306 0.0853 0.2417 
     D237339  2 0.1489 0.0283 0.6351 0.1525 0.0352 
     D237340  2 0.1823 0.3830 0.2290 0.0299 0.1758 
     D237389  2 0.0833 0.8048 0.0689 0.0211 0.0219 
     D237390  2 0.2091 0.5779 0.0577 0.0539 0.1014 
     D244017  2 0.2109 0.0393 0.3817 0.1088 0.2593 
     D244112  2 0.1490 0.0471 0.7583 0.0194 0.0262 
     D244118  2 0.1560 0.0390 0.7271 0.0386 0.0394 
     D244119  2 0.0715 0.0428 0.5165 0.0368 0.3323 
     D244120  2 0.4750 0.1111 0.2752 0.0392 0.0995 
     D244122  2 0.2008 0.0370 0.6696 0.0580 0.0346 
        D291  2 0.1015 0.0613 0.2097 0.1351 0.4923 
        D292  2 0.1485 0.0338 0.2162 0.2690 0.3326 
        D293  2 0.0197 0.0147 0.9101 0.0401 0.0154 
        D322  2 0.0199 0.0233 0.8632 0.0738 0.0199 
        D323  2 0.2034 0.0833 0.4953 0.1587 0.0593 
        D324  2 0.0403 0.1221 0.2050 0.2116 0.4209 
        D325  2 0.0204 0.0209 0.8986 0.0338 0.0263 
        D326  2 0.0316 0.0326 0.0554 0.8320 0.0483 
        D340  2 0.0169 0.0211 0.9168 0.0201 0.0251 
        D341  2 0.0586 0.0832 0.7816 0.0293 0.0473 
        D342  2 0.1033 0.0502 0.7463 0.0636 0.0367 
        D343  2 0.0111 0.0134 0.9475 0.0143 0.0137 
        D344  2 0.2281 0.0952 0.0745 0.5840 0.0183 
        D345  2 0.0433 0.0248 0.0415 0.8339 0.0565 
        D346  2 0.0556 0.1943 0.2302 0.2657 0.2542 
        D351  2 0.0758 0.1428 0.1991 0.4510 0.1313 
        D352  2 0.1595 0.0802 0.1915 0.4622 0.1066 
        D353  2 0.0892 0.0782 0.0590 0.7073 0.0663 
        D354  2 0.1120 0.0567 0.0306 0.7553 0.0454 
        D362  2 0.0470 0.0407 0.0402 0.8434 0.0287 
        D363  2 0.0245 0.0218 0.0343 0.8839 0.0356 
        D364  2 0.0402 0.0192 0.0229 0.8997 0.0181 
        D365  2 0.0134 0.0168 0.9345 0.0151 0.0202 
        D369  2 0.0630 0.2826 0.3241 0.1784 0.1518 
        D374  2 0.8941 0.0161 0.0240 0.0286 0.0372 
        D375  2 0.1426 0.0745 0.0293 0.7329 0.0208 
        D376  2 0.7751 0.0465 0.0500 0.0535 0.0750 
        D377  2 0.0924 0.4258 0.1498 0.2493 0.0826 
        D378  2 0.0276 0.0240 0.4855 0.4295 0.0334 
        D379  2 0.0805 0.0582 0.0664 0.7531 0.0417 
        D384  2 0.0348 0.0341 0.0604 0.8066 0.0642 
        D385  2 0.0339 0.0368 0.8564 0.0450 0.0279 
        D386  2 0.0488 0.0222 0.0744 0.8276 0.0270 
        D391  2 0.0199 0.0217 0.9122 0.0260 0.0202 
        D392  2 0.0359 0.0729 0.7818 0.0686 0.0408 
        D393  2 0.0324 0.0389 0.2149 0.6350 0.0788 
        D394  2 0.4823 0.1118 0.1542 0.1628 0.0888 
        D395  2 0.0581 0.0472 0.7167 0.1356 0.0424 
        D401  2 0.0239 0.8963 0.0324 0.0143 0.0330 
        D402  2 0.0224 0.0233 0.8936 0.0348 0.0260 
        D403  2 0.1575 0.0512 0.0524 0.7114 0.0275 
        D415  2 0.0345 0.3977 0.0896 0.4489 0.0293 
        D435  2 0.0490 0.0736 0.5836 0.2452 0.0485 
        D436  2 0.5175 0.1284 0.1271 0.1831 0.0439 
        D438  2 0.0158 0.0178 0.9315 0.0153 0.0196 
        D439  2 0.0562 0.0203 0.1611 0.7381 0.0243 
        D449  2 0.0923 0.0519 0.6879 0.1449 0.0230 
        D450  2 0.1499 0.2506 0.0410 0.4707 0.0878 
        D456  2 0.0218 0.0290 0.0583 0.8499 0.0410 
        D462  2 0.0230 0.0157 0.8951 0.0462 0.0201 
        D463  2 0.0264 0.0252 0.0286 0.8868 0.0331 
        D464  2 0.1390 0.0949 0.3159 0.3938 0.0563 
        D465  2 0.0209 0.1994 0.7142 0.0426 0.0229 
        D473  2 0.0718 0.3575 0.0848 0.1048 0.3810 
        D474  2 0.0276 0.0441 0.0695 0.6344 0.2244 
        D476  2 0.1264 0.1256 0.2854 0.4267 0.0359 
        D477  2 0.0466 0.0589 0.0467 0.7655 0.0823 
        D478  2 0.0973 0.0486 0.0986 0.6115 0.1440 
        D480  2 0.0821 0.0486 0.3754 0.3785 0.1153 
        D481  2 0.0559 0.0342 0.0952 0.6692 0.1454 
        D482  2 0.2006 0.1167 0.0561 0.1043 0.5223 
        D483  2 0.0646 0.0173 0.8300 0.0312 0.0568 
        D484  2 0.3088 0.0690 0.2494 0.2468 0.1260 
        D510  2 0.6216 0.0371 0.0542 0.0355 0.2516 
        D511  2 0.0590 0.0357 0.2925 0.5644 0.0483 
        D512  2 0.0235 0.8558 0.0803 0.0222 0.0181 
        D513  2 0.0290 0.0713 0.7497 0.0755 0.0746 
        D635  2 0.0181 0.0205 0.0404 0.8905 0.0305 
        D636  2 0.0465 0.2017 0.0994 0.6164 0.0361 
        D637  2 0.1640 0.2902 0.2668 0.1686 0.1104 
        D658  2 0.1378 0.1932 0.5709 0.0478 0.0503 
        D659  2 0.2810 0.0477 0.0691 0.5172 0.0851 
        D677  2 0.2090 0.4071 0.1541 0.1867 0.0430 
        D678  2 0.2234 0.0440 0.6659 0.0405 0.0262 
        D679  2 0.0411 0.0531 0.1079 0.6511 0.1468 
        D719  2 0.1084 0.0646 0.4149 0.1531 0.2591 
        D720  2 0.0648 0.0679 0.3319 0.3844 0.1510 
        D721  2 0.0579 0.0638 0.1910 0.6248 0.0625 
        D722  2 0.7279 0.0388 0.0994 0.0494 0.0845 
        D734  2 0.1576 0.0608 0.4385 0.1454 0.1977 
        D735  2 0.0615 0.0511 0.2021 0.5942 0.0910 
        D736  2 0.0680 0.0756 0.0695 0.1934 0.5935 
        D737  2 0.3027 0.0416 0.4763 0.0632 0.1163 
        D807  2 0.1295 0.1290 0.1494 0.3133 0.2788 
        D808  2 0.0652 0.4566 0.3282 0.0934 0.0566 
        D817  2 0.0707 0.1459 0.0812 0.6442 0.0580 
        D818  2 0.0462 0.1274 0.3881 0.3119 0.1263 
        D819  2 0.0475 0.5101 0.0970 0.2889 0.0565 
        D820  2 0.2009 0.0501 0.4586 0.2539 0.0365 
        D895  2 0.3604 0.0871 0.0765 0.4168 0.0593 
        D896  2 0.0230 0.9081 0.0209 0.0147 0.0332 
        D897  2 0.1111 0.0643 0.7226 0.0427 0.0593 
        D898  2 0.1362 0.2315 0.0460 0.3047 0.2816 
        D918  2 0.0581 0.6592 0.1019 0.0691 0.1118 
        D919  2 0.0896 0.0222 0.2331 0.6119 0.0432 
        D920  2 0.4686 0.3311 0.1057 0.0553 0.0393 
        D923  2 0.0457 0.0400 0.0819 0.8058 0.0266 
        D930  2 0.0566 0.1943 0.1541 0.5248 0.0702 
        D931  2 0.0873 0.1290 0.2904 0.4233 0.0700 
        D968  2 0.0209 0.0161 0.9113 0.0293 0.0224 
        D969  2 0.0917 0.0532 0.1550 0.5080 0.1921 
        D977  2 0.0390 0.0641 0.8114 0.0470 0.0385 
        D978  2 0.0800 0.0468 0.2834 0.2474 0.3424 
        D009  4 0.4557 0.3567 0.0319 0.0940 0.0617 
        D057  4 0.5703 0.0747 0.2740 0.0387 0.0423 
        D109  4 0.0715 0.8361 0.0240 0.0402 0.0281 
     D237222  4 0.6961 0.0880 0.1116 0.0557 0.0486 
     D237223  4 0.3250 0.2787 0.2840 0.0335 0.0788 
     D237224  4 0.0969 0.0333 0.1208 0.6097 0.1393 
     D237225  4 0.3936 0.2124 0.0898 0.1586 0.1456 
     D237299  4 0.0332 0.7790 0.0631 0.0432 0.0815 
     D237300  4 0.0822 0.0673 0.0710 0.0312 0.7483 
     D237306  4 0.4997 0.2562 0.0736 0.0812 0.0894 
     D237307  4 0.2724 0.1695 0.1231 0.1978 0.2373 
     D237308  4 0.2062 0.0487 0.5624 0.0933 0.0894 
     D237309  4 0.4156 0.1041 0.0679 0.3483 0.0641 
     D237317  4 0.2384 0.0323 0.0404 0.5582 0.1307 
     D237318  4 0.0430 0.0384 0.1605 0.0357 0.7224 
     D237319  4 0.2230 0.4898 0.1253 0.0999 0.0620 
     D237320  4 0.1228 0.4820 0.2405 0.0539 0.1008 
     D237321  4 0.0530 0.0806 0.0826 0.0815 0.7024 
     D237397  4 0.5603 0.1467 0.1303 0.0312 0.1316 
     D237398  4 0.0534 0.0793 0.1692 0.1950 0.5031 
     D237399  4 0.0861 0.0683 0.0599 0.1307 0.6549 
     D244001  4 0.7761 0.0641 0.0988 0.0385 0.0226 
        D289  4 0.1770 0.0571 0.2326 0.2328 0.3004 
        D290  4 0.5945 0.0456 0.0964 0.0352 0.2283 
        D294  4 0.3037 0.0660 0.1301 0.2645 0.2357 
        D295  4 0.4636 0.3144 0.0693 0.0766 0.0762 
        D301  4 0.5109 0.2664 0.0607 0.0463 0.1157 
        D302  4 0.1308 0.0293 0.0441 0.7670 0.0287 
        D303  4 0.2304 0.2642 0.1034 0.0568 0.3451 
        D304  4 0.3747 0.0339 0.0528 0.1160 0.4227 
        D305  4 0.5813 0.0226 0.2262 0.1385 0.0314 
        D306  4 0.5955 0.0696 0.1295 0.0800 0.1254 
        D307  4 0.3209 0.3156 0.0405 0.0618 0.2611 
        D327  4 0.1121 0.2029 0.1977 0.3986 0.0887 
        D328  4 0.4794 0.2341 0.0556 0.1034 0.1275 
        D329  4 0.4523 0.0543 0.1943 0.1471 0.1521 
        D330  4 0.2636 0.2259 0.1977 0.2921 0.0206 
        D331  4 0.1869 0.0791 0.0872 0.1970 0.4496 
        D333  4 0.6506 0.1242 0.1089 0.0460 0.0703 
        D334  4 0.1976 0.0711 0.0428 0.1070 0.5816 
        D335  4 0.1819 0.0339 0.1851 0.5649 0.0341 
        D370  4 0.7152 0.0803 0.0584 0.1017 0.0445 
        D371  4 0.2537 0.2012 0.0870 0.2037 0.2543 
        D372  4 0.1341 0.0227 0.0347 0.0261 0.7823 
        D373  4 0.2162 0.2304 0.1234 0.2604 0.1696 
        D455  4 0.4090 0.1903 0.1033 0.1273 0.1701 
        D490  4 0.1905 0.7470 0.0152 0.0254 0.0219 
        D497  4 0.1637 0.7149 0.0203 0.0481 0.0529 
        D498  4 0.3003 0.1165 0.0939 0.0708 0.4186 
        D499  4 0.0874 0.3573 0.3270 0.1437 0.0846 
        D514  4 0.1782 0.2825 0.0695 0.4261 0.0437 
        D515  4 0.0749 0.7563 0.0901 0.0499 0.0289 
        D516  4 0.4765 0.1952 0.1991 0.0612 0.0679 
        D517  4 0.5036 0.1621 0.0464 0.1398 0.1481 
        D518  4 0.6787 0.0740 0.1589 0.0673 0.0210 
        D519  4 0.0532 0.7551 0.1152 0.0291 0.0473 
        D560  4 0.1123 0.6038 0.1713 0.0712 0.0414 
        D561  4 0.0687 0.1820 0.3668 0.3469 0.0357 
        D562  4 0.3384 0.0705 0.1489 0.2670 0.1754 
        D563  4 0.0739 0.0763 0.6012 0.2039 0.0447 
        D572  4 0.4467 0.0644 0.1728 0.2522 0.0640 
        D629  4 0.0382 0.0652 0.0406 0.8078 0.0482 
        D630  4 0.3687 0.1589 0.0777 0.2371 0.1576 
        D631  4 0.3900 0.0865 0.3883 0.0699 0.0653 
        D632  4 0.0907 0.2039 0.2230 0.4601 0.0223 
        D646  4 0.5009 0.2086 0.2047 0.0512 0.0347 
        D647  4 0.4414 0.0998 0.2465 0.1691 0.0433 
        D648  4 0.5937 0.2251 0.0682 0.0764 0.0365 
        D649  4 0.0674 0.3116 0.0430 0.5460 0.0320 
        D650  4 0.0750 0.4740 0.0745 0.2349 0.1416 
        D708  4 0.4243 0.1957 0.0468 0.1837 0.1495 
        D709  4 0.4778 0.2034 0.1098 0.1133 0.0957 
        D738  4 0.4771 0.1797 0.0550 0.0557 0.2325 
        D739  4 0.5640 0.2365 0.0485 0.0697 0.0814 
        D740  4 0.1053 0.2249 0.0655 0.0784 0.5259 
        D741  4 0.1209 0.5576 0.2722 0.0296 0.0196 
        D742  4 0.0996 0.1750 0.5299 0.0801 0.1155 
        D743  4 0.0886 0.0829 0.2626 0.4801 0.0858 
        D744  4 0.0461 0.0503 0.3007 0.5527 0.0502 
        D745  4 0.0319 0.8503 0.0498 0.0266 0.0414 
        D814  4 0.4422 0.0439 0.3534 0.1057 0.0548 
        D815  4 0.3705 0.0540 0.1070 0.4008 0.0677 
        D828  4 0.5832 0.0846 0.1187 0.0442 0.1692 
        D845  4 0.0299 0.0186 0.0875 0.0273 0.8368 
        D846  4 0.1813 0.0350 0.2821 0.4615 0.0402 
        D847  4 0.1016 0.1666 0.0947 0.1704 0.4666 
        D848  4 0.2322 0.1074 0.1709 0.1375 0.3519 
        D849  4 0.4952 0.3378 0.0961 0.0415 0.0294 
        D850  4 0.0717 0.0909 0.2551 0.2648 0.3175 
        D856  4 0.1094 0.5705 0.0922 0.1756 0.0522 
        D857  4 0.1857 0.6739 0.0825 0.0233 0.0346 
        D859  4 0.4485 0.1181 0.0851 0.2559 0.0924 
        D860  4 0.0772 0.0156 0.1707 0.1100 0.6264 
        D883  4 0.4803 0.2649 0.0383 0.1198 0.0966 
        D884  4 0.3864 0.5103 0.0450 0.0285 0.0298 
        D885  4 0.0542 0.4525 0.2348 0.1373 0.1212 
        D886  4 0.3588 0.1606 0.2137 0.1996 0.0673 
        D887  4 0.1512 0.2149 0.1035 0.2940 0.2363 
        D889  4 0.2299 0.0271 0.0343 0.0731 0.6356 
        D890  4 0.1930 0.1972 0.1481 0.3342 0.1275 
        D891  4 0.0223 0.0172 0.0722 0.0180 0.8704 
        D899  4 0.2042 0.0456 0.5455 0.0469 0.1578 
        D900  4 0.2246 0.1313 0.1381 0.3282 0.1779 
        D970  4 0.1795 0.0380 0.1273 0.3586 0.2965 
        D971  4 0.0634 0.0492 0.6654 0.1803 0.0416 
        D979  4 0.1333 0.0279 0.0932 0.7068 0.0387 
        D093  5 0.2006 0.1840 0.0409 0.0515 0.5230 
        D154  5 0.2063 0.3219 0.2934 0.0536 0.1248 
        D168  5 0.1346 0.2741 0.4342 0.0878 0.0694 
        D189  5 0.3228 0.0574 0.0928 0.0405 0.4864 
        D190  5 0.2341 0.1434 0.1027 0.1654 0.3544 
     D237220  5 0.1416 0.1094 0.0331 0.0502 0.6657 
     D237221  5 0.0661 0.0808 0.1667 0.1305 0.5559 
     D237274  5 0.0711 0.0370 0.1009 0.7722 0.0187 
     D237275  5 0.1177 0.0712 0.6773 0.0243 0.1095 
     D237276  5 0.5102 0.2520 0.0879 0.0548 0.0951 
     D237277  5 0.0650 0.0468 0.0817 0.1113 0.6952 
     D237278  5 0.1634 0.2696 0.4062 0.0677 0.0932 
     D237279  5 0.0226 0.6707 0.0596 0.1785 0.0685 
     D237280  5 0.3024 0.1617 0.0343 0.3765 0.1250 
     D237281  5 0.0909 0.0361 0.6319 0.0538 0.1873 
     D237351  5 0.0249 0.8867 0.0193 0.0266 0.0426 
     D237352  5 0.2228 0.1292 0.2595 0.3404 0.0482 
     D237353  5 0.0922 0.0526 0.0481 0.1070 0.7001 
     D237359  5 0.1629 0.1170 0.0311 0.0572 0.6318 
     D237361  5 0.0527 0.0570 0.0489 0.0415 0.7999 
     D237362  5 0.0976 0.4504 0.1249 0.2448 0.0823 
     D237363  5 0.0872 0.1698 0.4464 0.1856 0.1110 
     D237364  5 0.1098 0.5121 0.1847 0.1489 0.0446 
     D237376  5 0.4851 0.2548 0.0653 0.0387 0.1561 
     D237377  5 0.0740 0.3516 0.0539 0.4197 0.1007 
     D237378  5 0.4602 0.0901 0.0837 0.0326 0.3333 
     D237379  5 0.2429 0.3260 0.1027 0.1073 0.2211 
     D237380  5 0.5562 0.2691 0.0210 0.1149 0.0388 
     D237381  5 0.5189 0.1421 0.1106 0.1694 0.0590 
     D237391  5 0.0255 0.0584 0.0326 0.0775 0.8060 
     D237392  5 0.0580 0.0891 0.3942 0.4341 0.0246 
     D237393  5 0.3653 0.0615 0.1049 0.3668 0.1016 
     D237394  5 0.0607 0.0614 0.0225 0.2296 0.6258 
     D237395  5 0.1261 0.1888 0.1031 0.0732 0.5088 
     D237396  5 0.0384 0.0431 0.1546 0.6181 0.1457 
     D244016  5 0.0806 0.1087 0.2025 0.3753 0.2328 
     D244018  5 0.1030 0.0669 0.4956 0.0458 0.2888 
     D244019  5 0.0989 0.0499 0.3088 0.4391 0.1034 
        D279  5 0.1073 0.2692 0.1135 0.0466 0.4634 
        D280  5 0.0548 0.0594 0.0404 0.2057 0.6397 
        D281  5 0.0777 0.0495 0.2818 0.0296 0.5614 
        D283  5 0.1169 0.0428 0.0498 0.2936 0.4968 
        D284  5 0.0854 0.6964 0.0708 0.0602 0.0871 
        D285  5 0.0594 0.0342 0.0232 0.0496 0.8336 
        D286  5 0.3620 0.1061 0.0584 0.1956 0.2778 
        D287  5 0.2893 0.4612 0.0384 0.0373 0.1739 
        D288  5 0.0683 0.0334 0.0654 0.3863 0.4466 
        D308  5 0.0385 0.7482 0.0390 0.1389 0.0354 
        D309  5 0.1953 0.0358 0.1010 0.6357 0.0323 
        D310  5 0.3721 0.0362 0.0219 0.0357 0.5341 
        D311  5 0.3138 0.2284 0.1819 0.1743 0.1016 
        D312  5 0.2557 0.1503 0.1174 0.3151 0.1614 
        D313  5 0.0537 0.8845 0.0186 0.0189 0.0242 
        D314  5 0.2068 0.4397 0.1476 0.0837 0.1222 
        D315  5 0.2479 0.1182 0.1024 0.3951 0.1364 
        D317  5 0.5316 0.0577 0.0333 0.0464 0.3311 
        D318  5 0.1017 0.1621 0.1466 0.4563 0.1333 
        D319  5 0.4195 0.0669 0.0509 0.0282 0.4345 
        D320  5 0.1013 0.0615 0.0356 0.0661 0.7354 
        D321  5 0.0258 0.5943 0.0284 0.0975 0.2541 
        D336  5 0.5180 0.1184 0.0368 0.0522 0.2747 
        D337  5 0.2577 0.0338 0.0500 0.0524 0.6060 
        D338  5 0.1093 0.4247 0.1123 0.1234 0.2303 
        D339  5 0.4354 0.1041 0.0554 0.0287 0.3764 
        D347  5 0.7180 0.0174 0.0991 0.1222 0.0433 
        D348  5 0.6754 0.0175 0.0476 0.0556 0.2039 
        D349  5 0.0368 0.7901 0.0351 0.0688 0.0692 
        D350  5 0.2420 0.1516 0.1724 0.3865 0.0475 
        D355  5 0.2648 0.0874 0.3375 0.1258 0.1844 
        D356  5 0.0743 0.0928 0.0422 0.2879 0.5029 
        D357  5 0.3698 0.1271 0.0666 0.2621 0.1743 
        D358  5 0.1472 0.1303 0.1254 0.2997 0.2974 
        D359  5 0.1570 0.0550 0.0399 0.6008 0.1472 
        D360  5 0.0599 0.0670 0.0335 0.2143 0.6252 
        D361  5 0.0231 0.9097 0.0244 0.0223 0.0205 
        D366  5 0.0408 0.0683 0.7830 0.0764 0.0316 
        D367  5 0.4988 0.2491 0.0278 0.0375 0.1868 
        D368  5 0.0480 0.7103 0.0585 0.1135 0.0697 
        D380  5 0.0611 0.0559 0.1271 0.7037 0.0522 
        D381  5 0.3466 0.0503 0.0681 0.1472 0.3878 
        D400  5 0.6103 0.0546 0.1030 0.0414 0.1908 
        D411  5 0.0273 0.9137 0.0251 0.0210 0.0129 
        D412  5 0.6477 0.0238 0.1168 0.1006 0.1110 
        D413  5 0.0254 0.0759 0.7377 0.1260 0.0350 
        D414  5 0.2790 0.0922 0.3498 0.1749 0.1041 
        D420  5 0.0496 0.1364 0.0483 0.1032 0.6625 
        D431  5 0.1844 0.5883 0.0283 0.0583 0.1408 
        D432  5 0.2012 0.0505 0.0712 0.1423 0.5349 
        D433  5 0.4256 0.1000 0.0801 0.0572 0.3371 
        D434  5 0.3219 0.0640 0.0516 0.1154 0.4471 
        D440  5 0.3224 0.1483 0.1477 0.3499 0.0317 
        D447  5 0.1236 0.0751 0.2628 0.4976 0.0408 
        D448  5 0.8233 0.0399 0.0320 0.0383 0.0665 
        D459  5 0.1093 0.0277 0.7398 0.0272 0.0961 
        D460  5 0.0178 0.7540 0.0458 0.1401 0.0422 
        D461  5 0.1837 0.0478 0.0766 0.6623 0.0295 
        D468  5 0.0499 0.7689 0.0633 0.0858 0.0320 
        D469  5 0.0909 0.4130 0.0578 0.3031 0.1353 
        D470  5 0.7690 0.0976 0.0546 0.0492 0.0297 
        D471  5 0.5110 0.0645 0.1062 0.1042 0.2140 
        D472  5 0.0462 0.0171 0.2410 0.5878 0.1080 
        D479  5 0.1310 0.0245 0.7716 0.0481 0.0247 
        D485  5 0.3691 0.2810 0.1083 0.1719 0.0697 
        D486  5 0.0999 0.7429 0.0694 0.0492 0.0386 
        D487  5 0.2783 0.0552 0.0923 0.0602 0.5140 
        D555  5 0.1060 0.0266 0.1073 0.0255 0.7347 
        D556  5 0.0972 0.2305 0.0400 0.1890 0.4433 
        D557  5 0.3718 0.0712 0.1503 0.1141 0.2926 
        D564  5 0.1239 0.2323 0.1176 0.4281 0.0982 
        D594  5 0.4801 0.0600 0.1179 0.2786 0.0634 
        D595  5 0.1533 0.2661 0.1149 0.2305 0.2352 
        D596  5 0.1722 0.0257 0.0722 0.0557 0.6743 
        D597  5 0.1042 0.0200 0.3107 0.0729 0.4922 
        D598  5 0.3665 0.1422 0.0629 0.1152 0.3132 
        D617  5 0.3175 0.3805 0.2320 0.0391 0.0309 
        D618  5 0.1148 0.0690 0.0989 0.1473 0.5699 
        D619  5 0.4007 0.1038 0.0922 0.3389 0.0643 
        D620  5 0.0790 0.0293 0.7727 0.0524 0.0666 
        D628  5 0.3607 0.1483 0.1051 0.2723 0.1135 
        D714  5 0.1497 0.1239 0.0838 0.0741 0.5684 
        D715  5 0.0556 0.0662 0.1280 0.1850 0.5652 
        D716  5 0.6539 0.0520 0.0935 0.1228 0.0777 
        D717  5 0.1070 0.0666 0.1235 0.2781 0.4247 
        D718  5 0.4769 0.3772 0.0626 0.0150 0.0682 
        D769  5 0.6607 0.0965 0.1578 0.0559 0.0290 
        D770  5 0.1461 0.4477 0.2061 0.1203 0.0798 
        D771  5 0.3332 0.1113 0.1619 0.1925 0.2011 
        D772  5 0.1228 0.1209 0.0655 0.4200 0.2709 
        D782  5 0.0529 0.3140 0.1499 0.1062 0.3771 
        D783  5 0.1203 0.0544 0.5645 0.1183 0.1425 
        D784  5 0.0635 0.0345 0.1058 0.5749 0.2214 
        D785  5 0.1570 0.2945 0.0610 0.1994 0.2881 
        D786  5 0.3033 0.1408 0.2779 0.2523 0.0257 
        D821  5 0.0464 0.0592 0.0401 0.0727 0.7816 
        D822  5 0.1055 0.0679 0.2952 0.4193 0.1121 
        D826  5 0.1913 0.1774 0.2029 0.0723 0.3561 
        D827  5 0.1176 0.1233 0.2642 0.4554 0.0395 
        D851  5 0.0650 0.1126 0.0888 0.6342 0.0995 
        D852  5 0.4255 0.0550 0.1239 0.0625 0.3331 
        D853  5 0.1256 0.0709 0.0758 0.1116 0.6161 
        D854  5 0.1267 0.4709 0.1650 0.1856 0.0517 
        D861  5 0.2429 0.4372 0.1686 0.0537 0.0977 
        D862  5 0.2513 0.0828 0.1027 0.3889 0.1743 
        D865  5 0.3043 0.1078 0.0998 0.1150 0.3730 
        D868  5 0.3046 0.0982 0.0874 0.1641 0.3457 
        D869  5 0.0461 0.8285 0.0578 0.0428 0.0247 
        D870  5 0.0423 0.1010 0.3932 0.4251 0.0385 
        D907  5 0.5609 0.0804 0.0358 0.0403 0.2827 
        D908  5 0.1971 0.0664 0.1068 0.0496 0.5801 
        D910  5 0.4054 0.0903 0.2718 0.0598 0.1726 
        D911  5 0.3253 0.0408 0.1997 0.0389 0.3954 
        D934  5 0.1121 0.2304 0.2196 0.2765 0.1613 
        D946  5 0.2494 0.4449 0.0747 0.1361 0.0949 
        D947  5 0.1588 0.1907 0.0749 0.3389 0.2367 
        D948  5 0.0787 0.6494 0.0324 0.0990 0.1404 
        D949  5 0.0424 0.8380 0.0234 0.0457 0.0506 
        D950  5 0.2490 0.0389 0.2749 0.0785 0.3587 
        D951  5 0.0962 0.0598 0.2039 0.6134 0.0267 
        D952  5 0.2780 0.0272 0.0638 0.4916 0.1395 
        D953  5 0.0766 0.0472 0.0289 0.1412 0.7062 
        D954  5 0.0262 0.0712 0.0723 0.7254 0.1050 
        D961  5 0.3567 0.4103 0.0468 0.0973 0.0889 
        D962  5 0.3416 0.1250 0.0357 0.3444 0.1532 
        D963  5 0.1389 0.0566 0.1677 0.2020 0.4348 
        D964  5 0.0668 0.5109 0.0798 0.1315 0.2110 
        D965  5 0.3049 0.0826 0.1958 0.3400 0.0766 
        D966  5 0.2263 0.0580 0.0993 0.3652 0.2512 
        D967  5 0.0626 0.0492 0.2808 0.1099 0.4975 
        D991  5 0.7015 0.1066 0.0487 0.0676 0.0757 
        D132  8 0.0712 0.8488 0.0211 0.0261 0.0329 
        D133  8 0.0664 0.0236 0.8408 0.0310 0.0381 
        D200  8 0.5913 0.0803 0.0955 0.0336 0.1993 
        D500  8 0.2003 0.6967 0.0241 0.0488 0.0301 
        D614  8 0.4556 0.1735 0.0322 0.0656 0.2732 
        D723  8 0.2453 0.5029 0.1656 0.0542 0.0320 
        D888  8 0.0853 0.0285 0.0584 0.0602 0.7675 
        D901  8 0.0270 0.8965 0.0275 0.0166 0.0324 
        D902  8 0.1939 0.3722 0.1081 0.0388 0.2870 
        D903  8 0.0623 0.0516 0.1588 0.6553 0.0718 
        D904  8 0.1594 0.0703 0.1061 0.6031 0.0611 
        D905  8 0.0588 0.0246 0.0163 0.0161 0.8842 
        D906  8 0.0661 0.0371 0.4834 0.3302 0.0832 
        D937  8 0.2277 0.2919 0.0930 0.0224 0.3649 
        D943  8 0.1793 0.1964 0.1270 0.1519 0.3454 
        D972  8 0.1853 0.6058 0.1622 0.0242 0.0225 
        D973  8 0.1844 0.5236 0.1545 0.1049 0.0327 
        D974  8 0.2593 0.2653 0.2919 0.0822 0.1012 
        D975  8 0.4179 0.0667 0.1821 0.0383 0.2949 
        D976  8 0.1878 0.3348 0.1133 0.0690 0.2950 
        D142 10 0.2001 0.0783 0.3228 0.3017 0.0970 
        D143 10 0.0791 0.0448 0.7964 0.0322 0.0475 
        D144 10 0.0599 0.1103 0.1509 0.5249 0.1540 
        D145 10 0.0991 0.1054 0.0477 0.0432 0.7046 
        D146 10 0.1463 0.6603 0.0734 0.0937 0.0263 
        D147 10 0.1649 0.5238 0.2076 0.0767 0.0271 
        D148 10 0.0475 0.2595 0.2505 0.3686 0.0739 
        D149 10 0.1386 0.0625 0.5081 0.0658 0.2250 
        D151 10 0.0719 0.2450 0.2552 0.1157 0.3122 
        D152 10 0.0678 0.0931 0.7148 0.0365 0.0878 
        D153 10 0.2242 0.2718 0.0914 0.3432 0.0694 
        D156 10 0.2747 0.0454 0.1243 0.5173 0.0384 
        D157 10 0.5500 0.1149 0.0508 0.1743 0.1099 
        D158 10 0.0914 0.6937 0.0302 0.0222 0.1625 
        D159 10 0.0418 0.0310 0.8503 0.0461 0.0308 
        D160 10 0.0142 0.0143 0.0143 0.0124 0.9448 
        D161 10 0.0569 0.1365 0.2357 0.4981 0.0727 
        D162 10 0.1820 0.0274 0.1551 0.5832 0.0523 
        D169 10 0.0773 0.3573 0.1151 0.1299 0.3204 
        D170 10 0.2687 0.3798 0.0465 0.2589 0.0461 
        D171 10 0.1638 0.3546 0.0537 0.3993 0.0287 
        D172 10 0.2677 0.4261 0.1368 0.1244 0.0450 
        D173 10 0.0344 0.0479 0.8462 0.0298 0.0418 
        D181 10 0.1334 0.2095 0.1356 0.3490 0.1726 
        D182 10 0.1937 0.1555 0.2665 0.1575 0.2268 
        D183 10 0.0981 0.0682 0.0224 0.0677 0.7435 
        D184 10 0.1611 0.3172 0.0531 0.4461 0.0226 
        D185 10 0.0310 0.1975 0.0825 0.6216 0.0674 
        D186 10 0.0800 0.7853 0.0417 0.0287 0.0643 
        D194 10 0.2414 0.2190 0.3128 0.1685 0.0584 
        D195 10 0.2220 0.0582 0.3115 0.1520 0.2563 
        D196 10 0.2381 0.0269 0.4471 0.1576 0.1304 
        D197 10 0.1067 0.5310 0.1727 0.0726 0.1171 
        D198 10 0.0266 0.1309 0.0430 0.7148 0.0847 
     D237226 10 0.0182 0.1504 0.2134 0.1096 0.5083 
     D237232 10 0.1004 0.1087 0.1360 0.0360 0.6189 
     D237233 10 0.3699 0.2076 0.1819 0.0673 0.1733 
     D237234 10 0.3087 0.1905 0.0782 0.1487 0.2739 
     D237354 10 0.0599 0.0222 0.0920 0.0283 0.7976 
     D237355 10 0.0130 0.0188 0.0312 0.0208 0.9162 
     D237356 10 0.0471 0.0972 0.0415 0.6925 0.1217 
     D237357 10 0.0910 0.3158 0.4771 0.0696 0.0466 
     D237358 10 0.0837 0.0425 0.2373 0.5955 0.0410 
     D237369 10 0.0513 0.8541 0.0472 0.0337 0.0137 
     D237370 10 0.1207 0.1070 0.3638 0.1409 0.2676 
     D237371 10 0.0673 0.1374 0.0855 0.6557 0.0541 
     D237372 10 0.2252 0.0573 0.5191 0.0878 0.1107 
     D237373 10 0.1352 0.4787 0.0765 0.0724 0.2372 
     D237374 10 0.0440 0.0302 0.0236 0.0248 0.8774 
     D237375 10 0.0516 0.1069 0.5435 0.2165 0.0814 
     D237400 10 0.1475 0.0386 0.7317 0.0247 0.0574 
     D244002 10 0.3969 0.2079 0.1785 0.1859 0.0308 
     D244003 10 0.0860 0.0369 0.0336 0.0162 0.8274 
     D244004 10 0.0628 0.1308 0.0169 0.0199 0.7696 
     D244005 10 0.0381 0.0473 0.0725 0.0419 0.8002 
     D244020 10 0.0629 0.2473 0.0814 0.4426 0.1658 
     D244021 10 0.0995 0.7442 0.1047 0.0219 0.0297 
     D244116 10 0.3580 0.2759 0.1039 0.2105 0.0516 
     D244117 10 0.0874 0.0365 0.0842 0.0773 0.7145 
     D244121 10 0.2427 0.2147 0.1219 0.0655 0.3552 
     D244123 10 0.3066 0.0909 0.1118 0.0835 0.4072 
     D244124 10 0.3444 0.1866 0.3211 0.0756 0.0723 
        D332 10 0.1292 0.1795 0.2665 0.3911 0.0337 
        D570 10 0.2508 0.1362 0.1017 0.2814 0.2300 
        D602 10 0.3651 0.0690 0.2364 0.2897 0.0398 
        D603 10 0.1414 0.2849 0.3739 0.0645 0.1353 
        D604 10 0.1565 0.0329 0.4021 0.2930 0.1154 
        D605 10 0.0818 0.0821 0.1810 0.4734 0.1817 
        D606 10 0.1488 0.2120 0.0693 0.2855 0.2844 
        D607 10 0.0449 0.0402 0.1160 0.7651 0.0338 
        D608 10 0.0175 0.0170 0.9115 0.0390 0.0150 
        D609 10 0.1200 0.2329 0.0292 0.2213 0.3966 
        D610 10 0.0624 0.0409 0.0279 0.1249 0.7441 
        D611 10 0.1733 0.0975 0.0299 0.0597 0.6396 
        D613 10 0.1164 0.0809 0.0587 0.6510 0.0930 
        D633 10 0.0605 0.0303 0.2427 0.6468 0.0197 
        D634 10 0.0869 0.2945 0.0970 0.4341 0.0875 
        D638 10 0.1519 0.0558 0.6464 0.0300 0.1160 
        D681 10 0.4925 0.2873 0.0763 0.1074 0.0365 
        D754 10 0.2836 0.6133 0.0360 0.0167 0.0505 
        D755 10 0.0863 0.0950 0.2674 0.0189 0.5323 
        D756 10 0.2507 0.3439 0.0808 0.0499 0.2747 
        D757 10 0.1177 0.0465 0.1810 0.3037 0.3511 
        D758 10 0.5145 0.1524 0.1002 0.1410 0.0920 
        D759 10 0.0268 0.0390 0.0859 0.0748 0.7734 
        D760 10 0.1932 0.0873 0.1324 0.0603 0.5268 
        D761 10 0.0490 0.0285 0.0472 0.0181 0.8573 
        D762 10 0.0256 0.0297 0.0829 0.8338 0.0280 
        D775 10 0.0419 0.1402 0.0362 0.0329 0.7489 
        D776 10 0.0582 0.0585 0.2294 0.0389 0.6149 
        D777 10 0.0450 0.0455 0.0229 0.0349 0.8518 
        D778 10 0.0328 0.3137 0.1112 0.0286 0.5138 
        D779 10 0.4259 0.4276 0.0492 0.0257 0.0716 
        D780 10 0.2898 0.1225 0.2516 0.1504 0.1857 
        D781 10 0.4253 0.0609 0.3096 0.1810 0.0232 
        D858 10 0.0316 0.7083 0.0747 0.0519 0.1335 
        D933 10 0.0361 0.0309 0.1517 0.3955 0.3858 
        D038 11 0.2024 0.1269 0.0908 0.1265 0.4533 
        D063 11 0.7419 0.0373 0.0764 0.0391 0.1054 
        D155 11 0.0535 0.1018 0.1022 0.0739 0.6685 
        D175 11 0.2050 0.6484 0.0527 0.0238 0.0701 
        D176 11 0.2863 0.1486 0.4191 0.0316 0.1145 
        D205 11 0.4018 0.1665 0.0494 0.0597 0.3226 
     D237229 11 0.2944 0.0677 0.2174 0.1755 0.2450 
     D237230 11 0.0532 0.1565 0.7119 0.0539 0.0244 
     D237231 11 0.2525 0.0570 0.3504 0.3001 0.0400 
     D237269 11 0.1446 0.0830 0.3916 0.2503 0.1304 
     D237270 11 0.0461 0.4608 0.1946 0.2385 0.0601 
     D237271 11 0.5147 0.1237 0.1154 0.1511 0.0951 
     D237272 11 0.3744 0.3373 0.1783 0.0744 0.0356 
     D237273 11 0.7749 0.0422 0.0448 0.0265 0.1116 
     D237301 11 0.4682 0.0930 0.1706 0.2213 0.0470 
     D237302 11 0.4042 0.3206 0.0842 0.1245 0.0666 
     D237303 11 0.0431 0.4306 0.3949 0.1060 0.0254 
     D237304 11 0.1911 0.3234 0.1718 0.2012 0.1125 
     D237305 11 0.3489 0.1473 0.0470 0.0304 0.4264 
     D237314 11 0.2904 0.1994 0.0469 0.1111 0.3522 
     D237315 11 0.0579 0.6731 0.0458 0.1595 0.0638 
     D237316 11 0.2364 0.0358 0.0519 0.6499 0.0260 
     D237328 11 0.1000 0.5152 0.0858 0.2031 0.0959 
     D237329 11 0.0474 0.1651 0.1767 0.1080 0.5027 
     D237330 11 0.5017 0.0649 0.1078 0.0382 0.2874 
     D237331 11 0.1648 0.0544 0.0455 0.2315 0.5038 
     D237332 11 0.6511 0.0881 0.0416 0.1156 0.1035 
     D237333 11 0.1140 0.0282 0.1233 0.0761 0.6584 
     D237334 11 0.1882 0.0882 0.1086 0.5594 0.0557 
     D237335 11 0.6056 0.1041 0.0635 0.0899 0.1369 
     D237336 11 0.0494 0.0515 0.0276 0.0553 0.8162 
     D237350 11 0.7525 0.0241 0.0838 0.0742 0.0654 
     D237383 11 0.4081 0.1086 0.1175 0.0966 0.2693 
     D237384 11 0.0493 0.0579 0.0474 0.6956 0.1498 
     D237385 11 0.4271 0.1119 0.1759 0.1041 0.1810 
     D237386 11 0.1101 0.1948 0.4716 0.1395 0.0840 
     D237387 11 0.6869 0.1306 0.0436 0.1021 0.0368 
     D237388 11 0.2420 0.2068 0.1091 0.3016 0.1405 
        D239 11 0.0881 0.1046 0.0688 0.1399 0.5987 
        D240 11 0.0401 0.0252 0.0441 0.0286 0.8620 
        D241 11 0.1869 0.0617 0.1029 0.3570 0.2914 
        D242 11 0.1791 0.0707 0.2345 0.3483 0.1675 
        D243 11 0.0591 0.0661 0.0328 0.0492 0.7927 
        D244 11 0.2097 0.0346 0.0379 0.0708 0.6470 
        D245 11 0.0565 0.8112 0.0508 0.0397 0.0419 
        D246 11 0.3202 0.3216 0.1030 0.0895 0.1657 
        D247 11 0.2428 0.0875 0.0827 0.2110 0.3760 
        D248 11 0.0915 0.0620 0.5599 0.2371 0.0495 
        D249 11 0.1964 0.6622 0.0266 0.0472 0.0676 
        D250 11 0.1088 0.0590 0.6105 0.1358 0.0860 
        D251 11 0.1568 0.4471 0.0618 0.1417 0.1926 
        D252 11 0.1058 0.4433 0.0402 0.3829 0.0278 
        D253 11 0.6622 0.0597 0.0816 0.0399 0.1566 
        D254 11 0.0341 0.2334 0.6652 0.0395 0.0278 
        D255 11 0.4795 0.1828 0.1812 0.1165 0.0400 
        D256 11 0.0610 0.0748 0.0425 0.2382 0.5835 
        D257 11 0.0647 0.5918 0.1035 0.0731 0.1668 
        D258 11 0.0319 0.7345 0.0288 0.1576 0.0472 
        D259 11 0.2732 0.3330 0.1858 0.1570 0.0510 
        D260 11 0.6460 0.1203 0.1043 0.0637 0.0657 
        D261 11 0.4377 0.1735 0.0635 0.2508 0.0745 
        D262 11 0.1021 0.6940 0.0875 0.0564 0.0600 
        D263 11 0.3353 0.0857 0.0445 0.3787 0.1559 
        D264 11 0.4876 0.2784 0.1653 0.0440 0.0246 
        D265 11 0.0577 0.2319 0.4966 0.0492 0.1646 
        D266 11 0.1728 0.0372 0.2381 0.3540 0.1979 
        D267 11 0.1253 0.1372 0.0533 0.2042 0.4801 
        D268 11 0.1162 0.0787 0.1006 0.1162 0.5883 
        D269 11 0.1162 0.0447 0.0301 0.7530 0.0560 
        D270 11 0.4064 0.2708 0.0919 0.1687 0.0622 
        D271 11 0.1072 0.1749 0.0579 0.2092 0.4508 
        D272 11 0.1727 0.0288 0.1008 0.3389 0.3588 
        D273 11 0.0377 0.8867 0.0216 0.0340 0.0200 
        D274 11 0.2541 0.1264 0.1596 0.2562 0.2037 
        D275 11 0.0953 0.0632 0.1241 0.5093 0.2082 
        D276 11 0.0906 0.0423 0.0383 0.5608 0.2680 
        D277 11 0.0613 0.0972 0.1530 0.4065 0.2819 
        D278 11 0.6824 0.1360 0.1156 0.0251 0.0410 
        D282 11 0.3601 0.3407 0.0255 0.2018 0.0719 
        D296 11 0.0996 0.0505 0.0849 0.2718 0.4932 
        D297 11 0.2258 0.0611 0.0720 0.2949 0.3461 
        D298 11 0.1290 0.0550 0.1677 0.2897 0.3585 
        D299 11 0.8741 0.0355 0.0384 0.0207 0.0312 
        D300 11 0.2021 0.0822 0.1513 0.2180 0.3464 
        D382 11 0.1269 0.0650 0.0331 0.4873 0.2877 
        D383 11 0.3072 0.1174 0.0368 0.0600 0.4787 
        D387 11 0.1471 0.2984 0.1909 0.1188 0.2447 
        D388 11 0.0250 0.0268 0.0218 0.8781 0.0482 
        D389 11 0.8069 0.0349 0.0572 0.0512 0.0498 
        D390 11 0.2572 0.0796 0.2223 0.2947 0.1461 
        D396 11 0.2243 0.1202 0.2976 0.1946 0.1633 
        D397 11 0.6574 0.2140 0.0296 0.0344 0.0646 
        D398 11 0.0888 0.0591 0.0510 0.3226 0.4785 
        D399 11 0.1105 0.0944 0.1670 0.6031 0.0251 
        D437 11 0.6987 0.1599 0.0543 0.0424 0.0447 
        D441 11 0.0799 0.1288 0.0811 0.0712 0.6391 
        D442 11 0.4755 0.0899 0.1057 0.1206 0.2082 
        D443 11 0.0345 0.0269 0.0278 0.0407 0.8701 
        D444 11 0.1891 0.0654 0.2657 0.3824 0.0973 
        D445 11 0.6447 0.1845 0.0368 0.1043 0.0297 
        D446 11 0.2017 0.0766 0.2547 0.3339 0.1331 
        D451 11 0.0958 0.3184 0.0747 0.2783 0.2329 
        D452 11 0.3340 0.0421 0.2702 0.2733 0.0804 
        D453 11 0.1125 0.0318 0.1146 0.6710 0.0700 
        D454 11 0.0782 0.4111 0.1306 0.2514 0.1287 
        D457 11 0.1926 0.5997 0.0382 0.0494 0.1201 
        D458 11 0.1694 0.0596 0.0511 0.4159 0.3039 
        D466 11 0.0371 0.0447 0.8479 0.0321 0.0382 
        D467 11 0.7729 0.0730 0.0642 0.0607 0.0292 
        D475 11 0.0735 0.7196 0.0323 0.1328 0.0418 
        D488 11 0.1066 0.1389 0.3439 0.2842 0.1263 
        D489 11 0.2261 0.2449 0.3546 0.0665 0.1079 
        D493 11 0.0618 0.1488 0.3324 0.3551 0.1020 
        D494 11 0.1465 0.2375 0.2568 0.2539 0.1053 
        D495 11 0.1334 0.5482 0.1646 0.0594 0.0944 
        D496 11 0.0714 0.0229 0.0927 0.0261 0.7870 
        D674 11 0.1049 0.0446 0.1333 0.0904 0.6267 
        D675 11 0.0664 0.0192 0.0952 0.0314 0.7878 
        D676 11 0.6878 0.2146 0.0327 0.0237 0.0413 
        D680 11 0.0536 0.0338 0.0268 0.0798 0.8060 
        D701 11 0.3574 0.3277 0.0782 0.0689 0.1678 
        D702 11 0.2254 0.1728 0.2289 0.3124 0.0605 
        D703 11 0.1717 0.0576 0.2904 0.1603 0.3200 
        D704 11 0.3978 0.3058 0.1277 0.0715 0.0972 
        D705 11 0.2772 0.2660 0.3851 0.0450 0.0267 
        D706 11 0.4240 0.0941 0.1665 0.0731 0.2424 
        D707 11 0.5299 0.1774 0.0684 0.1220 0.1023 
        D751 11 0.3296 0.0722 0.0378 0.4733 0.0871 
        D752 11 0.3641 0.1245 0.1208 0.0637 0.3270 
        D753 11 0.2595 0.1570 0.4751 0.0392 0.0692 
        D773 11 0.0226 0.9049 0.0230 0.0286 0.0209 
        D774 11 0.1612 0.0514 0.2156 0.3153 0.2564 
        D801 11 0.1564 0.1305 0.2895 0.0996 0.3240 
        D802 11 0.0536 0.5091 0.1357 0.2400 0.0616 
        D803 11 0.1804 0.0782 0.0472 0.0938 0.6003 
        D804 11 0.1431 0.5318 0.0694 0.1267 0.1290 
        D805 11 0.0519 0.1475 0.0351 0.5883 0.1772 
        D806 11 0.0411 0.8749 0.0267 0.0351 0.0222 
        D809 11 0.5556 0.0743 0.1044 0.1859 0.0797 
        D810 11 0.2927 0.0360 0.0740 0.1480 0.4493 
        D812 11 0.1804 0.3748 0.1348 0.2139 0.0961 
        D813 11 0.2202 0.0623 0.1435 0.2291 0.3449 
        D823 11 0.7303 0.0570 0.0613 0.0976 0.0538 
        D824 11 0.7094 0.0648 0.1273 0.0327 0.0659 
        D829 11 0.1766 0.0242 0.1599 0.5124 0.1270 
        D830 11 0.3900 0.2277 0.1027 0.2041 0.0754 
        D831 11 0.4114 0.3486 0.0861 0.0327 0.1211 
        D832 11 0.3636 0.1565 0.3038 0.0422 0.1340 
        D833 11 0.2248 0.0280 0.0529 0.4327 0.2615 
        D834 11 0.1206 0.0535 0.1019 0.5797 0.1443 
        D835 11 0.1323 0.7067 0.0304 0.0662 0.0645 
        D855 11 0.1650 0.2931 0.1448 0.1764 0.2208 
        D863 11 0.0305 0.0220 0.0539 0.0286 0.8651 
        D864 11 0.5847 0.1138 0.0884 0.1092 0.1038 
        D878 11 0.3064 0.1489 0.0722 0.1194 0.3530 
        D879 11 0.2158 0.5596 0.0613 0.1112 0.0520 
        D880 11 0.1783 0.0211 0.5232 0.0823 0.1951 
        D881 11 0.0452 0.0399 0.0279 0.0839 0.8031 
        D882 11 0.2204 0.1497 0.3776 0.0609 0.1914 
        D909 11 0.1399 0.1865 0.2294 0.1121 0.3322 
        D921 11 0.3851 0.0882 0.0688 0.3489 0.1089 
        D924 11 0.0819 0.0316 0.1795 0.1502 0.5568 
        D935 11 0.3545 0.0670 0.0876 0.4450 0.0460 
        D940 11 0.0173 0.0182 0.0204 0.0231 0.9210 
        D941 11 0.0381 0.0400 0.0420 0.4346 0.4453 
        D942 11 0.0688 0.8029 0.0445 0.0565 0.0272 
        D980 11 0.1276 0.0749 0.1253 0.4888 0.1833 
        D981 11 0.1907 0.1499 0.0682 0.5439 0.0473 
        D982 11 0.1523 0.0281 0.6900 0.0876 0.0421 
        D983 11 0.3006 0.0773 0.0579 0.2134 0.3508 
        D984 11 0.6091 0.0379 0.1462 0.1623 0.0446 
        D992 11 0.6082 0.2171 0.0994 0.0516 0.0237 
        D993 11 0.1399 0.1204 0.1765 0.4471 0.1162 
        D994 11 0.5408 0.1499 0.0701 0.0350 0.2043 
        D995 11 0.0329 0.8135 0.0315 0.0930 0.0291 
        H354 11 0.0508 0.5452 0.1558 0.2054 0.0429 
