        D023  2 0.0203 0.0236 0.2235 0.6851 0.0226 0.0249 
        D130  2 0.0191 0.0354 0.0477 0.3522 0.5169 0.0287 
        D131  2 0.0534 0.1165 0.3329 0.0972 0.2028 0.1973 
        D163  2 0.0886 0.0316 0.1395 0.1097 0.5167 0.1140 
        D164  2 0.0330 0.0219 0.1866 0.6434 0.0993 0.0158 
        D165  2 0.0175 0.0292 0.1236 0.7511 0.0459 0.0327 
        D166  2 0.0506 0.3502 0.0943 0.0763 0.3308 0.0978 
        D167  2 0.0718 0.0390 0.0272 0.8055 0.0209 0.0357 
        D192  2 0.0241 0.0217 0.0172 0.9004 0.0134 0.0232 
        D193  2 0.3959 0.2804 0.0850 0.0292 0.1365 0.0731 
        D206  2 0.0321 0.0614 0.5382 0.1708 0.1724 0.0250 
        D207  2 0.0346 0.0774 0.0697 0.4501 0.0750 0.2931 
        D208  2 0.3719 0.1065 0.0496 0.0894 0.0531 0.3295 
        D209  2 0.0464 0.1685 0.0475 0.6778 0.0292 0.0306 
        D210  2 0.5580 0.0498 0.0448 0.1167 0.0350 0.1957 
     D229599  2 0.0882 0.1322 0.4296 0.1028 0.0325 0.2147 
     D229600  2 0.0323 0.0409 0.0412 0.6902 0.1432 0.0522 
     D237227  2 0.4848 0.0491 0.0893 0.1013 0.1094 0.1661 
     D237228  2 0.3610 0.0500 0.0479 0.0606 0.4035 0.0770 
     D237258  2 0.0662 0.3199 0.1214 0.2585 0.0812 0.1528 
     D237310  2 0.0739 0.0345 0.0156 0.0280 0.8241 0.0240 
     D237311  2 0.0785 0.0452 0.0321 0.1407 0.6622 0.0412 
     D237312  2 0.0434 0.1268 0.0253 0.0272 0.7510 0.0263 
     D237313  2 0.0788 0.0411 0.7371 0.0313 0.0674 0.0444 
     D237322  2 0.1556 0.1776 0.0570 0.0738 0.1344 0.4016 
     D237323  2 0.1882 0.0509 0.0245 0.0282 0.6082 0.1001 
     D237324  2 0.0208 0.0387 0.0411 0.6607 0.1094 0.1293 
     D237325  2 0.1168 0.0555 0.0291 0.0550 0.7094 0.0343 
     D237326  2 0.1699 0.0512 0.1799 0.0907 0.4547 0.0536 
     D237327  2 0.0295 0.0669 0.0183 0.0623 0.0263 0.7968 
     D237337  2 0.1023 0.0270 0.0993 0.0141 0.7330 0.0242 
     D237338  2 0.1882 0.1378 0.0440 0.1267 0.4201 0.0833 
     D237339  2 0.0323 0.2215 0.0680 0.4923 0.0272 0.1587 
     D237340  2 0.3147 0.1042 0.0279 0.1762 0.3024 0.0745 
     D237389  2 0.0293 0.0443 0.0306 0.0366 0.8418 0.0174 
     D237390  2 0.0938 0.1475 0.0489 0.0279 0.6288 0.0531 
     D244017  2 0.4523 0.0830 0.0637 0.2267 0.0258 0.1485 
     D244112  2 0.0627 0.0378 0.0212 0.7586 0.0856 0.0340 
     D244118  2 0.0413 0.0242 0.0164 0.8657 0.0207 0.0318 
     D244119  2 0.6054 0.0210 0.0332 0.2702 0.0273 0.0429 
     D244120  2 0.2103 0.3396 0.0212 0.1452 0.1361 0.1476 
     D244122  2 0.0755 0.0720 0.0420 0.7295 0.0451 0.0360 
        D291  2 0.0212 0.0186 0.0467 0.0671 0.0252 0.8213 
        D292  2 0.2275 0.0775 0.2582 0.1706 0.0264 0.2398 
        D293  2 0.0217 0.0265 0.0347 0.8193 0.0205 0.0773 
        D322  2 0.0178 0.0381 0.0328 0.8415 0.0171 0.0527 
        D323  2 0.1188 0.2374 0.2475 0.2164 0.0873 0.0926 
        D324  2 0.0532 0.0358 0.2041 0.1004 0.0698 0.5366 
        D325  2 0.0181 0.0312 0.0534 0.7327 0.0790 0.0855 
        D326  2 0.0301 0.0218 0.8547 0.0153 0.0200 0.0582 
        D340  2 0.0244 0.0212 0.0212 0.8852 0.0235 0.0245 
        D341  2 0.0698 0.0365 0.0798 0.5950 0.1593 0.0596 
        D342  2 0.0340 0.0434 0.0586 0.7613 0.0378 0.0650 
        D343  2 0.0115 0.0145 0.0153 0.9200 0.0196 0.0192 
        D344  2 0.0240 0.2905 0.5199 0.0594 0.0693 0.0369 
        D345  2 0.0264 0.0521 0.7879 0.0505 0.0167 0.0664 
        D346  2 0.3581 0.1792 0.1869 0.1281 0.0633 0.0844 
        D351  2 0.0276 0.0810 0.3845 0.0787 0.0683 0.3599 
        D352  2 0.1096 0.5693 0.0730 0.1289 0.0453 0.0739 
        D353  2 0.0238 0.3738 0.4675 0.0279 0.0297 0.0774 
        D354  2 0.0462 0.3771 0.4970 0.0273 0.0222 0.0302 
        D362  2 0.0391 0.0226 0.7364 0.1027 0.0387 0.0604 
        D363  2 0.0419 0.0414 0.7520 0.0839 0.0249 0.0559 
        D364  2 0.0260 0.1141 0.7864 0.0377 0.0164 0.0195 
        D365  2 0.0243 0.0206 0.0178 0.8944 0.0234 0.0194 
        D369  2 0.2242 0.0540 0.1931 0.1523 0.2426 0.1338 
        D374  2 0.7513 0.1352 0.0499 0.0218 0.0205 0.0214 
        D375  2 0.0188 0.7175 0.1833 0.0274 0.0347 0.0184 
        D376  2 0.6945 0.1642 0.0512 0.0383 0.0227 0.0292 
        D377  2 0.1133 0.2475 0.2764 0.0847 0.2146 0.0634 
        D378  2 0.0226 0.0844 0.1216 0.6441 0.0169 0.1105 
        D379  2 0.0399 0.0402 0.8038 0.0299 0.0477 0.0386 
        D384  2 0.0388 0.0204 0.8747 0.0192 0.0215 0.0255 
        D385  2 0.0236 0.0883 0.0267 0.8152 0.0263 0.0199 
        D386  2 0.0198 0.4340 0.4198 0.0774 0.0155 0.0335 
        D391  2 0.0204 0.0614 0.0296 0.8378 0.0267 0.0240 
        D392  2 0.0482 0.0227 0.0777 0.7755 0.0456 0.0303 
        D393  2 0.0373 0.2164 0.3164 0.1626 0.0382 0.2291 
        D394  2 0.1463 0.2952 0.0895 0.1637 0.1370 0.1682 
        D395  2 0.0273 0.2671 0.0253 0.6040 0.0402 0.0361 
        D401  2 0.1010 0.0177 0.0427 0.0233 0.7932 0.0220 
        D402  2 0.0300 0.0628 0.0350 0.7960 0.0267 0.0496 
        D403  2 0.0248 0.1593 0.6772 0.0646 0.0298 0.0443 
        D415  2 0.0250 0.0975 0.4861 0.0956 0.2280 0.0678 
        D435  2 0.0238 0.0746 0.3069 0.4561 0.0684 0.0702 
        D436  2 0.1187 0.3737 0.1710 0.0724 0.2127 0.0515 
        D438  2 0.0250 0.0178 0.0152 0.9006 0.0228 0.0185 
        D439  2 0.0336 0.2469 0.2869 0.3327 0.0214 0.0785 
        D449  2 0.0286 0.0286 0.1876 0.6108 0.1149 0.0296 
        D450  2 0.1158 0.2192 0.3743 0.0503 0.1186 0.1219 
        D456  2 0.0200 0.0243 0.8022 0.0242 0.0311 0.0982 
        D462  2 0.0167 0.0368 0.0219 0.8819 0.0221 0.0206 
        D463  2 0.0323 0.0270 0.8669 0.0135 0.0204 0.0398 
        D464  2 0.0353 0.6703 0.1524 0.0576 0.0425 0.0419 
        D465  2 0.0305 0.0331 0.0941 0.4277 0.3893 0.0253 
        D473  2 0.3828 0.2553 0.0598 0.0807 0.0815 0.1400 
        D474  2 0.0704 0.0386 0.5203 0.1481 0.0335 0.1891 
        D476  2 0.0217 0.1234 0.0413 0.6570 0.0816 0.0750 
        D477  2 0.0435 0.2467 0.5568 0.0468 0.0345 0.0718 
        D478  2 0.0996 0.1048 0.1986 0.1678 0.0410 0.3883 
        D480  2 0.1155 0.2364 0.2087 0.2692 0.0491 0.1211 
        D481  2 0.1403 0.2505 0.3210 0.1218 0.0267 0.1397 
        D482  2 0.2006 0.5455 0.0496 0.0326 0.0386 0.1330 
        D483  2 0.0621 0.0190 0.0203 0.8538 0.0177 0.0271 
        D484  2 0.0291 0.8536 0.0192 0.0451 0.0207 0.0323 
        D510  2 0.7176 0.0542 0.0546 0.0278 0.0437 0.1020 
        D511  2 0.0268 0.4905 0.1313 0.2626 0.0300 0.0588 
        D512  2 0.0188 0.0389 0.0303 0.0750 0.8023 0.0348 
        D513  2 0.0547 0.0399 0.2781 0.4056 0.1479 0.0737 
        D635  2 0.0262 0.0300 0.5089 0.3630 0.0193 0.0526 
        D636  2 0.0279 0.0280 0.2861 0.5595 0.0726 0.0259 
        D637  2 0.0844 0.4256 0.0852 0.1562 0.1911 0.0575 
        D658  2 0.1076 0.1974 0.0230 0.5175 0.1159 0.0386 
        D659  2 0.0971 0.0665 0.5371 0.0522 0.1145 0.1327 
        D677  2 0.0448 0.0535 0.3115 0.0531 0.4617 0.0756 
        D678  2 0.0335 0.0762 0.0337 0.7894 0.0385 0.0287 
        D679  2 0.0789 0.1185 0.6036 0.0522 0.0456 0.1013 
        D719  2 0.3983 0.0474 0.2401 0.1945 0.0430 0.0766 
        D720  2 0.1145 0.0284 0.6114 0.0869 0.0553 0.1035 
        D721  2 0.0227 0.0269 0.0895 0.7991 0.0238 0.0380 
        D722  2 0.5562 0.1449 0.1039 0.0838 0.0573 0.0538 
        D734  2 0.2271 0.4934 0.0632 0.1290 0.0340 0.0532 
        D735  2 0.0668 0.0746 0.4127 0.2935 0.0345 0.1178 
        D736  2 0.3034 0.0818 0.1822 0.0839 0.0841 0.2647 
        D737  2 0.0816 0.1337 0.0262 0.6091 0.0357 0.1137 
        D807  2 0.2219 0.1599 0.1696 0.0915 0.1245 0.2325 
        D808  2 0.0373 0.0661 0.1028 0.2807 0.3787 0.1343 
        D817  2 0.0366 0.0596 0.7463 0.0261 0.0805 0.0510 
        D818  2 0.0317 0.0701 0.0842 0.3027 0.1202 0.3911 
        D819  2 0.0672 0.1109 0.3566 0.0735 0.3165 0.0753 
        D820  2 0.0545 0.0955 0.3565 0.2157 0.1280 0.1499 
        D895  2 0.0547 0.0759 0.6939 0.0564 0.0766 0.0425 
        D896  2 0.0980 0.0216 0.0478 0.0151 0.7978 0.0197 
        D897  2 0.0606 0.0653 0.0436 0.6170 0.1133 0.1002 
        D898  2 0.0647 0.0654 0.2012 0.0414 0.1312 0.4961 
        D918  2 0.0750 0.1285 0.0527 0.0414 0.6363 0.0661 
        D919  2 0.0283 0.2132 0.1590 0.4044 0.0213 0.1737 
        D920  2 0.0581 0.0352 0.0404 0.2601 0.5731 0.0331 
        D923  2 0.0304 0.1066 0.6964 0.1107 0.0249 0.0311 
        D930  2 0.1281 0.1201 0.5774 0.0746 0.0539 0.0459 
        D931  2 0.0454 0.4689 0.1333 0.2181 0.0723 0.0619 
        D968  2 0.0219 0.0322 0.0315 0.8323 0.0205 0.0616 
        D969  2 0.1245 0.0906 0.3155 0.0890 0.0585 0.3219 
        D977  2 0.0286 0.0554 0.0679 0.6919 0.1064 0.0499 
        D978  2 0.0408 0.0537 0.0955 0.1336 0.0261 0.6503 
        D009  4 0.0780 0.0617 0.0763 0.0299 0.6319 0.1222 
        D057  4 0.0492 0.0737 0.0229 0.6801 0.0573 0.1168 
        D109  4 0.1357 0.1099 0.1224 0.0323 0.5669 0.0328 
     D237222  4 0.2245 0.0508 0.0351 0.4354 0.1619 0.0923 
     D237223  4 0.1577 0.0702 0.0285 0.0669 0.6002 0.0764 
     D237224  4 0.0464 0.3027 0.3675 0.1321 0.0224 0.1289 
     D237225  4 0.0947 0.0412 0.1662 0.0759 0.3362 0.2858 
     D237299  4 0.0645 0.0421 0.0353 0.0432 0.7151 0.0998 
     D237300  4 0.0801 0.0758 0.0581 0.0473 0.0538 0.6848 
     D237306  4 0.5220 0.0995 0.0335 0.0287 0.2850 0.0313 
     D237307  4 0.3039 0.0398 0.3490 0.0475 0.1304 0.1293 
     D237308  4 0.1497 0.1183 0.0993 0.5354 0.0443 0.0530 
     D237309  4 0.0464 0.1078 0.2140 0.2321 0.1445 0.2551 
     D237317  4 0.1848 0.0321 0.5127 0.0699 0.0360 0.1645 
     D237318  4 0.0248 0.0204 0.0295 0.0407 0.0279 0.8567 
     D237319  4 0.0747 0.0643 0.2412 0.0585 0.4946 0.0668 
     D237320  4 0.0491 0.0385 0.0421 0.0567 0.6823 0.1313 
     D237321  4 0.1054 0.0480 0.1355 0.0793 0.0663 0.5655 
     D237397  4 0.3894 0.0472 0.0401 0.0709 0.3307 0.1217 
     D237398  4 0.0206 0.0426 0.0975 0.0405 0.0490 0.7499 
     D237399  4 0.1573 0.0409 0.0685 0.0559 0.0959 0.5814 
     D244001  4 0.0983 0.1190 0.0464 0.5342 0.1358 0.0664 
        D289  4 0.2712 0.1935 0.0881 0.1169 0.0719 0.2584 
        D290  4 0.0688 0.0624 0.0263 0.0633 0.0534 0.7259 
        D294  4 0.0811 0.4393 0.0474 0.1109 0.0361 0.2852 
        D295  4 0.1123 0.1308 0.1905 0.0393 0.4322 0.0948 
        D301  4 0.1546 0.0801 0.0588 0.1598 0.4623 0.0843 
        D302  4 0.0225 0.7312 0.1394 0.0573 0.0247 0.0249 
        D303  4 0.6744 0.1367 0.0349 0.0402 0.0784 0.0354 
        D304  4 0.0587 0.0388 0.0564 0.0281 0.0263 0.7917 
        D305  4 0.0353 0.5498 0.0598 0.2555 0.0312 0.0685 
        D306  4 0.1669 0.0642 0.0820 0.0729 0.0655 0.5485 
        D307  4 0.1285 0.0847 0.0338 0.3752 0.2418 0.1361 
        D327  4 0.0612 0.0516 0.6613 0.0648 0.1085 0.0526 
        D328  4 0.2139 0.5604 0.0442 0.0293 0.1166 0.0355 
        D329  4 0.0848 0.3807 0.0642 0.2837 0.0283 0.1583 
        D330  4 0.0298 0.1517 0.2163 0.1377 0.4030 0.0616 
        D331  4 0.1973 0.0798 0.1678 0.0835 0.0653 0.4063 
        D333  4 0.2127 0.2386 0.0735 0.1527 0.1682 0.1543 
        D334  4 0.5711 0.0955 0.0446 0.0504 0.0672 0.1712 
        D335  4 0.0601 0.3002 0.2531 0.3064 0.0278 0.0523 
        D370  4 0.2695 0.3580 0.1493 0.0870 0.0812 0.0550 
        D371  4 0.5317 0.2002 0.1632 0.0284 0.0518 0.0247 
        D372  4 0.0616 0.0314 0.0279 0.0400 0.0342 0.8048 
        D373  4 0.0313 0.0663 0.0843 0.6439 0.0709 0.1033 
        D455  4 0.0432 0.0633 0.0359 0.5491 0.0875 0.2210 
        D490  4 0.0217 0.0244 0.0127 0.0166 0.9022 0.0223 
        D497  4 0.0182 0.0373 0.0144 0.0288 0.8321 0.0691 
        D498  4 0.3315 0.0589 0.0724 0.0715 0.1203 0.3454 
        D499  4 0.0972 0.3217 0.1264 0.1941 0.1920 0.0686 
        D514  4 0.0238 0.1688 0.3519 0.0572 0.2203 0.1779 
        D515  4 0.0310 0.1059 0.0379 0.0388 0.7567 0.0297 
        D516  4 0.2105 0.0606 0.1584 0.1118 0.3625 0.0963 
        D517  4 0.0721 0.0556 0.1081 0.3356 0.2160 0.2125 
        D518  4 0.1039 0.1740 0.0569 0.5215 0.1075 0.0363 
        D519  4 0.0263 0.0233 0.0257 0.0258 0.8406 0.0583 
        D560  4 0.0263 0.0728 0.1116 0.0454 0.6997 0.0443 
        D561  4 0.0245 0.0807 0.1203 0.5138 0.1952 0.0655 
        D562  4 0.1726 0.2027 0.0976 0.1504 0.0819 0.2947 
        D563  4 0.0261 0.2039 0.0324 0.6180 0.0519 0.0677 
        D572  4 0.0557 0.6390 0.0605 0.1355 0.0525 0.0568 
        D629  4 0.0259 0.1443 0.6018 0.0468 0.0527 0.1284 
        D630  4 0.1105 0.1997 0.0802 0.0884 0.2590 0.2621 
        D631  4 0.0459 0.3468 0.0303 0.4126 0.0898 0.0746 
        D632  4 0.0221 0.2598 0.2303 0.4041 0.0651 0.0186 
        D646  4 0.0741 0.0337 0.0967 0.0509 0.6810 0.0636 
        D647  4 0.0352 0.1890 0.2506 0.1628 0.2462 0.1162 
        D648  4 0.0643 0.8093 0.0200 0.0371 0.0527 0.0165 
        D649  4 0.0281 0.1758 0.6058 0.0305 0.1211 0.0387 
        D650  4 0.0963 0.0870 0.2580 0.0403 0.4251 0.0932 
        D708  4 0.2585 0.2832 0.2108 0.0381 0.1309 0.0785 
        D709  4 0.1360 0.1545 0.1911 0.0627 0.1982 0.2576 
        D738  4 0.6763 0.0417 0.0409 0.0271 0.1641 0.0500 
        D739  4 0.1016 0.1467 0.0535 0.0591 0.4455 0.1936 
        D740  4 0.2924 0.0769 0.0990 0.0668 0.1725 0.2925 
        D741  4 0.0191 0.0282 0.0339 0.0291 0.8563 0.0333 
        D742  4 0.1231 0.1122 0.0526 0.3126 0.2387 0.1608 
        D743  4 0.0474 0.3316 0.3754 0.0982 0.0705 0.0770 
        D744  4 0.0246 0.7270 0.0805 0.0760 0.0323 0.0597 
        D745  4 0.0199 0.0354 0.0213 0.0153 0.8841 0.0241 
        D814  4 0.0575 0.1982 0.1272 0.2844 0.2205 0.1121 
        D815  4 0.0460 0.4930 0.2766 0.0696 0.0418 0.0730 
        D828  4 0.3147 0.3700 0.0282 0.0836 0.0823 0.1212 
        D845  4 0.0594 0.0214 0.0394 0.0307 0.0223 0.8268 
        D846  4 0.0218 0.1787 0.1921 0.4670 0.0309 0.1095 
        D847  4 0.0727 0.0578 0.0946 0.0535 0.1118 0.6095 
        D848  4 0.0312 0.0378 0.0258 0.7028 0.0277 0.1747 
        D849  4 0.0399 0.0614 0.0518 0.0496 0.7496 0.0476 
        D850  4 0.0846 0.0684 0.1718 0.1695 0.1036 0.4021 
        D856  4 0.0880 0.1146 0.3241 0.0869 0.2539 0.1325 
        D857  4 0.1886 0.1092 0.0616 0.0844 0.5266 0.0295 
        D859  4 0.0679 0.5091 0.1593 0.0493 0.1060 0.1084 
        D860  4 0.4749 0.0521 0.0709 0.0904 0.0133 0.2983 
        D883  4 0.1684 0.1483 0.1566 0.0372 0.3680 0.1215 
        D884  4 0.1063 0.0868 0.0381 0.0197 0.7315 0.0176 
        D885  4 0.0577 0.0658 0.2148 0.1256 0.4352 0.1008 
        D886  4 0.0775 0.1499 0.1437 0.2072 0.2220 0.1998 
        D887  4 0.0643 0.4798 0.1470 0.0731 0.0825 0.1532 
        D889  4 0.0257 0.0454 0.0370 0.0156 0.0202 0.8560 
        D890  4 0.1056 0.4882 0.1859 0.1217 0.0513 0.0473 
        D891  4 0.0119 0.0126 0.0174 0.0119 0.0132 0.9330 
        D899  4 0.1826 0.1151 0.0355 0.4124 0.0454 0.2091 
        D900  4 0.0838 0.1195 0.1419 0.0714 0.1177 0.4657 
        D970  4 0.0670 0.1415 0.1150 0.1430 0.0224 0.5110 
        D971  4 0.0652 0.0680 0.0954 0.6948 0.0349 0.0417 
        D979  4 0.0591 0.2335 0.5114 0.1110 0.0288 0.0561 
        D093  5 0.7660 0.0466 0.0433 0.0257 0.0647 0.0536 
        D154  5 0.0852 0.0728 0.1167 0.1110 0.4636 0.1506 
        D168  5 0.0434 0.0969 0.1095 0.1949 0.4729 0.0825 
        D189  5 0.4023 0.0720 0.0305 0.0607 0.0580 0.3764 
        D190  5 0.6723 0.0941 0.1188 0.0340 0.0506 0.0303 
     D237220  5 0.1558 0.0508 0.0433 0.0268 0.1166 0.6068 
     D237221  5 0.3314 0.0777 0.1869 0.1082 0.0701 0.2258 
     D237274  5 0.0203 0.0743 0.7258 0.0568 0.0632 0.0596 
     D237275  5 0.0891 0.0328 0.0361 0.4650 0.0663 0.3107 
     D237276  5 0.3245 0.1424 0.1020 0.0432 0.3301 0.0578 
     D237277  5 0.4891 0.1385 0.1994 0.0561 0.0420 0.0749 
     D237278  5 0.1732 0.1366 0.0734 0.4280 0.1299 0.0590 
     D237279  5 0.0285 0.0759 0.3261 0.1632 0.3195 0.0869 
     D237280  5 0.1196 0.0521 0.7026 0.0230 0.0608 0.0419 
     D237281  5 0.0714 0.0476 0.0667 0.3389 0.0607 0.4147 
     D237351  5 0.1302 0.0293 0.2671 0.0222 0.5252 0.0260 
     D237352  5 0.0759 0.1105 0.1424 0.4502 0.1507 0.0703 
     D237353  5 0.6439 0.0678 0.2023 0.0206 0.0237 0.0417 
     D237359  5 0.1303 0.0590 0.0874 0.0239 0.1040 0.5954 
     D237361  5 0.7727 0.0251 0.0606 0.0302 0.0264 0.0850 
     D237362  5 0.0958 0.0718 0.4845 0.0501 0.2623 0.0356 
     D237363  5 0.1171 0.0414 0.2661 0.1705 0.3013 0.1037 
     D237364  5 0.0285 0.1224 0.1104 0.1467 0.4906 0.1014 
     D237376  5 0.1970 0.6574 0.0154 0.0317 0.0701 0.0284 
     D237377  5 0.1897 0.0649 0.5646 0.0670 0.0816 0.0323 
     D237378  5 0.6335 0.2099 0.0191 0.0460 0.0431 0.0485 
     D237379  5 0.2107 0.5301 0.0568 0.0377 0.1088 0.0559 
     D237380  5 0.2167 0.3359 0.3123 0.0334 0.0745 0.0273 
     D237381  5 0.1399 0.0604 0.1497 0.2382 0.2607 0.1511 
     D237391  5 0.6342 0.0342 0.1314 0.0299 0.0374 0.1329 
     D237392  5 0.0396 0.1291 0.4735 0.2226 0.0941 0.0410 
     D237393  5 0.3045 0.0593 0.4001 0.1041 0.0453 0.0868 
     D237394  5 0.7146 0.0650 0.1329 0.0213 0.0278 0.0384 
     D237395  5 0.4211 0.0677 0.0908 0.0935 0.1339 0.1930 
     D237396  5 0.1015 0.0296 0.2733 0.4775 0.0352 0.0829 
     D244016  5 0.2405 0.2922 0.1858 0.1255 0.0505 0.1056 
     D244018  5 0.1795 0.0272 0.0473 0.5654 0.0766 0.1040 
     D244019  5 0.0787 0.0619 0.5324 0.0984 0.0511 0.1773 
        D279  5 0.1811 0.0813 0.1224 0.0586 0.2707 0.2859 
        D280  5 0.0466 0.0330 0.0608 0.0270 0.0258 0.8068 
        D281  5 0.0670 0.0436 0.0268 0.0751 0.0300 0.7575 
        D283  5 0.1815 0.0329 0.1467 0.0421 0.0420 0.5547 
        D284  5 0.0432 0.0831 0.0495 0.0352 0.6472 0.1418 
        D285  5 0.2448 0.0526 0.0924 0.0207 0.0345 0.5549 
        D286  5 0.3561 0.2680 0.1059 0.0819 0.0684 0.1197 
        D287  5 0.1123 0.7372 0.0228 0.0174 0.0815 0.0289 
        D288  5 0.0350 0.0212 0.1700 0.0258 0.0258 0.7221 
        D308  5 0.0756 0.0336 0.7086 0.0196 0.1398 0.0227 
        D309  5 0.0260 0.8194 0.0585 0.0509 0.0222 0.0230 
        D310  5 0.7586 0.0345 0.0336 0.0169 0.0253 0.1311 
        D311  5 0.2269 0.1443 0.3887 0.0563 0.1408 0.0430 
        D312  5 0.1519 0.3010 0.1648 0.1982 0.0678 0.1163 
        D313  5 0.1008 0.0123 0.0810 0.0274 0.7571 0.0215 
        D314  5 0.1958 0.2399 0.0797 0.1141 0.3076 0.0628 
        D315  5 0.2926 0.1917 0.2710 0.0839 0.0646 0.0962 
        D317  5 0.8452 0.0262 0.0500 0.0158 0.0238 0.0389 
        D318  5 0.0794 0.3209 0.2182 0.0962 0.0957 0.1896 
        D319  5 0.8370 0.0195 0.0185 0.0205 0.0460 0.0585 
        D320  5 0.6613 0.0869 0.0482 0.0206 0.0432 0.1397 
        D321  5 0.0869 0.0141 0.6394 0.0133 0.1299 0.1163 
        D336  5 0.7008 0.1235 0.0487 0.0260 0.0482 0.0527 
        D337  5 0.8204 0.0343 0.0323 0.0201 0.0217 0.0712 
        D338  5 0.1669 0.0610 0.1414 0.0940 0.2935 0.2431 
        D339  5 0.7698 0.0188 0.0378 0.0267 0.0880 0.0589 
        D347  5 0.1951 0.0699 0.1015 0.0706 0.0356 0.5273 
        D348  5 0.7535 0.0478 0.0400 0.0359 0.0183 0.1045 
        D349  5 0.1331 0.0435 0.5656 0.0231 0.2043 0.0304 
        D350  5 0.0181 0.8827 0.0284 0.0188 0.0272 0.0248 
        D355  5 0.0434 0.0582 0.0701 0.0746 0.1043 0.6493 
        D356  5 0.3058 0.1235 0.2082 0.0536 0.0769 0.2320 
        D357  5 0.1168 0.1889 0.1244 0.0489 0.0931 0.4278 
        D358  5 0.4236 0.3212 0.0574 0.0963 0.0508 0.0507 
        D359  5 0.3335 0.0397 0.4264 0.0246 0.0489 0.1270 
        D360  5 0.3663 0.0713 0.1219 0.0430 0.0672 0.3302 
        D361  5 0.0912 0.0200 0.2640 0.0274 0.5797 0.0178 
        D366  5 0.0582 0.0427 0.2715 0.4090 0.1876 0.0311 
        D367  5 0.6438 0.0966 0.0421 0.0347 0.1117 0.0711 
        D368  5 0.1274 0.0423 0.4356 0.0265 0.3327 0.0354 
        D380  5 0.0479 0.4780 0.1466 0.2258 0.0495 0.0523 
        D381  5 0.5732 0.0322 0.1056 0.0475 0.0469 0.1946 
        D400  5 0.4677 0.1182 0.0592 0.0934 0.0533 0.2081 
        D411  5 0.0110 0.0170 0.0146 0.0162 0.9273 0.0139 
        D412  5 0.3485 0.0504 0.0912 0.1708 0.0429 0.2963 
        D413  5 0.0245 0.0709 0.0827 0.7418 0.0353 0.0446 
        D414  5 0.0320 0.7783 0.0241 0.0706 0.0464 0.0486 
        D420  5 0.0359 0.0280 0.0419 0.0415 0.0630 0.7897 
        D431  5 0.0396 0.7608 0.0325 0.0157 0.0906 0.0609 
        D432  5 0.4112 0.1812 0.0556 0.2013 0.0247 0.1260 
        D433  5 0.7034 0.0455 0.1083 0.0366 0.0465 0.0598 
        D434  5 0.3486 0.0383 0.0499 0.0267 0.0796 0.4569 
        D440  5 0.0465 0.7738 0.0375 0.0285 0.0803 0.0334 
        D447  5 0.0343 0.1442 0.2167 0.1990 0.1680 0.2377 
        D448  5 0.6903 0.1023 0.0385 0.0236 0.0771 0.0682 
        D459  5 0.0478 0.0539 0.0349 0.3126 0.0728 0.4781 
        D460  5 0.0793 0.0259 0.6384 0.0268 0.2057 0.0239 
        D461  5 0.0252 0.7906 0.1082 0.0277 0.0246 0.0237 
        D468  5 0.0714 0.0925 0.1290 0.0273 0.6619 0.0179 
        D469  5 0.0783 0.1266 0.3559 0.0435 0.3064 0.0893 
        D470  5 0.1410 0.1805 0.1397 0.0754 0.4316 0.0319 
        D471  5 0.5504 0.1271 0.1137 0.0364 0.0775 0.0948 
        D472  5 0.0387 0.0252 0.5872 0.1161 0.0173 0.2154 
        D479  5 0.0617 0.1475 0.0480 0.6886 0.0332 0.0211 
        D485  5 0.0402 0.7711 0.0254 0.0332 0.0747 0.0555 
        D486  5 0.0692 0.0924 0.0495 0.0434 0.7157 0.0299 
        D487  5 0.5044 0.1256 0.0331 0.1238 0.0360 0.1770 
        D555  5 0.8257 0.0305 0.0263 0.0356 0.0165 0.0655 
        D556  5 0.0794 0.5520 0.0906 0.0440 0.0528 0.1813 
        D557  5 0.7974 0.0492 0.0542 0.0493 0.0239 0.0260 
        D564  5 0.2037 0.4749 0.1536 0.0738 0.0524 0.0417 
        D594  5 0.2218 0.0955 0.1588 0.1368 0.0791 0.3081 
        D595  5 0.3590 0.1385 0.1960 0.0531 0.1860 0.0674 
        D596  5 0.8229 0.0467 0.0384 0.0350 0.0153 0.0417 
        D597  5 0.3327 0.0537 0.0790 0.1921 0.0277 0.3147 
        D598  5 0.3824 0.3289 0.0671 0.0768 0.0596 0.0852 
        D617  5 0.0429 0.0392 0.0377 0.1103 0.7231 0.0467 
        D618  5 0.4756 0.0739 0.2469 0.0449 0.0396 0.1190 
        D619  5 0.1956 0.0853 0.5226 0.0614 0.0557 0.0795 
        D620  5 0.0523 0.0241 0.0793 0.7148 0.0391 0.0904 
        D628  5 0.0407 0.8401 0.0347 0.0416 0.0211 0.0218 
        D714  5 0.1282 0.5595 0.0303 0.0471 0.0520 0.1829 
        D715  5 0.5306 0.0760 0.2148 0.0505 0.0414 0.0867 
        D716  5 0.1456 0.2301 0.1264 0.0876 0.1221 0.2882 
        D717  5 0.2283 0.1362 0.1357 0.0620 0.0530 0.3848 
        D718  5 0.1428 0.1325 0.0192 0.0280 0.6088 0.0686 
        D769  5 0.0735 0.0865 0.0408 0.2323 0.4987 0.0682 
        D770  5 0.0417 0.7447 0.0341 0.0673 0.0792 0.0330 
        D771  5 0.1016 0.3755 0.0781 0.1000 0.0554 0.2895 
        D772  5 0.1004 0.7042 0.0858 0.0381 0.0295 0.0420 
        D782  5 0.0446 0.0469 0.2137 0.1733 0.1567 0.3648 
        D783  5 0.2080 0.3115 0.0411 0.3205 0.0511 0.0678 
        D784  5 0.0778 0.1425 0.3785 0.1045 0.0338 0.2629 
        D785  5 0.3866 0.2352 0.2587 0.0270 0.0643 0.0281 
        D786  5 0.0359 0.1401 0.1475 0.4005 0.2310 0.0450 
        D821  5 0.7526 0.0873 0.0735 0.0149 0.0239 0.0479 
        D822  5 0.1101 0.0645 0.3185 0.1391 0.0955 0.2723 
        D826  5 0.4098 0.0910 0.0840 0.1120 0.1318 0.1715 
        D827  5 0.0451 0.1226 0.4543 0.0886 0.1605 0.1289 
        D851  5 0.1903 0.1288 0.2826 0.2635 0.0678 0.0671 
        D852  5 0.3455 0.2929 0.0396 0.1048 0.0463 0.1709 
        D853  5 0.3484 0.0696 0.0991 0.0814 0.0815 0.3201 
        D854  5 0.0275 0.0880 0.2151 0.0549 0.5105 0.1040 
        D861  5 0.1897 0.0544 0.0928 0.0605 0.5211 0.0815 
        D862  5 0.2576 0.1237 0.2776 0.0551 0.1054 0.1805 
        D865  5 0.6896 0.0884 0.0554 0.0571 0.0455 0.0641 
        D868  5 0.2610 0.0653 0.3032 0.0514 0.0996 0.2194 
        D869  5 0.0249 0.0197 0.0341 0.0562 0.8428 0.0223 
        D870  5 0.0184 0.0642 0.1312 0.7157 0.0261 0.0444 
        D907  5 0.7915 0.0315 0.0362 0.0287 0.0453 0.0668 
        D908  5 0.3512 0.2926 0.0533 0.1354 0.0312 0.1363 
        D910  5 0.4940 0.0592 0.1028 0.0728 0.1386 0.1326 
        D911  5 0.0485 0.0201 0.0256 0.0366 0.0466 0.8226 
        D934  5 0.0455 0.5425 0.1766 0.0967 0.0625 0.0763 
        D946  5 0.0536 0.6884 0.0528 0.0316 0.1027 0.0708 
        D947  5 0.0348 0.2263 0.2375 0.0431 0.0982 0.3601 
        D948  5 0.2115 0.0227 0.5906 0.0210 0.1209 0.0333 
        D949  5 0.1556 0.0297 0.5365 0.0185 0.2342 0.0254 
        D950  5 0.0572 0.0307 0.0502 0.0733 0.0413 0.7472 
        D951  5 0.0448 0.1794 0.3726 0.2931 0.0597 0.0504 
        D952  5 0.0838 0.0306 0.5229 0.0393 0.0350 0.2884 
        D953  5 0.6017 0.0776 0.1538 0.0237 0.0346 0.1086 
        D954  5 0.1045 0.0348 0.7752 0.0296 0.0241 0.0317 
        D961  5 0.0688 0.7953 0.0292 0.0229 0.0533 0.0306 
        D962  5 0.2044 0.6678 0.0559 0.0197 0.0230 0.0290 
        D963  5 0.3122 0.3191 0.1402 0.0719 0.0410 0.1157 
        D964  5 0.0603 0.3284 0.0802 0.0595 0.2705 0.2011 
        D965  5 0.0555 0.6746 0.0655 0.1003 0.0336 0.0705 
        D966  5 0.1707 0.2677 0.3191 0.1103 0.0282 0.1039 
        D967  5 0.1548 0.0344 0.1004 0.1864 0.0335 0.4905 
        D991  5 0.2013 0.4429 0.0377 0.0586 0.1656 0.0939 
        D132  8 0.0252 0.0224 0.0219 0.0190 0.8918 0.0197 
        D133  8 0.0322 0.0356 0.0245 0.8322 0.0309 0.0446 
        D200  8 0.0499 0.0901 0.0208 0.0399 0.0929 0.7065 
        D500  8 0.0286 0.0360 0.0455 0.0290 0.8289 0.0319 
        D614  8 0.3736 0.1708 0.0472 0.0297 0.1809 0.1977 
        D723  8 0.0377 0.0315 0.0552 0.0290 0.8104 0.0362 
        D888  8 0.0208 0.0344 0.0324 0.0339 0.0220 0.8564 
        D901  8 0.0290 0.0313 0.0190 0.0169 0.8747 0.0291 
        D902  8 0.6367 0.1152 0.0293 0.0556 0.1060 0.0572 
        D903  8 0.0947 0.1794 0.3615 0.2446 0.0515 0.0683 
        D904  8 0.0657 0.3429 0.2556 0.1784 0.0557 0.1017 
        D905  8 0.0752 0.0534 0.0169 0.0226 0.0239 0.8080 
        D906  8 0.0408 0.0952 0.1186 0.5269 0.0361 0.1823 
        D937  8 0.8628 0.0279 0.0158 0.0195 0.0498 0.0243 
        D943  8 0.0601 0.0804 0.0685 0.0436 0.1133 0.6342 
        D972  8 0.0245 0.0252 0.0236 0.0288 0.8731 0.0247 
        D973  8 0.0510 0.0456 0.1461 0.0613 0.6440 0.0519 
        D974  8 0.1043 0.0742 0.0890 0.1182 0.3899 0.2244 
        D975  8 0.1168 0.0686 0.0175 0.0759 0.0624 0.6589 
        D976  8 0.2094 0.1781 0.0509 0.0522 0.2496 0.2597 
        D142 10 0.0935 0.3136 0.1653 0.2772 0.0566 0.0939 
        D143 10 0.0669 0.0498 0.0303 0.8003 0.0309 0.0217 
        D144 10 0.0809 0.3456 0.2294 0.1077 0.0710 0.1654 
        D145 10 0.0496 0.1006 0.0368 0.0359 0.1032 0.6740 
        D146 10 0.0606 0.2414 0.1136 0.0693 0.4885 0.0265 
        D147 10 0.0409 0.3447 0.1044 0.0402 0.4327 0.0371 
        D148 10 0.0380 0.4169 0.2098 0.1792 0.1072 0.0489 
        D149 10 0.1121 0.0959 0.1759 0.3118 0.0953 0.2090 
        D151 10 0.1205 0.0769 0.0792 0.1801 0.2004 0.3428 
        D152 10 0.0180 0.0863 0.0404 0.6410 0.0350 0.1793 
        D153 10 0.0849 0.2633 0.1985 0.1351 0.2020 0.1161 
        D156 10 0.0169 0.8563 0.0467 0.0322 0.0206 0.0274 
        D157 10 0.4460 0.1878 0.0884 0.1281 0.0790 0.0706 
        D158 10 0.0948 0.0866 0.0234 0.0210 0.5794 0.1948 
        D159 10 0.0491 0.0266 0.0459 0.8026 0.0321 0.0437 
        D160 10 0.2945 0.0170 0.0158 0.0141 0.0223 0.6363 
        D161 10 0.0706 0.1525 0.5167 0.1448 0.0504 0.0650 
        D162 10 0.0284 0.8173 0.0517 0.0460 0.0199 0.0367 
        D169 10 0.0369 0.0308 0.0575 0.3062 0.2796 0.2890 
        D170 10 0.0519 0.2171 0.1627 0.1485 0.3810 0.0387 
        D171 10 0.0231 0.8378 0.0557 0.0264 0.0441 0.0130 
        D172 10 0.0359 0.7371 0.0335 0.0355 0.1366 0.0213 
        D173 10 0.0210 0.0407 0.0383 0.6839 0.0897 0.1265 
        D181 10 0.1218 0.6514 0.1034 0.0403 0.0478 0.0353 
        D182 10 0.0735 0.1415 0.1976 0.1047 0.2540 0.2286 
        D183 10 0.6583 0.0320 0.0700 0.0253 0.0545 0.1599 
        D184 10 0.0174 0.0406 0.3170 0.2186 0.3707 0.0358 
        D185 10 0.0357 0.3335 0.4521 0.0554 0.0763 0.0471 
        D186 10 0.0226 0.0198 0.0303 0.0347 0.8151 0.0775 
        D194 10 0.0773 0.0944 0.1998 0.2133 0.3443 0.0708 
        D195 10 0.1193 0.1610 0.1064 0.3392 0.0401 0.2339 
        D196 10 0.1173 0.0825 0.0969 0.3607 0.0240 0.3186 
        D197 10 0.0536 0.0399 0.0369 0.3808 0.4391 0.0496 
        D198 10 0.0475 0.0312 0.7200 0.0540 0.0420 0.1052 
     D237226 10 0.0315 0.0468 0.2211 0.0707 0.0469 0.5830 
     D237232 10 0.1498 0.0436 0.0447 0.0933 0.1012 0.5673 
     D237233 10 0.1256 0.4936 0.0296 0.1216 0.0934 0.1362 
     D237234 10 0.1076 0.6704 0.0492 0.0274 0.0607 0.0848 
     D237354 10 0.0282 0.0271 0.0211 0.0233 0.0210 0.8793 
     D237355 10 0.0821 0.0193 0.0278 0.0169 0.0196 0.8344 
     D237356 10 0.0890 0.0268 0.7638 0.0528 0.0290 0.0386 
     D237357 10 0.0527 0.1116 0.0484 0.4250 0.2511 0.1111 
     D237358 10 0.0321 0.0374 0.0753 0.8088 0.0183 0.0280 
     D237369 10 0.0128 0.0313 0.0227 0.0169 0.9016 0.0147 
     D237370 10 0.3685 0.1162 0.0974 0.3058 0.0431 0.0690 
     D237371 10 0.0302 0.0301 0.8048 0.0487 0.0425 0.0437 
     D237372 10 0.0571 0.0390 0.0563 0.7133 0.0463 0.0880 
     D237373 10 0.0865 0.2590 0.0716 0.0494 0.1973 0.3362 
     D237374 10 0.1372 0.1156 0.0386 0.0232 0.0289 0.6566 
     D237375 10 0.0583 0.0847 0.1240 0.5382 0.0908 0.1039 
     D237400 10 0.0510 0.1391 0.0203 0.7116 0.0388 0.0393 
     D244002 10 0.0597 0.2445 0.1027 0.1278 0.3607 0.1045 
     D244003 10 0.6032 0.0821 0.0152 0.0463 0.0281 0.2251 
     D244004 10 0.8923 0.0323 0.0156 0.0125 0.0233 0.0239 
     D244005 10 0.0320 0.0156 0.0250 0.0634 0.0508 0.8133 
     D244020 10 0.0663 0.3215 0.3613 0.0584 0.1225 0.0700 
     D244021 10 0.0402 0.0317 0.0329 0.0232 0.8413 0.0307 
     D244116 10 0.0291 0.6496 0.0338 0.0848 0.1663 0.0365 
     D244117 10 0.7478 0.0474 0.0381 0.0464 0.0228 0.0975 
     D244121 10 0.6803 0.0961 0.0285 0.0931 0.0580 0.0441 
     D244123 10 0.1754 0.1955 0.0472 0.0546 0.0657 0.4616 
     D244124 10 0.1646 0.0971 0.0431 0.5063 0.1242 0.0647 
        D332 10 0.0775 0.1467 0.4084 0.1162 0.2106 0.0407 
        D570 10 0.3411 0.4639 0.0792 0.0402 0.0456 0.0300 
        D602 10 0.0717 0.6463 0.0623 0.1065 0.0631 0.0501 
        D603 10 0.2406 0.0654 0.0875 0.2518 0.2190 0.1357 
        D604 10 0.0536 0.3857 0.0541 0.3579 0.0264 0.1224 
        D605 10 0.0478 0.0933 0.3647 0.1223 0.0736 0.2983 
        D606 10 0.2689 0.0348 0.0755 0.3504 0.1709 0.0996 
        D607 10 0.0266 0.0711 0.7390 0.0582 0.0382 0.0669 
        D608 10 0.0153 0.0293 0.0536 0.8652 0.0166 0.0200 
        D609 10 0.4206 0.1035 0.2418 0.0336 0.1027 0.0977 
        D610 10 0.0960 0.0401 0.0379 0.0240 0.0325 0.7695 
        D611 10 0.8198 0.0638 0.0277 0.0174 0.0240 0.0471 
        D613 10 0.0310 0.7758 0.0926 0.0254 0.0298 0.0454 
        D633 10 0.0236 0.3890 0.1740 0.3437 0.0246 0.0451 
        D634 10 0.0485 0.6472 0.1442 0.0569 0.0679 0.0354 
        D638 10 0.0615 0.0869 0.0253 0.7298 0.0361 0.0604 
        D681 10 0.0427 0.7474 0.0636 0.0362 0.0864 0.0237 
        D754 10 0.1172 0.0500 0.0167 0.0190 0.7440 0.0530 
        D755 10 0.6981 0.0384 0.0189 0.1423 0.0374 0.0649 
        D756 10 0.3614 0.2424 0.0357 0.0377 0.2429 0.0798 
        D757 10 0.1495 0.0289 0.2506 0.1135 0.0446 0.4128 
        D758 10 0.1111 0.4249 0.2135 0.0669 0.1258 0.0579 
        D759 10 0.5496 0.1046 0.0412 0.1273 0.0246 0.1527 
        D760 10 0.1411 0.2812 0.0637 0.1249 0.0491 0.3400 
        D761 10 0.0388 0.0303 0.0153 0.0678 0.0242 0.8236 
        D762 10 0.0310 0.1936 0.6110 0.1037 0.0202 0.0405 
        D775 10 0.7793 0.0334 0.0261 0.0296 0.0429 0.0886 
        D776 10 0.0591 0.0357 0.0276 0.0903 0.0555 0.7319 
        D777 10 0.5803 0.0584 0.0860 0.0247 0.0325 0.2181 
        D778 10 0.0679 0.0300 0.0710 0.0774 0.2170 0.5367 
        D779 10 0.0873 0.6124 0.0206 0.0238 0.2190 0.0368 
        D780 10 0.0623 0.6881 0.0326 0.0974 0.0422 0.0774 
        D781 10 0.0759 0.4970 0.0454 0.2592 0.0721 0.0504 
        D858 10 0.0966 0.0311 0.2011 0.0740 0.3745 0.2228 
        D933 10 0.0432 0.0257 0.3289 0.1022 0.0207 0.4793 
        D038 11 0.1254 0.1508 0.1315 0.0717 0.0824 0.4382 
        D063 11 0.2426 0.3628 0.0305 0.1504 0.0543 0.1594 
        D155 11 0.3444 0.0685 0.1550 0.0906 0.0808 0.2607 
        D175 11 0.1251 0.0904 0.0245 0.0290 0.6582 0.0727 
        D176 11 0.2521 0.1885 0.0417 0.2147 0.2362 0.0668 
        D205 11 0.6842 0.0433 0.0279 0.0233 0.1336 0.0877 
     D237229 11 0.0577 0.3073 0.0441 0.1907 0.0580 0.3423 
     D237230 11 0.0305 0.0426 0.1886 0.2576 0.4583 0.0223 
     D237231 11 0.0571 0.2005 0.2332 0.2829 0.0783 0.1479 
     D237269 11 0.0615 0.0949 0.1237 0.4092 0.0633 0.2473 
     D237270 11 0.0599 0.0458 0.2669 0.2512 0.3005 0.0757 
     D237271 11 0.1177 0.5445 0.0703 0.0707 0.0921 0.1047 
     D237272 11 0.0426 0.0294 0.1909 0.0535 0.6005 0.0829 
     D237273 11 0.3172 0.2764 0.0358 0.0455 0.0650 0.2601 
     D237301 11 0.1601 0.2351 0.2901 0.0871 0.1308 0.0968 
     D237302 11 0.0460 0.1921 0.0856 0.3613 0.2304 0.0846 
     D237303 11 0.0258 0.1026 0.0909 0.2467 0.5043 0.0298 
     D237304 11 0.1619 0.2635 0.1131 0.0946 0.2564 0.1105 
     D237305 11 0.4480 0.1318 0.0336 0.0332 0.1334 0.2200 
     D237314 11 0.3106 0.4172 0.0669 0.0297 0.0971 0.0785 
     D237315 11 0.0349 0.1587 0.1176 0.0688 0.4315 0.1886 
     D237316 11 0.0524 0.1540 0.6892 0.0428 0.0250 0.0366 
     D237328 11 0.0914 0.0922 0.1515 0.0957 0.4893 0.0800 
     D237329 11 0.0911 0.0253 0.2655 0.2100 0.0645 0.3436 
     D237330 11 0.4832 0.3032 0.0293 0.0527 0.0423 0.0892 
     D237331 11 0.2623 0.3242 0.1666 0.0466 0.0307 0.1695 
     D237332 11 0.1325 0.0945 0.2141 0.0379 0.1696 0.3514 
     D237333 11 0.2515 0.3725 0.0842 0.1374 0.0266 0.1278 
     D237334 11 0.0564 0.0578 0.7385 0.0474 0.0543 0.0456 
     D237335 11 0.3320 0.1050 0.0817 0.0384 0.2373 0.2056 
     D237336 11 0.1065 0.0996 0.1202 0.0421 0.0505 0.5810 
     D237350 11 0.3402 0.4804 0.0322 0.0828 0.0211 0.0434 
     D237383 11 0.1234 0.1813 0.0551 0.0903 0.1179 0.4319 
     D237384 11 0.0281 0.0464 0.7399 0.0326 0.0298 0.1231 
     D237385 11 0.1988 0.3243 0.0926 0.0872 0.1519 0.1451 
     D237386 11 0.1374 0.0533 0.2388 0.3370 0.1446 0.0888 
     D237387 11 0.0901 0.2209 0.2565 0.0605 0.2910 0.0809 
     D237388 11 0.2905 0.3829 0.1511 0.0488 0.0625 0.0642 
        D239 11 0.1241 0.2605 0.1051 0.0454 0.0403 0.4246 
        D240 11 0.1383 0.0582 0.0269 0.1263 0.0187 0.6316 
        D241 11 0.0388 0.0204 0.0560 0.0199 0.0371 0.8277 
        D242 11 0.0792 0.1785 0.1242 0.2048 0.0442 0.3691 
        D243 11 0.3795 0.0350 0.1388 0.0382 0.0568 0.3517 
        D244 11 0.6215 0.0211 0.0588 0.0435 0.0232 0.2319 
        D245 11 0.0222 0.1205 0.0386 0.0297 0.7191 0.0699 
        D246 11 0.1716 0.2993 0.1403 0.0503 0.2401 0.0983 
        D247 11 0.1210 0.5868 0.0562 0.0642 0.0344 0.1374 
        D248 11 0.0939 0.0679 0.2648 0.4388 0.0604 0.0742 
        D249 11 0.0969 0.3009 0.0489 0.0201 0.4901 0.0432 
        D250 11 0.3003 0.1407 0.1403 0.2778 0.0781 0.0628 
        D251 11 0.1743 0.4573 0.0693 0.0454 0.1725 0.0812 
        D252 11 0.0615 0.0918 0.3979 0.0695 0.3472 0.0321 
        D253 11 0.3016 0.1533 0.0411 0.0732 0.1210 0.3096 
        D254 11 0.0241 0.0192 0.0454 0.2941 0.5786 0.0386 
        D255 11 0.1318 0.3529 0.1817 0.1274 0.1580 0.0483 
        D256 11 0.1463 0.0672 0.3377 0.0444 0.0463 0.3583 
        D257 11 0.1846 0.0375 0.2934 0.0612 0.3381 0.0852 
        D258 11 0.0827 0.0415 0.6642 0.0312 0.1500 0.0303 
        D259 11 0.0454 0.1406 0.1106 0.1573 0.4331 0.1131 
        D260 11 0.1271 0.5819 0.0430 0.1127 0.0841 0.0511 
        D261 11 0.0402 0.6874 0.1186 0.0318 0.0547 0.0674 
        D262 11 0.0424 0.1159 0.0853 0.0428 0.6703 0.0433 
        D263 11 0.3954 0.2564 0.2076 0.0545 0.0528 0.0334 
        D264 11 0.0513 0.1059 0.0399 0.0574 0.6928 0.0526 
        D265 11 0.1135 0.0417 0.0643 0.2500 0.3714 0.1591 
        D266 11 0.2027 0.0832 0.2895 0.1142 0.0254 0.2849 
        D267 11 0.3109 0.2486 0.1067 0.0421 0.0853 0.2064 
        D268 11 0.5994 0.1155 0.0720 0.0540 0.0493 0.1099 
        D269 11 0.1075 0.0507 0.5884 0.0368 0.0719 0.1447 
        D270 11 0.1028 0.0583 0.3736 0.0476 0.3528 0.0650 
        D271 11 0.1061 0.0752 0.1901 0.0775 0.1042 0.4469 
        D272 11 0.1315 0.4073 0.0866 0.0960 0.0221 0.2566 
        D273 11 0.0674 0.0597 0.1833 0.0186 0.6376 0.0333 
        D274 11 0.3250 0.0661 0.1655 0.1089 0.0669 0.2677 
        D275 11 0.1007 0.0411 0.6413 0.0633 0.0433 0.1103 
        D276 11 0.4859 0.0747 0.2209 0.0551 0.0385 0.1248 
        D277 11 0.1727 0.0937 0.1723 0.3427 0.0683 0.1503 
        D278 11 0.1597 0.5442 0.0200 0.0681 0.1249 0.0831 
        D282 11 0.1540 0.0288 0.1411 0.0944 0.5342 0.0474 
        D296 11 0.1416 0.0557 0.5209 0.0311 0.0361 0.2146 
        D297 11 0.3630 0.0381 0.1857 0.0868 0.0424 0.2839 
        D298 11 0.1065 0.2591 0.0684 0.1560 0.0537 0.3563 
        D299 11 0.2926 0.5567 0.0206 0.0491 0.0451 0.0359 
        D300 11 0.0836 0.2840 0.2222 0.1071 0.0434 0.2596 
        D382 11 0.4030 0.0371 0.4760 0.0217 0.0284 0.0337 
        D383 11 0.7810 0.0355 0.0361 0.0219 0.0575 0.0681 
        D387 11 0.0948 0.4392 0.0401 0.0901 0.1414 0.1943 
        D388 11 0.0264 0.0284 0.8639 0.0226 0.0196 0.0391 
        D389 11 0.1474 0.6576 0.0363 0.0366 0.0523 0.0698 
        D390 11 0.1203 0.0799 0.3206 0.1168 0.0913 0.2711 
        D396 11 0.1719 0.2388 0.2093 0.1237 0.1539 0.1024 
        D397 11 0.0595 0.0403 0.0345 0.0503 0.5998 0.2157 
        D398 11 0.2148 0.0419 0.4313 0.0614 0.0301 0.2205 
        D399 11 0.0232 0.5521 0.1096 0.1581 0.1126 0.0444 
        D437 11 0.0936 0.5957 0.0351 0.0786 0.1429 0.0542 
        D441 11 0.5872 0.0961 0.0776 0.0537 0.0709 0.1145 
        D442 11 0.1298 0.2692 0.0467 0.1162 0.0618 0.3762 
        D443 11 0.2150 0.0361 0.0771 0.0310 0.0338 0.6070 
        D444 11 0.0891 0.5225 0.1393 0.1215 0.0504 0.0772 
        D445 11 0.0634 0.1019 0.3380 0.0251 0.3904 0.0812 
        D446 11 0.0447 0.0748 0.2293 0.1933 0.0704 0.3875 
        D451 11 0.0771 0.0807 0.3159 0.0704 0.2978 0.1581 
        D452 11 0.0671 0.5445 0.0749 0.1784 0.0328 0.1024 
        D453 11 0.0921 0.0357 0.5997 0.1418 0.0411 0.0896 
        D454 11 0.0406 0.2129 0.2368 0.1105 0.2273 0.1719 
        D457 11 0.1625 0.1056 0.0463 0.0181 0.6219 0.0456 
        D458 11 0.2664 0.0310 0.3704 0.0366 0.0510 0.2447 
        D466 11 0.0632 0.0347 0.0475 0.7466 0.0670 0.0410 
        D467 11 0.1324 0.7201 0.0414 0.0306 0.0505 0.0249 
        D475 11 0.0730 0.1398 0.0975 0.1027 0.5546 0.0324 
        D488 11 0.0426 0.1235 0.1171 0.1410 0.1381 0.4377 
        D489 11 0.1204 0.0777 0.1014 0.1298 0.4666 0.1042 
        D493 11 0.0835 0.1533 0.1447 0.3390 0.0813 0.1983 
        D494 11 0.1532 0.1092 0.2717 0.1720 0.1836 0.1104 
        D495 11 0.0303 0.0524 0.0695 0.1900 0.3829 0.2749 
        D496 11 0.1262 0.0343 0.0315 0.0616 0.0248 0.7216 
        D674 11 0.1873 0.1264 0.0964 0.1165 0.0385 0.4349 
        D675 11 0.0549 0.0359 0.0376 0.0421 0.0160 0.8135 
        D676 11 0.2820 0.2873 0.0247 0.0388 0.3316 0.0355 
        D680 11 0.2838 0.0506 0.1436 0.0396 0.0271 0.4553 
        D701 11 0.0606 0.0722 0.0562 0.0363 0.3919 0.3827 
        D702 11 0.0280 0.0951 0.2263 0.3986 0.0863 0.1658 
        D703 11 0.0748 0.0410 0.0893 0.1812 0.0479 0.5658 
        D704 11 0.1857 0.2082 0.0642 0.1108 0.3202 0.1109 
        D705 11 0.0297 0.0244 0.1067 0.1891 0.6146 0.0354 
        D706 11 0.0640 0.1792 0.0301 0.2200 0.1064 0.4003 
        D707 11 0.0851 0.1279 0.2980 0.0455 0.2686 0.1749 
        D751 11 0.0538 0.0417 0.8038 0.0250 0.0314 0.0442 
        D752 11 0.1717 0.5045 0.0486 0.0721 0.0651 0.1380 
        D753 11 0.0927 0.0354 0.0989 0.1825 0.4747 0.1157 
        D773 11 0.0230 0.0190 0.0779 0.0255 0.8228 0.0318 
        D774 11 0.0658 0.1338 0.2075 0.1328 0.0408 0.4193 
        D801 11 0.3771 0.1015 0.0742 0.1227 0.1086 0.2158 
        D802 11 0.0484 0.0966 0.3664 0.1056 0.2935 0.0895 
        D803 11 0.0549 0.0459 0.0406 0.0236 0.0410 0.7940 
        D804 11 0.0903 0.2143 0.1234 0.0605 0.4261 0.0854 
        D805 11 0.0910 0.0978 0.6175 0.0325 0.0594 0.1018 
        D806 11 0.0633 0.0937 0.1509 0.0252 0.6461 0.0209 
        D809 11 0.4447 0.2339 0.0909 0.1131 0.0671 0.0503 
        D810 11 0.2720 0.2904 0.0880 0.0520 0.0304 0.2672 
