        D023  2 0.0189 0.8745 0.0885 0.0181 
        D130  2 0.0208 0.2614 0.0378 0.6800 
        D131  2 0.1957 0.1141 0.4641 0.2261 
        D163  2 0.1505 0.1054 0.0991 0.6449 
        D164  2 0.0136 0.7159 0.1295 0.1409 
        D165  2 0.0230 0.8663 0.0451 0.0656 
        D166  2 0.0807 0.1143 0.1375 0.6675 
        D167  2 0.0491 0.8928 0.0361 0.0220 
        D192  2 0.0219 0.9486 0.0161 0.0134 
        D193  2 0.1733 0.0483 0.4222 0.3562 
        D206  2 0.0247 0.1425 0.6762 0.1566 
        D207  2 0.1760 0.4627 0.1375 0.2238 
        D208  2 0.6751 0.1398 0.0842 0.1009 
        D209  2 0.0282 0.8889 0.0488 0.0342 
        D210  2 0.7014 0.1664 0.0703 0.0619 
     D229599  2 0.2850 0.2041 0.4532 0.0577 
     D229600  2 0.0486 0.7320 0.0435 0.1759 
     D237227  2 0.6433 0.0915 0.1474 0.1177 
     D237228  2 0.2992 0.0323 0.0962 0.5723 
     D237258  2 0.1613 0.4021 0.1919 0.2447 
     D237310  2 0.0572 0.0410 0.0266 0.8751 
     D237311  2 0.0507 0.1189 0.0542 0.7761 
     D237312  2 0.0248 0.0300 0.0376 0.9076 
     D237313  2 0.0911 0.0339 0.7881 0.0869 
     D237322  2 0.6430 0.1002 0.0663 0.1906 
     D237323  2 0.3366 0.0342 0.0505 0.5787 
     D237324  2 0.0599 0.7520 0.0400 0.1480 
     D237325  2 0.0397 0.0574 0.0338 0.8692 
     D237326  2 0.1319 0.1028 0.3148 0.4505 
     D237327  2 0.7987 0.1486 0.0240 0.0287 
     D237337  2 0.0428 0.0184 0.1875 0.7512 
     D237338  2 0.1973 0.1956 0.0616 0.5455 
     D237339  2 0.0587 0.8219 0.0783 0.0411 
     D237340  2 0.2487 0.1969 0.0423 0.5121 
     D237389  2 0.0184 0.0286 0.0413 0.9117 
     D237390  2 0.0759 0.0265 0.0576 0.8400 
     D244017  2 0.5746 0.2445 0.1347 0.0461 
     D244112  2 0.0399 0.7951 0.0240 0.1409 
     D244118  2 0.0332 0.9204 0.0191 0.0274 
     D244119  2 0.3868 0.4875 0.0839 0.0418 
     D244120  2 0.3183 0.2410 0.0659 0.3748 
     D244122  2 0.0388 0.8558 0.0582 0.0472 
        D291  2 0.7240 0.1540 0.0860 0.0360 
        D292  2 0.4722 0.2198 0.2696 0.0383 
        D293  2 0.0213 0.9294 0.0306 0.0187 
        D322  2 0.0288 0.9313 0.0220 0.0180 
        D323  2 0.0964 0.3705 0.4238 0.1093 
        D324  2 0.4289 0.1851 0.2909 0.0952 
        D325  2 0.0203 0.8672 0.0478 0.0647 
        D326  2 0.0465 0.0523 0.8748 0.0264 
        D340  2 0.0220 0.9390 0.0211 0.0179 
        D341  2 0.0640 0.7674 0.0561 0.1126 
        D342  2 0.0394 0.8073 0.0657 0.0876 
        D343  2 0.0133 0.9619 0.0126 0.0122 
        D344  2 0.0218 0.0726 0.8449 0.0607 
        D345  2 0.0512 0.0701 0.8628 0.0159 
        D346  2 0.1737 0.2042 0.5258 0.0963 
        D351  2 0.2004 0.1615 0.4385 0.1995 
        D352  2 0.1720 0.5129 0.2307 0.0844 
        D353  2 0.0517 0.0791 0.8261 0.0430 
        D354  2 0.0350 0.0540 0.8860 0.0250 
        D362  2 0.0658 0.1514 0.7354 0.0474 
        D363  2 0.0606 0.1173 0.7899 0.0322 
        D364  2 0.0205 0.0533 0.9097 0.0165 
        D365  2 0.0149 0.9460 0.0179 0.0212 
        D369  2 0.2354 0.1673 0.3820 0.2154 
        D374  2 0.1950 0.0640 0.6229 0.1181 
        D375  2 0.0301 0.1927 0.7212 0.0560 
        D376  2 0.2097 0.1278 0.5533 0.1092 
        D377  2 0.0768 0.1041 0.4370 0.3821 
        D378  2 0.0356 0.8721 0.0741 0.0181 
        D379  2 0.0231 0.0302 0.9201 0.0267 
        D384  2 0.0259 0.0170 0.9365 0.0207 
        D385  2 0.0158 0.9340 0.0241 0.0261 
        D386  2 0.0315 0.2706 0.6776 0.0204 
        D391  2 0.0151 0.9331 0.0238 0.0280 
        D392  2 0.0387 0.8207 0.1012 0.0394 
        D393  2 0.1009 0.4845 0.3653 0.0492 
        D394  2 0.2667 0.4092 0.1364 0.1877 
        D395  2 0.0297 0.9029 0.0311 0.0363 
        D401  2 0.0273 0.0242 0.0807 0.8678 
        D402  2 0.0271 0.9256 0.0301 0.0172 
        D403  2 0.0316 0.1677 0.7409 0.0598 
        D415  2 0.0276 0.1426 0.5147 0.3151 
        D435  2 0.0355 0.6355 0.2316 0.0974 
        D436  2 0.0688 0.0923 0.3106 0.5284 
        D438  2 0.0170 0.9384 0.0232 0.0213 
        D439  2 0.0625 0.6180 0.2963 0.0232 
        D449  2 0.0175 0.5189 0.3534 0.1102 
        D450  2 0.1564 0.0744 0.5497 0.2195 
        D456  2 0.1083 0.0488 0.7965 0.0464 
        D462  2 0.0125 0.9523 0.0217 0.0135 
        D463  2 0.0261 0.0198 0.9314 0.0227 
        D464  2 0.0532 0.2392 0.6343 0.0733 
        D465  2 0.0239 0.4790 0.1353 0.3619 
        D473  2 0.4119 0.1354 0.1628 0.2898 
        D474  2 0.2278 0.2306 0.4988 0.0428 
        D476  2 0.0196 0.9069 0.0263 0.0472 
        D477  2 0.0976 0.1264 0.7447 0.0312 
        D478  2 0.4259 0.2129 0.2989 0.0623 
        D480  2 0.1009 0.6039 0.2444 0.0509 
        D481  2 0.2850 0.2725 0.4183 0.0242 
        D482  2 0.6317 0.0684 0.1922 0.1077 
        D483  2 0.0389 0.9221 0.0209 0.0181 
        D484  2 0.1588 0.6440 0.1019 0.0953 
        D510  2 0.6805 0.0426 0.1455 0.1314 
        D511  2 0.0555 0.7666 0.1440 0.0339 
        D512  2 0.0236 0.1050 0.0759 0.7955 
        D513  2 0.0712 0.3723 0.3748 0.1817 
        D635  2 0.0563 0.3664 0.5493 0.0279 
        D636  2 0.0323 0.5759 0.2462 0.1456 
        D637  2 0.0707 0.3920 0.2024 0.3349 
        D658  2 0.0669 0.7052 0.0473 0.1807 
        D659  2 0.1048 0.0567 0.7061 0.1324 
        D677  2 0.0635 0.1044 0.2896 0.5426 
        D678  2 0.0285 0.8841 0.0334 0.0540 
        D679  2 0.1317 0.1088 0.7067 0.0528 
        D719  2 0.2176 0.1913 0.5394 0.0516 
        D720  2 0.1107 0.1102 0.7090 0.0701 
        D721  2 0.0277 0.9004 0.0451 0.0269 
        D722  2 0.1662 0.1159 0.5819 0.1360 
        D734  2 0.2560 0.3547 0.3265 0.0627 
        D735  2 0.0841 0.4793 0.4020 0.0347 
        D736  2 0.5065 0.1023 0.2809 0.1103 
        D737  2 0.1559 0.7836 0.0309 0.0297 
        D807  2 0.3286 0.1449 0.3564 0.1701 
        D808  2 0.1021 0.3165 0.1921 0.3893 
        D817  2 0.0533 0.0422 0.8287 0.0758 
        D818  2 0.1974 0.4550 0.1063 0.2413 
        D819  2 0.0484 0.0773 0.5731 0.3011 
        D820  2 0.0744 0.3275 0.3974 0.2007 
        D895  2 0.0347 0.0588 0.7900 0.1164 
        D896  2 0.0278 0.0182 0.0702 0.8838 
        D897  2 0.0797 0.6879 0.0610 0.1714 
        D898  2 0.4286 0.0488 0.3637 0.1590 
        D918  2 0.0690 0.0686 0.1042 0.7581 
        D919  2 0.1105 0.6852 0.1737 0.0306 
        D920  2 0.0284 0.2854 0.0320 0.6542 
        D923  2 0.0298 0.1915 0.7500 0.0287 
        D930  2 0.1005 0.1188 0.6977 0.0830 
        D931  2 0.0963 0.4928 0.3079 0.1030 
        D968  2 0.0306 0.9200 0.0265 0.0228 
        D969  2 0.3164 0.1608 0.4773 0.0456 
        D977  2 0.0313 0.7213 0.0859 0.1615 
        D978  2 0.5465 0.2598 0.1436 0.0501 
        D009  4 0.0847 0.0325 0.1447 0.7380 
        D057  4 0.0616 0.8608 0.0187 0.0589 
        D109  4 0.0580 0.0226 0.1449 0.7745 
     D237222  4 0.1237 0.5848 0.0412 0.2504 
     D237223  4 0.0796 0.0676 0.0209 0.8319 
     D237224  4 0.1466 0.2865 0.5353 0.0316 
     D237225  4 0.1841 0.0826 0.1742 0.5591 
     D237299  4 0.1880 0.0426 0.0694 0.7001 
     D237300  4 0.8446 0.0418 0.0608 0.0528 
     D237306  4 0.1023 0.0471 0.1469 0.7038 
     D237307  4 0.2838 0.0635 0.4467 0.2061 
     D237308  4 0.0762 0.7688 0.0878 0.0672 
     D237309  4 0.1262 0.3903 0.2438 0.2397 
     D237317  4 0.3167 0.1017 0.5190 0.0626 
     D237318  4 0.8852 0.0449 0.0427 0.0272 
     D237319  4 0.0893 0.0729 0.3090 0.5287 
     D237320  4 0.1014 0.0710 0.0435 0.7841 
     D237321  4 0.7371 0.0665 0.1286 0.0678 
     D237397  4 0.2735 0.0899 0.0711 0.5655 
     D237398  4 0.6215 0.1405 0.1829 0.0552 
     D237399  4 0.6525 0.0878 0.1174 0.1423 
     D244001  4 0.0362 0.6131 0.0806 0.2701 
        D289  4 0.4098 0.2976 0.2193 0.0733 
        D290  4 0.6604 0.1441 0.0423 0.1533 
        D294  4 0.3167 0.4326 0.1233 0.1275 
        D295  4 0.0937 0.0423 0.1352 0.7288 
        D301  4 0.1176 0.1647 0.0483 0.6694 
        D302  4 0.0482 0.5017 0.3949 0.0552 
        D303  4 0.3308 0.0880 0.2611 0.3201 
        D304  4 0.7445 0.0553 0.1288 0.0713 
        D305  4 0.1585 0.6282 0.1398 0.0735 
        D306  4 0.5483 0.1000 0.1143 0.2374 
        D307  4 0.1609 0.4495 0.0259 0.3637 
        D327  4 0.0776 0.1330 0.6054 0.1840 
        D328  4 0.1141 0.0585 0.3483 0.4790 
        D329  4 0.1443 0.7142 0.0718 0.0698 
        D330  4 0.0509 0.1862 0.2297 0.5333 
        D331  4 0.6083 0.1025 0.1702 0.1191 
        D333  4 0.1802 0.2654 0.1616 0.3928 
        D334  4 0.6265 0.1127 0.1307 0.1301 
        D335  4 0.0450 0.6825 0.2256 0.0469 
        D370  4 0.0820 0.1544 0.5236 0.2400 
        D371  4 0.1386 0.0501 0.6666 0.1446 
        D372  4 0.9187 0.0312 0.0228 0.0273 
        D373  4 0.0590 0.7817 0.0499 0.1093 
        D455  4 0.1268 0.6747 0.0211 0.1775 
        D490  4 0.0140 0.0164 0.0150 0.9546 
        D497  4 0.0402 0.0320 0.0200 0.9078 
        D498  4 0.6197 0.0831 0.1143 0.1829 
        D499  4 0.1021 0.3477 0.3779 0.1723 
        D514  4 0.0733 0.0980 0.4880 0.3407 
        D515  4 0.0176 0.0262 0.0328 0.9234 
        D516  4 0.1293 0.1288 0.1393 0.6026 
        D517  4 0.2006 0.4539 0.0550 0.2904 
        D518  4 0.0252 0.7059 0.1060 0.1629 
        D519  4 0.0327 0.0257 0.0281 0.9135 
        D560  4 0.0331 0.0501 0.0983 0.8186 
        D561  4 0.0525 0.5405 0.2530 0.1540 
        D562  4 0.4449 0.3271 0.1501 0.0779 
        D563  4 0.0385 0.8643 0.0519 0.0454 
        D572  4 0.1084 0.5771 0.2167 0.0977 
        D629  4 0.0548 0.1362 0.7431 0.0659 
        D630  4 0.2332 0.1400 0.1418 0.4850 
        D631  4 0.0585 0.7995 0.0419 0.1001 
        D632  4 0.0131 0.6840 0.2195 0.0834 
        D646  4 0.0723 0.0549 0.0944 0.7785 
        D647  4 0.0752 0.2845 0.2271 0.4133 
        D648  4 0.0388 0.2982 0.2642 0.3988 
        D649  4 0.0301 0.0955 0.6947 0.1797 
        D650  4 0.1533 0.0667 0.3831 0.3969 
        D708  4 0.2375 0.0624 0.5269 0.1733 
        D709  4 0.2759 0.0672 0.2426 0.4142 
        D738  4 0.2983 0.0516 0.0992 0.5510 
        D739  4 0.1411 0.0782 0.0781 0.7025 
        D740  4 0.7384 0.0565 0.0670 0.1381 
        D741  4 0.0191 0.0440 0.0366 0.9003 
        D742  4 0.1775 0.4457 0.1567 0.2200 
        D743  4 0.0848 0.2557 0.5681 0.0914 
        D744  4 0.0545 0.6646 0.2281 0.0529 
        D745  4 0.0282 0.0225 0.0236 0.9257 
        D814  4 0.0884 0.3428 0.1874 0.3814 
        D815  4 0.1245 0.2315 0.5262 0.1178 
        D828  4 0.5089 0.1502 0.0699 0.2710 
        D845  4 0.8915 0.0337 0.0528 0.0220 
        D846  4 0.0347 0.7942 0.1183 0.0528 
        D847  4 0.5670 0.1132 0.1236 0.1963 
        D848  4 0.1228 0.8326 0.0131 0.0316 
        D849  4 0.0285 0.0538 0.0359 0.8819 
        D850  4 0.4160 0.1981 0.2708 0.1151 
        D856  4 0.0951 0.0867 0.4565 0.3617 
        D857  4 0.0406 0.0613 0.0698 0.8283 
        D859  4 0.2106 0.1220 0.3676 0.2998 
        D860  4 0.8199 0.0959 0.0678 0.0164 
        D883  4 0.1373 0.0493 0.2606 0.5529 
        D884  4 0.0183 0.0169 0.0275 0.9373 
        D885  4 0.1195 0.1544 0.2209 0.5051 
        D886  4 0.1260 0.4404 0.1462 0.2874 
        D887  4 0.2693 0.1828 0.3188 0.2291 
        D889  4 0.8699 0.0222 0.0717 0.0362 
        D890  4 0.0838 0.2429 0.5545 0.1188 
        D891  4 0.9507 0.0135 0.0243 0.0115 
        D899  4 0.2898 0.5711 0.0695 0.0696 
        D900  4 0.3352 0.1544 0.3093 0.2010 
        D970  4 0.4374 0.3547 0.1758 0.0321 
        D971  4 0.0365 0.8756 0.0551 0.0328 
        D979  4 0.0640 0.2632 0.6296 0.0432 
        D093  5 0.5060 0.0611 0.1150 0.3179 
        D154  5 0.1721 0.1428 0.1640 0.5211 
        D168  5 0.0899 0.2344 0.1184 0.5573 
        D189  5 0.7310 0.1024 0.0514 0.1152 
        D190  5 0.1872 0.0743 0.6377 0.1008 
     D237220  5 0.6725 0.0383 0.0707 0.2184 
     D237221  5 0.3713 0.1109 0.4316 0.0862 
     D237274  5 0.0269 0.0696 0.8597 0.0437 
     D237275  5 0.3208 0.5270 0.0431 0.1092 
     D237276  5 0.1312 0.0700 0.1261 0.6727 
     D237277  5 0.3412 0.0542 0.5446 0.0599 
     D237278  5 0.1129 0.6575 0.1177 0.1119 
     D237279  5 0.0259 0.1441 0.5633 0.2666 
     D237280  5 0.0718 0.0289 0.8319 0.0674 
     D237281  5 0.4504 0.3613 0.1325 0.0559 
     D237351  5 0.0809 0.0301 0.2122 0.6768 
     D237352  5 0.0480 0.6212 0.1865 0.1443 
     D237353  5 0.2523 0.0347 0.6831 0.0299 
     D237359  5 0.5719 0.0248 0.2247 0.1786 
     D237361  5 0.6663 0.0383 0.2473 0.0482 
     D237362  5 0.0492 0.0578 0.6510 0.2420 
     D237363  5 0.1375 0.1229 0.5685 0.1710 
     D237364  5 0.0574 0.3255 0.1547 0.4625 
     D237376  5 0.2446 0.0964 0.0817 0.5772 
     D237377  5 0.0776 0.0973 0.6208 0.2043 
     D237378  5 0.5498 0.1367 0.0761 0.2375 
     D237379  5 0.3091 0.1268 0.2523 0.3118 
     D237380  5 0.0459 0.0693 0.7015 0.1833 
     D237381  5 0.1385 0.3257 0.2259 0.3099 
     D237391  5 0.5059 0.0419 0.3716 0.0807 
     D237392  5 0.0252 0.2278 0.6454 0.1016 
     D237393  5 0.1883 0.1887 0.5517 0.0713 
     D237394  5 0.2066 0.0425 0.7052 0.0457 
     D237395  5 0.4419 0.1247 0.1942 0.2392 
     D237396  5 0.1221 0.5169 0.3262 0.0347 
     D244016  5 0.1009 0.1790 0.6796 0.0404 
     D244018  5 0.2072 0.5918 0.0551 0.1460 
     D244019  5 0.1053 0.1211 0.7255 0.0482 
        D279  5 0.4990 0.0808 0.1135 0.3068 
        D280  5 0.7975 0.0719 0.0906 0.0400 
        D281  5 0.8060 0.1306 0.0261 0.0374 
        D283  5 0.6321 0.0540 0.2710 0.0430 
        D284  5 0.1423 0.0605 0.0947 0.7025 
        D285  5 0.8267 0.0204 0.1099 0.0431 
        D286  5 0.3153 0.2096 0.2102 0.2648 
        D287  5 0.1782 0.0540 0.1086 0.6593 
        D288  5 0.6354 0.0415 0.2908 0.0323 
        D308  5 0.0197 0.0209 0.7496 0.2099 
        D309  5 0.0248 0.7086 0.2337 0.0330 
        D310  5 0.8979 0.0185 0.0486 0.0350 
        D311  5 0.1210 0.0748 0.4247 0.3794 
        D312  5 0.2128 0.1898 0.4339 0.1635 
        D313  5 0.0503 0.0253 0.0897 0.8346 
        D314  5 0.1433 0.1616 0.1339 0.5611 
        D315  5 0.2887 0.1422 0.4886 0.0805 
        D317  5 0.5498 0.0384 0.2227 0.1890 
        D318  5 0.1979 0.1663 0.4836 0.1522 
        D319  5 0.8523 0.0340 0.0357 0.0779 
        D320  5 0.7184 0.0359 0.1762 0.0695 
        D321  5 0.1289 0.0136 0.6691 0.1884 
        D336  5 0.5628 0.0482 0.1158 0.2732 
        D337  5 0.8801 0.0243 0.0651 0.0305 
        D338  5 0.3916 0.1853 0.1457 0.2774 
        D339  5 0.7825 0.0210 0.0513 0.1453 
        D347  5 0.4962 0.1420 0.2622 0.0996 
        D348  5 0.8002 0.0501 0.1193 0.0304 
        D349  5 0.0338 0.0306 0.6270 0.3086 
        D350  5 0.0388 0.5937 0.2615 0.1060 
        D355  5 0.5450 0.1662 0.1587 0.1301 
        D356  5 0.4613 0.0772 0.3564 0.1052 
        D357  5 0.4345 0.0653 0.2805 0.2196 
        D358  5 0.3332 0.2483 0.2614 0.1571 
        D359  5 0.2380 0.0314 0.6830 0.0477 
        D360  5 0.6084 0.0541 0.2410 0.0966 
        D361  5 0.0211 0.0241 0.3162 0.6387 
        D366  5 0.0378 0.4360 0.3052 0.2210 
        D367  5 0.5246 0.0404 0.0640 0.3710 
        D368  5 0.0816 0.0292 0.5609 0.3283 
        D380  5 0.0476 0.5868 0.3192 0.0463 
        D381  5 0.7572 0.0442 0.1530 0.0456 
        D400  5 0.5842 0.1421 0.0694 0.2043 
        D411  5 0.0107 0.0193 0.0173 0.9527 
        D412  5 0.6565 0.1856 0.1141 0.0438 
        D413  5 0.0255 0.8610 0.0827 0.0307 
        D414  5 0.1285 0.6203 0.1040 0.1472 
        D420  5 0.7480 0.0789 0.0569 0.1162 
        D431  5 0.2458 0.0659 0.1545 0.5338 
        D432  5 0.4297 0.4482 0.0619 0.0602 
        D433  5 0.5943 0.0579 0.2136 0.1342 
        D434  5 0.7582 0.0446 0.1047 0.0925 
        D440  5 0.0373 0.5078 0.2640 0.1909 
        D447  5 0.1597 0.2998 0.3430 0.1976 
        D448  5 0.4467 0.0399 0.2181 0.2952 
        D459  5 0.3572 0.5112 0.0615 0.0700 
        D460  5 0.0307 0.0299 0.7187 0.2207 
        D461  5 0.0287 0.4954 0.4377 0.0382 
        D468  5 0.0239 0.0399 0.3868 0.5495 
        D469  5 0.1413 0.0643 0.3966 0.3977 
        D470  5 0.0464 0.0600 0.1729 0.7206 
        D471  5 0.4710 0.0889 0.3034 0.1368 
        D472  5 0.1498 0.2467 0.5818 0.0217 
        D479  5 0.0325 0.8909 0.0401 0.0365 
        D485  5 0.1186 0.1353 0.1241 0.6219 
        D486  5 0.0325 0.0510 0.1040 0.8125 
        D487  5 0.6009 0.2719 0.0485 0.0787 
        D555  5 0.8321 0.0599 0.0794 0.0286 
        D556  5 0.4121 0.1217 0.3084 0.1577 
        D557  5 0.4004 0.1572 0.3900 0.0524 
        D564  5 0.0952 0.2128 0.6328 0.0592 
        D594  5 0.2555 0.2224 0.3930 0.1291 
        D595  5 0.2338 0.0780 0.3992 0.2890 
        D596  5 0.5946 0.0676 0.3132 0.0246 
        D597  5 0.5696 0.2792 0.1202 0.0310 
        D598  5 0.3895 0.2104 0.1367 0.2635 
        D617  5 0.0450 0.0975 0.0404 0.8171 
        D618  5 0.3086 0.0639 0.5588 0.0687 
        D619  5 0.1029 0.0548 0.7898 0.0526 
        D620  5 0.0672 0.8571 0.0495 0.0262 
        D628  5 0.1492 0.4666 0.2229 0.1614 
        D714  5 0.6247 0.1407 0.1193 0.1153 
        D715  5 0.3167 0.0726 0.5703 0.0405 
        D716  5 0.2739 0.1198 0.3218 0.2845 
        D717  5 0.4831 0.1550 0.2877 0.0741 
        D718  5 0.1106 0.0260 0.0200 0.8435 
        D769  5 0.0570 0.1956 0.0666 0.6808 
        D770  5 0.0610 0.3016 0.2356 0.4018 
        D771  5 0.3902 0.2062 0.1698 0.2338 
        D772  5 0.1636 0.1874 0.5176 0.1313 
        D782  5 0.2588 0.2172 0.3206 0.2034 
        D783  5 0.1429 0.6911 0.0888 0.0771 
        D784  5 0.1870 0.2662 0.5123 0.0344 
        D785  5 0.1062 0.0351 0.7803 0.0783 
        D786  5 0.0404 0.5801 0.1367 0.2427 
        D821  5 0.3623 0.0225 0.5781 0.0370 
        D822  5 0.1483 0.1410 0.6314 0.0793 
        D826  5 0.5827 0.1369 0.1275 0.1530 
        D827  5 0.0724 0.1457 0.4930 0.2889 
        D851  5 0.1481 0.3575 0.4084 0.0860 
        D852  5 0.4786 0.3442 0.0675 0.1097 
        D853  5 0.6453 0.0983 0.1387 0.1177 
        D854  5 0.0643 0.0747 0.2694 0.5915 
        D861  5 0.2272 0.0699 0.1547 0.5482 
        D862  5 0.2117 0.1039 0.5255 0.1589 
        D865  5 0.6246 0.0621 0.2220 0.0914 
        D868  5 0.5921 0.0765 0.1833 0.1481 
        D869  5 0.0166 0.0449 0.0422 0.8963 
        D870  5 0.0440 0.4946 0.4358 0.0257 
        D907  5 0.7509 0.0392 0.0648 0.1451 
        D908  5 0.5149 0.3334 0.0730 0.0787 
        D910  5 0.3935 0.1044 0.2491 0.2530 
        D911  5 0.8478 0.0516 0.0368 0.0638 
        D934  5 0.1252 0.3112 0.4533 0.1102 
        D946  5 0.1798 0.2123 0.2410 0.3669 
        D947  5 0.2374 0.1118 0.4327 0.2181 
        D948  5 0.0841 0.0295 0.6501 0.2364 
        D949  5 0.0333 0.0205 0.4959 0.4503 
        D950  5 0.7501 0.1105 0.0882 0.0513 
        D951  5 0.0415 0.3958 0.4541 0.1086 
        D952  5 0.3147 0.0601 0.5481 0.0771 
        D953  5 0.6167 0.0233 0.3094 0.0505 
        D954  5 0.0592 0.0318 0.8856 0.0234 
        D961  5 0.1078 0.0703 0.1916 0.6304 
        D962  5 0.2247 0.0994 0.6005 0.0754 
        D963  5 0.3816 0.1851 0.3670 0.0663 
        D964  5 0.2902 0.0929 0.1683 0.4486 
        D965  5 0.1592 0.5085 0.1856 0.1468 
        D966  5 0.2654 0.2675 0.4191 0.0480 
        D967  5 0.6041 0.2023 0.1564 0.0372 
        D991  5 0.2018 0.1949 0.1371 0.4661 
        D132  8 0.0227 0.0275 0.0215 0.9282 
        D133  8 0.0286 0.8987 0.0233 0.0495 
        D200  8 0.5662 0.0764 0.0422 0.3153 
        D500  8 0.0204 0.0259 0.0259 0.9278 
        D614  8 0.4920 0.0500 0.1054 0.3526 
        D723  8 0.0370 0.0413 0.0488 0.8729 
        D888  8 0.8430 0.0752 0.0465 0.0353 
        D901  8 0.0379 0.0146 0.0210 0.9264 
        D902  8 0.4412 0.1386 0.0575 0.3627 
        D903  8 0.0915 0.3492 0.4922 0.0671 
        D904  8 0.1194 0.5629 0.2539 0.0638 
        D905  8 0.9406 0.0191 0.0136 0.0266 
        D906  8 0.1369 0.6691 0.1543 0.0397 
        D937  8 0.6138 0.0652 0.0483 0.2727 
        D943  8 0.4654 0.0885 0.1077 0.3383 
        D972  8 0.0143 0.0267 0.0144 0.9446 
        D973  8 0.0415 0.0818 0.1371 0.7396 
        D974  8 0.1621 0.1545 0.1073 0.5760 
        D975  8 0.6540 0.1139 0.0278 0.2043 
        D976  8 0.2944 0.0735 0.1477 0.4843 
        D142 10 0.1213 0.3444 0.3605 0.1739 
        D143 10 0.0320 0.8903 0.0356 0.0420 
        D144 10 0.2101 0.1772 0.5067 0.1061 
        D145 10 0.7521 0.0399 0.0551 0.1529 
        D146 10 0.0316 0.0559 0.1623 0.7502 
        D147 10 0.0356 0.0487 0.1561 0.7596 
        D148 10 0.0777 0.2178 0.6628 0.0417 
        D149 10 0.2981 0.3021 0.2288 0.1709 
        D151 10 0.5855 0.1530 0.1870 0.0744 
        D152 10 0.0650 0.8490 0.0438 0.0422 
        D153 10 0.0804 0.1735 0.3191 0.4270 
        D156 10 0.0744 0.4960 0.3483 0.0814 
        D157 10 0.2546 0.2593 0.2436 0.2425 
        D158 10 0.3081 0.0272 0.0371 0.6277 
        D159 10 0.0376 0.9074 0.0268 0.0282 
        D160 10 0.9573 0.0113 0.0168 0.0147 
        D161 10 0.0528 0.2030 0.6703 0.0739 
        D162 10 0.0988 0.5858 0.2744 0.0411 
        D169 10 0.2590 0.3974 0.0622 0.2815 
        D170 10 0.0467 0.2875 0.1028 0.5629 
        D171 10 0.0261 0.1394 0.5752 0.2593 
        D172 10 0.0522 0.1811 0.1351 0.6316 
        D173 10 0.0520 0.8568 0.0311 0.0601 
        D181 10 0.1053 0.1081 0.6925 0.0941 
        D182 10 0.1642 0.0922 0.4552 0.2884 
        D183 10 0.6173 0.0421 0.2004 0.1402 
        D184 10 0.0241 0.2312 0.1091 0.6356 
        D185 10 0.0349 0.1084 0.7796 0.0770 
        D186 10 0.0470 0.0327 0.0251 0.8953 
        D194 10 0.0556 0.2272 0.2575 0.4597 
        D195 10 0.2997 0.5380 0.1152 0.0471 
        D196 10 0.2474 0.5432 0.1761 0.0333 
        D197 10 0.0547 0.4047 0.0416 0.4990 
        D198 10 0.0874 0.0674 0.7935 0.0517 
     D237226 10 0.5655 0.0823 0.2974 0.0547 
     D237232 10 0.7911 0.0692 0.0498 0.0899 
     D237233 10 0.2334 0.3350 0.0842 0.3474 
     D237234 10 0.2725 0.1084 0.2672 0.3518 
     D237354 10 0.9288 0.0245 0.0270 0.0197 
     D237355 10 0.9423 0.0171 0.0215 0.0191 
     D237356 10 0.0649 0.0706 0.8013 0.0632 
     D237357 10 0.0641 0.6156 0.0597 0.2606 
     D237358 10 0.0294 0.9181 0.0363 0.0162 
     D237369 10 0.0145 0.0149 0.0189 0.9516 
     D237370 10 0.2560 0.3217 0.2825 0.1398 
     D237371 10 0.0826 0.1288 0.7061 0.0825 
     D237372 10 0.1072 0.7081 0.0616 0.1230 
     D237373 10 0.5300 0.0898 0.1462 0.2340 
     D237374 10 0.8945 0.0259 0.0531 0.0265 
     D237375 10 0.1007 0.6443 0.1565 0.0986 
     D237400 10 0.0484 0.8496 0.0350 0.0670 
     D244002 10 0.0789 0.1858 0.2813 0.4540 
     D244003 10 0.8937 0.0568 0.0158 0.0337 
     D244004 10 0.8958 0.0164 0.0245 0.0632 
     D244005 10 0.8336 0.0799 0.0251 0.0615 
     D244020 10 0.0914 0.0889 0.6791 0.1406 
     D244021 10 0.0247 0.0290 0.0278 0.9185 
     D244116 10 0.0604 0.1759 0.0806 0.6831 
     D244117 10 0.8067 0.0675 0.0806 0.0452 
     D244121 10 0.4298 0.2551 0.0906 0.2245 
     D244123 10 0.7373 0.0629 0.0828 0.1169 
     D244124 10 0.0912 0.6645 0.0416 0.2026 
        D332 10 0.0449 0.1916 0.5140 0.2495 
        D570 10 0.2101 0.1321 0.5509 0.1068 
        D602 10 0.0543 0.6195 0.2025 0.1237 
        D603 10 0.2610 0.2790 0.1527 0.3073 
        D604 10 0.0624 0.8609 0.0490 0.0277 
        D605 10 0.2505 0.2132 0.4107 0.1257 
        D606 10 0.2168 0.3507 0.1168 0.3156 
        D607 10 0.0372 0.1793 0.7310 0.0526 
        D608 10 0.0152 0.9252 0.0456 0.0141 
        D609 10 0.2029 0.0426 0.4914 0.2631 
        D610 10 0.8609 0.0537 0.0476 0.0378 
        D611 10 0.7152 0.0326 0.1290 0.1232 
        D613 10 0.1175 0.2142 0.5167 0.1515 
        D633 10 0.0365 0.7420 0.1960 0.0255 
        D634 10 0.0654 0.1630 0.6215 0.1501 
        D638 10 0.1107 0.8142 0.0230 0.0521 
        D681 10 0.0366 0.1038 0.3400 0.5195 
        D754 10 0.0786 0.0166 0.0189 0.8858 
        D755 10 0.5469 0.2699 0.0330 0.1502 
        D756 10 0.3219 0.0544 0.0756 0.5481 
        D757 10 0.5165 0.1702 0.2752 0.0382 
        D758 10 0.1257 0.1472 0.3584 0.3688 
        D759 10 0.7575 0.1602 0.0464 0.0359 
        D760 10 0.5212 0.2106 0.1461 0.1221 
        D761 10 0.9042 0.0603 0.0150 0.0205 
        D762 10 0.0366 0.3157 0.6132 0.0345 
        D775 10 0.8074 0.0360 0.0657 0.0908 
        D776 10 0.8030 0.1019 0.0368 0.0583 
        D777 10 0.8210 0.0258 0.1087 0.0445 
        D778 10 0.6171 0.0731 0.1256 0.1842 
        D779 10 0.0975 0.0492 0.0466 0.8067 
        D780 10 0.2849 0.5162 0.0901 0.1087 
        D781 10 0.0340 0.7893 0.1034 0.0733 
        D858 10 0.1904 0.0590 0.2222 0.5284 
        D933 10 0.3964 0.1230 0.4534 0.0273 
        D038 11 0.6401 0.0629 0.1728 0.1242 
        D063 11 0.4418 0.3080 0.0577 0.1925 
        D155 11 0.6552 0.0805 0.1431 0.1211 
        D175 11 0.0839 0.0299 0.0475 0.8388 
        D176 11 0.1602 0.2094 0.1211 0.5092 
        D205 11 0.6039 0.0519 0.0680 0.2762 
     D237229 11 0.3819 0.4611 0.0751 0.0819 
     D237230 11 0.0214 0.2145 0.2329 0.5312 
     D237231 11 0.0959 0.4737 0.2886 0.1418 
     D237269 11 0.1297 0.6332 0.1775 0.0596 
     D237270 11 0.0813 0.3064 0.2941 0.3182 
     D237271 11 0.2294 0.2695 0.2236 0.2775 
     D237272 11 0.0459 0.0407 0.1013 0.8121 
     D237273 11 0.6646 0.0795 0.0808 0.1751 
     D237301 11 0.1308 0.1720 0.4106 0.2866 
     D237302 11 0.0544 0.4864 0.1115 0.3477 
     D237303 11 0.0281 0.2893 0.1131 0.5696 
     D237304 11 0.1983 0.1529 0.3012 0.3475 
     D237305 11 0.6256 0.0590 0.0497 0.2656 
     D237314 11 0.5326 0.0605 0.1799 0.2270 
     D237315 11 0.1334 0.1125 0.1231 0.6311 
     D237316 11 0.0211 0.0561 0.8971 0.0257 
     D237328 11 0.0666 0.0717 0.0891 0.7726 
     D237329 11 0.3245 0.2810 0.2633 0.1312 
     D237330 11 0.5855 0.1634 0.0827 0.1685 
     D237331 11 0.5258 0.0667 0.3632 0.0444 
     D237332 11 0.2799 0.0748 0.1801 0.4652 
     D237333 11 0.4816 0.2980 0.1856 0.0348 
     D237334 11 0.0689 0.0666 0.7878 0.0766 
     D237335 11 0.3435 0.0451 0.1724 0.4390 
     D237336 11 0.8530 0.0334 0.0731 0.0405 
     D237350 11 0.2093 0.5460 0.1555 0.0892 
     D237383 11 0.4689 0.1393 0.1149 0.2768 
     D237384 11 0.1225 0.0680 0.7682 0.0412 
     D237385 11 0.2717 0.1755 0.1669 0.3859 
     D237386 11 0.1381 0.3826 0.3278 0.1514 
     D237387 11 0.0959 0.1067 0.2205 0.5769 
     D237388 11 0.1772 0.1161 0.5998 0.1069 
        D239 11 0.7058 0.0901 0.1400 0.0641 
        D240 11 0.8411 0.1151 0.0162 0.0276 
        D241 11 0.7542 0.0462 0.1481 0.0515 
        D242 11 0.3022 0.3865 0.1706 0.1407 
        D243 11 0.7530 0.0415 0.1576 0.0479 
        D244 11 0.8661 0.0367 0.0723 0.0249 
        D245 11 0.0529 0.0447 0.0447 0.8578 
        D246 11 0.1467 0.0638 0.2046 0.5849 
        D247 11 0.4174 0.2488 0.1569 0.1769 
        D248 11 0.0980 0.3681 0.3817 0.1523 
        D249 11 0.0784 0.0290 0.1244 0.7682 
        D250 11 0.1677 0.4285 0.2562 0.1476 
        D251 11 0.2300 0.1165 0.2100 0.4435 
        D252 11 0.0288 0.0876 0.3719 0.5117 
        D253 11 0.5827 0.1200 0.0580 0.2393 
        D254 11 0.0312 0.2282 0.0496 0.6911 
        D255 11 0.0750 0.1923 0.2679 0.4647 
        D256 11 0.5044 0.0468 0.3880 0.0608 
        D257 11 0.0890 0.0448 0.4950 0.3713 
        D258 11 0.0389 0.0326 0.6924 0.2361 
        D259 11 0.0820 0.2967 0.0796 0.5417 
        D260 11 0.1227 0.3572 0.1215 0.3986 
        D261 11 0.1472 0.1462 0.3752 0.3315 
        D262 11 0.0607 0.0568 0.1275 0.7550 
        D263 11 0.1772 0.1362 0.5611 0.1254 
        D264 11 0.0232 0.0438 0.0545 0.8785 
        D265 11 0.1811 0.2015 0.1358 0.4815 
        D266 11 0.3780 0.1691 0.4120 0.0409 
        D267 11 0.5405 0.0764 0.2595 0.1237 
        D268 11 0.5902 0.0955 0.2253 0.0890 
        D269 11 0.1113 0.0438 0.7291 0.1158 
        D270 11 0.1242 0.0430 0.2448 0.5880 
        D271 11 0.5236 0.1322 0.1952 0.1491 
        D272 11 0.6651 0.1799 0.1298 0.0252 
        D273 11 0.0315 0.0292 0.2171 0.7221 
        D274 11 0.4160 0.1914 0.3101 0.0825 
        D275 11 0.1457 0.1078 0.6960 0.0505 
        D276 11 0.3919 0.1366 0.4307 0.0408 
        D277 11 0.2182 0.3933 0.2316 0.1569 
        D278 11 0.1748 0.1491 0.0372 0.6390 
        D282 11 0.0878 0.1516 0.0856 0.6749 
        D296 11 0.3276 0.0527 0.5563 0.0634 
        D297 11 0.5108 0.1566 0.2595 0.0731 
        D298 11 0.5224 0.2510 0.1269 0.0997 
        D299 11 0.2159 0.1819 0.0956 0.5066 
        D300 11 0.3284 0.1551 0.4209 0.0957 
        D382 11 0.1838 0.0247 0.7488 0.0427 
        D383 11 0.7234 0.0459 0.1151 0.1157 
        D387 11 0.2665 0.1977 0.1833 0.3525 
        D388 11 0.0322 0.0478 0.8964 0.0236 
        D389 11 0.2271 0.1685 0.2363 0.3682 
        D390 11 0.2624 0.2326 0.3622 0.1429 
        D396 11 0.1455 0.2295 0.4174 0.2077 
        D397 11 0.0935 0.0507 0.0244 0.8314 
        D398 11 0.5787 0.0716 0.3104 0.0394 
        D399 11 0.0263 0.5326 0.3142 0.1269 
        D437 11 0.1301 0.2349 0.0707 0.5643 
        D441 11 0.6082 0.1145 0.1100 0.1673 
        D442 11 0.5086 0.2830 0.0529 0.1555 
        D443 11 0.8154 0.0256 0.1301 0.0289 
        D444 11 0.1053 0.3041 0.4779 0.1127 
        D445 11 0.0601 0.0435 0.1360 0.7605 
        D446 11 0.3004 0.2252 0.3727 0.1017 
        D451 11 0.1498 0.0675 0.2478 0.5349 
        D452 11 0.1389 0.5996 0.1983 0.0631 
        D453 11 0.1752 0.2184 0.5435 0.0629 
        D454 11 0.1442 0.1458 0.3879 0.3222 
        D457 11 0.0799 0.0223 0.0509 0.8468 
        D458 11 0.4956 0.0396 0.4008 0.0639 
        D466 11 0.0407 0.8292 0.0511 0.0791 
        D467 11 0.1028 0.1328 0.3450 0.4194 
        D475 11 0.0321 0.1571 0.1134 0.6974 
        D488 11 0.2827 0.3818 0.1413 0.1941 
        D489 11 0.1026 0.1542 0.1227 0.6206 
        D493 11 0.2801 0.2573 0.4100 0.0526 
        D494 11 0.1248 0.1856 0.4371 0.2525 
        D495 11 0.1798 0.2495 0.0639 0.5067 
        D496 11 0.8685 0.0743 0.0311 0.0261 
        D674 11 0.7012 0.0908 0.1465 0.0615 
        D675 11 0.8910 0.0539 0.0393 0.0158 
        D676 11 0.0793 0.0699 0.0386 0.8122 
        D680 11 0.8624 0.0376 0.0694 0.0307 
        D701 11 0.4001 0.0430 0.1013 0.4556 
        D702 11 0.0574 0.4973 0.2761 0.1692 
        D703 11 0.5288 0.2932 0.1193 0.0587 
        D704 11 0.1463 0.0985 0.0971 0.6580 
        D705 11 0.0230 0.0902 0.0589 0.8280 
        D706 11 0.3444 0.4590 0.0480 0.1486 
        D707 11 0.1567 0.0398 0.1332 0.6703 
        D751 11 0.1059 0.0418 0.8069 0.0454 
        D752 11 0.4948 0.2407 0.0949 0.1696 
        D753 11 0.0701 0.1304 0.0715 0.7280 
        D773 11 0.0197 0.0192 0.0631 0.8980 
        D774 11 0.3945 0.2276 0.3234 0.0545 
        D801 11 0.4573 0.1050 0.1788 0.2589 
        D802 11 0.0939 0.0642 0.3490 0.4929 
        D803 11 0.8002 0.0336 0.0841 0.0822 
        D804 11 0.0999 0.0675 0.1614 0.6712 
        D805 11 0.1083 0.0516 0.7251 0.1150 
        D806 11 0.0187 0.0367 0.2376 0.7070 
        D809 11 0.1558 0.2817 0.3435 0.2190 
        D810 11 0.6625 0.0876 0.2131 0.0367 
        D812 11 0.0895 0.1614 0.3543 0.3948 
        D813 11 0.4808 0.3974 0.0882 0.0336 
        D823 11 0.1298 0.1895 0.2993 0.3815 
        D824 11 0.1655 0.2471 0.1709 0.4165 
        D829 11 0.2743 0.5109 0.1701 0.0447 
        D830 11 0.0553 0.0807 0.2631 0.6008 
        D831 11 0.1718 0.0687 0.0689 0.6906 
        D832 11 0.2723 0.4249 0.0402 0.2626 
        D833 11 0.5393 0.0723 0.3330 0.0554 
        D834 11 0.1590 0.0902 0.7056 0.0452 
        D835 11 0.0902 0.0437 0.0696 0.7965 
        D855 11 0.1999 0.0943 0.1730 0.5328 
        D863 11 0.8952 0.0495 0.0301 0.0251 
        D864 11 0.3012 0.1659 0.2525 0.2805 
        D878 11 0.3163 0.0504 0.3801 0.2532 
        D879 11 0.0922 0.1155 0.0804 0.7118 
        D880 11 0.3903 0.4830 0.0971 0.0296 
        D881 11 0.8123 0.0318 0.1288 0.0271 
        D882 11 0.1713 0.1680 0.2553 0.4053 
        D909 11 0.3847 0.2347 0.0971 0.2834 
        D921 11 0.1785 0.3172 0.3063 0.1980 
        D924 11 0.4230 0.4368 0.0696 0.0706 
        D935 11 0.0701 0.0848 0.7733 0.0718 
        D940 11 0.9382 0.0255 0.0202 0.0161 
        D941 11 0.6478 0.0478 0.2755 0.0289 
        D942 11 0.0322 0.0598 0.1905 0.7175 
        D980 11 0.2706 0.2697 0.3638 0.0959 
        D981 11 0.0812 0.4153 0.3166 0.1868 
        D982 11 0.0265 0.9013 0.0481 0.0240 
        D983 11 0.5358 0.0844 0.2267 0.1531 
        D984 11 0.1816 0.2108 0.4222 0.1854 
        D992 11 0.0478 0.0876 0.0368 0.8278 
        D993 11 0.1042 0.0894 0.6819 0.1245 
        D994 11 0.5722 0.0427 0.0638 0.3213 
        D995 11 0.0198 0.0453 0.4136 0.5213 
        H354 11 0.0265 0.0969 0.6769 0.1997 
