        D023  2 0.0958 0.0798 0.8245 
        D130  2 0.0250 0.7131 0.2620 
        D131  2 0.2247 0.3624 0.4129 
        D163  2 0.1498 0.6219 0.2283 
        D164  2 0.0184 0.3151 0.6665 
        D165  2 0.0802 0.1209 0.7989 
        D166  2 0.1192 0.6697 0.2112 
        D167  2 0.0817 0.0449 0.8733 
        D192  2 0.0372 0.0182 0.9447 
        D193  2 0.3734 0.4826 0.1441 
        D206  2 0.0526 0.4896 0.4579 
        D207  2 0.2616 0.1526 0.5858 
        D208  2 0.8264 0.0761 0.0975 
        D209  2 0.0710 0.0486 0.8804 
        D210  2 0.7672 0.0809 0.1519 
     D229599  2 0.4114 0.1717 0.4170 
     D229600  2 0.0687 0.2504 0.6810 
     D237227  2 0.7313 0.1762 0.0926 
     D237228  2 0.2530 0.6656 0.0815 
     D237258  2 0.3379 0.2863 0.3758 
     D237310  2 0.0742 0.8835 0.0424 
     D237311  2 0.0659 0.8005 0.1336 
     D237312  2 0.0684 0.8728 0.0588 
     D237313  2 0.3527 0.4142 0.2331 
     D237322  2 0.6512 0.2267 0.1221 
     D237323  2 0.3064 0.6546 0.0389 
     D237324  2 0.0737 0.1847 0.7416 
     D237325  2 0.1055 0.7918 0.1028 
     D237326  2 0.2080 0.5883 0.2037 
     D237327  2 0.7423 0.0408 0.2169 
     D237337  2 0.0506 0.9225 0.0269 
     D237338  2 0.1871 0.5961 0.2169 
     D237339  2 0.0477 0.0448 0.9075 
     D237340  2 0.2353 0.5753 0.1894 
     D237389  2 0.0338 0.9267 0.0395 
     D237390  2 0.0982 0.8500 0.0518 
     D244017  2 0.6951 0.0715 0.2335 
     D244112  2 0.0799 0.1966 0.7235 
     D244118  2 0.0694 0.0578 0.8728 
     D244119  2 0.5484 0.0629 0.3886 
     D244120  2 0.4192 0.3077 0.2732 
     D244122  2 0.0704 0.0869 0.8428 
        D291  2 0.7440 0.0785 0.1775 
        D292  2 0.7484 0.0521 0.1995 
        D293  2 0.0327 0.0224 0.9449 
        D322  2 0.0334 0.0268 0.9398 
        D323  2 0.2323 0.2013 0.5664 
        D324  2 0.6037 0.1482 0.2481 
        D325  2 0.0326 0.0659 0.9015 
        D326  2 0.4843 0.1551 0.3605 
        D340  2 0.0247 0.0249 0.9504 
        D341  2 0.0542 0.1625 0.7833 
        D342  2 0.0771 0.1413 0.7816 
        D343  2 0.0182 0.0174 0.9644 
        D344  2 0.0402 0.2363 0.7235 
        D345  2 0.1677 0.0833 0.7490 
        D346  2 0.4318 0.2105 0.3577 
        D351  2 0.3303 0.2780 0.3917 
        D352  2 0.1566 0.1355 0.7079 
        D353  2 0.1211 0.1705 0.7084 
        D354  2 0.1412 0.1968 0.6620 
        D362  2 0.2913 0.1804 0.5284 
        D363  2 0.3637 0.1287 0.5076 
        D364  2 0.0667 0.1724 0.7609 
        D365  2 0.0217 0.0248 0.9535 
        D369  2 0.4268 0.3544 0.2189 
        D374  2 0.4833 0.3204 0.1963 
        D375  2 0.0562 0.1577 0.7862 
        D376  2 0.4042 0.3074 0.2884 
        D377  2 0.1272 0.6551 0.2177 
        D378  2 0.0417 0.0294 0.9289 
        D379  2 0.3145 0.2531 0.4324 
        D384  2 0.4498 0.2517 0.2985 
        D385  2 0.0230 0.0328 0.9442 
        D386  2 0.0551 0.0525 0.8924 
        D391  2 0.0281 0.0281 0.9438 
        D392  2 0.0812 0.0694 0.8494 
        D393  2 0.2177 0.0681 0.7141 
        D394  2 0.3134 0.2418 0.4448 
        D395  2 0.0406 0.0448 0.9146 
        D401  2 0.0339 0.9385 0.0276 
        D402  2 0.0456 0.0243 0.9301 
        D403  2 0.0613 0.3084 0.6303 
        D415  2 0.0393 0.4519 0.5088 
        D435  2 0.0522 0.1502 0.7977 
        D436  2 0.1057 0.6057 0.2886 
        D438  2 0.0251 0.0292 0.9457 
        D439  2 0.0592 0.0269 0.9139 
        D449  2 0.0298 0.1590 0.8112 
        D450  2 0.2617 0.5514 0.1869 
        D456  2 0.3518 0.1507 0.4975 
        D462  2 0.0213 0.0246 0.9541 
        D463  2 0.4025 0.1894 0.4081 
        D464  2 0.0802 0.1386 0.7812 
        D465  2 0.0356 0.4035 0.5609 
        D473  2 0.4779 0.3842 0.1380 
        D474  2 0.5796 0.0914 0.3290 
        D476  2 0.0412 0.1458 0.8130 
        D477  2 0.3524 0.1639 0.4837 
        D478  2 0.4938 0.0837 0.4225 
        D480  2 0.2565 0.0698 0.6737 
        D481  2 0.5623 0.0487 0.3890 
        D482  2 0.6927 0.1801 0.1272 
        D483  2 0.0714 0.0277 0.9009 
        D484  2 0.2072 0.0814 0.7114 
        D510  2 0.7317 0.1718 0.0965 
        D511  2 0.1037 0.0420 0.8543 
        D512  2 0.0371 0.8498 0.1132 
        D513  2 0.1112 0.2998 0.5890 
        D635  2 0.1401 0.0573 0.8026 
        D636  2 0.0762 0.3497 0.5741 
        D637  2 0.1235 0.3761 0.5003 
        D658  2 0.0975 0.2714 0.6311 
        D659  2 0.2805 0.3692 0.3503 
        D677  2 0.0977 0.7333 0.1690 
        D678  2 0.0615 0.0680 0.8705 
        D679  2 0.4664 0.1441 0.3895 
        D719  2 0.5453 0.1304 0.3243 
        D720  2 0.4564 0.2043 0.3393 
        D721  2 0.0805 0.0444 0.8750 
        D722  2 0.4292 0.2974 0.2734 
        D734  2 0.3492 0.1082 0.5426 
        D735  2 0.2300 0.1080 0.6620 
        D736  2 0.6543 0.1635 0.1822 
        D737  2 0.2694 0.0623 0.6683 
        D807  2 0.5858 0.2264 0.1878 
        D808  2 0.1441 0.4686 0.3873 
        D817  2 0.3287 0.3881 0.2832 
        D818  2 0.1691 0.2518 0.5791 
        D819  2 0.1778 0.5893 0.2329 
        D820  2 0.1832 0.1931 0.6237 
        D895  2 0.1346 0.4979 0.3675 
        D896  2 0.0312 0.9429 0.0259 
        D897  2 0.1457 0.1698 0.6846 
        D898  2 0.6176 0.2466 0.1357 
        D918  2 0.0955 0.8094 0.0951 
        D919  2 0.0918 0.0320 0.8762 
        D920  2 0.0454 0.8057 0.1489 
        D923  2 0.1082 0.1146 0.7773 
        D930  2 0.2098 0.3756 0.4146 
        D931  2 0.1382 0.1585 0.7033 
        D968  2 0.0489 0.0301 0.9210 
        D969  2 0.6366 0.0812 0.2823 
        D977  2 0.0457 0.2071 0.7472 
        D978  2 0.6030 0.0739 0.3231 
        D009  4 0.0923 0.8138 0.0939 
        D057  4 0.1134 0.1837 0.7029 
        D109  4 0.0460 0.9207 0.0333 
     D237222  4 0.1804 0.4366 0.3830 
     D237223  4 0.1130 0.7716 0.1155 
     D237224  4 0.3255 0.0737 0.6008 
     D237225  4 0.1753 0.6504 0.1743 
     D237299  4 0.1444 0.7804 0.0752 
     D237300  4 0.8489 0.0951 0.0560 
     D237306  4 0.1746 0.7019 0.1235 
     D237307  4 0.5169 0.3695 0.1137 
     D237308  4 0.1374 0.1020 0.7606 
     D237309  4 0.1419 0.2477 0.6104 
     D237317  4 0.5576 0.1431 0.2993 
     D237318  4 0.9153 0.0338 0.0509 
     D237319  4 0.1303 0.7244 0.1454 
     D237320  4 0.1788 0.7039 0.1173 
     D237321  4 0.8401 0.0908 0.0691 
     D237397  4 0.3516 0.5374 0.1110 
     D237398  4 0.7658 0.0709 0.1633 
     D237399  4 0.7249 0.1647 0.1104 
     D244001  4 0.0717 0.3130 0.6153 
        D289  4 0.5210 0.0831 0.3959 
        D290  4 0.6679 0.1370 0.1951 
        D294  4 0.4315 0.1163 0.4522 
        D295  4 0.1379 0.7962 0.0659 
        D301  4 0.1615 0.7125 0.1260 
        D302  4 0.1057 0.1202 0.7741 
        D303  4 0.5340 0.3454 0.1207 
        D304  4 0.8942 0.0379 0.0679 
        D305  4 0.0864 0.1052 0.8085 
        D306  4 0.6488 0.1129 0.2383 
        D307  4 0.2019 0.5649 0.2331 
        D327  4 0.2502 0.4356 0.3142 
        D328  4 0.2356 0.6586 0.1059 
        D329  4 0.2222 0.0689 0.7088 
        D330  4 0.0421 0.4659 0.4919 
        D331  4 0.7822 0.1138 0.1041 
        D333  4 0.2687 0.5016 0.2296 
        D334  4 0.7224 0.1681 0.1096 
        D335  4 0.1087 0.0808 0.8104 
        D370  4 0.2611 0.4341 0.3048 
        D371  4 0.4975 0.3768 0.1257 
        D372  4 0.9225 0.0361 0.0414 
        D373  4 0.0982 0.2742 0.6276 
        D455  4 0.1852 0.3395 0.4753 
        D490  4 0.0282 0.9488 0.0230 
        D497  4 0.0594 0.8867 0.0539 
        D498  4 0.7308 0.1904 0.0788 
        D499  4 0.2041 0.3434 0.4524 
        D514  4 0.1432 0.5992 0.2576 
        D515  4 0.0254 0.9142 0.0603 
        D516  4 0.2147 0.6336 0.1517 
        D517  4 0.1826 0.3637 0.4537 
        D518  4 0.0702 0.3042 0.6256 
        D519  4 0.0590 0.8849 0.0561 
        D560  4 0.0388 0.8562 0.1050 
        D561  4 0.0540 0.1724 0.7736 
        D562  4 0.5069 0.1151 0.3780 
        D563  4 0.0550 0.0614 0.8835 
        D572  4 0.1384 0.1253 0.7364 
        D629  4 0.2319 0.3190 0.4491 
        D630  4 0.3199 0.4377 0.2424 
        D631  4 0.1169 0.1948 0.6883 
        D632  4 0.0259 0.1998 0.7743 
        D646  4 0.0809 0.7176 0.2015 
        D647  4 0.1039 0.4396 0.4565 
        D648  4 0.1261 0.5291 0.3448 
        D649  4 0.0961 0.6112 0.2927 
        D650  4 0.2695 0.5955 0.1350 
        D708  4 0.3543 0.5098 0.1359 
        D709  4 0.4360 0.3760 0.1881 
        D738  4 0.3853 0.5393 0.0754 
        D739  4 0.2288 0.6527 0.1185 
        D740  4 0.6397 0.2766 0.0837 
        D741  4 0.0264 0.8800 0.0936 
        D742  4 0.2876 0.2545 0.4578 
        D743  4 0.1858 0.1745 0.6396 
        D744  4 0.1140 0.0609 0.8251 
        D745  4 0.0361 0.9327 0.0312 
        D814  4 0.1019 0.2521 0.6460 
        D815  4 0.2166 0.2480 0.5354 
        D828  4 0.5361 0.2831 0.1808 
        D845  4 0.9144 0.0330 0.0526 
        D846  4 0.0840 0.0846 0.8313 
        D847  4 0.5882 0.2494 0.1624 
        D848  4 0.2340 0.1051 0.6609 
        D849  4 0.0334 0.8944 0.0723 
        D850  4 0.4492 0.2387 0.3121 
        D856  4 0.1284 0.6527 0.2190 
        D857  4 0.0474 0.8943 0.0583 
        D859  4 0.2619 0.4017 0.3363 
        D860  4 0.8434 0.0174 0.1392 
        D883  4 0.2453 0.6755 0.0792 
        D884  4 0.0428 0.9305 0.0267 
        D885  4 0.1142 0.6332 0.2525 
        D886  4 0.2171 0.3756 0.4074 
        D887  4 0.3486 0.3251 0.3263 
        D889  4 0.9244 0.0382 0.0374 
        D890  4 0.2023 0.3963 0.4013 
        D891  4 0.9608 0.0169 0.0223 
        D899  4 0.4242 0.0848 0.4910 
        D900  4 0.3808 0.2824 0.3368 
        D970  4 0.4024 0.0565 0.5412 
        D971  4 0.0609 0.0612 0.8779 
        D979  4 0.2239 0.1239 0.6522 
        D093  5 0.5132 0.4217 0.0651 
        D154  5 0.2006 0.5826 0.2168 
        D168  5 0.1411 0.5587 0.3003 
        D189  5 0.7810 0.1483 0.0707 
        D190  5 0.5557 0.2905 0.1537 
     D237220  5 0.6347 0.3189 0.0463 
     D237221  5 0.6747 0.1673 0.1580 
     D237274  5 0.0650 0.1708 0.7642 
     D237275  5 0.3983 0.1372 0.4645 
     D237276  5 0.1776 0.7300 0.0923 
     D237277  5 0.7161 0.1467 0.1372 
     D237278  5 0.1657 0.2473 0.5870 
     D237279  5 0.0488 0.6600 0.2911 
     D237280  5 0.2319 0.5402 0.2279 
     D237281  5 0.4533 0.1069 0.4398 
     D237351  5 0.0623 0.9143 0.0234 
     D237352  5 0.1181 0.3164 0.5655 
     D237353  5 0.8126 0.1184 0.0690 
     D237359  5 0.6483 0.2857 0.0660 
     D237361  5 0.8222 0.1198 0.0579 
     D237362  5 0.1594 0.6710 0.1696 
     D237363  5 0.2630 0.4122 0.3249 
     D237364  5 0.0946 0.4880 0.4174 
     D237376  5 0.3453 0.5241 0.1306 
     D237377  5 0.2502 0.5043 0.2456 
     D237378  5 0.5672 0.3117 0.1211 
     D237379  5 0.4079 0.3881 0.2040 
     D237380  5 0.1380 0.6131 0.2489 
     D237381  5 0.2117 0.3209 0.4674 
     D237391  5 0.8051 0.1283 0.0667 
     D237392  5 0.0402 0.2274 0.7323 
     D237393  5 0.4762 0.1787 0.3452 
     D237394  5 0.7635 0.1451 0.0914 
     D237395  5 0.4861 0.3908 0.1231 
     D237396  5 0.2421 0.0581 0.6998 
     D244016  5 0.3787 0.0782 0.5431 
     D244018  5 0.2714 0.2720 0.4566 
     D244019  5 0.3785 0.1098 0.5118 
        D279  5 0.3772 0.5074 0.1154 
        D280  5 0.8731 0.0447 0.0823 
        D281  5 0.7879 0.0684 0.1437 
        D283  5 0.8036 0.0851 0.1113 
        D284  5 0.1102 0.8058 0.0840 
        D285  5 0.8787 0.0789 0.0424 
        D286  5 0.4348 0.3135 0.2517 
        D287  5 0.3515 0.5869 0.0617 
        D288  5 0.8303 0.0681 0.1016 
        D308  5 0.0573 0.8538 0.0890 
        D309  5 0.0436 0.0495 0.9070 
        D310  5 0.8993 0.0689 0.0317 
        D311  5 0.2458 0.5830 0.1712 
        D312  5 0.3628 0.2932 0.3439 
        D313  5 0.0474 0.9317 0.0210 
        D314  5 0.1375 0.6574 0.2051 
        D315  5 0.5478 0.1725 0.2797 
        D317  5 0.6880 0.2627 0.0493 
        D318  5 0.3803 0.2493 0.3704 
        D319  5 0.7963 0.1605 0.0431 
        D320  5 0.8637 0.0971 0.0392 
        D321  5 0.3045 0.6609 0.0346 
        D336  5 0.7143 0.1970 0.0887 
        D337  5 0.9153 0.0459 0.0388 
        D338  5 0.3059 0.5005 0.1935 
        D339  5 0.7809 0.1856 0.0335 
        D347  5 0.6215 0.0774 0.3011 
        D348  5 0.8391 0.0457 0.1152 
        D349  5 0.0791 0.8565 0.0644 
        D350  5 0.0593 0.1609 0.7798 
        D355  5 0.5436 0.1807 0.2757 
        D356  5 0.7433 0.1596 0.0971 
        D357  5 0.6179 0.2014 0.1807 
        D358  5 0.4245 0.1859 0.3896 
        D359  5 0.6207 0.1696 0.2096 
        D360  5 0.8226 0.1084 0.0690 
        D361  5 0.0325 0.9421 0.0254 
        D366  5 0.0763 0.2543 0.6694 
        D367  5 0.4864 0.4693 0.0443 
        D368  5 0.1482 0.7811 0.0707 
        D380  5 0.1168 0.0766 0.8066 
        D381  5 0.7617 0.0941 0.1443 
        D400  5 0.6168 0.2192 0.1639 
        D411  5 0.0191 0.9534 0.0274 
        D412  5 0.7163 0.0546 0.2291 
        D413  5 0.0386 0.0371 0.9244 
        D414  5 0.1447 0.1331 0.7221 
        D420  5 0.7483 0.1589 0.0928 
        D431  5 0.3730 0.5346 0.0923 
        D432  5 0.6353 0.0915 0.2731 
        D433  5 0.7167 0.2056 0.0777 
        D434  5 0.8286 0.0979 0.0735 
        D440  5 0.0466 0.2405 0.7129 
        D447  5 0.0947 0.1472 0.7581 
        D448  5 0.6428 0.2909 0.0663 
        D459  5 0.4029 0.0824 0.5148 
        D460  5 0.0898 0.8150 0.0952 
        D461  5 0.0632 0.1273 0.8095 
        D468  5 0.0670 0.8273 0.1057 
        D469  5 0.2768 0.5912 0.1320 
        D470  5 0.0778 0.8303 0.0919 
        D471  5 0.6255 0.2109 0.1636 
        D472  5 0.4147 0.0410 0.5443 
        D479  5 0.0416 0.0348 0.9236 
        D485  5 0.2464 0.5277 0.2259 
        D486  5 0.0706 0.8750 0.0544 
        D487  5 0.5890 0.1208 0.2902 
        D555  5 0.8866 0.0370 0.0764 
        D556  5 0.5827 0.2642 0.1531 
        D557  5 0.7343 0.1011 0.1646 
        D564  5 0.3065 0.2437 0.4498 
        D594  5 0.4179 0.1234 0.4586 
        D595  5 0.4750 0.4134 0.1117 
        D596  5 0.8963 0.0414 0.0622 
        D597  5 0.6822 0.0421 0.2756 
        D598  5 0.5267 0.2960 0.1772 
        D617  5 0.0558 0.8199 0.1243 
        D618  5 0.7150 0.1577 0.1273 
        D619  5 0.3608 0.2612 0.3780 
        D620  5 0.0934 0.0462 0.8605 
        D628  5 0.1975 0.1753 0.6273 
        D714  5 0.6972 0.1415 0.1613 
        D715  5 0.7475 0.1191 0.1334 
        D716  5 0.4864 0.2629 0.2507 
        D717  5 0.7393 0.0953 0.1654 
        D718  5 0.1321 0.8307 0.0373 
        D769  5 0.0629 0.6190 0.3182 
        D770  5 0.1396 0.4642 0.3962 
        D771  5 0.4405 0.2679 0.2917 
        D772  5 0.4095 0.2854 0.3051 
        D782  5 0.2638 0.4530 0.2831 
        D783  5 0.1859 0.1228 0.6912 
        D784  5 0.4290 0.0683 0.5027 
        D785  5 0.4258 0.4431 0.1311 
        D786  5 0.0587 0.2775 0.6637 
        D821  5 0.8345 0.1221 0.0434 
        D822  5 0.3575 0.1426 0.4999 
        D826  5 0.5366 0.2966 0.1668 
        D827  5 0.1238 0.3085 0.5677 
        D851  5 0.3014 0.1972 0.5014 
        D852  5 0.5075 0.1109 0.3817 
        D853  5 0.7109 0.1731 0.1160 
        D854  5 0.1136 0.7047 0.1817 
        D861  5 0.2934 0.5878 0.1188 
        D862  5 0.4867 0.2319 0.2814 
        D865  5 0.7311 0.1815 0.0874 
        D868  5 0.6072 0.2645 0.1282 
        D869  5 0.0252 0.9296 0.0453 
        D870  5 0.0537 0.0615 0.8848 
        D907  5 0.7361 0.2136 0.0503 
        D908  5 0.6297 0.1252 0.2451 
        D910  5 0.5855 0.3028 0.1117 
        D911  5 0.7916 0.0843 0.1241 
        D934  5 0.2706 0.2835 0.4459 
        D946  5 0.2895 0.4702 0.2403 
        D947  5 0.3707 0.3658 0.2635 
        D948  5 0.1836 0.7754 0.0411 
        D949  5 0.0533 0.9251 0.0217 
        D950  5 0.6925 0.0810 0.2265 
        D951  5 0.0790 0.1108 0.8102 
        D952  5 0.6613 0.1410 0.1977 
        D953  5 0.8693 0.0887 0.0420 
        D954  5 0.5097 0.1876 0.3027 
        D961  5 0.2321 0.6276 0.1402 
        D962  5 0.5262 0.2589 0.2149 
        D963  5 0.6106 0.0986 0.2907 
        D964  5 0.3453 0.4697 0.1850 
        D965  5 0.2189 0.1715 0.6096 
        D966  5 0.3751 0.1182 0.5067 
        D967  5 0.7169 0.0555 0.2276 
        D991  5 0.2585 0.5306 0.2109 
        D132  8 0.0378 0.9162 0.0460 
        D133  8 0.0453 0.0577 0.8969 
        D200  8 0.6579 0.1950 0.1471 
        D500  8 0.0328 0.9328 0.0344 
        D614  8 0.5488 0.3763 0.0749 
        D723  8 0.0695 0.8233 0.1072 
        D888  8 0.8972 0.0334 0.0694 
        D901  8 0.0498 0.9221 0.0280 
        D902  8 0.3889 0.4706 0.1404 
        D903  8 0.2499 0.1313 0.6188 
        D904  8 0.1895 0.1109 0.6996 
        D905  8 0.9378 0.0322 0.0300 
        D906  8 0.1923 0.0465 0.7612 
        D937  8 0.5468 0.3908 0.0623 
        D943  8 0.3863 0.4300 0.1837 
        D972  8 0.0341 0.9106 0.0553 
        D973  8 0.0647 0.8162 0.1191 
        D974  8 0.2871 0.5430 0.1699 
        D975  8 0.6966 0.1275 0.1759 
        D976  8 0.3703 0.5250 0.1047 
        D142 10 0.2404 0.2344 0.5252 
        D143 10 0.0459 0.0670 0.8871 
        D144 10 0.2962 0.2642 0.4396 
        D145 10 0.7544 0.1764 0.0692 
        D146 10 0.0439 0.8552 0.1009 
        D147 10 0.0625 0.7066 0.2309 
        D148 10 0.1217 0.2121 0.6662 
        D149 10 0.3454 0.1687 0.4859 
        D151 10 0.4420 0.2098 0.3483 
        D152 10 0.0985 0.0869 0.8146 
        D153 10 0.1259 0.6284 0.2457 
        D156 10 0.0956 0.0842 0.8201 
        D157 10 0.4254 0.3278 0.2469 
        D158 10 0.3546 0.5980 0.0474 
        D159 10 0.0594 0.0507 0.8900 
        D160 10 0.9635 0.0229 0.0136 
        D161 10 0.1835 0.2655 0.5510 
        D162 10 0.1415 0.0555 0.8030 
        D169 10 0.3050 0.3998 0.2952 
        D170 10 0.0595 0.7235 0.2171 
        D171 10 0.0538 0.6794 0.2668 
        D172 10 0.0767 0.5679 0.3555 
        D173 10 0.0384 0.0619 0.8997 
        D181 10 0.3464 0.3036 0.3500 
        D182 10 0.2523 0.4644 0.2833 
        D183 10 0.7684 0.1846 0.0469 
        D184 10 0.0284 0.7940 0.1776 
        D185 10 0.1576 0.4059 0.4365 
        D186 10 0.0575 0.8975 0.0449 
        D194 10 0.1047 0.5879 0.3074 
        D195 10 0.3405 0.1053 0.5543 
        D196 10 0.3985 0.0506 0.5509 
        D197 10 0.0807 0.6309 0.2884 
        D198 10 0.2985 0.4086 0.2929 
     D237226 10 0.7057 0.1276 0.1667 
     D237232 10 0.8029 0.1322 0.0649 
     D237233 10 0.3606 0.4008 0.2386 
     D237234 10 0.4163 0.4061 0.1776 
     D237354 10 0.9366 0.0261 0.0373 
     D237355 10 0.9562 0.0217 0.0221 
     D237356 10 0.3175 0.4109 0.2716 
     D237357 10 0.0955 0.3660 0.5384 
     D237358 10 0.0745 0.0259 0.8997 
     D237369 10 0.0192 0.9407 0.0400 
     D237370 10 0.3786 0.2477 0.3736 
     D237371 10 0.2393 0.3824 0.3784 
     D237372 10 0.0910 0.1500 0.7590 
     D237373 10 0.5369 0.3370 0.1261 
     D237374 10 0.9179 0.0522 0.0300 
     D237375 10 0.1568 0.1209 0.7223 
     D237400 10 0.1382 0.0843 0.7775 
     D244002 10 0.0590 0.4612 0.4798 
     D244003 10 0.8946 0.0578 0.0475 
     D244004 10 0.8751 0.1074 0.0175 
     D244005 10 0.8334 0.0876 0.0790 
     D244020 10 0.3090 0.4324 0.2585 
     D244021 10 0.0297 0.9214 0.0489 
     D244116 10 0.0817 0.5662 0.3520 
     D244117 10 0.7772 0.1025 0.1202 
     D244121 10 0.5534 0.2826 0.1640 
     D244123 10 0.7146 0.1642 0.1212 
     D244124 10 0.1455 0.3360 0.5185 
        D332 10 0.1115 0.4070 0.4815 
        D570 10 0.4903 0.2310 0.2787 
        D602 10 0.0809 0.1270 0.7920 
        D603 10 0.3615 0.3778 0.2607 
        D604 10 0.0996 0.0327 0.8677 
        D605 10 0.4277 0.1493 0.4231 
        D606 10 0.2718 0.5271 0.2012 
        D607 10 0.1486 0.0864 0.7649 
        D608 10 0.0209 0.0193 0.9599 
        D609 10 0.4071 0.5198 0.0731 
        D610 10 0.8671 0.0432 0.0897 
        D611 10 0.8158 0.1469 0.0372 
        D613 10 0.3218 0.2096 0.4686 
        D633 10 0.0622 0.0391 0.8987 
        D634 10 0.1626 0.5014 0.3359 
        D638 10 0.2020 0.1004 0.6976 
        D681 10 0.0567 0.7908 0.1525 
        D754 10 0.1782 0.7928 0.0291 
        D755 10 0.6145 0.2078 0.1778 
        D756 10 0.3787 0.5415 0.0799 
        D757 10 0.6878 0.0844 0.2278 
        D758 10 0.2274 0.5369 0.2356 
        D759 10 0.8076 0.0347 0.1577 
        D760 10 0.6457 0.1987 0.1556 
        D761 10 0.9246 0.0240 0.0515 
        D762 10 0.0902 0.1035 0.8063 
        D775 10 0.7958 0.1657 0.0385 
        D776 10 0.8586 0.0460 0.0954 
        D777 10 0.8843 0.0737 0.0420 
        D778 10 0.6241 0.2899 0.0859 
        D779 10 0.1268 0.7879 0.0853 
        D780 10 0.3324 0.1481 0.5195 
        D781 10 0.0516 0.0958 0.8525 
        D858 10 0.1123 0.8217 0.0661 
        D933 10 0.6516 0.0832 0.2652 
        D038 11 0.6957 0.1773 0.1270 
        D063 11 0.4798 0.2634 0.2568 
        D155 11 0.7872 0.1149 0.0979 
        D175 11 0.1944 0.7473 0.0583 
        D176 11 0.2879 0.4508 0.2614 
        D205 11 0.6159 0.3163 0.0678 
     D237229 11 0.3287 0.0974 0.5739 
     D237230 11 0.0334 0.5343 0.4323 
     D237231 11 0.1419 0.1775 0.6806 
     D237269 11 0.2734 0.1158 0.6108 
     D237270 11 0.1467 0.4969 0.3564 
     D237271 11 0.3186 0.2968 0.3846 
     D237272 11 0.0704 0.8497 0.0799 
     D237273 11 0.7159 0.1772 0.1069 
     D237301 11 0.1876 0.4254 0.3870 
     D237302 11 0.0917 0.5822 0.3261 
     D237303 11 0.0379 0.6326 0.3295 
     D237304 11 0.2614 0.4746 0.2640 
     D237305 11 0.5384 0.3904 0.0712 
     D237314 11 0.6379 0.2724 0.0898 
     D237315 11 0.1216 0.7379 0.1406 
     D237316 11 0.1514 0.1380 0.7105 
     D237328 11 0.0962 0.7714 0.1324 
     D237329 11 0.4561 0.2700 0.2739 
     D237330 11 0.6424 0.1990 0.1586 
     D237331 11 0.7780 0.0977 0.1243 
     D237332 11 0.3070 0.5581 0.1349 
     D237333 11 0.5778 0.0728 0.3495 
     D237334 11 0.2439 0.4156 0.3404 
     D237335 11 0.4492 0.4083 0.1426 
     D237336 11 0.8742 0.0704 0.0554 
     D237350 11 0.3122 0.1294 0.5585 
     D237383 11 0.5104 0.3160 0.1736 
     D237384 11 0.3975 0.2015 0.4010 
     D237385 11 0.3355 0.4166 0.2479 
     D237386 11 0.2659 0.2419 0.4922 
     D237387 11 0.1117 0.7294 0.1589 
     D237388 11 0.4026 0.2688 0.3286 
        D239 11 0.7728 0.0986 0.1286 
        D240 11 0.8289 0.0467 0.1244 
        D241 11 0.6463 0.1191 0.2346 
        D242 11 0.3461 0.1224 0.5316 
        D243 11 0.8376 0.1109 0.0515 
        D244 11 0.9049 0.0421 0.0530 
        D245 11 0.0481 0.8718 0.0802 
        D246 11 0.2522 0.6177 0.1300 
        D247 11 0.5000 0.1829 0.3171 
        D248 11 0.1696 0.2564 0.5741 
        D249 11 0.0954 0.8519 0.0527 
        D250 11 0.2867 0.1472 0.5662 
        D251 11 0.3101 0.5352 0.1547 
        D252 11 0.0545 0.8134 0.1320 
        D253 11 0.6566 0.2318 0.1116 
        D254 11 0.0388 0.7363 0.2249 
        D255 11 0.1718 0.3698 0.4584 
        D256 11 0.7516 0.1439 0.1045 
        D257 11 0.1427 0.7725 0.0848 
        D258 11 0.0972 0.8314 0.0714 
        D259 11 0.0599 0.6287 0.3114 
        D260 11 0.2907 0.3604 0.3489 
        D261 11 0.2232 0.4389 0.3379 
        D262 11 0.0727 0.8211 0.1061 
        D263 11 0.2961 0.3532 0.3507 
        D264 11 0.0410 0.8817 0.0773 
        D265 11 0.2131 0.5353 0.2516 
        D266 11 0.5740 0.0860 0.3400 
        D267 11 0.6784 0.1874 0.1342 
        D268 11 0.7825 0.1027 0.1148 
        D269 11 0.3513 0.2861 0.3626 
        D270 11 0.1530 0.7541 0.0929 
        D271 11 0.5820 0.2347 0.1833 
        D272 11 0.6117 0.0459 0.3424 
        D273 11 0.0211 0.9475 0.0314 
        D274 11 0.5895 0.1562 0.2543 
        D275 11 0.5537 0.1609 0.2854 
        D276 11 0.7105 0.0950 0.1945 
        D277 11 0.3118 0.2270 0.4612 
        D278 11 0.3526 0.4769 0.1705 
        D282 11 0.1255 0.7505 0.1241 
        D296 11 0.7703 0.1108 0.1189 
        D297 11 0.6856 0.1423 0.1720 
        D298 11 0.5827 0.0909 0.3264 
        D299 11 0.2994 0.4232 0.2774 
        D300 11 0.4360 0.1897 0.3744 
        D382 11 0.7553 0.1508 0.0939 
        D383 11 0.7366 0.2035 0.0599 
        D387 11 0.3394 0.4039 0.2568 
        D388 11 0.3853 0.1559 0.4588 
        D389 11 0.3250 0.3439 0.3311 
        D390 11 0.4219 0.2222 0.3559 
        D396 11 0.3336 0.2840 0.3824 
        D397 11 0.1206 0.8174 0.0620 
        D398 11 0.8136 0.0856 0.1008 
        D399 11 0.0698 0.1454 0.7848 
        D437 11 0.1156 0.5784 0.3059 
        D441 11 0.7006 0.1943 0.1051 
        D442 11 0.4097 0.2186 0.3717 
        D443 11 0.9320 0.0400 0.0280 
        D444 11 0.2527 0.1598 0.5874 
        D445 11 0.0499 0.8671 0.0830 
        D446 11 0.2435 0.1366 0.6198 
        D451 11 0.2706 0.6066 0.1227 
        D452 11 0.1931 0.0730 0.7339 
        D453 11 0.3516 0.2031 0.4453 
        D454 11 0.2537 0.4520 0.2943 
        D457 11 0.1327 0.8298 0.0375 
        D458 11 0.7488 0.1204 0.1308 
        D466 11 0.0659 0.1394 0.7947 
        D467 11 0.2575 0.4510 0.2915 
        D475 11 0.0633 0.8163 0.1205 
        D488 11 0.3407 0.2094 0.4499 
        D489 11 0.1131 0.7392 0.1477 
        D493 11 0.2255 0.1337 0.6408 
        D494 11 0.2442 0.3816 0.3742 
        D495 11 0.1569 0.5882 0.2549 
        D496 11 0.8771 0.0325 0.0904 
        D674 11 0.7579 0.0745 0.1677 
        D675 11 0.9023 0.0331 0.0646 
        D676 11 0.1285 0.7814 0.0901 
        D680 11 0.9010 0.0474 0.0515 
        D701 11 0.3593 0.5450 0.0958 
        D702 11 0.0883 0.2290 0.6827 
        D703 11 0.5880 0.0949 0.3171 
        D704 11 0.2699 0.5876 0.1426 
        D705 11 0.0226 0.7960 0.1814 
        D706 11 0.3479 0.2159 0.4362 
        D707 11 0.1352 0.7799 0.0849 
        D751 11 0.4084 0.3986 0.1931 
        D752 11 0.4940 0.2360 0.2699 
        D753 11 0.0881 0.7070 0.2049 
        D773 11 0.0178 0.9577 0.0245 
        D774 11 0.5520 0.0959 0.3520 
        D801 11 0.4117 0.2709 0.3174 
        D802 11 0.0906 0.5344 0.3750 
        D803 11 0.8826 0.0765 0.0409 
        D804 11 0.1282 0.7536 0.1181 
        D805 11 0.3744 0.3758 0.2498 
        D806 11 0.0257 0.9374 0.0368 
        D809 11 0.2885 0.3300 0.3815 
        D810 11 0.7841 0.0814 0.1345 
        D812 11 0.1888 0.6072 0.2040 
        D813 11 0.5655 0.0669 0.3677 
        D823 11 0.2509 0.4302 0.3189 
        D824 11 0.3211 0.3737 0.3052 
        D829 11 0.2713 0.0545 0.6741 
        D830 11 0.0764 0.6528 0.2708 
        D831 11 0.1941 0.7123 0.0936 
        D832 11 0.3307 0.3195 0.3498 
        D833 11 0.8107 0.0670 0.1223 
        D834 11 0.5913 0.1476 0.2611 
        D835 11 0.0874 0.8738 0.0388 
        D855 11 0.3098 0.5514 0.1388 
        D863 11 0.8942 0.0289 0.0770 
        D864 11 0.4217 0.3584 0.2199 
        D878 11 0.4784 0.4287 0.0929 
        D879 11 0.0876 0.7175 0.1950 
        D880 11 0.5712 0.0427 0.3861 
        D881 11 0.9365 0.0286 0.0349 
        D882 11 0.2666 0.4278 0.3056 
        D909 11 0.4095 0.3120 0.2785 
        D921 11 0.3273 0.2860 0.3867 
        D924 11 0.4885 0.0726 0.4389 
        D935 11 0.2658 0.3068 0.4273 
        D940 11 0.9182 0.0337 0.0482 
        D941 11 0.8074 0.0730 0.1196 
        D942 11 0.0451 0.8891 0.0657 
        D980 11 0.4014 0.1405 0.4581 
        D981 11 0.1498 0.4357 0.4145 
        D982 11 0.0570 0.0438 0.8992 
        D983 11 0.6789 0.1897 0.1314 
        D984 11 0.3942 0.2363 0.3695 
        D992 11 0.0468 0.8150 0.1382 
        D993 11 0.3176 0.3771 0.3053 
        D994 11 0.5660 0.3538 0.0802 
        D995 11 0.0518 0.8233 0.1249 
        H354 11 0.0718 0.7039 0.2244 
