        D023  2 0.0531 0.8418 0.1051 
        D130  2 0.0364 0.2783 0.6853 
        D131  2 0.1983 0.4481 0.3536 
        D163  2 0.1939 0.1895 0.6166 
        D164  2 0.0266 0.6483 0.3251 
        D165  2 0.0652 0.7222 0.2125 
        D166  2 0.1340 0.2035 0.6624 
        D167  2 0.1550 0.7813 0.0637 
        D192  2 0.1021 0.8600 0.0379 
        D193  2 0.4203 0.1104 0.4693 
        D206  2 0.0665 0.5158 0.4176 
        D207  2 0.1832 0.6491 0.1678 
        D208  2 0.7461 0.1375 0.1164 
        D209  2 0.1099 0.8254 0.0647 
        D210  2 0.7356 0.1571 0.1073 
     D229599  2 0.4672 0.3556 0.1773 
     D229600  2 0.1036 0.6073 0.2891 
     D237227  2 0.6877 0.1204 0.1919 
     D237228  2 0.2581 0.0808 0.6612 
     D237258  2 0.3557 0.3515 0.2929 
     D237310  2 0.0885 0.0558 0.8557 
     D237311  2 0.0742 0.1500 0.7758 
     D237312  2 0.0912 0.0595 0.8493 
     D237313  2 0.3452 0.2530 0.4018 
     D237322  2 0.6437 0.1168 0.2395 
     D237323  2 0.3591 0.0488 0.5921 
     D237324  2 0.0987 0.6469 0.2544 
     D237325  2 0.1630 0.1154 0.7216 
     D237326  2 0.1602 0.2652 0.5746 
     D237327  2 0.7365 0.2048 0.0587 
     D237337  2 0.0672 0.0459 0.8869 
     D237338  2 0.2685 0.1883 0.5432 
     D237339  2 0.0690 0.8662 0.0648 
     D237340  2 0.3214 0.1650 0.5136 
     D237389  2 0.0410 0.0545 0.9045 
     D237390  2 0.1605 0.0663 0.7732 
     D244017  2 0.7318 0.1955 0.0726 
     D244112  2 0.1386 0.5771 0.2843 
     D244118  2 0.1155 0.7931 0.0914 
     D244119  2 0.5938 0.3259 0.0803 
     D244120  2 0.5278 0.1551 0.3171 
     D244122  2 0.1510 0.7181 0.1309 
        D291  2 0.6029 0.2967 0.1005 
        D292  2 0.6818 0.2411 0.0772 
        D293  2 0.0291 0.9375 0.0334 
        D322  2 0.0385 0.9290 0.0325 
        D323  2 0.1752 0.6058 0.2190 
        D324  2 0.3926 0.4056 0.2018 
        D325  2 0.0470 0.8660 0.0870 
        D326  2 0.2943 0.5852 0.1205 
        D340  2 0.0493 0.9079 0.0428 
        D341  2 0.0787 0.7110 0.2103 
        D342  2 0.1119 0.7074 0.1807 
        D343  2 0.0255 0.9451 0.0295 
        D344  2 0.0774 0.6745 0.2481 
        D345  2 0.1940 0.7265 0.0794 
        D346  2 0.3984 0.4253 0.1763 
        D351  2 0.2010 0.5471 0.2519 
        D352  2 0.2093 0.6705 0.1201 
        D353  2 0.1765 0.6618 0.1616 
        D354  2 0.2145 0.6030 0.1825 
        D362  2 0.1912 0.6446 0.1642 
        D363  2 0.2732 0.5974 0.1294 
        D364  2 0.1265 0.7292 0.1443 
        D365  2 0.0332 0.9302 0.0366 
        D369  2 0.3389 0.3340 0.3271 
        D374  2 0.6059 0.1043 0.2899 
        D375  2 0.0897 0.7051 0.2052 
        D376  2 0.5760 0.1465 0.2775 
        D377  2 0.1311 0.2526 0.6163 
        D378  2 0.0505 0.9084 0.0411 
        D379  2 0.2015 0.5884 0.2102 
        D384  2 0.2903 0.5102 0.1995 
        D385  2 0.0374 0.9043 0.0583 
        D386  2 0.0694 0.8561 0.0744 
        D391  2 0.0378 0.9160 0.0462 
        D392  2 0.0833 0.8433 0.0733 
        D393  2 0.1636 0.7434 0.0930 
        D394  2 0.3531 0.3751 0.2719 
        D395  2 0.0654 0.8692 0.0654 
        D401  2 0.0544 0.0424 0.9032 
        D402  2 0.0657 0.8950 0.0393 
        D403  2 0.0925 0.5912 0.3163 
        D415  2 0.0601 0.5148 0.4251 
        D435  2 0.0728 0.7793 0.1479 
        D436  2 0.1450 0.2603 0.5947 
        D438  2 0.0441 0.8927 0.0632 
        D439  2 0.0682 0.8841 0.0477 
        D449  2 0.0625 0.7512 0.1863 
        D450  2 0.2437 0.2169 0.5394 
        D456  2 0.2051 0.6455 0.1493 
        D462  2 0.0298 0.9428 0.0274 
        D463  2 0.2628 0.6235 0.1137 
        D464  2 0.1063 0.7452 0.1485 
        D465  2 0.0520 0.5793 0.3686 
        D473  2 0.4902 0.1469 0.3628 
        D474  2 0.4744 0.4178 0.1077 
        D476  2 0.0580 0.7398 0.2022 
        D477  2 0.3080 0.5390 0.1530 
        D478  2 0.3961 0.5112 0.0926 
        D480  2 0.1498 0.7628 0.0874 
        D481  2 0.5144 0.4220 0.0636 
        D482  2 0.7079 0.1193 0.1728 
        D483  2 0.1464 0.8148 0.0388 
        D484  2 0.3314 0.5381 0.1306 
        D510  2 0.7468 0.0751 0.1781 
        D511  2 0.1027 0.8353 0.0620 
        D512  2 0.0415 0.1537 0.8048 
        D513  2 0.1015 0.6394 0.2592 
        D635  2 0.1052 0.8179 0.0770 
        D636  2 0.0753 0.5564 0.3684 
        D637  2 0.1574 0.4549 0.3878 
        D658  2 0.1591 0.5409 0.3000 
        D659  2 0.3116 0.3295 0.3589 
        D677  2 0.1166 0.1954 0.6879 
        D678  2 0.1499 0.7379 0.1122 
        D679  2 0.3134 0.5468 0.1398 
        D719  2 0.4536 0.4083 0.1382 
        D720  2 0.2895 0.4956 0.2149 
        D721  2 0.0676 0.8468 0.0855 
        D722  2 0.4956 0.2003 0.3041 
        D734  2 0.3854 0.5035 0.1111 
        D735  2 0.1768 0.7179 0.1053 
        D736  2 0.6116 0.2169 0.1715 
        D737  2 0.4664 0.4371 0.0965 
        D807  2 0.5092 0.2447 0.2461 
        D808  2 0.1457 0.4279 0.4265 
        D817  2 0.2031 0.4216 0.3753 
        D818  2 0.1397 0.6077 0.2526 
        D819  2 0.1593 0.2786 0.5620 
        D820  2 0.0996 0.6999 0.2005 
        D895  2 0.1689 0.2837 0.5474 
        D896  2 0.0626 0.0374 0.8999 
        D897  2 0.1382 0.6317 0.2301 
        D898  2 0.5396 0.1591 0.3012 
        D918  2 0.1296 0.1162 0.7541 
        D919  2 0.1046 0.8422 0.0532 
        D920  2 0.0744 0.1643 0.7614 
        D923  2 0.0773 0.8213 0.1014 
        D930  2 0.1556 0.5358 0.3086 
        D931  2 0.1670 0.6610 0.1720 
        D968  2 0.0557 0.9074 0.0369 
        D969  2 0.5074 0.3863 0.1063 
        D977  2 0.0766 0.6764 0.2470 
        D978  2 0.4310 0.4737 0.0953 
        D009  4 0.1138 0.1031 0.7831 
        D057  4 0.2135 0.5794 0.2071 
        D109  4 0.0601 0.0549 0.8850 
     D237222  4 0.2589 0.3141 0.4270 
     D237223  4 0.1248 0.1294 0.7458 
     D237224  4 0.3249 0.5889 0.0862 
     D237225  4 0.1762 0.1695 0.6543 
     D237299  4 0.1750 0.1055 0.7195 
     D237300  4 0.8317 0.0586 0.1097 
     D237306  4 0.2129 0.1148 0.6723 
     D237307  4 0.5285 0.1311 0.3404 
     D237308  4 0.1900 0.6717 0.1382 
     D237309  4 0.1871 0.5332 0.2797 
     D237317  4 0.5269 0.3549 0.1182 
     D237318  4 0.8454 0.0960 0.0585 
     D237319  4 0.1829 0.1718 0.6453 
     D237320  4 0.1654 0.1535 0.6811 
     D237321  4 0.7681 0.1066 0.1253 
     D237397  4 0.3637 0.1118 0.5245 
     D237398  4 0.5114 0.3676 0.1210 
     D237399  4 0.6868 0.1391 0.1741 
     D244001  4 0.1349 0.4714 0.3936 
        D289  4 0.5565 0.3260 0.1175 
        D290  4 0.7076 0.1506 0.1418 
        D294  4 0.4495 0.4494 0.1011 
        D295  4 0.1669 0.0863 0.7468 
        D301  4 0.2376 0.1112 0.6513 
        D302  4 0.0884 0.7899 0.1217 
        D303  4 0.6118 0.0991 0.2891 
        D304  4 0.8491 0.0811 0.0698 
        D305  4 0.1276 0.7379 0.1344 
        D306  4 0.6409 0.2229 0.1362 
        D307  4 0.2930 0.1783 0.5287 
        D327  4 0.2023 0.3765 0.4212 
        D328  4 0.3057 0.1443 0.5500 
        D329  4 0.3832 0.5123 0.1045 
        D330  4 0.0748 0.4479 0.4774 
        D331  4 0.6785 0.1514 0.1701 
        D333  4 0.3535 0.1666 0.4799 
        D334  4 0.6804 0.1382 0.1814 
        D335  4 0.0832 0.8209 0.0958 
        D370  4 0.3300 0.1992 0.4708 
        D371  4 0.5477 0.1396 0.3127 
        D372  4 0.8974 0.0486 0.0540 
        D373  4 0.1566 0.5210 0.3224 
        D455  4 0.2435 0.3784 0.3780 
        D490  4 0.0470 0.0317 0.9214 
        D497  4 0.0768 0.0647 0.8585 
        D498  4 0.6682 0.1075 0.2243 
        D499  4 0.1899 0.5243 0.2858 
        D514  4 0.1477 0.3194 0.5329 
        D515  4 0.0444 0.0790 0.8766 
        D516  4 0.2131 0.1627 0.6243 
        D517  4 0.2747 0.3710 0.3543 
        D518  4 0.1090 0.5868 0.3042 
        D519  4 0.0798 0.0638 0.8563 
        D560  4 0.0666 0.1439 0.7896 
        D561  4 0.0677 0.8004 0.1319 
        D562  4 0.5010 0.3739 0.1252 
        D563  4 0.0635 0.8427 0.0938 
        D572  4 0.2173 0.6111 0.1716 
        D629  4 0.1941 0.5282 0.2777 
        D630  4 0.3335 0.2644 0.4021 
        D631  4 0.1954 0.6284 0.1762 
        D632  4 0.0381 0.7417 0.2202 
        D646  4 0.0950 0.1756 0.7294 
        D647  4 0.1075 0.4845 0.4079 
        D648  4 0.1874 0.2689 0.5436 
        D649  4 0.0944 0.3135 0.5920 
        D650  4 0.2577 0.1807 0.5616 
        D708  4 0.3906 0.1712 0.4382 
        D709  4 0.4571 0.1949 0.3480 
        D738  4 0.3803 0.0947 0.5249 
        D739  4 0.2207 0.1276 0.6518 
        D740  4 0.5538 0.1275 0.3187 
        D741  4 0.0411 0.1282 0.8307 
        D742  4 0.2480 0.4847 0.2673 
        D743  4 0.1881 0.6676 0.1442 
        D744  4 0.0793 0.8371 0.0836 
        D745  4 0.0561 0.0503 0.8936 
        D814  4 0.1776 0.4552 0.3672 
        D815  4 0.2351 0.5112 0.2537 
        D828  4 0.6296 0.1250 0.2454 
        D845  4 0.8518 0.0866 0.0617 
        D846  4 0.0761 0.8286 0.0953 
        D847  4 0.5930 0.1560 0.2510 
        D848  4 0.2699 0.5768 0.1533 
        D849  4 0.0529 0.0802 0.8669 
        D850  4 0.3190 0.4253 0.2557 
        D856  4 0.1408 0.2682 0.5910 
        D857  4 0.0761 0.0697 0.8541 
        D859  4 0.3559 0.2419 0.4022 
        D860  4 0.7794 0.1838 0.0368 
        D883  4 0.2331 0.1079 0.6589 
        D884  4 0.0578 0.0458 0.8964 
        D885  4 0.1034 0.2794 0.6171 
        D886  4 0.2257 0.4150 0.3593 
        D887  4 0.3679 0.2686 0.3636 
        D889  4 0.8763 0.0620 0.0617 
        D890  4 0.2292 0.3688 0.4020 
        D891  4 0.9272 0.0438 0.0290 
        D899  4 0.4510 0.4424 0.1066 
        D900  4 0.3933 0.3352 0.2716 
        D970  4 0.4748 0.4614 0.0637 
        D971  4 0.0627 0.8776 0.0597 
        D979  4 0.1195 0.7629 0.1175 
        D093  5 0.5884 0.0657 0.3459 
        D154  5 0.2140 0.2252 0.5608 
        D168  5 0.1566 0.2887 0.5547 
        D189  5 0.7612 0.1025 0.1363 
        D190  5 0.5663 0.1572 0.2765 
     D237220  5 0.6024 0.0689 0.3288 
     D237221  5 0.6290 0.1969 0.1741 
     D237274  5 0.0761 0.7905 0.1334 
     D237275  5 0.3519 0.5007 0.1474 
     D237276  5 0.2091 0.1012 0.6897 
     D237277  5 0.7028 0.1375 0.1597 
     D237278  5 0.2305 0.4353 0.3342 
     D237279  5 0.0647 0.3962 0.5391 
     D237280  5 0.2877 0.1797 0.5326 
     D237281  5 0.3748 0.4972 0.1280 
     D237351  5 0.0813 0.0461 0.8726 
     D237352  5 0.1019 0.5720 0.3260 
     D237353  5 0.7909 0.1010 0.1081 
     D237359  5 0.5392 0.0777 0.3831 
     D237361  5 0.7717 0.0799 0.1484 
     D237362  5 0.1805 0.1830 0.6365 
     D237363  5 0.2226 0.4350 0.3424 
     D237364  5 0.1017 0.3644 0.5339 
     D237376  5 0.4088 0.1112 0.4800 
     D237377  5 0.1950 0.2938 0.5112 
     D237378  5 0.6830 0.0852 0.2318 
     D237379  5 0.4702 0.1860 0.3437 
     D237380  5 0.1982 0.1579 0.6438 
     D237381  5 0.2214 0.4221 0.3564 
     D237391  5 0.7462 0.0982 0.1557 
     D237392  5 0.0560 0.7697 0.1743 
     D237393  5 0.5147 0.2991 0.1862 
     D237394  5 0.7124 0.1304 0.1572 
     D237395  5 0.5047 0.1442 0.3510 
     D237396  5 0.1874 0.7399 0.0727 
     D244016  5 0.2803 0.6223 0.0974 
     D244018  5 0.3020 0.4305 0.2675 
     D244019  5 0.2079 0.6726 0.1194 
        D279  5 0.3487 0.1217 0.5296 
        D280  5 0.8137 0.1130 0.0733 
        D281  5 0.6861 0.2148 0.0991 
        D283  5 0.7199 0.1592 0.1209 
        D284  5 0.1360 0.1051 0.7590 
        D285  5 0.8322 0.0592 0.1085 
        D286  5 0.4756 0.2417 0.2826 
        D287  5 0.4274 0.0550 0.5176 
        D288  5 0.7515 0.1761 0.0723 
        D308  5 0.0703 0.1169 0.8128 
        D309  5 0.0527 0.8718 0.0755 
        D310  5 0.8920 0.0417 0.0662 
        D311  5 0.2517 0.2084 0.5399 
        D312  5 0.3702 0.3297 0.3002 
        D313  5 0.0834 0.0341 0.8825 
        D314  5 0.1663 0.1772 0.6565 
        D315  5 0.5574 0.2461 0.1964 
        D317  5 0.7509 0.0508 0.1983 
        D318  5 0.3298 0.3922 0.2780 
        D319  5 0.7723 0.0514 0.1763 
        D320  5 0.8121 0.0702 0.1177 
        D321  5 0.2911 0.0611 0.6477 
        D336  5 0.7228 0.0846 0.1926 
        D337  5 0.8789 0.0508 0.0703 
        D338  5 0.3611 0.1914 0.4475 
        D339  5 0.7703 0.0513 0.1784 
        D347  5 0.6048 0.3028 0.0924 
        D348  5 0.8275 0.1221 0.0504 
        D349  5 0.0894 0.0583 0.8523 
        D350  5 0.0986 0.6957 0.2057 
        D355  5 0.4359 0.3494 0.2147 
        D356  5 0.6640 0.1479 0.1882 
        D357  5 0.6387 0.1603 0.2010 
        D358  5 0.4359 0.3812 0.1829 
        D359  5 0.4822 0.3753 0.1425 
        D360  5 0.7474 0.1159 0.1366 
        D361  5 0.0405 0.0442 0.9153 
        D366  5 0.0795 0.7058 0.2146 
        D367  5 0.5065 0.0695 0.4240 
        D368  5 0.1682 0.1098 0.7221 
        D380  5 0.0861 0.8223 0.0916 
        D381  5 0.6949 0.2009 0.1042 
        D400  5 0.6599 0.1231 0.2170 
        D411  5 0.0278 0.0410 0.9311 
        D412  5 0.6964 0.2345 0.0691 
        D413  5 0.0406 0.9050 0.0544 
        D414  5 0.2228 0.5986 0.1787 
        D420  5 0.6927 0.1359 0.1713 
        D431  5 0.4627 0.0739 0.4634 
        D432  5 0.6651 0.2295 0.1054 
        D433  5 0.6964 0.0858 0.2178 
        D434  5 0.7789 0.1078 0.1133 
        D440  5 0.0721 0.6340 0.2939 
        D447  5 0.1445 0.6698 0.1857 
        D448  5 0.6376 0.0705 0.2919 
        D459  5 0.3029 0.5865 0.1106 
        D460  5 0.0974 0.1381 0.7645 
        D461  5 0.0899 0.7755 0.1345 
        D468  5 0.0658 0.1230 0.8112 
        D469  5 0.2614 0.1855 0.5531 
        D470  5 0.1181 0.1023 0.7797 
        D471  5 0.6185 0.1631 0.2184 
        D472  5 0.2346 0.7110 0.0544 
        D479  5 0.0642 0.8696 0.0662 
        D485  5 0.3389 0.2035 0.4576 
        D486  5 0.0877 0.0911 0.8212 
        D487  5 0.7150 0.1528 0.1322 
        D555  5 0.8999 0.0504 0.0497 
        D556  5 0.5985 0.1491 0.2524 
        D557  5 0.6869 0.1834 0.1297 
        D564  5 0.3810 0.3782 0.2408 
        D594  5 0.3814 0.4414 0.1772 
        D595  5 0.4331 0.1500 0.4169 
        D596  5 0.8781 0.0770 0.0449 
        D597  5 0.6017 0.3309 0.0674 
        D598  5 0.5945 0.1410 0.2645 
        D617  5 0.0730 0.1342 0.7929 
        D618  5 0.6927 0.1570 0.1503 
        D619  5 0.4149 0.3172 0.2679 
        D620  5 0.1159 0.8138 0.0703 
        D628  5 0.3219 0.4665 0.2116 
        D714  5 0.6469 0.1578 0.1953 
        D715  5 0.6714 0.1940 0.1346 
        D716  5 0.4495 0.2848 0.2657 
        D717  5 0.5613 0.2844 0.1543 
        D718  5 0.1633 0.0409 0.7958 
        D769  5 0.1081 0.2005 0.6914 
        D770  5 0.2175 0.3395 0.4430 
        D771  5 0.5254 0.2102 0.2644 
        D772  5 0.3821 0.3204 0.2975 
        D782  5 0.2486 0.3792 0.3722 
        D783  5 0.1783 0.6974 0.1243 
        D784  5 0.2839 0.6349 0.0812 
        D785  5 0.4508 0.1625 0.3867 
        D786  5 0.0701 0.6103 0.3196 
        D821  5 0.8118 0.0723 0.1158 
        D822  5 0.2178 0.6662 0.1161 
        D826  5 0.5615 0.1490 0.2895 
        D827  5 0.1049 0.6257 0.2694 
        D851  5 0.2387 0.5896 0.1717 
        D852  5 0.6576 0.2209 0.1214 
        D853  5 0.6193 0.1608 0.2199 
        D854  5 0.1297 0.2244 0.6459 
        D861  5 0.3064 0.1381 0.5555 
        D862  5 0.3274 0.3668 0.3058 
        D865  5 0.7341 0.0972 0.1687 
        D868  5 0.5566 0.1537 0.2897 
        D869  5 0.0386 0.0679 0.8934 
        D870  5 0.0458 0.9044 0.0498 
        D907  5 0.7667 0.0498 0.1835 
        D908  5 0.6976 0.1816 0.1208 
        D910  5 0.5386 0.1485 0.3129 
        D911  5 0.7063 0.1604 0.1334 
        D934  5 0.2461 0.5049 0.2490 
        D946  5 0.4028 0.1683 0.4289 
        D947  5 0.3591 0.2308 0.4101 
        D948  5 0.2373 0.0642 0.6985 
        D949  5 0.0686 0.0369 0.8945 
        D950  5 0.6168 0.2601 0.1231 
        D951  5 0.0887 0.8084 0.1029 
        D952  5 0.5470 0.2879 0.1651 
        D953  5 0.8269 0.0780 0.0951 
        D954  5 0.3564 0.4786 0.1650 
        D961  5 0.3369 0.1131 0.5501 
        D962  5 0.5707 0.1893 0.2400 
        D963  5 0.5731 0.3076 0.1193 
        D964  5 0.3280 0.1733 0.4987 
        D965  5 0.2116 0.6054 0.1830 
        D966  5 0.4850 0.3942 0.1208 
        D967  5 0.7049 0.2080 0.0871 
        D991  5 0.3613 0.1585 0.4801 
        D132  8 0.0562 0.0404 0.9034 
        D133  8 0.0810 0.8060 0.1130 
        D200  8 0.6452 0.1415 0.2134 
        D500  8 0.0499 0.0413 0.9089 
        D614  8 0.5896 0.0729 0.3375 
        D723  8 0.0687 0.0942 0.8370 
        D888  8 0.8067 0.1364 0.0569 
        D901  8 0.0680 0.0359 0.8961 
        D902  8 0.4582 0.1328 0.4090 
        D903  8 0.1535 0.7174 0.1291 
        D904  8 0.2016 0.6617 0.1367 
        D905  8 0.9282 0.0326 0.0392 
        D906  8 0.1852 0.7429 0.0719 
        D937  8 0.6319 0.0677 0.3004 
        D943  8 0.3230 0.1902 0.4868 
        D972  8 0.0533 0.0551 0.8916 
        D973  8 0.0923 0.1668 0.7408 
        D974  8 0.2462 0.2108 0.5429 
        D975  8 0.7214 0.1627 0.1159 
        D976  8 0.3445 0.1139 0.5416 
        D142 10 0.2135 0.5579 0.2286 
        D143 10 0.0833 0.8270 0.0897 
        D144 10 0.2920 0.4429 0.2651 
        D145 10 0.6731 0.0728 0.2541 
        D146 10 0.0567 0.1437 0.7996 
        D147 10 0.0774 0.2015 0.7211 
        D148 10 0.1169 0.7366 0.1465 
        D149 10 0.3816 0.3971 0.2213 
        D151 10 0.4211 0.4282 0.1507 
        D152 10 0.1542 0.7513 0.0945 
        D153 10 0.1366 0.2567 0.6067 
        D156 10 0.1242 0.7370 0.1389 
        D157 10 0.4693 0.1769 0.3538 
        D158 10 0.3516 0.0600 0.5884 
        D159 10 0.0689 0.8563 0.0748 
        D160 10 0.9463 0.0214 0.0323 
        D161 10 0.1519 0.6065 0.2416 
        D162 10 0.2019 0.7155 0.0826 
        D169 10 0.2641 0.3307 0.4053 
        D170 10 0.0863 0.2286 0.6850 
        D171 10 0.0752 0.3107 0.6141 
        D172 10 0.1109 0.2674 0.6217 
        D173 10 0.0530 0.8423 0.1047 
        D181 10 0.3769 0.3635 0.2596 
        D182 10 0.3051 0.2216 0.4733 
        D183 10 0.7156 0.0665 0.2179 
        D184 10 0.0387 0.1543 0.8070 
        D185 10 0.1264 0.5474 0.3262 
        D186 10 0.0891 0.0541 0.8569 
        D194 10 0.1341 0.3300 0.5359 
        D195 10 0.3767 0.4743 0.1490 
        D196 10 0.3311 0.5901 0.0787 
        D197 10 0.0995 0.2333 0.6672 
        D198 10 0.1960 0.4950 0.3090 
     D237226 10 0.5278 0.3218 0.1503 
     D237232 10 0.7139 0.1050 0.1810 
     D237233 10 0.4889 0.1750 0.3361 
     D237234 10 0.4700 0.1559 0.3740 
     D237354 10 0.8873 0.0583 0.0545 
     D237355 10 0.9150 0.0414 0.0436 
     D237356 10 0.2245 0.3766 0.3989 
     D237357 10 0.1184 0.4812 0.4004 
     D237358 10 0.0668 0.8777 0.0554 
     D237369 10 0.0291 0.0468 0.9242 
     D237370 10 0.3134 0.4160 0.2706 
     D237371 10 0.2077 0.4689 0.3234 
     D237372 10 0.1476 0.6652 0.1873 
     D237373 10 0.5411 0.1403 0.3186 
     D237374 10 0.8989 0.0511 0.0500 
     D237375 10 0.1428 0.7169 0.1402 
     D237400 10 0.2269 0.6483 0.1248 
     D244002 10 0.0920 0.4925 0.4154 
     D244003 10 0.8795 0.0471 0.0734 
     D244004 10 0.8415 0.0316 0.1268 
     D244005 10 0.7857 0.1051 0.1092 
     D244020 10 0.2525 0.3326 0.4149 
     D244021 10 0.0539 0.0575 0.8886 
     D244116 10 0.1597 0.2865 0.5538 
     D244117 10 0.7898 0.1229 0.0873 
     D244121 10 0.5510 0.1580 0.2910 
     D244123 10 0.7374 0.1129 0.1497 
     D244124 10 0.1659 0.4939 0.3401 
        D332 10 0.0967 0.4956 0.4077 
        D570 10 0.5571 0.2421 0.2008 
        D602 10 0.1075 0.7195 0.1730 
        D603 10 0.3375 0.3028 0.3597 
        D604 10 0.1282 0.8166 0.0552 
        D605 10 0.2587 0.5758 0.1655 
        D606 10 0.2876 0.2228 0.4896 
        D607 10 0.0913 0.8096 0.0991 
        D608 10 0.0337 0.9339 0.0323 
        D609 10 0.3445 0.0975 0.5581 
        D610 10 0.7910 0.1272 0.0818 
        D611 10 0.8105 0.0458 0.1437 
        D613 10 0.3540 0.4279 0.2181 
        D633 10 0.0550 0.8990 0.0460 
        D634 10 0.1662 0.3507 0.4830 
        D638 10 0.3348 0.5182 0.1470 
        D681 10 0.0966 0.1772 0.7261 
        D754 10 0.1700 0.0347 0.7953 
        D755 10 0.6788 0.1527 0.1685 
        D756 10 0.4301 0.0719 0.4980 
        D757 10 0.6308 0.2795 0.0897 
        D758 10 0.2958 0.2139 0.4903 
        D759 10 0.7406 0.2042 0.0551 
        D760 10 0.5728 0.2052 0.2220 
        D761 10 0.8854 0.0732 0.0414 
        D762 10 0.0640 0.8511 0.0849 
        D775 10 0.7481 0.0611 0.1908 
        D776 10 0.7870 0.1307 0.0823 
        D777 10 0.8530 0.0516 0.0954 
        D778 10 0.5747 0.0997 0.3256 
        D779 10 0.2118 0.0635 0.7247 
        D780 10 0.4415 0.4094 0.1491 
        D781 10 0.0802 0.7994 0.1204 
        D858 10 0.1511 0.0983 0.7505 
        D933 10 0.4550 0.4584 0.0866 
        D038 11 0.6047 0.1723 0.2230 
        D063 11 0.5912 0.1920 0.2169 
        D155 11 0.7137 0.1549 0.1314 
        D175 11 0.1759 0.0592 0.7648 
        D176 11 0.3452 0.2087 0.4462 
        D205 11 0.5691 0.0725 0.3584 
     D237229 11 0.3706 0.5226 0.1068 
     D237230 11 0.0405 0.4770 0.4826 
     D237231 11 0.1258 0.7135 0.1607 
     D237269 11 0.1879 0.6847 0.1274 
     D237270 11 0.1298 0.4403 0.4300 
     D237271 11 0.3985 0.3133 0.2882 
     D237272 11 0.0778 0.1191 0.8031 
     D237273 11 0.7444 0.0975 0.1581 
     D237301 11 0.2128 0.3548 0.4324 
     D237302 11 0.1289 0.2721 0.5990 
     D237303 11 0.0500 0.3789 0.5712 
     D237304 11 0.2094 0.3144 0.4762 
     D237305 11 0.6327 0.0810 0.2863 
     D237314 11 0.6227 0.1211 0.2562 
     D237315 11 0.1134 0.1561 0.7306 
     D237316 11 0.1370 0.7471 0.1160 
     D237328 11 0.0931 0.1418 0.7651 
     D237329 11 0.3758 0.3234 0.3008 
     D237330 11 0.7011 0.1172 0.1817 
     D237331 11 0.7634 0.1222 0.1143 
     D237332 11 0.3535 0.1224 0.5241 
     D237333 11 0.6050 0.3216 0.0734 
     D237334 11 0.2292 0.3788 0.3919 
     D237335 11 0.4298 0.1320 0.4382 
     D237336 11 0.7832 0.1109 0.1059 
     D237350 11 0.4806 0.4026 0.1168 
     D237383 11 0.5661 0.1404 0.2935 
     D237384 11 0.3333 0.4734 0.1933 
     D237385 11 0.3519 0.2150 0.4331 
     D237386 11 0.1767 0.5767 0.2466 
     D237387 11 0.1474 0.1691 0.6835 
     D237388 11 0.4387 0.3131 0.2482 
        D239 11 0.7231 0.1346 0.1423 
        D240 11 0.8019 0.1489 0.0493 
        D241 11 0.5251 0.2989 0.1760 
        D242 11 0.2833 0.5649 0.1518 
        D243 11 0.8067 0.0735 0.1198 
        D244 11 0.8706 0.0702 0.0593 
        D245 11 0.0613 0.0834 0.8553 
        D246 11 0.2386 0.1818 0.5796 
        D247 11 0.5726 0.2679 0.1595 
        D248 11 0.1121 0.6867 0.2012 
        D249 11 0.1314 0.0710 0.7976 
        D250 11 0.2015 0.6657 0.1328 
        D251 11 0.3291 0.1298 0.5411 
        D252 11 0.0757 0.1755 0.7489 
        D253 11 0.7124 0.0844 0.2031 
        D254 11 0.0542 0.2411 0.7047 
        D255 11 0.1415 0.4765 0.3821 
        D256 11 0.7185 0.1192 0.1623 
        D257 11 0.1678 0.1015 0.7307 
        D258 11 0.1036 0.1224 0.7740 
        D259 11 0.1124 0.2341 0.6535 
        D260 11 0.4007 0.2585 0.3408 
        D261 11 0.3140 0.2559 0.4302 
        D262 11 0.0948 0.0878 0.8174 
        D263 11 0.3608 0.3188 0.3205 
        D264 11 0.0586 0.0909 0.8506 
        D265 11 0.2200 0.2619 0.5181 
        D266 11 0.4896 0.4289 0.0816 
        D267 11 0.6575 0.1483 0.1941 
        D268 11 0.7594 0.1255 0.1150 
        D269 11 0.3025 0.4110 0.2865 
        D270 11 0.1506 0.1128 0.7366 
        D271 11 0.5067 0.2681 0.2252 
        D272 11 0.6074 0.3308 0.0618 
        D273 11 0.0492 0.0404 0.9104 
        D274 11 0.4355 0.3634 0.2011 
        D275 11 0.3968 0.4263 0.1770 
        D276 11 0.6236 0.2735 0.1029 
        D277 11 0.2368 0.5470 0.2162 
        D278 11 0.4259 0.1316 0.4425 
        D282 11 0.1703 0.0981 0.7316 
        D296 11 0.6702 0.2073 0.1224 
        D297 11 0.6524 0.1890 0.1586 
        D298 11 0.5162 0.3708 0.1131 
        D299 11 0.4061 0.1528 0.4411 
        D300 11 0.4746 0.3222 0.2033 
        D382 11 0.7058 0.1302 0.1640 
        D383 11 0.7414 0.0581 0.2004 
        D387 11 0.3446 0.2399 0.4154 
        D388 11 0.2705 0.5965 0.1330 
        D389 11 0.4059 0.2761 0.3179 
        D390 11 0.3654 0.3957 0.2389 
        D396 11 0.3007 0.4148 0.2845 
        D397 11 0.1436 0.0708 0.7857 
        D398 11 0.7220 0.1795 0.0984 
        D399 11 0.0584 0.7603 0.1813 
        D437 11 0.1906 0.2563 0.5532 
        D441 11 0.6607 0.1229 0.2164 
        D442 11 0.5299 0.2557 0.2144 
        D443 11 0.8994 0.0512 0.0494 
        D444 11 0.2628 0.5684 0.1688 
        D445 11 0.0743 0.0942 0.8316 
        D446 11 0.1857 0.6523 0.1620 
        D451 11 0.2169 0.1667 0.6164 
        D452 11 0.2501 0.6593 0.0906 
        D453 11 0.2156 0.6327 0.1517 
        D454 11 0.1948 0.3858 0.4195 
        D457 11 0.1540 0.0476 0.7984 
        D458 11 0.7265 0.1538 0.1197 
        D466 11 0.0806 0.7326 0.1869 
        D467 11 0.3807 0.1770 0.4422 
        D475 11 0.0699 0.1415 0.7886 
        D488 11 0.2259 0.5950 0.1791 
        D489 11 0.1433 0.1521 0.7046 
        D493 11 0.2045 0.6800 0.1155 
        D494 11 0.2039 0.4572 0.3388 
        D495 11 0.1555 0.2426 0.6019 
        D496 11 0.8307 0.1219 0.0474 
        D674 11 0.7061 0.2055 0.0884 
        D675 11 0.8577 0.1014 0.0410 
        D676 11 0.1680 0.0806 0.7514 
        D680 11 0.8664 0.0652 0.0684 
        D701 11 0.3178 0.0920 0.5902 
        D702 11 0.0908 0.6322 0.2770 
        D703 11 0.5427 0.3443 0.1131 
        D704 11 0.2658 0.1641 0.5701 
        D705 11 0.0364 0.1676 0.7961 
        D706 11 0.4425 0.2956 0.2619 
        D707 11 0.1591 0.0985 0.7424 
        D751 11 0.3836 0.2385 0.3780 
        D752 11 0.5876 0.1889 0.2236 
        D753 11 0.1029 0.2167 0.6804 
        D773 11 0.0339 0.0393 0.9268 
        D774 11 0.4820 0.3890 0.1290 
        D801 11 0.4319 0.2573 0.3108 
        D802 11 0.0977 0.3160 0.5863 
        D803 11 0.8097 0.0800 0.1104 
        D804 11 0.1292 0.1175 0.7533 
        D805 11 0.3787 0.2420 0.3793 
        D806 11 0.0331 0.0547 0.9122 
        D809 11 0.3389 0.3311 0.3300 
        D810 11 0.7814 0.1405 0.0781 
        D812 11 0.1905 0.2505 0.5590 
        D813 11 0.6345 0.2910 0.0744 
        D823 11 0.2645 0.2985 0.4370 
        D824 11 0.3989 0.2494 0.3517 
        D829 11 0.2530 0.6821 0.0649 
        D830 11 0.1191 0.2230 0.6579 
        D831 11 0.2307 0.0954 0.6739 
        D832 11 0.4094 0.3366 0.2541 
        D833 11 0.7749 0.1530 0.0720 
        D834 11 0.4332 0.4446 0.1222 
        D835 11 0.1004 0.0472 0.8524 
        D855 11 0.2592 0.1620 0.5788 
        D863 11 0.8539 0.1060 0.0401 
        D864 11 0.4643 0.1877 0.3480 
        D878 11 0.5329 0.1048 0.3623 
        D879 11 0.1423 0.1605 0.6972 
        D880 11 0.4464 0.4980 0.0555 
        D881 11 0.8849 0.0671 0.0480 
        D882 11 0.2738 0.2900 0.4362 
        D909 11 0.3653 0.2797 0.3550 
        D921 11 0.3682 0.3503 0.2815 
        D924 11 0.4586 0.4463 0.0950 
        D935 11 0.2415 0.4084 0.3501 
        D940 11 0.8750 0.0823 0.0427 
        D941 11 0.6970 0.2136 0.0894 
        D942 11 0.0816 0.0985 0.8198 
        D980 11 0.3358 0.5253 0.1389 
        D981 11 0.1528 0.4452 0.4019 
        D982 11 0.0691 0.8789 0.0520 
        D983 11 0.6181 0.1593 0.2226 
        D984 11 0.4148 0.3615 0.2237 
        D992 11 0.0784 0.1453 0.7763 
        D993 11 0.2572 0.3713 0.3715 
        D994 11 0.6030 0.0878 0.3092 
        D995 11 0.0671 0.1919 0.7410 
        H354 11 0.0897 0.3135 0.5967 
