        D023  2 0.0317 0.0833 0.8266 0.0371 0.0213 
        D130  2 0.1304 0.0274 0.1206 0.6134 0.1082 
        D131  2 0.0315 0.1369 0.2229 0.2062 0.4025 
        D163  2 0.1071 0.1633 0.3734 0.2778 0.0783 
        D164  2 0.0864 0.0195 0.0415 0.3322 0.5204 
        D165  2 0.0887 0.0976 0.6743 0.1087 0.0306 
        D166  2 0.3758 0.0477 0.1117 0.3941 0.0707 
        D167  2 0.6966 0.0244 0.0227 0.0204 0.2358 
        D192  2 0.6934 0.0280 0.0229 0.0152 0.2405 
        D193  2 0.8222 0.0468 0.0395 0.0585 0.0330 
        D206  2 0.0905 0.0331 0.3315 0.1817 0.3633 
        D207  2 0.1418 0.0782 0.0622 0.0631 0.6547 
        D208  2 0.1353 0.6715 0.0828 0.0490 0.0614 
        D209  2 0.5951 0.0280 0.1539 0.0381 0.1849 
        D210  2 0.1362 0.6058 0.0496 0.0405 0.1679 
     D229599  2 0.0849 0.1316 0.7078 0.0437 0.0321 
     D229600  2 0.4943 0.0469 0.0545 0.2027 0.2016 
     D237227  2 0.0680 0.6918 0.0651 0.1430 0.0321 
     D237228  2 0.0755 0.1912 0.0256 0.6274 0.0803 
     D237258  2 0.1892 0.1585 0.3196 0.2320 0.1007 
     D237310  2 0.0508 0.0333 0.0166 0.8684 0.0308 
     D237311  2 0.0732 0.0404 0.0230 0.7659 0.0975 
     D237312  2 0.0665 0.0367 0.0482 0.7890 0.0596 
     D237313  2 0.1058 0.1079 0.5461 0.1343 0.1060 
     D237322  2 0.1716 0.4690 0.0672 0.1972 0.0951 
     D237323  2 0.0506 0.2036 0.0229 0.6926 0.0302 
     D237324  2 0.2431 0.0818 0.0833 0.1565 0.4354 
     D237325  2 0.1674 0.0649 0.0312 0.6198 0.1166 
     D237326  2 0.0671 0.1312 0.1194 0.4779 0.2043 
     D237327  2 0.2289 0.5388 0.0956 0.0382 0.0985 
     D237337  2 0.0232 0.0367 0.0277 0.8895 0.0229 
     D237338  2 0.1397 0.2628 0.0836 0.3676 0.1463 
     D237339  2 0.1410 0.0276 0.1135 0.0270 0.6909 
     D237340  2 0.2483 0.1671 0.0329 0.4127 0.1390 
     D237389  2 0.0917 0.0194 0.0322 0.8144 0.0423 
     D237390  2 0.0619 0.1184 0.0503 0.6868 0.0827 
     D244017  2 0.5815 0.1634 0.1015 0.0398 0.1138 
     D244112  2 0.6783 0.0200 0.0254 0.0424 0.2340 
     D244118  2 0.7595 0.0268 0.0318 0.0224 0.1595 
     D244119  2 0.3137 0.3663 0.0376 0.0414 0.2410 
     D244120  2 0.6804 0.0471 0.0380 0.1371 0.0975 
     D244122  2 0.6812 0.0343 0.0464 0.0416 0.1965 
        D291  2 0.1254 0.6079 0.1206 0.0414 0.1047 
        D292  2 0.2816 0.2724 0.2999 0.0414 0.1047 
        D293  2 0.0151 0.0145 0.0228 0.0134 0.9343 
        D322  2 0.0310 0.0264 0.0988 0.0253 0.8186 
        D323  2 0.2070 0.0692 0.2201 0.1064 0.3973 
        D324  2 0.0359 0.4890 0.1748 0.1208 0.1795 
        D325  2 0.0153 0.0228 0.0336 0.0220 0.9062 
        D326  2 0.0311 0.0622 0.7614 0.0413 0.1041 
        D340  2 0.0219 0.0259 0.0202 0.0202 0.9118 
        D341  2 0.0744 0.0400 0.0269 0.0781 0.7806 
        D342  2 0.3776 0.0504 0.1071 0.0610 0.4038 
        D343  2 0.0134 0.0147 0.0134 0.0127 0.9459 
        D344  2 0.1839 0.0210 0.6728 0.0569 0.0653 
        D345  2 0.0317 0.0505 0.8539 0.0209 0.0431 
        D346  2 0.0608 0.3331 0.2357 0.1988 0.1716 
        D351  2 0.0429 0.1163 0.3249 0.1070 0.4089 
        D352  2 0.1278 0.0811 0.5188 0.0939 0.1783 
        D353  2 0.1152 0.0547 0.5556 0.0744 0.2001 
        D354  2 0.0719 0.0418 0.8140 0.0376 0.0346 
        D362  2 0.0449 0.0432 0.8441 0.0328 0.0350 
        D363  2 0.0294 0.0354 0.8700 0.0313 0.0340 
        D364  2 0.0698 0.0191 0.8696 0.0223 0.0192 
        D365  2 0.0150 0.0191 0.0146 0.0196 0.9317 
        D369  2 0.0759 0.2071 0.1345 0.3256 0.2569 
        D374  2 0.8631 0.0507 0.0305 0.0259 0.0298 
        D375  2 0.0760 0.0168 0.8188 0.0612 0.0272 
        D376  2 0.7974 0.0682 0.0453 0.0443 0.0448 
        D377  2 0.0630 0.1108 0.2006 0.4707 0.1550 
        D378  2 0.0396 0.0394 0.4352 0.0283 0.4576 
        D379  2 0.0542 0.0425 0.7672 0.0479 0.0882 
        D384  2 0.0223 0.0698 0.7947 0.0360 0.0771 
        D385  2 0.0379 0.0334 0.0504 0.0471 0.8312 
        D386  2 0.0447 0.0253 0.7671 0.0259 0.1370 
        D391  2 0.0356 0.0186 0.0386 0.0234 0.8838 
        D392  2 0.0957 0.0638 0.1040 0.1233 0.6132 
        D393  2 0.0312 0.1036 0.5639 0.0384 0.2629 
        D394  2 0.4754 0.0716 0.1920 0.1188 0.1422 
        D395  2 0.0822 0.0564 0.1559 0.0775 0.6279 
        D401  2 0.0251 0.0389 0.0145 0.8983 0.0232 
        D402  2 0.0381 0.0368 0.0399 0.0249 0.8603 
        D403  2 0.1174 0.0327 0.7573 0.0488 0.0438 
        D415  2 0.0455 0.0184 0.3294 0.3254 0.2814 
        D435  2 0.0397 0.0445 0.2150 0.0636 0.6372 
        D436  2 0.2268 0.0530 0.2264 0.1403 0.3536 
        D438  2 0.0224 0.0242 0.0186 0.0236 0.9112 
        D439  2 0.0326 0.0269 0.7875 0.0200 0.1330 
        D449  2 0.1205 0.0235 0.1425 0.0353 0.6782 
        D450  2 0.0995 0.1039 0.5185 0.2439 0.0343 
        D456  2 0.0206 0.0581 0.6474 0.0384 0.2355 
        D462  2 0.0401 0.0182 0.0430 0.0199 0.8788 
        D463  2 0.0246 0.0281 0.8710 0.0238 0.0525 
        D464  2 0.1534 0.0380 0.3844 0.1072 0.3171 
        D465  2 0.0229 0.0312 0.0425 0.1960 0.7073 
        D473  2 0.0581 0.4797 0.0791 0.3034 0.0798 
        D474  2 0.0354 0.2888 0.5729 0.0332 0.0697 
        D476  2 0.1199 0.0348 0.5338 0.1292 0.1824 
        D477  2 0.0391 0.1067 0.7378 0.0566 0.0598 
        D478  2 0.1849 0.1512 0.5709 0.0372 0.0557 
        D480  2 0.0646 0.1439 0.3283 0.0560 0.4072 
        D481  2 0.0941 0.1156 0.7080 0.0360 0.0464 
        D482  2 0.1240 0.4928 0.1814 0.1336 0.0682 
        D483  2 0.6117 0.0516 0.0334 0.0183 0.2849 
        D484  2 0.2645 0.1342 0.2445 0.0955 0.2612 
        D510  2 0.6283 0.2317 0.0349 0.0398 0.0654 
        D511  2 0.0599 0.0406 0.6403 0.0388 0.2204 
        D512  2 0.0227 0.0184 0.0257 0.8822 0.0511 
        D513  2 0.0236 0.0713 0.0565 0.0475 0.8011 
        D635  2 0.0204 0.0908 0.8260 0.0227 0.0401 
        D636  2 0.0732 0.0626 0.6591 0.1696 0.0355 
        D637  2 0.1275 0.0897 0.1772 0.3228 0.2829 
        D658  2 0.2807 0.0820 0.0566 0.2646 0.3161 
        D659  2 0.0930 0.0909 0.5333 0.0543 0.2284 
        D677  2 0.1528 0.0566 0.2324 0.3659 0.1923 
        D678  2 0.7106 0.0211 0.0322 0.0421 0.1939 
        D679  2 0.0399 0.1099 0.5642 0.0582 0.2277 
        D719  2 0.0888 0.2881 0.1360 0.0588 0.4284 
        D720  2 0.0498 0.1903 0.2702 0.0606 0.4290 
        D721  2 0.1081 0.1463 0.5743 0.0580 0.1134 
        D722  2 0.7655 0.0634 0.0552 0.0460 0.0699 
        D734  2 0.1288 0.2126 0.1566 0.0681 0.4340 
        D735  2 0.0663 0.0991 0.6378 0.0495 0.1472 
        D736  2 0.0463 0.6983 0.1321 0.0648 0.0585 
        D737  2 0.7141 0.0844 0.0461 0.0361 0.1193 
        D807  2 0.1039 0.3579 0.2564 0.1359 0.1460 
        D808  2 0.0699 0.0532 0.0833 0.5531 0.2405 
        D817  2 0.0512 0.0559 0.6843 0.1232 0.0853 
        D818  2 0.0405 0.1017 0.2743 0.0868 0.4967 
        D819  2 0.0447 0.0763 0.2422 0.5711 0.0658 
        D820  2 0.0621 0.0274 0.1466 0.0409 0.7231 
        D895  2 0.1778 0.0563 0.4921 0.1116 0.1622 
        D896  2 0.0196 0.0261 0.0202 0.9109 0.0233 
        D897  2 0.2423 0.0578 0.0581 0.0680 0.5738 
        D898  2 0.1300 0.2285 0.3603 0.2459 0.0353 
        D918  2 0.0389 0.1335 0.0611 0.6320 0.1345 
        D919  2 0.0921 0.0417 0.5964 0.0224 0.2474 
        D920  2 0.5242 0.0421 0.1032 0.2829 0.0476 
        D923  2 0.0478 0.0283 0.8133 0.0437 0.0670 
        D930  2 0.0623 0.0819 0.4047 0.2223 0.2288 
        D931  2 0.1056 0.0916 0.4401 0.1700 0.1928 
        D968  2 0.0354 0.0331 0.0274 0.0169 0.8873 
        D969  2 0.0973 0.1910 0.5168 0.0501 0.1448 
        D977  2 0.0703 0.0441 0.0664 0.0603 0.7590 
        D978  2 0.1611 0.2922 0.2447 0.0518 0.2501 
        D009  4 0.3746 0.0608 0.1135 0.3690 0.0821 
        D057  4 0.6874 0.0408 0.0542 0.0584 0.1592 
        D109  4 0.0356 0.0305 0.0321 0.8701 0.0316 
     D237222  4 0.8018 0.0407 0.0637 0.0328 0.0610 
     D237223  4 0.1677 0.0852 0.0254 0.2320 0.4897 
     D237224  4 0.1011 0.0934 0.6725 0.0309 0.1021 
     D237225  4 0.2608 0.1025 0.1999 0.1345 0.3023 
     D237299  4 0.0477 0.1116 0.0401 0.6959 0.1047 
     D237300  4 0.1044 0.7328 0.0352 0.0878 0.0399 
     D237306  4 0.3928 0.0924 0.0862 0.3050 0.1236 
     D237307  4 0.2182 0.2518 0.2178 0.1554 0.1568 
     D237308  4 0.4438 0.0792 0.0998 0.0609 0.3163 
     D237309  4 0.3235 0.0771 0.4149 0.0921 0.0924 
     D237317  4 0.1296 0.1574 0.6268 0.0354 0.0509 
     D237318  4 0.0719 0.7203 0.0454 0.0487 0.1137 
     D237319  4 0.2724 0.0592 0.0993 0.4809 0.0881 
     D237320  4 0.0695 0.0801 0.0448 0.4384 0.3671 
     D237321  4 0.0991 0.7016 0.0803 0.0767 0.0423 
     D237397  4 0.3999 0.1152 0.0323 0.1276 0.3250 
     D237398  4 0.0407 0.5258 0.2377 0.0622 0.1336 
     D237399  4 0.0864 0.6428 0.1287 0.0626 0.0796 
     D244001  4 0.8521 0.0204 0.0447 0.0256 0.0571 
        D289  4 0.2116 0.2750 0.1880 0.0532 0.2722 
        D290  4 0.6986 0.1367 0.0477 0.0430 0.0740 
        D294  4 0.4357 0.1904 0.2160 0.0617 0.0962 
        D295  4 0.1927 0.0907 0.1749 0.3839 0.1578 
        D301  4 0.5384 0.1153 0.0732 0.2372 0.0359 
        D302  4 0.0658 0.0298 0.8286 0.0303 0.0454 
        D303  4 0.2414 0.3362 0.0687 0.2835 0.0701 
        D304  4 0.3454 0.4536 0.1115 0.0323 0.0572 
        D305  4 0.6110 0.0310 0.1584 0.0237 0.1759 
        D306  4 0.6794 0.0797 0.1092 0.0653 0.0664 
        D307  4 0.3823 0.2538 0.0919 0.2454 0.0266 
        D327  4 0.0949 0.0773 0.3578 0.2176 0.2526 
        D328  4 0.3562 0.1186 0.1381 0.3293 0.0580 
        D329  4 0.6925 0.0797 0.1160 0.0366 0.0752 
        D330  4 0.1273 0.0242 0.3225 0.2197 0.3064 
        D331  4 0.2077 0.4556 0.2000 0.0703 0.0663 
        D333  4 0.5991 0.0806 0.0563 0.1119 0.1522 
        D334  4 0.1429 0.6243 0.1074 0.0678 0.0576 
        D335  4 0.1682 0.0381 0.5797 0.0270 0.1871 
        D370  4 0.6343 0.0588 0.1290 0.1191 0.0587 
        D371  4 0.2412 0.2047 0.1951 0.2675 0.0916 
        D372  4 0.1845 0.7324 0.0272 0.0243 0.0317 
        D373  4 0.3238 0.1430 0.2898 0.1879 0.0555 
        D455  4 0.4685 0.1371 0.2123 0.1322 0.0498 
        D490  4 0.1154 0.0321 0.0221 0.8120 0.0184 
        D497  4 0.1013 0.0524 0.0481 0.7721 0.0261 
        D498  4 0.3587 0.3972 0.0744 0.1104 0.0593 
        D499  4 0.1010 0.1110 0.1328 0.4648 0.1904 
        D514  4 0.1327 0.0415 0.4779 0.2738 0.0741 
        D515  4 0.0357 0.0270 0.0452 0.7356 0.1564 
        D516  4 0.2893 0.0811 0.0755 0.2031 0.3509 
        D517  4 0.4773 0.1479 0.2172 0.1228 0.0348 
        D518  4 0.6946 0.0302 0.0885 0.0527 0.1340 
        D519  4 0.0303 0.0410 0.0313 0.6421 0.2553 
        D560  4 0.0850 0.0401 0.0545 0.5726 0.2478 
        D561  4 0.0850 0.0311 0.2533 0.1755 0.4551 
        D562  4 0.4076 0.1434 0.2590 0.0735 0.1166 
        D563  4 0.1304 0.0610 0.2665 0.1233 0.4188 
        D572  4 0.4618 0.0478 0.2404 0.0734 0.1767 
        D629  4 0.0319 0.0841 0.7663 0.0634 0.0542 
        D630  4 0.2855 0.2000 0.2657 0.1393 0.1095 
        D631  4 0.4367 0.0604 0.1005 0.0958 0.3067 
        D632  4 0.1834 0.0246 0.4264 0.2443 0.1214 
        D646  4 0.1874 0.0233 0.0432 0.1286 0.6174 
        D647  4 0.2229 0.0296 0.2641 0.1348 0.3486 
        D648  4 0.6221 0.0325 0.0761 0.2179 0.0514 
        D649  4 0.0417 0.0384 0.6004 0.2700 0.0494 
        D650  4 0.0536 0.1278 0.2221 0.4414 0.1550 
        D708  4 0.3671 0.1186 0.2278 0.2232 0.0634 
        D709  4 0.3942 0.1063 0.1183 0.2638 0.1175 
        D738  4 0.3001 0.2908 0.0665 0.2228 0.1198 
        D739  4 0.5087 0.0801 0.0863 0.2584 0.0666 
        D740  4 0.1368 0.4135 0.1048 0.2324 0.1126 
        D741  4 0.0337 0.0185 0.0280 0.3467 0.5732 
        D742  4 0.0910 0.0979 0.0548 0.1594 0.5969 
        D743  4 0.0549 0.0675 0.4694 0.0520 0.3561 
        D744  4 0.0340 0.0519 0.5788 0.0519 0.2834 
        D745  4 0.0255 0.0405 0.0271 0.8007 0.1062 
        D814  4 0.4367 0.0501 0.0926 0.0572 0.3634 
        D815  4 0.2020 0.0582 0.5109 0.0706 0.1583 
        D828  4 0.7167 0.0876 0.0500 0.0834 0.0623 
        D845  4 0.0261 0.8511 0.0247 0.0198 0.0783 
        D846  4 0.1754 0.0407 0.5878 0.0382 0.1579 
        D847  4 0.1028 0.4241 0.1867 0.1813 0.1051 
        D848  4 0.3693 0.3136 0.1905 0.0509 0.0757 
        D849  4 0.2784 0.0335 0.0734 0.3261 0.2885 
        D850  4 0.0503 0.3328 0.2081 0.0748 0.3340 
        D856  4 0.1126 0.0560 0.1302 0.5728 0.1284 
        D857  4 0.2254 0.0325 0.0213 0.6716 0.0492 
        D859  4 0.3083 0.0600 0.3166 0.1416 0.1735 
        D860  4 0.1322 0.6228 0.1043 0.0186 0.1220 
        D883  4 0.3342 0.1185 0.1626 0.3133 0.0713 
        D884  4 0.1244 0.0331 0.0383 0.6271 0.1771 
        D885  4 0.0315 0.0805 0.0868 0.2297 0.5716 
        D886  4 0.3674 0.0812 0.2226 0.1591 0.1697 
        D887  4 0.1221 0.1950 0.2912 0.2640 0.1277 
        D889  4 0.1990 0.6643 0.0747 0.0290 0.0330 
        D890  4 0.2173 0.1040 0.3907 0.1934 0.0946 
        D891  4 0.0169 0.9184 0.0249 0.0166 0.0232 
        D899  4 0.2742 0.1883 0.0516 0.0482 0.4377 
        D900  4 0.1595 0.1723 0.3770 0.1234 0.1678 
        D970  4 0.2592 0.2292 0.3789 0.0368 0.0960 
        D971  4 0.1859 0.0386 0.1863 0.0567 0.5325 
        D979  4 0.1051 0.0423 0.6694 0.0345 0.1488 
        D093  5 0.1970 0.5442 0.0451 0.1655 0.0482 
        D154  5 0.1464 0.1037 0.0608 0.2668 0.4223 
        D168  5 0.1270 0.0561 0.0917 0.2569 0.4683 
        D189  5 0.3209 0.4970 0.0482 0.0543 0.0796 
        D190  5 0.1781 0.4140 0.1590 0.1368 0.1121 
     D237220  5 0.1247 0.6139 0.0580 0.1380 0.0654 
     D237221  5 0.0848 0.5524 0.1308 0.0787 0.1534 
     D237274  5 0.0446 0.0210 0.6314 0.0408 0.2621 
     D237275  5 0.2521 0.0774 0.0296 0.0507 0.5901 
     D237276  5 0.3239 0.1307 0.0888 0.3083 0.1482 
     D237277  5 0.0398 0.7845 0.0709 0.0424 0.0624 
     D237278  5 0.2994 0.0743 0.1044 0.3104 0.2114 
     D237279  5 0.0227 0.1087 0.2044 0.5827 0.0815 
     D237280  5 0.2699 0.0825 0.4589 0.1464 0.0423 
     D237281  5 0.1199 0.1512 0.0635 0.0381 0.6273 
     D237351  5 0.0279 0.0494 0.0385 0.8441 0.0401 
     D237352  5 0.1858 0.0757 0.3558 0.1215 0.2613 
     D237353  5 0.0610 0.7349 0.1079 0.0626 0.0337 
     D237359  5 0.1419 0.5773 0.0873 0.1146 0.0789 
     D237361  5 0.0552 0.8384 0.0289 0.0395 0.0381 
     D237362  5 0.0594 0.0772 0.2548 0.4152 0.1935 
     D237363  5 0.1106 0.0920 0.1904 0.1640 0.4430 
     D237364  5 0.0794 0.0422 0.1527 0.4538 0.2719 
     D237376  5 0.4550 0.1734 0.0316 0.2864 0.0535 
     D237377  5 0.0862 0.1296 0.4077 0.3255 0.0510 
     D237378  5 0.6072 0.2187 0.0266 0.0957 0.0518 
     D237379  5 0.2624 0.1975 0.1290 0.3130 0.0981 
     D237380  5 0.5953 0.0295 0.1303 0.2242 0.0207 
     D237381  5 0.5088 0.0895 0.2031 0.1179 0.0806 
     D237391  5 0.0199 0.8689 0.0470 0.0318 0.0324 
     D237392  5 0.0535 0.0313 0.3247 0.0816 0.5089 
     D237393  5 0.3209 0.1040 0.4462 0.0486 0.0803 
     D237394  5 0.0412 0.7318 0.1472 0.0463 0.0336 
     D237395  5 0.1626 0.5276 0.0617 0.1589 0.0892 
     D237396  5 0.0436 0.2276 0.5238 0.0427 0.1623 
     D244016  5 0.0474 0.2581 0.3488 0.0754 0.2702 
     D244018  5 0.1112 0.3251 0.0384 0.0575 0.4677 
     D244019  5 0.0689 0.0777 0.4101 0.0522 0.3911 
        D279  5 0.0901 0.3189 0.0542 0.1843 0.3525 
        D280  5 0.0670 0.6878 0.1688 0.0414 0.0350 
        D281  5 0.1058 0.5021 0.0285 0.0394 0.3243 
        D283  5 0.0855 0.6149 0.1914 0.0430 0.0652 
        D284  5 0.0461 0.0807 0.0650 0.7110 0.0973 
        D285  5 0.0640 0.7846 0.0698 0.0432 0.0383 
        D286  5 0.3091 0.2550 0.2588 0.1062 0.0710 
        D287  5 0.2255 0.1248 0.0443 0.5803 0.0250 
        D288  5 0.0562 0.5428 0.2925 0.0496 0.0590 
        D308  5 0.0424 0.0311 0.1431 0.7228 0.0607 
        D309  5 0.1296 0.0332 0.6810 0.0370 0.1193 
        D310  5 0.3919 0.4741 0.0497 0.0545 0.0298 
        D311  5 0.2206 0.0822 0.1832 0.1918 0.3221 
        D312  5 0.2259 0.2465 0.2877 0.1291 0.1108 
        D313  5 0.0589 0.0249 0.0263 0.8735 0.0164 
        D314  5 0.1595 0.1241 0.0916 0.4246 0.2003 
        D315  5 0.2797 0.1237 0.4367 0.1059 0.0539 
        D317  5 0.5291 0.2988 0.0553 0.0602 0.0567 
        D318  5 0.0742 0.1134 0.4773 0.1241 0.2111 
        D319  5 0.3170 0.4217 0.0313 0.0968 0.1332 
        D320  5 0.0831 0.7500 0.0675 0.0618 0.0375 
        D321  5 0.0317 0.2803 0.1160 0.5427 0.0293 
        D336  5 0.5650 0.2205 0.0761 0.1035 0.0349 
        D337  5 0.1740 0.7007 0.0372 0.0327 0.0553 
        D338  5 0.1286 0.2101 0.1316 0.4044 0.1254 
        D339  5 0.5182 0.2515 0.0293 0.0980 0.1030 
        D347  5 0.7721 0.0464 0.1038 0.0160 0.0616 
        D348  5 0.7401 0.1313 0.0504 0.0190 0.0593 
        D349  5 0.0320 0.0894 0.0926 0.7539 0.0321 
        D350  5 0.1179 0.0426 0.4254 0.1622 0.2519 
        D355  5 0.1205 0.0584 0.0624 0.0398 0.7189 
        D356  5 0.0787 0.5312 0.2530 0.0980 0.0391 
        D357  5 0.4230 0.1349 0.2544 0.1189 0.0687 
        D358  5 0.1652 0.3525 0.2574 0.1431 0.0817 
        D359  5 0.1354 0.1783 0.5485 0.0468 0.0909 
        D360  5 0.0436 0.7365 0.1363 0.0583 0.0253 
        D361  5 0.0307 0.0215 0.0283 0.8978 0.0217 
        D366  5 0.0323 0.0336 0.0597 0.0612 0.8131 
        D367  5 0.4284 0.1731 0.0468 0.3134 0.0383 
        D368  5 0.0388 0.0809 0.1322 0.6952 0.0528 
        D380  5 0.0324 0.0696 0.7203 0.0565 0.1212 
        D381  5 0.3395 0.3568 0.1465 0.0538 0.1034 
        D400  5 0.6606 0.1347 0.0460 0.0520 0.1067 
        D411  5 0.0323 0.0122 0.0234 0.9082 0.0240 
        D412  5 0.7977 0.0565 0.0721 0.0204 0.0533 
        D413  5 0.0401 0.0385 0.1204 0.0636 0.7373 
        D414  5 0.2351 0.0758 0.1389 0.1053 0.4449 
        D420  5 0.0508 0.7001 0.0924 0.1065 0.0502 
        D431  5 0.1189 0.1275 0.0909 0.6383 0.0244 
        D432  5 0.4497 0.3294 0.1242 0.0550 0.0418 
        D433  5 0.4054 0.3038 0.0807 0.1046 0.1056 
        D434  5 0.2388 0.5215 0.1075 0.0716 0.0605 
        D440  5 0.2304 0.0291 0.3585 0.1439 0.2381 
        D447  5 0.0856 0.0472 0.3927 0.0677 0.4067 
        D448  5 0.8081 0.0633 0.0411 0.0450 0.0424 
        D459  5 0.0781 0.0588 0.0251 0.0223 0.8157 
        D460  5 0.0204 0.0580 0.1570 0.7149 0.0496 
        D461  5 0.0796 0.0487 0.7319 0.0452 0.0945 
        D468  5 0.0357 0.0347 0.0824 0.7786 0.0686 
        D469  5 0.0491 0.1242 0.3192 0.4411 0.0664 
        D470  5 0.6676 0.0402 0.0847 0.1323 0.0752 
        D471  5 0.4170 0.1949 0.1325 0.0848 0.1708 
        D472  5 0.0481 0.0791 0.4433 0.0176 0.4119 
        D479  5 0.6137 0.0174 0.0409 0.0252 0.3029 
        D485  5 0.2948 0.0841 0.1652 0.3751 0.0808 
        D486  5 0.0725 0.0327 0.0528 0.7518 0.0902 
        D487  5 0.3815 0.4223 0.0728 0.0559 0.0676 
        D555  5 0.1605 0.7207 0.0251 0.0230 0.0707 
        D556  5 0.0429 0.5495 0.1470 0.2250 0.0356 
        D557  5 0.3992 0.3247 0.1114 0.0589 0.1058 
        D564  5 0.1270 0.0786 0.5188 0.2257 0.0499 
        D594  5 0.5084 0.0671 0.1891 0.0591 0.1762 
        D595  5 0.1422 0.2103 0.2848 0.2446 0.1181 
        D596  5 0.2444 0.6271 0.0665 0.0258 0.0363 
        D597  5 0.1029 0.4838 0.0605 0.0191 0.3337 
        D598  5 0.4200 0.2375 0.1288 0.1468 0.0668 
        D617  5 0.4006 0.0269 0.0429 0.3888 0.1408 
        D618  5 0.1037 0.6236 0.1354 0.0683 0.0690 
        D619  5 0.4359 0.0921 0.2620 0.0949 0.1152 
        D620  5 0.1467 0.0563 0.0451 0.0287 0.7231 
        D628  5 0.4811 0.0734 0.2318 0.1307 0.0830 
        D714  5 0.1142 0.5571 0.0666 0.1876 0.0745 
        D715  5 0.0342 0.6948 0.1282 0.0620 0.0808 
        D716  5 0.5680 0.0768 0.1454 0.0474 0.1624 
        D717  5 0.0937 0.4123 0.2670 0.0779 0.1492 
        D718  5 0.3896 0.0657 0.0225 0.4718 0.0504 
        D769  5 0.6780 0.0344 0.0668 0.1037 0.1170 
        D770  5 0.0858 0.0809 0.1359 0.5078 0.1896 
        D771  5 0.3680 0.1442 0.2126 0.1386 0.1365 
        D772  5 0.0745 0.4063 0.3254 0.1366 0.0573 
        D782  5 0.0578 0.3810 0.1206 0.2744 0.1662 
        D783  5 0.1380 0.1414 0.1321 0.0767 0.5118 
        D784  5 0.0533 0.2475 0.5238 0.0349 0.1405 
        D785  5 0.0851 0.3886 0.2025 0.2668 0.0570 
        D786  5 0.2568 0.0297 0.3530 0.1343 0.2263 
        D821  5 0.0225 0.8607 0.0518 0.0399 0.0251 
        D822  5 0.0932 0.0996 0.3961 0.0705 0.3406 
        D826  5 0.1612 0.2908 0.0743 0.1362 0.3376 
        D827  5 0.0457 0.0364 0.2518 0.0780 0.5880 
        D851  5 0.0970 0.1104 0.6300 0.0910 0.0716 
        D852  5 0.4888 0.2716 0.0739 0.0569 0.1089 
        D853  5 0.1053 0.6736 0.0914 0.0638 0.0659 
        D854  5 0.0942 0.0409 0.2141 0.4688 0.1820 
        D861  5 0.2459 0.0697 0.0551 0.4892 0.1400 
        D862  5 0.1669 0.1936 0.3104 0.0990 0.2301 
        D865  5 0.2896 0.4517 0.0974 0.1040 0.0573 
        D868  5 0.1792 0.3118 0.2284 0.0921 0.1886 
        D869  5 0.0308 0.0278 0.0334 0.8613 0.0467 
        D870  5 0.0558 0.0333 0.3667 0.0868 0.4574 
        D907  5 0.6811 0.1840 0.0440 0.0611 0.0298 
        D908  5 0.3057 0.4826 0.0739 0.0713 0.0664 
        D910  5 0.3119 0.1532 0.0542 0.0831 0.3975 
        D911  5 0.1350 0.1512 0.0241 0.0193 0.6704 
        D934  5 0.1011 0.1756 0.3647 0.2364 0.1222 
        D946  5 0.2011 0.0940 0.1550 0.5105 0.0394 
        D947  5 0.0850 0.2792 0.3659 0.1835 0.0863 
        D948  5 0.0545 0.1986 0.1264 0.5866 0.0339 
        D949  5 0.0362 0.0579 0.0498 0.8305 0.0256 
        D950  5 0.1322 0.1406 0.0629 0.0302 0.6341 
        D951  5 0.1389 0.0298 0.6219 0.0558 0.1535 
        D952  5 0.1306 0.1740 0.5321 0.0330 0.1303 
        D953  5 0.0650 0.7331 0.1194 0.0562 0.0263 
        D954  5 0.0362 0.1292 0.7077 0.0654 0.0615 
        D961  5 0.4178 0.0551 0.0906 0.3908 0.0458 
        D962  5 0.2534 0.1907 0.3855 0.1407 0.0298 
        D963  5 0.1252 0.4709 0.1927 0.0524 0.1588 
        D964  5 0.0533 0.2039 0.1462 0.5310 0.0655 
        D965  5 0.3035 0.0822 0.3898 0.0760 0.1485 
        D966  5 0.3320 0.2184 0.3027 0.0507 0.0962 
        D967  5 0.0903 0.6297 0.1081 0.0439 0.1280 
        D991  5 0.6523 0.0735 0.0780 0.1438 0.0524 
        D132  8 0.0484 0.0408 0.0243 0.8450 0.0415 
        D133  8 0.1850 0.0341 0.0321 0.0246 0.7242 
        D200  8 0.6985 0.1122 0.0318 0.1004 0.0571 
        D500  8 0.1165 0.0329 0.0548 0.7741 0.0218 
        D614  8 0.2736 0.3169 0.0842 0.2528 0.0724 
        D723  8 0.0796 0.0301 0.0447 0.4187 0.4269 
        D888  8 0.0690 0.7812 0.0585 0.0386 0.0527 
        D901  8 0.0310 0.0311 0.0213 0.8915 0.0250 
        D902  8 0.1986 0.2983 0.0433 0.3564 0.1034 
        D903  8 0.0541 0.0725 0.6190 0.0612 0.1931 
        D904  8 0.1793 0.0718 0.5838 0.0687 0.0965 
        D905  8 0.0605 0.8823 0.0190 0.0206 0.0176 
        D906  8 0.0863 0.1430 0.3507 0.0445 0.3756 
        D937  8 0.2644 0.3737 0.0221 0.2499 0.0899 
        D943  8 0.1376 0.2705 0.1818 0.2061 0.2039 
        D972  8 0.0926 0.0233 0.0305 0.5614 0.2923 
        D973  8 0.0811 0.0353 0.1167 0.5344 0.2325 
        D974  8 0.2177 0.1606 0.0840 0.2371 0.3006 
        D975  8 0.5118 0.2753 0.0373 0.0614 0.1141 
        D976  8 0.1970 0.2510 0.0704 0.3846 0.0970 
        D142 10 0.2979 0.1246 0.2678 0.0874 0.2223 
        D143 10 0.2517 0.0435 0.0406 0.0473 0.6169 
        D144 10 0.0548 0.2430 0.4733 0.1138 0.1151 
        D145 10 0.0883 0.6722 0.0420 0.1148 0.0828 
        D146 10 0.0993 0.0312 0.0802 0.7103 0.0791 
        D147 10 0.0761 0.0293 0.0635 0.5407 0.2904 
        D148 10 0.0488 0.0588 0.3510 0.1873 0.3541 
        D149 10 0.1490 0.1666 0.0785 0.0601 0.5458 
        D151 10 0.0980 0.2704 0.1191 0.1715 0.3410 
        D152 10 0.3439 0.0776 0.0457 0.1275 0.4053 
        D153 10 0.1377 0.0934 0.3395 0.3201 0.1093 
        D156 10 0.1668 0.0379 0.5703 0.0413 0.1837 
        D157 10 0.6360 0.0928 0.1400 0.0989 0.0324 
        D158 10 0.1081 0.1302 0.0235 0.6889 0.0492 
        D159 10 0.0670 0.0467 0.0382 0.0251 0.8230 
        D160 10 0.0139 0.9421 0.0116 0.0187 0.0137 
        D161 10 0.0492 0.1132 0.4776 0.1163 0.2437 
        D162 10 0.1386 0.0674 0.6263 0.0436 0.1241 
        D169 10 0.1032 0.3451 0.1294 0.3422 0.0800 
        D170 10 0.2270 0.0487 0.3363 0.3495 0.0385 
        D171 10 0.0740 0.0280 0.3553 0.4892 0.0535 
        D172 10 0.1713 0.0343 0.1297 0.4689 0.1959 
        D173 10 0.0381 0.0366 0.0356 0.0405 0.8492 
        D181 10 0.0768 0.1994 0.3542 0.2208 0.1487 
        D182 10 0.1102 0.1385 0.1344 0.1335 0.4835 
        D183 10 0.0791 0.7471 0.0786 0.0714 0.0237 
        D184 10 0.1032 0.0304 0.5559 0.2831 0.0274 
        D185 10 0.0280 0.0669 0.6489 0.1833 0.0729 
        D186 10 0.0785 0.0616 0.0261 0.7892 0.0446 
        D194 10 0.2870 0.0696 0.1951 0.2112 0.2371 
        D195 10 0.2975 0.2499 0.1800 0.0638 0.2089 
        D196 10 0.2378 0.1280 0.1367 0.0291 0.4685 
        D197 10 0.1120 0.1584 0.0786 0.4937 0.1573 
        D198 10 0.0294 0.1705 0.6250 0.1273 0.0477 
     D237226 10 0.0217 0.5607 0.1175 0.1264 0.1737 
     D237232 10 0.0832 0.6753 0.0358 0.1202 0.0855 
     D237233 10 0.4761 0.1083 0.0771 0.2484 0.0901 
     D237234 10 0.2051 0.3035 0.1662 0.2379 0.0872 
     D237354 10 0.0419 0.8434 0.0328 0.0248 0.0571 
     D237355 10 0.0160 0.9177 0.0219 0.0192 0.0251 
     D237356 10 0.0391 0.2456 0.5776 0.0860 0.0517 
     D237357 10 0.1749 0.0506 0.0553 0.3036 0.4155 
     D237358 10 0.1484 0.1256 0.5333 0.0362 0.1565 
     D237369 10 0.0368 0.0164 0.0386 0.7462 0.1620 
     D237370 10 0.1495 0.3859 0.1026 0.0966 0.2654 
     D237371 10 0.0480 0.0391 0.7297 0.1243 0.0589 
     D237372 10 0.2942 0.1085 0.1163 0.0405 0.4406 
     D237373 10 0.1307 0.1691 0.0633 0.5534 0.0835 
     D237374 10 0.0452 0.8536 0.0321 0.0325 0.0366 
     D237375 10 0.0501 0.1015 0.2816 0.1133 0.4535 
     D237400 10 0.4224 0.0837 0.0382 0.0491 0.4065 
     D244002 10 0.2845 0.0259 0.1636 0.1696 0.3565 
     D244003 10 0.1624 0.7312 0.0232 0.0530 0.0302 
     D244004 10 0.0692 0.7924 0.0174 0.1035 0.0175 
     D244005 10 0.0417 0.8274 0.0582 0.0425 0.0302 
     D244020 10 0.0508 0.2059 0.4004 0.2622 0.0806 
     D244021 10 0.0566 0.0414 0.0262 0.6465 0.2293 
     D244116 10 0.2497 0.0509 0.2197 0.3478 0.1319 
     D244117 10 0.1001 0.6771 0.0850 0.0424 0.0955 
     D244121 10 0.3981 0.2802 0.0563 0.2001 0.0653 
     D244123 10 0.4454 0.3176 0.0807 0.0901 0.0662 
     D244124 10 0.5904 0.0617 0.0660 0.1494 0.1325 
        D332 10 0.0903 0.0410 0.3735 0.2002 0.2951 
        D570 10 0.2166 0.2542 0.3107 0.1396 0.0789 
        D602 10 0.2390 0.0625 0.3039 0.0611 0.3335 
        D603 10 0.2206 0.1361 0.0840 0.3323 0.2271 
        D604 10 0.2800 0.1392 0.2568 0.0338 0.2903 
        D605 10 0.0660 0.2000 0.4887 0.0825 0.1628 
        D606 10 0.1458 0.3568 0.2653 0.1851 0.0469 
        D607 10 0.0358 0.0309 0.6899 0.0336 0.2097 
        D608 10 0.0572 0.0202 0.0537 0.0175 0.8514 
        D609 10 0.0565 0.4313 0.1946 0.2643 0.0533 
        D610 10 0.0509 0.8163 0.0624 0.0342 0.0362 
        D611 10 0.1257 0.7039 0.0532 0.0839 0.0335 
        D613 10 0.0609 0.1139 0.6463 0.1021 0.0769 
        D633 10 0.0689 0.0288 0.7285 0.0355 0.1383 
        D634 10 0.0598 0.1020 0.4313 0.3267 0.0802 
        D638 10 0.4549 0.1510 0.0401 0.0631 0.2909 
        D681 10 0.3909 0.0382 0.1242 0.3799 0.0668 
        D754 10 0.2340 0.0567 0.0187 0.6544 0.0362 
        D755 10 0.2255 0.5184 0.0222 0.1093 0.1246 
        D756 10 0.3203 0.1904 0.0513 0.3612 0.0768 
        D757 10 0.1354 0.4038 0.2969 0.0478 0.1161 
        D758 10 0.4566 0.0789 0.1559 0.2124 0.0962 
        D759 10 0.0489 0.7697 0.0743 0.0378 0.0692 
        D760 10 0.1478 0.4631 0.0653 0.0881 0.2357 
        D761 10 0.0597 0.8630 0.0207 0.0217 0.0350 
        D762 10 0.0266 0.0281 0.8280 0.0320 0.0854 
        D775 10 0.0529 0.7579 0.0306 0.1214 0.0372 
        D776 10 0.0829 0.7012 0.0385 0.0599 0.1175 
        D777 10 0.0412 0.8205 0.0532 0.0525 0.0325 
        D778 10 0.0511 0.5315 0.0305 0.3189 0.0679 
        D779 10 0.2978 0.0616 0.0295 0.5543 0.0568 
        D780 10 0.3533 0.1761 0.2038 0.1159 0.1510 
        D781 10 0.4780 0.0273 0.2179 0.0577 0.2191 
        D858 10 0.0384 0.1328 0.0639 0.6672 0.0978 
        D933 10 0.0287 0.5107 0.2760 0.0372 0.1474 
        D038 11 0.1158 0.4665 0.1525 0.1238 0.1415 
        D063 11 0.7939 0.0742 0.0334 0.0342 0.0643 
        D155 11 0.0380 0.6691 0.1025 0.0762 0.1141 
        D175 11 0.2025 0.0624 0.0270 0.6482 0.0598 
        D176 11 0.5044 0.0841 0.0262 0.1484 0.2369 
        D205 11 0.2936 0.3837 0.0447 0.1986 0.0793 
     D237229 11 0.3721 0.1420 0.2333 0.0677 0.1849 
     D237230 11 0.0302 0.0255 0.0400 0.0865 0.8177 
     D237231 11 0.1170 0.0432 0.2526 0.0553 0.5320 
     D237269 11 0.1221 0.1534 0.2767 0.0963 0.3515 
     D237270 11 0.0438 0.0880 0.2525 0.5347 0.0810 
     D237271 11 0.4642 0.0946 0.2236 0.1171 0.1005 
     D237272 11 0.1704 0.0316 0.0991 0.2825 0.4165 
     D237273 11 0.8018 0.0878 0.0304 0.0425 0.0375 
     D237301 11 0.2248 0.0479 0.2667 0.0843 0.3763 
     D237302 11 0.3851 0.0661 0.1514 0.3035 0.0938 
     D237303 11 0.0574 0.0216 0.1559 0.5017 0.2633 
     D237304 11 0.1508 0.0991 0.1833 0.3657 0.2011 
     D237305 11 0.3696 0.3348 0.0404 0.2082 0.0471 
     D237314 11 0.2183 0.3196 0.1492 0.2270 0.0860 
     D237315 11 0.0410 0.0773 0.1867 0.6488 0.0462 
     D237316 11 0.1645 0.0254 0.7163 0.0251 0.0687 
     D237328 11 0.0561 0.1150 0.1735 0.4704 0.1851 
     D237329 11 0.0538 0.5903 0.0966 0.1300 0.1293 
     D237330 11 0.5547 0.2278 0.0524 0.0741 0.0911 
     D237331 11 0.1869 0.4438 0.2633 0.0605 0.0456 
     D237332 11 0.4377 0.1361 0.2291 0.0786 0.1185 
     D237333 11 0.1244 0.6512 0.1057 0.0319 0.0869 
     D237334 11 0.1497 0.0676 0.5133 0.0896 0.1799 
     D237335 11 0.3954 0.1628 0.1090 0.1458 0.1871 
     D237336 11 0.0462 0.8106 0.0640 0.0465 0.0328 
     D237350 11 0.7962 0.0450 0.0644 0.0213 0.0731 
     D237383 11 0.4799 0.1892 0.1181 0.1348 0.0780 
     D237384 11 0.0551 0.1318 0.7163 0.0638 0.0330 
     D237385 11 0.2749 0.1605 0.1077 0.1509 0.3060 
     D237386 11 0.0956 0.0893 0.1098 0.1873 0.5179 
     D237387 11 0.4200 0.0445 0.2895 0.1117 0.1343 
     D237388 11 0.2847 0.1538 0.2752 0.1766 0.1098 
        D239 11 0.0852 0.6092 0.1490 0.0932 0.0634 
        D240 11 0.0458 0.8480 0.0354 0.0279 0.0428 
        D241 11 0.1850 0.2169 0.3869 0.0547 0.1565 
        D242 11 0.1770 0.1698 0.3022 0.0628 0.2883 
        D243 11 0.0692 0.7705 0.0733 0.0549 0.0321 
        D244 11 0.2280 0.6577 0.0563 0.0286 0.0293 
        D245 11 0.0550 0.0441 0.0544 0.7413 0.1053 
        D246 11 0.2218 0.1826 0.0900 0.3937 0.1118 
        D247 11 0.2707 0.3007 0.2077 0.1363 0.0846 
        D248 11 0.0759 0.0670 0.1491 0.0521 0.6559 
        D249 11 0.0745 0.0458 0.0449 0.7973 0.0376 
        D250 11 0.0876 0.0824 0.1265 0.0617 0.6419 
        D251 11 0.1076 0.1963 0.1329 0.5077 0.0555 
        D252 11 0.0981 0.0337 0.3935 0.4094 0.0653 
        D253 11 0.8181 0.0713 0.0273 0.0496 0.0337 
        D254 11 0.0333 0.0268 0.0287 0.1198 0.7915 
        D255 11 0.4561 0.0471 0.1516 0.1570 0.1882 
        D256 11 0.0705 0.5494 0.2597 0.0700 0.0504 
        D257 11 0.0687 0.1565 0.0839 0.5731 0.1178 
        D258 11 0.0317 0.0729 0.1659 0.7044 0.0251 
        D259 11 0.2034 0.0421 0.2284 0.3523 0.1738 
        D260 11 0.7908 0.0312 0.0595 0.0685 0.0500 
        D261 11 0.3495 0.0831 0.3313 0.1587 0.0775 
        D262 11 0.0841 0.0464 0.0584 0.6751 0.1360 
        D263 11 0.3478 0.1472 0.3640 0.0869 0.0540 
        D264 11 0.3281 0.0279 0.0444 0.2214 0.3783 
        D265 11 0.0477 0.1714 0.0475 0.1550 0.5785 
        D266 11 0.2712 0.1628 0.2848 0.0366 0.2445 
        D267 11 0.0926 0.5062 0.2005 0.1438 0.0568 
        D268 11 0.0780 0.6843 0.1038 0.0652 0.0688 
        D269 11 0.0725 0.0601 0.7506 0.0466 0.0701 
        D270 11 0.1895 0.0746 0.2351 0.2963 0.2044 
        D271 11 0.1021 0.4679 0.2098 0.1614 0.0588 
        D272 11 0.1649 0.2972 0.3683 0.0327 0.1368 
        D273 11 0.0346 0.0240 0.0414 0.8776 0.0224 
        D274 11 0.2649 0.2188 0.2388 0.1159 0.1616 
        D275 11 0.0973 0.2411 0.4870 0.0586 0.1159 
        D276 11 0.0977 0.3219 0.4894 0.0378 0.0531 
        D277 11 0.0593 0.3850 0.2938 0.0888 0.1732 
        D278 11 0.7742 0.0313 0.0292 0.1146 0.0506 
        D282 11 0.3095 0.0799 0.2454 0.3316 0.0335 
        D296 11 0.0759 0.5274 0.2677 0.0467 0.0823 
        D297 11 0.1754 0.4142 0.2837 0.0507 0.0761 
        D298 11 0.1152 0.4034 0.2532 0.0546 0.1736 
        D299 11 0.8435 0.0508 0.0233 0.0365 0.0459 
        D300 11 0.2673 0.2235 0.2568 0.0833 0.1690 
        D382 11 0.0793 0.3395 0.4904 0.0508 0.0399 
        D383 11 0.3330 0.4484 0.0605 0.1288 0.0293 
        D387 11 0.1199 0.3319 0.0964 0.3458 0.1060 
        D388 11 0.0244 0.0309 0.8685 0.0438 0.0324 
        D389 11 0.7650 0.0476 0.0731 0.0381 0.0762 
        D390 11 0.1557 0.1693 0.2636 0.0680 0.3434 
        D396 11 0.1568 0.1419 0.1492 0.1213 0.4308 
        D397 11 0.4781 0.1077 0.1540 0.2020 0.0582 
        D398 11 0.0977 0.4562 0.3636 0.0521 0.0304 
        D399 11 0.0816 0.0270 0.6116 0.1426 0.1372 
        D437 11 0.7049 0.0330 0.0494 0.1615 0.0512 
        D441 11 0.0565 0.6718 0.0693 0.1136 0.0889 
        D442 11 0.5215 0.1297 0.1487 0.1000 0.1001 
        D443 11 0.0279 0.8865 0.0326 0.0246 0.0285 
        D444 11 0.1548 0.1183 0.3997 0.0879 0.2393 
        D445 11 0.2755 0.0429 0.3350 0.1991 0.1474 
        D446 11 0.1568 0.1072 0.3478 0.0872 0.3010 
        D451 11 0.0614 0.2956 0.2598 0.2396 0.1435 
        D452 11 0.3661 0.0817 0.2915 0.0446 0.2161 
        D453 11 0.0777 0.0720 0.6006 0.0360 0.2137 
        D454 11 0.0860 0.1204 0.2244 0.4507 0.1185 
        D457 11 0.1355 0.0947 0.0587 0.6623 0.0487 
        D458 11 0.1536 0.2439 0.4342 0.0529 0.1155 
        D466 11 0.1149 0.0410 0.0383 0.0405 0.7652 
        D467 11 0.7623 0.0282 0.0645 0.0983 0.0467 
        D475 11 0.0480 0.0379 0.1425 0.7369 0.0347 
        D488 11 0.0599 0.1334 0.2011 0.1017 0.5039 
        D489 11 0.1661 0.0808 0.0645 0.1747 0.5138 
        D493 11 0.0624 0.1020 0.2586 0.1009 0.4761 
        D494 11 0.1029 0.0860 0.1730 0.1339 0.5042 
        D495 11 0.1363 0.1171 0.0806 0.4788 0.1872 
        D496 11 0.0822 0.7314 0.0370 0.0233 0.1260 
        D674 11 0.1380 0.6053 0.0932 0.0462 0.1173 
        D675 11 0.0474 0.8120 0.0326 0.0204 0.0877 
        D676 11 0.4581 0.0468 0.0322 0.3862 0.0767 
        D680 11 0.0416 0.8310 0.0733 0.0319 0.0222 
        D701 11 0.2824 0.0893 0.0662 0.2618 0.3004 
        D702 11 0.2620 0.0570 0.3533 0.1317 0.1960 
        D703 11 0.2202 0.3200 0.1787 0.0542 0.2270 
        D704 11 0.4556 0.1004 0.0752 0.2582 0.1106 
        D705 11 0.1094 0.0241 0.0493 0.2026 0.6146 
        D706 11 0.6040 0.1735 0.0653 0.0787 0.0785 
        D707 11 0.2394 0.1093 0.2143 0.2120 0.2250 
        D751 11 0.1982 0.0792 0.5928 0.0806 0.0492 
        D752 11 0.4335 0.2670 0.0763 0.1249 0.0983 
        D753 11 0.1081 0.0505 0.0278 0.0885 0.7251 
        D773 11 0.0199 0.0185 0.0417 0.8886 0.0312 
        D774 11 0.1631 0.2169 0.3274 0.0673 0.2253 
        D801 11 0.1635 0.2381 0.0579 0.1163 0.4242 
        D802 11 0.0414 0.0559 0.1588 0.3189 0.4251 
        D803 11 0.1825 0.6216 0.0756 0.0810 0.0393 
        D804 11 0.1375 0.1082 0.1081 0.5102 0.1361 
        D805 11 0.0596 0.1313 0.5928 0.1638 0.0525 
        D806 11 0.0423 0.0198 0.0368 0.8714 0.0297 
        D809 11 0.5697 0.0918 0.1782 0.0737 0.0866 
        D810 11 0.2735 0.4235 0.1582 0.0444 0.1004 
        D812 11 0.1730 0.0820 0.2182 0.3852 0.1416 
        D813 11 0.2329 0.4183 0.1984 0.0524 0.0980 
        D823 11 0.6447 0.0702 0.1524 0.0677 0.0650 
        D824 11 0.8169 0.0419 0.0251 0.0414 0.0747 
        D829 11 0.2078 0.1747 0.3919 0.0308 0.1949 
        D830 11 0.1533 0.0633 0.2652 0.2398 0.2784 
        D831 11 0.3763 0.0963 0.0477 0.3378 0.1419 
        D832 11 0.6063 0.0913 0.0327 0.1007 0.1689 
        D833 11 0.1669 0.2503 0.4806 0.0309 0.0714 
        D834 11 0.0632 0.1777 0.5819 0.0508 0.1265 
        D835 11 0.0565 0.0619 0.0811 0.7682 0.0323 
        D855 11 0.0993 0.2923 0.1134 0.2552 0.2398 
        D863 11 0.0630 0.8403 0.0413 0.0211 0.0344 
        D864 11 0.6490 0.0986 0.1068 0.0955 0.0501 
        D878 11 0.1897 0.4444 0.1212 0.1400 0.1047 
        D879 11 0.1028 0.0604 0.1368 0.6364 0.0636 
        D880 11 0.1410 0.1855 0.0873 0.0283 0.5579 
        D881 11 0.0471 0.8320 0.0541 0.0360 0.0308 
        D882 11 0.1718 0.1307 0.0709 0.1074 0.5191 
        D909 11 0.0897 0.3125 0.1122 0.1430 0.3426 
        D921 11 0.2925 0.1072 0.4192 0.1225 0.0587 
        D924 11 0.0827 0.5545 0.1381 0.0427 0.1821 
        D935 11 0.2297 0.0461 0.4778 0.0707 0.1757 
        D940 11 0.0228 0.9100 0.0251 0.0184 0.0238 
        D941 11 0.0336 0.4819 0.3830 0.0369 0.0647 
        D942 11 0.0590 0.0362 0.0491 0.7976 0.0581 
        D980 11 0.1253 0.1322 0.5142 0.0949 0.1334 
        D981 11 0.1994 0.0676 0.5652 0.1236 0.0442 
        D982 11 0.4170 0.0394 0.0898 0.0224 0.4315 
        D983 11 0.1493 0.4630 0.2098 0.0759 0.1020 
        D984 11 0.4795 0.0517 0.1719 0.0498 0.2470 
        D992 11 0.3254 0.0297 0.0764 0.2815 0.2870 
        D993 11 0.1222 0.1946 0.3759 0.0953 0.2120 
        D994 11 0.6283 0.1053 0.0427 0.1187 0.1050 
        D995 11 0.0276 0.0404 0.0772 0.7990 0.0558 
        H354 11 0.0588 0.0458 0.2251 0.5459 0.1243 
