        D023  2 0.0143 0.0087 0.0109 0.0126 0.0151 0.0198 0.0110 0.8995 0.0081 
        D130  2 0.0204 0.1501 0.1290 0.0881 0.0801 0.3762 0.0198 0.1246 0.0116 
        D131  2 0.0371 0.1712 0.2296 0.3152 0.0536 0.0373 0.0881 0.0347 0.0333 
        D163  2 0.0249 0.0543 0.1057 0.1798 0.0196 0.2368 0.0688 0.2605 0.0495 
        D164  2 0.0158 0.0191 0.0148 0.0137 0.4587 0.0100 0.0096 0.4502 0.0082 
        D165  2 0.0204 0.0187 0.0111 0.0211 0.0205 0.0469 0.0201 0.8318 0.0094 
        D166  2 0.2000 0.2455 0.1012 0.2318 0.0415 0.0626 0.0584 0.0392 0.0197 
        D167  2 0.0188 0.0239 0.0152 0.0286 0.8378 0.0097 0.0202 0.0164 0.0294 
        D192  2 0.0136 0.0115 0.0094 0.0147 0.8881 0.0125 0.0226 0.0116 0.0159 
        D193  2 0.0627 0.1466 0.0928 0.2023 0.0265 0.1107 0.0511 0.0215 0.2858 
        D206  2 0.0335 0.0479 0.3370 0.1575 0.1967 0.0478 0.0228 0.1331 0.0237 
        D207  2 0.0237 0.0878 0.0407 0.1368 0.5069 0.0221 0.1386 0.0220 0.0214 
        D208  2 0.0570 0.0296 0.0510 0.1028 0.0693 0.1719 0.2104 0.0451 0.2629 
        D209  2 0.1257 0.0232 0.0271 0.2046 0.4851 0.0363 0.0210 0.0443 0.0328 
        D210  2 0.0488 0.0300 0.0299 0.0608 0.1174 0.0326 0.2046 0.0402 0.4356 
     D229599  2 0.1348 0.0185 0.1124 0.1430 0.0273 0.0885 0.2551 0.1745 0.0460 
     D229600  2 0.0291 0.1236 0.0464 0.1121 0.4276 0.1466 0.0334 0.0617 0.0195 
     D237227  2 0.0241 0.1270 0.0230 0.1362 0.0340 0.0710 0.1165 0.0862 0.3821 
     D237228  2 0.0154 0.6271 0.0139 0.1236 0.0335 0.0152 0.0292 0.0287 0.1134 
     D237258  2 0.1872 0.0989 0.0669 0.1244 0.1330 0.0429 0.1679 0.1295 0.0492 
     D237310  2 0.0207 0.8804 0.0106 0.0137 0.0170 0.0146 0.0144 0.0117 0.0169 
     D237311  2 0.0115 0.8150 0.0128 0.0160 0.0884 0.0147 0.0124 0.0131 0.0162 
     D237312  2 0.0529 0.7921 0.0246 0.0269 0.0189 0.0254 0.0163 0.0234 0.0195 
     D237313  2 0.0360 0.0328 0.3396 0.1286 0.0171 0.0553 0.0405 0.2818 0.0681 
     D237322  2 0.0647 0.1216 0.0512 0.2619 0.0450 0.1234 0.2257 0.0310 0.0755 
     D237323  2 0.0173 0.8216 0.0126 0.0204 0.0111 0.0247 0.0332 0.0126 0.0466 
     D237324  2 0.0205 0.0488 0.0480 0.3567 0.2887 0.1046 0.0689 0.0455 0.0183 
     D237325  2 0.0218 0.7854 0.0203 0.0382 0.0316 0.0322 0.0180 0.0136 0.0387 
     D237326  2 0.0350 0.6170 0.0603 0.0669 0.0530 0.0179 0.0359 0.0497 0.0642 
     D237327  2 0.0573 0.0204 0.0182 0.0728 0.0481 0.1521 0.5917 0.0176 0.0218 
     D237337  2 0.0154 0.8146 0.0260 0.0257 0.0093 0.0188 0.0144 0.0400 0.0357 
     D237338  2 0.0503 0.3353 0.0353 0.1397 0.0562 0.1438 0.0702 0.0329 0.1363 
     D237339  2 0.1051 0.0194 0.1132 0.2332 0.3924 0.0608 0.0331 0.0233 0.0196 
     D237340  2 0.0283 0.6476 0.0173 0.0428 0.1024 0.0435 0.0346 0.0121 0.0713 
     D237389  2 0.0347 0.8078 0.0137 0.0252 0.0320 0.0196 0.0160 0.0330 0.0181 
     D237390  2 0.0184 0.8203 0.0279 0.0267 0.0135 0.0258 0.0245 0.0143 0.0285 
     D244017  2 0.0246 0.0334 0.0510 0.2080 0.2878 0.0308 0.0656 0.0328 0.2661 
     D244112  2 0.0187 0.0399 0.0142 0.0558 0.7553 0.0470 0.0186 0.0237 0.0269 
     D244118  2 0.0219 0.0228 0.0131 0.0371 0.7523 0.0698 0.0193 0.0416 0.0221 
     D244119  2 0.0120 0.0259 0.0263 0.0306 0.3094 0.0130 0.0240 0.0144 0.5446 
     D244120  2 0.2352 0.2939 0.0147 0.0888 0.1924 0.0245 0.0502 0.0168 0.0834 
     D244122  2 0.0500 0.0260 0.0247 0.0537 0.6905 0.0483 0.0226 0.0397 0.0445 
        D291  2 0.0115 0.0198 0.0707 0.0521 0.0453 0.0322 0.7053 0.0486 0.0144 
        D292  2 0.0654 0.0280 0.1005 0.1083 0.1273 0.0275 0.2293 0.1928 0.1209 
        D293  2 0.0121 0.0152 0.0770 0.0246 0.8244 0.0113 0.0122 0.0112 0.0120 
        D322  2 0.0448 0.0201 0.0242 0.0382 0.7787 0.0124 0.0220 0.0476 0.0121 
        D323  2 0.0577 0.0634 0.3854 0.1276 0.1685 0.0643 0.0384 0.0330 0.0617 
        D324  2 0.0299 0.0988 0.1055 0.1052 0.0420 0.0188 0.4535 0.1069 0.0394 
        D325  2 0.0184 0.0268 0.0419 0.0483 0.7842 0.0146 0.0423 0.0121 0.0115 
        D326  2 0.0149 0.0161 0.8491 0.0347 0.0123 0.0138 0.0197 0.0212 0.0182 
        D340  2 0.0198 0.0172 0.0161 0.0208 0.8682 0.0094 0.0244 0.0107 0.0135 
        D341  2 0.0251 0.0449 0.0983 0.0456 0.5506 0.0777 0.0388 0.0655 0.0534 
        D342  2 0.0269 0.0223 0.0192 0.0789 0.6467 0.0215 0.0314 0.1356 0.0175 
        D343  2 0.0102 0.0097 0.0112 0.0166 0.9100 0.0116 0.0124 0.0095 0.0089 
        D344  2 0.4801 0.0628 0.1754 0.0885 0.0378 0.0413 0.0172 0.0782 0.0187 
        D345  2 0.1693 0.0100 0.1166 0.1372 0.0385 0.0220 0.0745 0.4012 0.0307 
        D346  2 0.1317 0.0770 0.0762 0.0844 0.1023 0.0153 0.0469 0.1381 0.3281 
        D351  2 0.0448 0.1202 0.2995 0.1897 0.0590 0.0379 0.1930 0.0402 0.0157 
        D352  2 0.6179 0.0327 0.0243 0.1381 0.0509 0.0354 0.0301 0.0199 0.0507 
        D353  2 0.1032 0.0132 0.1436 0.6338 0.0158 0.0265 0.0356 0.0178 0.0107 
        D354  2 0.6823 0.0198 0.1015 0.0543 0.0137 0.0265 0.0216 0.0542 0.0262 
        D362  2 0.0253 0.0199 0.1392 0.0359 0.0291 0.0236 0.0224 0.6856 0.0190 
        D363  2 0.0267 0.0139 0.1345 0.0348 0.0207 0.0146 0.0196 0.7112 0.0240 
        D364  2 0.4376 0.0127 0.1172 0.0700 0.0176 0.0237 0.0160 0.2797 0.0255 
        D365  2 0.0155 0.0178 0.0222 0.0125 0.8799 0.0107 0.0126 0.0107 0.0181 
        D369  2 0.0209 0.3967 0.0811 0.1121 0.1328 0.0183 0.0321 0.0685 0.1375 
        D374  2 0.0495 0.0208 0.0297 0.0568 0.0163 0.0347 0.0167 0.0406 0.7348 
        D375  2 0.7712 0.0251 0.0477 0.0600 0.0147 0.0249 0.0145 0.0281 0.0139 
        D376  2 0.0672 0.0181 0.0153 0.1013 0.0221 0.0295 0.0203 0.0574 0.6687 
        D377  2 0.1388 0.2654 0.1047 0.1243 0.0547 0.0403 0.0397 0.1592 0.0728 
        D378  2 0.1181 0.0137 0.0848 0.0928 0.4508 0.0228 0.0518 0.1478 0.0174 
        D379  2 0.0243 0.0194 0.7862 0.0604 0.0199 0.0284 0.0173 0.0220 0.0220 
        D384  2 0.0143 0.0145 0.8144 0.0413 0.0155 0.0185 0.0202 0.0306 0.0308 
        D385  2 0.1252 0.0180 0.0154 0.0291 0.7266 0.0182 0.0147 0.0257 0.0271 
        D386  2 0.4778 0.0114 0.1507 0.1103 0.0692 0.0314 0.0346 0.0947 0.0199 
        D391  2 0.0382 0.0177 0.0303 0.0187 0.8379 0.0168 0.0121 0.0155 0.0128 
        D392  2 0.0197 0.0672 0.0445 0.0461 0.6905 0.0163 0.0268 0.0627 0.0262 
        D393  2 0.2490 0.0281 0.2304 0.0698 0.1186 0.0237 0.1825 0.0806 0.0175 
        D394  2 0.1616 0.1346 0.0679 0.2354 0.0902 0.0768 0.0811 0.0832 0.0690 
        D395  2 0.3344 0.0401 0.0214 0.0780 0.4319 0.0314 0.0249 0.0148 0.0232 
        D401  2 0.0090 0.8744 0.0091 0.0132 0.0146 0.0171 0.0147 0.0230 0.0248 
        D402  2 0.0600 0.0181 0.0252 0.0256 0.8016 0.0116 0.0229 0.0183 0.0166 
        D403  2 0.1646 0.0159 0.2122 0.2749 0.0328 0.1048 0.0284 0.1437 0.0227 
        D415  2 0.0632 0.1492 0.2357 0.3921 0.0379 0.0413 0.0182 0.0509 0.0114 
        D435  2 0.0845 0.0256 0.1688 0.0836 0.3167 0.0288 0.0761 0.1994 0.0164 
        D436  2 0.1757 0.0798 0.3208 0.1139 0.0265 0.1831 0.0223 0.0143 0.0636 
        D438  2 0.0123 0.0134 0.0140 0.0183 0.8851 0.0122 0.0140 0.0141 0.0166 
        D439  2 0.4277 0.0092 0.0818 0.1332 0.1381 0.0787 0.0417 0.0774 0.0122 
        D449  2 0.0329 0.0226 0.0711 0.1376 0.6157 0.0159 0.0121 0.0711 0.0211 
        D450  2 0.1977 0.0549 0.0542 0.1175 0.0186 0.1033 0.0451 0.3572 0.0516 
        D456  2 0.0133 0.0196 0.7201 0.1012 0.0149 0.0152 0.0795 0.0172 0.0191 
        D462  2 0.0320 0.0154 0.0188 0.0230 0.8439 0.0300 0.0145 0.0106 0.0116 
        D463  2 0.0243 0.0140 0.8651 0.0208 0.0094 0.0171 0.0156 0.0132 0.0203 
        D464  2 0.2872 0.0491 0.0727 0.3751 0.0990 0.0363 0.0228 0.0210 0.0367 
        D465  2 0.0236 0.2650 0.1100 0.0632 0.4627 0.0138 0.0175 0.0250 0.0193 
        D473  2 0.1932 0.1520 0.0365 0.0989 0.0352 0.0536 0.0731 0.0942 0.2633 
        D474  2 0.0366 0.0179 0.0442 0.0321 0.0279 0.0145 0.1209 0.6775 0.0284 
        D476  2 0.1628 0.0190 0.0380 0.0976 0.0928 0.5307 0.0195 0.0279 0.0115 
        D477  2 0.4997 0.0264 0.1358 0.0825 0.0223 0.0176 0.0561 0.1291 0.0305 
        D478  2 0.0739 0.0526 0.0690 0.3610 0.0704 0.0320 0.1453 0.1461 0.0498 
        D480  2 0.1843 0.0362 0.2711 0.1211 0.1368 0.0453 0.0568 0.0558 0.0926 
        D481  2 0.2386 0.0201 0.1070 0.1104 0.0590 0.0339 0.1161 0.2154 0.0995 
        D482  2 0.2884 0.0472 0.0349 0.1359 0.0254 0.0675 0.2182 0.0506 0.1318 
        D483  2 0.0137 0.0155 0.0142 0.0222 0.8214 0.0146 0.0218 0.0141 0.0624 
        D484  2 0.8392 0.0160 0.0107 0.0350 0.0219 0.0149 0.0285 0.0088 0.0251 
        D510  2 0.0359 0.0376 0.0690 0.0879 0.0263 0.0413 0.1142 0.0183 0.5696 
        D511  2 0.4894 0.0198 0.0918 0.0680 0.1919 0.0286 0.0409 0.0511 0.0185 
        D512  2 0.0234 0.8396 0.0140 0.0235 0.0364 0.0163 0.0176 0.0189 0.0102 
        D513  2 0.0259 0.0368 0.3201 0.0749 0.3937 0.0177 0.0411 0.0424 0.0474 
        D635  2 0.0145 0.0125 0.0251 0.0262 0.0203 0.0100 0.0233 0.8574 0.0106 
        D636  2 0.0083 0.0084 0.0100 0.0124 0.0146 0.0300 0.0097 0.8981 0.0085 
        D637  2 0.2058 0.2540 0.0425 0.1478 0.1499 0.0361 0.0428 0.0656 0.0555 
        D658  2 0.1716 0.1141 0.0182 0.0703 0.4144 0.0822 0.0218 0.0296 0.0778 
        D659  2 0.0549 0.0208 0.4388 0.1884 0.0251 0.0593 0.0726 0.0860 0.0542 
        D677  2 0.0277 0.2015 0.4422 0.0744 0.0488 0.0805 0.0374 0.0688 0.0187 
        D678  2 0.0399 0.0322 0.0175 0.1171 0.6757 0.0293 0.0182 0.0434 0.0268 
        D679  2 0.0741 0.0261 0.6034 0.0743 0.0324 0.0374 0.0633 0.0458 0.0431 
        D719  2 0.0282 0.0385 0.2223 0.0965 0.1954 0.0348 0.0485 0.0375 0.2983 
        D720  2 0.0146 0.0213 0.7114 0.0435 0.0534 0.0211 0.0507 0.0373 0.0466 
        D721  2 0.0250 0.0095 0.0137 0.0476 0.0460 0.0391 0.0142 0.7901 0.0149 
        D722  2 0.0489 0.0533 0.0755 0.1609 0.0946 0.0511 0.0474 0.0376 0.4308 
        D734  2 0.3727 0.0256 0.0575 0.1283 0.1814 0.0367 0.0312 0.0191 0.1476 
        D735  2 0.0788 0.0189 0.1518 0.1181 0.0973 0.0518 0.0486 0.3978 0.0371 
        D736  2 0.0960 0.0800 0.0360 0.0796 0.0451 0.0217 0.3499 0.1075 0.1840 
        D737  2 0.0786 0.0490 0.0176 0.0923 0.5093 0.1087 0.0766 0.0233 0.0445 
        D807  2 0.1903 0.1183 0.0995 0.1108 0.0675 0.0495 0.0952 0.1049 0.1641 
        D808  2 0.0322 0.4654 0.0432 0.1648 0.1523 0.0327 0.0505 0.0339 0.0251 
        D817  2 0.0467 0.0548 0.6281 0.0691 0.0264 0.0329 0.0307 0.0820 0.0295 
        D818  2 0.0466 0.1503 0.0647 0.2700 0.1748 0.0539 0.1530 0.0645 0.0223 
        D819  2 0.0782 0.4094 0.1100 0.1128 0.0370 0.0217 0.0459 0.1564 0.0285 
        D820  2 0.0219 0.0208 0.7559 0.0601 0.0458 0.0390 0.0226 0.0147 0.0192 
        D895  2 0.0591 0.0232 0.3016 0.2242 0.0313 0.0577 0.0393 0.2312 0.0323 
        D896  2 0.0098 0.8996 0.0109 0.0116 0.0086 0.0096 0.0115 0.0204 0.0179 
        D897  2 0.0435 0.0564 0.0292 0.1588 0.5709 0.0266 0.0428 0.0477 0.0242 
        D898  2 0.0553 0.1210 0.0566 0.1253 0.0207 0.0443 0.4297 0.1207 0.0264 
        D918  2 0.0712 0.5975 0.0425 0.0797 0.0377 0.0530 0.0365 0.0249 0.0571 
        D919  2 0.2308 0.0182 0.1753 0.1908 0.1777 0.0865 0.0593 0.0397 0.0217 
        D920  2 0.0224 0.0510 0.0228 0.0451 0.0529 0.6834 0.0202 0.0581 0.0441 
        D923  2 0.2191 0.0275 0.4465 0.0988 0.0511 0.0311 0.0281 0.0730 0.0248 
        D930  2 0.1773 0.0405 0.2580 0.1230 0.0476 0.0355 0.0351 0.1732 0.1099 
        D931  2 0.4572 0.0595 0.0518 0.0898 0.1568 0.0296 0.0403 0.0789 0.0361 
        D968  2 0.0182 0.0152 0.0338 0.0313 0.8231 0.0131 0.0383 0.0141 0.0128 
        D969  2 0.0678 0.0447 0.1331 0.1903 0.1022 0.0522 0.2314 0.1015 0.0770 
        D977  2 0.0262 0.0313 0.0293 0.0843 0.7101 0.0327 0.0323 0.0378 0.0159 
        D978  2 0.0385 0.0208 0.0996 0.1250 0.1329 0.0882 0.4203 0.0452 0.0295 
        D009  4 0.0210 0.0442 0.0355 0.0993 0.0196 0.6676 0.0342 0.0575 0.0210 
        D057  4 0.0164 0.0091 0.0224 0.0209 0.0473 0.8372 0.0190 0.0119 0.0157 
        D109  4 0.0475 0.4093 0.0230 0.1669 0.0183 0.0462 0.0263 0.1977 0.0647 
     D237222  4 0.0162 0.0128 0.0271 0.0433 0.0407 0.7206 0.0194 0.0194 0.1006 
     D237223  4 0.0411 0.4588 0.0431 0.1584 0.0961 0.0596 0.0403 0.0165 0.0861 
     D237224  4 0.2511 0.0186 0.1461 0.0846 0.1308 0.0557 0.1798 0.0978 0.0356 
     D237225  4 0.0235 0.0272 0.1438 0.2482 0.0372 0.3040 0.0479 0.1201 0.0482 
     D237299  4 0.0309 0.6196 0.0256 0.1385 0.0292 0.0261 0.0764 0.0207 0.0331 
     D237300  4 0.0344 0.0275 0.0205 0.0681 0.0355 0.0372 0.6963 0.0369 0.0437 
     D237306  4 0.0419 0.3057 0.0538 0.0391 0.0238 0.0343 0.0152 0.0204 0.4657 
     D237307  4 0.0184 0.0347 0.3821 0.0717 0.0321 0.1862 0.0524 0.0421 0.1801 
     D237308  4 0.1066 0.0280 0.0894 0.1196 0.3636 0.0855 0.0335 0.0713 0.1025 
     D237309  4 0.0702 0.0249 0.0510 0.2719 0.0193 0.3206 0.0759 0.1462 0.0200 
     D237317  4 0.0244 0.0154 0.2036 0.2865 0.0192 0.0728 0.0896 0.1882 0.1002 
     D237318  4 0.0188 0.0297 0.0251 0.0356 0.0597 0.0199 0.7750 0.0145 0.0217 
     D237319  4 0.0318 0.4858 0.1683 0.1340 0.0277 0.0455 0.0368 0.0367 0.0333 
     D237320  4 0.0170 0.7186 0.0419 0.0403 0.0577 0.0248 0.0476 0.0236 0.0287 
     D237321  4 0.0292 0.0595 0.0515 0.1017 0.0629 0.0324 0.5443 0.0821 0.0363 
     D237397  4 0.0156 0.1399 0.0672 0.0748 0.0611 0.2219 0.0763 0.0305 0.3127 
     D237398  4 0.0469 0.0408 0.0624 0.0459 0.0262 0.0175 0.7261 0.0210 0.0131 
     D237399  4 0.0281 0.1314 0.0931 0.0749 0.0351 0.0579 0.4082 0.0391 0.1322 
     D244001  4 0.0229 0.0167 0.0211 0.0787 0.0520 0.7282 0.0218 0.0239 0.0347 
        D289  4 0.1451 0.0521 0.0613 0.1197 0.1194 0.0954 0.1187 0.0303 0.2581 
        D290  4 0.0290 0.0665 0.0677 0.1463 0.0428 0.2365 0.3712 0.0112 0.0288 
        D294  4 0.2181 0.0211 0.0604 0.2276 0.0456 0.2440 0.1208 0.0254 0.0370 
        D295  4 0.0516 0.2119 0.2849 0.0849 0.0252 0.2216 0.0376 0.0363 0.0462 
        D301  4 0.0235 0.0650 0.0372 0.0856 0.0289 0.4590 0.0755 0.1211 0.1041 
        D302  4 0.7167 0.0143 0.0793 0.0421 0.0124 0.0535 0.0126 0.0560 0.0132 
        D303  4 0.1177 0.0821 0.0182 0.0477 0.0304 0.0310 0.0262 0.0306 0.6160 
        D304  4 0.0244 0.0266 0.1100 0.0575 0.0220 0.1472 0.5461 0.0266 0.0396 
        D305  4 0.1355 0.0144 0.0290 0.5798 0.0872 0.0806 0.0330 0.0244 0.0160 
        D306  4 0.0282 0.0540 0.0527 0.6495 0.0453 0.0372 0.0850 0.0201 0.0280 
        D307  4 0.0242 0.0162 0.0113 0.0188 0.0117 0.8107 0.0323 0.0316 0.0430 
        D327  4 0.0232 0.0359 0.6531 0.0865 0.0394 0.0450 0.0482 0.0348 0.0339 
        D328  4 0.3927 0.1370 0.0396 0.0579 0.0178 0.1314 0.0283 0.0236 0.1717 
        D329  4 0.2016 0.0214 0.0330 0.2514 0.0842 0.2448 0.0674 0.0314 0.0646 
        D330  4 0.1707 0.1807 0.1577 0.2070 0.0813 0.1078 0.0203 0.0491 0.0253 
        D331  4 0.0386 0.0474 0.1707 0.0854 0.0335 0.1099 0.3865 0.0514 0.0766 
        D333  4 0.0599 0.0330 0.0390 0.0953 0.0454 0.4590 0.0920 0.0957 0.0807 
        D334  4 0.0438 0.0310 0.0329 0.0611 0.0214 0.2517 0.0940 0.0203 0.4437 
        D335  4 0.1317 0.0146 0.5334 0.0552 0.0452 0.1414 0.0180 0.0323 0.0282 
        D370  4 0.1784 0.0645 0.0919 0.2396 0.0440 0.0754 0.0365 0.0987 0.1711 
        D371  4 0.0650 0.0482 0.0917 0.0749 0.0274 0.0190 0.0165 0.0368 0.6206 
        D372  4 0.0149 0.0206 0.0145 0.0949 0.0422 0.0381 0.7372 0.0148 0.0228 
        D373  4 0.0325 0.0104 0.0231 0.0500 0.0259 0.6547 0.0398 0.1385 0.0250 
        D455  4 0.0164 0.0102 0.0179 0.0162 0.0127 0.8719 0.0263 0.0172 0.0112 
        D490  4 0.0139 0.0541 0.0140 0.0154 0.0079 0.8582 0.0108 0.0153 0.0103 
        D497  4 0.0278 0.0865 0.0133 0.0418 0.0126 0.7435 0.0394 0.0242 0.0108 
        D498  4 0.0297 0.1450 0.1150 0.1183 0.0401 0.0936 0.2594 0.0346 0.1644 
        D499  4 0.1648 0.3926 0.0310 0.1215 0.1552 0.0163 0.0323 0.0367 0.0496 
        D514  4 0.1897 0.1170 0.2292 0.1483 0.0256 0.0933 0.1123 0.0708 0.0138 
        D515  4 0.0549 0.7808 0.0405 0.0369 0.0164 0.0189 0.0141 0.0165 0.0210 
        D516  4 0.0197 0.1123 0.3076 0.0792 0.0947 0.1551 0.0464 0.0749 0.1101 
        D517  4 0.0166 0.0207 0.0400 0.1998 0.0146 0.5627 0.0769 0.0467 0.0219 
        D518  4 0.0231 0.0115 0.0492 0.0508 0.0343 0.7602 0.0134 0.0201 0.0374 
        D519  4 0.0139 0.8363 0.0321 0.0211 0.0205 0.0173 0.0302 0.0132 0.0153 
        D560  4 0.0551 0.5084 0.0961 0.1000 0.0490 0.1021 0.0418 0.0288 0.0187 
        D561  4 0.0341 0.1810 0.0451 0.4054 0.1618 0.0932 0.0320 0.0325 0.0150 
        D562  4 0.1064 0.0463 0.0899 0.2026 0.0684 0.2191 0.1576 0.0352 0.0745 
        D563  4 0.2678 0.0601 0.0384 0.1097 0.3642 0.0492 0.0463 0.0439 0.0202 
        D572  4 0.3481 0.0226 0.0397 0.0652 0.0695 0.3858 0.0266 0.0146 0.0279 
        D629  4 0.2085 0.0234 0.2270 0.0766 0.0291 0.0452 0.0977 0.2714 0.0210 
        D630  4 0.0921 0.1892 0.1157 0.1039 0.0380 0.2539 0.1012 0.0346 0.0712 
        D631  4 0.1048 0.0355 0.0412 0.1106 0.1094 0.5254 0.0343 0.0137 0.0252 
        D632  4 0.3130 0.0258 0.0380 0.0453 0.1549 0.0494 0.0146 0.3435 0.0154 
        D646  4 0.0224 0.3565 0.2355 0.1514 0.0587 0.0864 0.0254 0.0178 0.0460 
        D647  4 0.0462 0.1200 0.4990 0.0681 0.0722 0.1215 0.0409 0.0154 0.0168 
        D648  4 0.5865 0.0525 0.0261 0.0720 0.0311 0.1013 0.0100 0.0195 0.1010 
        D649  4 0.3494 0.1051 0.1397 0.1035 0.0218 0.0527 0.0256 0.1835 0.0187 
        D650  4 0.0571 0.1696 0.3742 0.0749 0.0316 0.1231 0.0489 0.0683 0.0522 
        D708  4 0.1798 0.0486 0.1403 0.1769 0.0227 0.1057 0.0589 0.0842 0.1829 
        D709  4 0.0500 0.3159 0.1180 0.2778 0.0373 0.0513 0.0694 0.0320 0.0483 
        D738  4 0.0158 0.1354 0.0929 0.0397 0.0130 0.0732 0.0221 0.0302 0.5777 
        D739  4 0.0445 0.0842 0.0465 0.0915 0.0216 0.5805 0.0659 0.0330 0.0322 
        D740  4 0.0524 0.0386 0.0291 0.2425 0.0384 0.0985 0.1707 0.1489 0.1809 
        D741  4 0.0197 0.6926 0.0950 0.0521 0.0529 0.0346 0.0198 0.0138 0.0195 
        D742  4 0.0443 0.1723 0.0349 0.1546 0.2911 0.1398 0.0566 0.0371 0.0693 
        D743  4 0.2755 0.0284 0.4055 0.0625 0.0850 0.0454 0.0433 0.0232 0.0312 
        D744  4 0.7376 0.0276 0.0521 0.0421 0.0601 0.0143 0.0256 0.0260 0.0146 
        D745  4 0.0241 0.8377 0.0204 0.0183 0.0145 0.0235 0.0278 0.0142 0.0194 
        D814  4 0.0817 0.0292 0.0847 0.3484 0.2337 0.1115 0.0632 0.0259 0.0215 
        D815  4 0.3444 0.0377 0.2963 0.1090 0.0424 0.0508 0.0476 0.0430 0.0287 
        D828  4 0.1871 0.0910 0.0262 0.2281 0.0673 0.0677 0.0672 0.0261 0.2394 
        D845  4 0.0168 0.0135 0.0381 0.0265 0.0278 0.0168 0.8122 0.0143 0.0339 
        D846  4 0.0483 0.0188 0.1897 0.0859 0.1083 0.4552 0.0542 0.0304 0.0092 
        D847  4 0.0270 0.0571 0.0504 0.0856 0.0398 0.3189 0.3528 0.0380 0.0304 
        D848  4 0.0168 0.0088 0.0130 0.0503 0.0559 0.6294 0.1396 0.0671 0.0192 
        D849  4 0.0218 0.1090 0.0676 0.0694 0.0389 0.6206 0.0221 0.0309 0.0195 
        D850  4 0.0545 0.0503 0.2125 0.2492 0.0472 0.0548 0.2190 0.0621 0.0503 
        D856  4 0.0482 0.3448 0.0981 0.2875 0.0377 0.0434 0.0506 0.0578 0.0319 
        D857  4 0.0298 0.4824 0.0144 0.1221 0.0708 0.0576 0.0192 0.1553 0.0484 
        D859  4 0.2610 0.0303 0.1352 0.1373 0.0409 0.2528 0.0768 0.0332 0.0324 
        D860  4 0.0427 0.0112 0.0857 0.0766 0.0902 0.0356 0.1897 0.0256 0.4426 
        D883  4 0.0639 0.1224 0.0833 0.0851 0.0221 0.3910 0.0812 0.0809 0.0701 
        D884  4 0.0333 0.6157 0.0950 0.0351 0.0133 0.0775 0.0135 0.0231 0.0935 
        D885  4 0.0387 0.0746 0.2075 0.1985 0.0673 0.1953 0.0785 0.1107 0.0289 
        D886  4 0.0455 0.1484 0.1436 0.1230 0.0956 0.2764 0.0844 0.0515 0.0315 
        D887  4 0.3234 0.0545 0.0328 0.0719 0.0431 0.0274 0.1853 0.2277 0.0338 
        D889  4 0.0351 0.0138 0.0676 0.0459 0.0112 0.0319 0.7654 0.0165 0.0127 
        D890  4 0.2521 0.0454 0.0766 0.1303 0.0665 0.0560 0.0491 0.2522 0.0718 
        D891  4 0.0104 0.0087 0.0117 0.0103 0.0103 0.0074 0.9213 0.0098 0.0100 
        D899  4 0.0672 0.0455 0.0283 0.1069 0.4690 0.0596 0.1259 0.0269 0.0708 
        D900  4 0.0737 0.0575 0.0996 0.1447 0.0607 0.3027 0.1813 0.0373 0.0424 
        D970  4 0.0769 0.0169 0.0629 0.1111 0.0456 0.4496 0.1723 0.0336 0.0311 
        D971  4 0.0731 0.0374 0.1406 0.0796 0.4856 0.0634 0.0211 0.0456 0.0535 
        D979  4 0.0294 0.0127 0.7624 0.0309 0.0222 0.0860 0.0185 0.0185 0.0194 
        D093  5 0.0225 0.0315 0.0209 0.0332 0.0174 0.0479 0.0329 0.0366 0.7572 
        D154  5 0.0331 0.2537 0.0411 0.2185 0.1301 0.1244 0.1038 0.0506 0.0448 
        D168  5 0.0531 0.1462 0.0809 0.2041 0.2549 0.0792 0.0636 0.0965 0.0214 
        D189  5 0.0311 0.0514 0.0478 0.0985 0.0424 0.1581 0.2155 0.0171 0.3381 
        D190  5 0.0393 0.0331 0.0599 0.0258 0.0237 0.0249 0.0242 0.0355 0.7336 
     D237220  5 0.0193 0.0355 0.0236 0.0741 0.0180 0.4322 0.2915 0.0210 0.0848 
     D237221  5 0.0329 0.0430 0.1480 0.0821 0.1166 0.0864 0.2098 0.0742 0.2070 
     D237274  5 0.2261 0.0373 0.4445 0.1338 0.0604 0.0132 0.0233 0.0499 0.0115 
     D237275  5 0.0139 0.0562 0.0337 0.1262 0.5290 0.0893 0.0864 0.0165 0.0489 
     D237276  5 0.0551 0.1147 0.1692 0.0878 0.0343 0.1561 0.0298 0.0706 0.2824 
     D237277  5 0.0704 0.0211 0.0401 0.0485 0.0434 0.0220 0.1294 0.0496 0.5755 
     D237278  5 0.1549 0.0465 0.0238 0.1363 0.3015 0.0860 0.0311 0.0925 0.1273 
     D237279  5 0.0580 0.1762 0.0193 0.3302 0.0319 0.0223 0.0244 0.3241 0.0135 
     D237280  5 0.0305 0.0090 0.0510 0.0391 0.0107 0.0441 0.0188 0.7609 0.0359 
     D237281  5 0.0270 0.0293 0.0398 0.1557 0.4031 0.0216 0.2621 0.0258 0.0356 
     D237351  5 0.0149 0.0421 0.0150 0.0225 0.0121 0.0311 0.0151 0.8092 0.0382 
     D237352  5 0.0751 0.0187 0.1495 0.0747 0.0816 0.4199 0.0207 0.1232 0.0367 
     D237353  5 0.0306 0.0176 0.0320 0.0277 0.0162 0.0134 0.0244 0.0321 0.8061 
     D237359  5 0.0266 0.0203 0.0367 0.0532 0.0209 0.3747 0.3867 0.0271 0.0537 
     D237361  5 0.0226 0.0292 0.0332 0.0603 0.0218 0.0163 0.0972 0.0640 0.6554 
     D237362  5 0.0401 0.0821 0.3256 0.0656 0.0342 0.0549 0.0330 0.2904 0.0741 
     D237363  5 0.0196 0.0828 0.1138 0.5622 0.0736 0.0269 0.0470 0.0276 0.0465 
     D237364  5 0.0964 0.1477 0.0913 0.0989 0.0860 0.3622 0.0578 0.0480 0.0119 
     D237376  5 0.5267 0.1952 0.0120 0.0476 0.0265 0.0289 0.0329 0.0144 0.1158 
     D237377  5 0.0287 0.0343 0.1041 0.0828 0.0288 0.0320 0.0243 0.5815 0.0835 
     D237378  5 0.0609 0.0326 0.0186 0.0638 0.0372 0.1294 0.0282 0.0140 0.6153 
     D237379  5 0.3099 0.1629 0.0743 0.1338 0.0273 0.0818 0.0402 0.0133 0.1566 
     D237380  5 0.2644 0.0431 0.0326 0.1261 0.0104 0.0529 0.0151 0.2781 0.1773 
     D237381  5 0.0595 0.0605 0.0873 0.1714 0.0613 0.2531 0.0651 0.1632 0.0786 
     D237391  5 0.0204 0.0264 0.0382 0.0312 0.0227 0.0165 0.1125 0.0424 0.6898 
     D237392  5 0.1758 0.1162 0.2798 0.0966 0.2138 0.0130 0.0219 0.0618 0.0211 
     D237393  5 0.0521 0.0169 0.1351 0.0752 0.0616 0.0396 0.0428 0.4249 0.1518 
     D237394  5 0.0265 0.0148 0.0379 0.0220 0.0101 0.0207 0.0201 0.0350 0.8128 
     D237395  5 0.0378 0.0711 0.0256 0.0882 0.0666 0.0580 0.1642 0.1489 0.3397 
     D237396  5 0.0369 0.0299 0.0567 0.0870 0.1054 0.0239 0.0872 0.4904 0.0825 
     D244016  5 0.1842 0.0442 0.0865 0.2956 0.0769 0.0296 0.0487 0.0444 0.1899 
     D244018  5 0.0142 0.0368 0.0843 0.1158 0.2308 0.2068 0.0893 0.0305 0.1916 
     D244019  5 0.0302 0.0237 0.5363 0.1215 0.1265 0.0248 0.0491 0.0400 0.0479 
        D279  5 0.0372 0.0410 0.0730 0.1624 0.0483 0.2265 0.2148 0.0917 0.1051 
        D280  5 0.0379 0.0174 0.0166 0.1085 0.0214 0.0578 0.5481 0.1419 0.0505 
        D281  5 0.0246 0.0332 0.0196 0.1184 0.1190 0.0280 0.5840 0.0211 0.0520 
        D283  5 0.0239 0.0214 0.0940 0.1540 0.0299 0.0870 0.3464 0.0777 0.1657 
        D284  5 0.0328 0.5500 0.0434 0.0857 0.0292 0.1329 0.0688 0.0323 0.0249 
        D285  5 0.0353 0.0191 0.0502 0.0484 0.0137 0.0527 0.6012 0.0362 0.1433 
        D286  5 0.1449 0.0637 0.0856 0.1057 0.0266 0.1924 0.0866 0.0457 0.2490 
        D287  5 0.4380 0.2584 0.0184 0.0749 0.0173 0.0324 0.0393 0.0229 0.0983 
        D288  5 0.0210 0.0191 0.1532 0.1141 0.0235 0.0356 0.5671 0.0407 0.0258 
        D308  5 0.0364 0.0510 0.0570 0.0370 0.0175 0.0149 0.0198 0.7402 0.0262 
        D309  5 0.8619 0.0138 0.0130 0.0236 0.0143 0.0240 0.0136 0.0201 0.0158 
        D310  5 0.0139 0.0185 0.0256 0.1563 0.0103 0.0419 0.0446 0.0173 0.6717 
        D311  5 0.0311 0.0400 0.6028 0.0622 0.0253 0.1176 0.0173 0.0270 0.0768 
        D312  5 0.2046 0.0394 0.0513 0.1538 0.0593 0.0635 0.0697 0.2956 0.0627 
        D313  5 0.0096 0.0778 0.0132 0.0326 0.0133 0.0988 0.0125 0.6951 0.0473 
        D314  5 0.1267 0.1118 0.0662 0.1652 0.0439 0.1740 0.0586 0.1023 0.1513 
        D315  5 0.1618 0.0594 0.0804 0.1741 0.0746 0.0386 0.0521 0.1632 0.1957 
        D317  5 0.0114 0.0167 0.0309 0.0204 0.0111 0.0305 0.0179 0.0301 0.8310 
        D318  5 0.2017 0.0683 0.0958 0.2635 0.0751 0.0538 0.0952 0.0955 0.0512 
        D319  5 0.0134 0.0365 0.0305 0.0361 0.0141 0.0197 0.0182 0.0125 0.8190 
        D320  5 0.0646 0.0411 0.0317 0.0515 0.0177 0.0247 0.1451 0.0171 0.6065 
        D321  5 0.0100 0.0144 0.0344 0.0224 0.0121 0.0128 0.1023 0.7701 0.0216 
        D336  5 0.0685 0.0539 0.0331 0.1000 0.0148 0.0481 0.0250 0.0123 0.6440 
        D337  5 0.0311 0.0179 0.0345 0.0393 0.0256 0.0172 0.0505 0.0131 0.7707 
        D338  5 0.0350 0.0720 0.0888 0.1390 0.0392 0.3564 0.1119 0.0790 0.0787 
        D339  5 0.0117 0.0290 0.0293 0.0536 0.0211 0.0385 0.0390 0.0225 0.7554 
        D347  5 0.0463 0.0236 0.2666 0.2561 0.0524 0.1567 0.1251 0.0162 0.0570 
        D348  5 0.0450 0.0112 0.0506 0.0708 0.0298 0.0524 0.0250 0.0123 0.7028 
        D349  5 0.0185 0.0151 0.0113 0.0140 0.0107 0.0096 0.0125 0.8834 0.0248 
        D350  5 0.8558 0.0202 0.0115 0.0261 0.0215 0.0201 0.0135 0.0146 0.0169 
        D355  5 0.0453 0.0772 0.1551 0.2416 0.0975 0.1169 0.2079 0.0327 0.0257 
        D356  5 0.0757 0.0786 0.0907 0.1572 0.0283 0.0778 0.1595 0.1328 0.1994 
        D357  5 0.1110 0.0859 0.0521 0.4062 0.0306 0.0530 0.1487 0.0703 0.0423 
        D358  5 0.2785 0.1134 0.0184 0.0944 0.0350 0.0270 0.0420 0.0835 0.3076 
        D359  5 0.0391 0.0321 0.2509 0.1248 0.0190 0.0460 0.0598 0.0888 0.3395 
        D360  5 0.0577 0.0806 0.0753 0.1045 0.0221 0.0504 0.2238 0.0798 0.3058 
        D361  5 0.0112 0.0643 0.0128 0.0208 0.0174 0.0161 0.0110 0.8180 0.0283 
        D366  5 0.0263 0.0448 0.4117 0.0578 0.3617 0.0286 0.0232 0.0187 0.0273 
        D367  5 0.0579 0.0529 0.0321 0.1355 0.0119 0.1452 0.0560 0.0718 0.4368 
        D368  5 0.0239 0.0707 0.0363 0.0475 0.0146 0.0179 0.0212 0.7261 0.0418 
        D380  5 0.6653 0.0362 0.0232 0.0780 0.0454 0.0207 0.0299 0.0797 0.0216 
        D381  5 0.0246 0.0235 0.0689 0.1524 0.0334 0.0793 0.0973 0.0412 0.4794 
        D400  5 0.0251 0.0296 0.1213 0.1108 0.0503 0.3291 0.0728 0.0308 0.2302 
        D411  5 0.0230 0.6327 0.0130 0.0292 0.0144 0.1629 0.0124 0.1037 0.0086 
        D412  5 0.0242 0.0117 0.0742 0.2929 0.1073 0.1246 0.0754 0.1633 0.1265 
        D413  5 0.0759 0.0273 0.0384 0.0855 0.6433 0.0346 0.0289 0.0468 0.0192 
        D414  5 0.7393 0.0314 0.0331 0.0572 0.0528 0.0175 0.0295 0.0145 0.0247 
        D420  5 0.0232 0.0849 0.0258 0.0694 0.0148 0.0355 0.6824 0.0399 0.0239 
        D431  5 0.5710 0.1437 0.0137 0.0810 0.0162 0.0135 0.0956 0.0382 0.0269 
        D432  5 0.0720 0.0229 0.0294 0.1113 0.0514 0.0720 0.0845 0.0908 0.4659 
        D433  5 0.0257 0.0290 0.0840 0.0893 0.0267 0.0337 0.0609 0.0882 0.5625 
        D434  5 0.0253 0.0690 0.0730 0.1845 0.0218 0.1257 0.1756 0.0185 0.3065 
        D440  5 0.6823 0.0185 0.0192 0.0637 0.0224 0.1417 0.0146 0.0182 0.0194 
        D447  5 0.1515 0.1174 0.1849 0.3295 0.1081 0.0149 0.0419 0.0311 0.0207 
        D448  5 0.0330 0.0445 0.0689 0.1214 0.0172 0.1259 0.0362 0.0230 0.5300 
        D459  5 0.0225 0.0584 0.1631 0.1352 0.3435 0.0697 0.1684 0.0109 0.0283 
        D460  5 0.0142 0.0152 0.0153 0.0125 0.0124 0.0092 0.0117 0.8924 0.0170 
        D461  5 0.8300 0.0106 0.0323 0.0223 0.0160 0.0187 0.0188 0.0368 0.0145 
        D468  5 0.0595 0.5508 0.0636 0.0517 0.0382 0.0239 0.0156 0.1426 0.0541 
        D469  5 0.0974 0.1074 0.1424 0.1062 0.0293 0.1397 0.0511 0.2682 0.0582 
        D470  5 0.0538 0.0464 0.1260 0.1429 0.0278 0.4872 0.0203 0.0262 0.0695 
        D471  5 0.0644 0.0463 0.1645 0.0604 0.0378 0.0342 0.0440 0.0163 0.5322 
        D472  5 0.0164 0.0100 0.6595 0.0461 0.1039 0.0196 0.0913 0.0244 0.0288 
        D479  5 0.0673 0.0228 0.0574 0.0613 0.6572 0.0516 0.0146 0.0272 0.0406 
        D485  5 0.5099 0.1497 0.0387 0.1266 0.0366 0.0579 0.0350 0.0140 0.0315 
        D486  5 0.0525 0.5940 0.0551 0.0704 0.0259 0.0786 0.0183 0.0678 0.0374 
        D487  5 0.0482 0.0223 0.0230 0.1033 0.0539 0.0843 0.1526 0.0273 0.4850 
        D555  5 0.0149 0.0126 0.0210 0.0269 0.0450 0.0188 0.0422 0.0125 0.8062 
        D556  5 0.3758 0.0362 0.0283 0.0663 0.0152 0.0257 0.2712 0.1458 0.0355 
        D557  5 0.0227 0.0140 0.0369 0.0440 0.0358 0.0290 0.0190 0.0285 0.7699 
        D564  5 0.4571 0.0586 0.0303 0.1072 0.0604 0.0187 0.0194 0.0842 0.1640 
        D594  5 0.0442 0.0350 0.2335 0.3204 0.0571 0.1651 0.0475 0.0391 0.0580 
        D595  5 0.0847 0.1225 0.0909 0.1414 0.0453 0.0300 0.0595 0.1370 0.2887 
        D596  5 0.0179 0.0126 0.0184 0.0208 0.0212 0.0171 0.0220 0.0174 0.8527 
        D597  5 0.0340 0.0157 0.0577 0.0635 0.2554 0.0336 0.2885 0.0390 0.2126 
        D598  5 0.1571 0.0503 0.0443 0.1060 0.0329 0.1082 0.0712 0.0571 0.3728 
        D617  5 0.0275 0.2238 0.0430 0.1695 0.1419 0.2131 0.0282 0.1295 0.0235 
        D618  5 0.0423 0.0288 0.0910 0.0401 0.0346 0.0416 0.1185 0.0337 0.5695 
        D619  5 0.0978 0.0377 0.1148 0.2372 0.0532 0.0162 0.0306 0.2608 0.1515 
        D620  5 0.0138 0.0169 0.0699 0.0299 0.6588 0.0535 0.0652 0.0490 0.0429 
        D628  5 0.8194 0.0186 0.0172 0.0357 0.0152 0.0264 0.0173 0.0146 0.0356 
        D714  5 0.3978 0.0748 0.0177 0.1217 0.0355 0.0464 0.1882 0.0199 0.0978 
        D715  5 0.0401 0.0269 0.1519 0.0481 0.0347 0.0167 0.0593 0.0334 0.5889 
        D716  5 0.0509 0.0388 0.2257 0.1391 0.0505 0.3361 0.0998 0.0167 0.0424 
        D717  5 0.0892 0.0429 0.2517 0.1150 0.0333 0.0758 0.2169 0.0321 0.1431 
        D718  5 0.0617 0.5167 0.0311 0.1679 0.0331 0.0595 0.0335 0.0154 0.0811 
        D769  5 0.0308 0.0698 0.0452 0.2421 0.0962 0.4284 0.0353 0.0290 0.0232 
        D770  5 0.6490 0.1034 0.0270 0.0599 0.0663 0.0197 0.0240 0.0243 0.0265 
        D771  5 0.2296 0.0433 0.0455 0.1750 0.0681 0.1200 0.1911 0.0661 0.0614 
        D772  5 0.6014 0.0219 0.0414 0.0473 0.0176 0.0427 0.0497 0.1183 0.0596 
        D782  5 0.0392 0.0697 0.0132 0.2890 0.0476 0.0207 0.2420 0.2528 0.0259 
        D783  5 0.2898 0.0462 0.0460 0.1470 0.2585 0.0293 0.0391 0.0176 0.1265 
        D784  5 0.1455 0.0207 0.3129 0.1214 0.0568 0.0525 0.2095 0.0321 0.0487 
        D785  5 0.1690 0.0416 0.0598 0.0566 0.0258 0.0255 0.0284 0.1437 0.4498 
        D786  5 0.0826 0.0413 0.2642 0.0924 0.0715 0.3589 0.0209 0.0462 0.0218 
        D821  5 0.0264 0.0187 0.0185 0.0187 0.0120 0.0128 0.0301 0.0127 0.8501 
        D822  5 0.0579 0.0841 0.3728 0.1778 0.1017 0.0447 0.0785 0.0306 0.0519 
        D826  5 0.0655 0.0409 0.0793 0.1489 0.0809 0.0917 0.1125 0.0811 0.2993 
        D827  5 0.0585 0.1256 0.5011 0.1602 0.0526 0.0248 0.0338 0.0222 0.0212 
        D851  5 0.0973 0.0498 0.0705 0.1200 0.0318 0.0322 0.0336 0.4692 0.0955 
        D852  5 0.1983 0.0375 0.0271 0.1016 0.0409 0.1113 0.1772 0.0214 0.2846 
        D853  5 0.0343 0.0515 0.0697 0.1247 0.0384 0.0495 0.2874 0.0684 0.2761 
        D854  5 0.0495 0.5042 0.1603 0.0971 0.0472 0.0268 0.0531 0.0471 0.0147 
        D861  5 0.0363 0.3053 0.0586 0.1956 0.0909 0.0487 0.0484 0.0771 0.1390 
        D862  5 0.0737 0.0403 0.3835 0.1603 0.0279 0.0550 0.0574 0.0837 0.1182 
        D865  5 0.0818 0.0491 0.0285 0.0975 0.0455 0.0396 0.0760 0.1545 0.4275 
        D868  5 0.0322 0.0429 0.3605 0.1087 0.0306 0.1296 0.1325 0.0390 0.1238 
        D869  5 0.0175 0.2778 0.0304 0.0437 0.0340 0.1993 0.0165 0.3595 0.0212 
        D870  5 0.0361 0.0221 0.0498 0.5774 0.2050 0.0211 0.0221 0.0553 0.0111 
        D907  5 0.0246 0.0224 0.0235 0.1025 0.0241 0.0428 0.0482 0.1195 0.5924 
        D908  5 0.1584 0.0322 0.0233 0.1013 0.0836 0.0583 0.1756 0.0454 0.3219 
        D910  5 0.0255 0.0844 0.2064 0.1213 0.1046 0.0620 0.0758 0.0232 0.2967 
        D911  5 0.0123 0.0385 0.1714 0.1513 0.0410 0.1194 0.4186 0.0088 0.0386 
        D934  5 0.4426 0.0962 0.0715 0.1198 0.0893 0.0376 0.0719 0.0331 0.0379 
        D946  5 0.5704 0.1135 0.0204 0.1002 0.0318 0.0353 0.0678 0.0302 0.0304 
        D947  5 0.1604 0.0290 0.0574 0.1116 0.0210 0.1330 0.3022 0.1682 0.0172 
        D948  5 0.0144 0.0187 0.0198 0.0159 0.0137 0.0119 0.0158 0.8314 0.0584 
        D949  5 0.0140 0.0139 0.0187 0.0127 0.0099 0.0157 0.0102 0.8787 0.0263 
        D950  5 0.0411 0.0236 0.1283 0.2015 0.0606 0.0751 0.4110 0.0261 0.0327 
        D951  5 0.1468 0.0533 0.1658 0.2857 0.0849 0.0255 0.0206 0.1985 0.0189 
        D952  5 0.0183 0.0137 0.6554 0.0434 0.0182 0.0898 0.0731 0.0498 0.0384 
        D953  5 0.0419 0.0388 0.0540 0.0590 0.0222 0.0169 0.0963 0.0879 0.5828 
        D954  5 0.0469 0.0293 0.3996 0.0780 0.0351 0.0162 0.0322 0.2083 0.1544 
        D961  5 0.7181 0.1003 0.0158 0.0499 0.0137 0.0168 0.0180 0.0126 0.0549 
        D962  5 0.6433 0.0268 0.0396 0.0466 0.0132 0.0294 0.0175 0.0452 0.1384 
        D963  5 0.1834 0.0330 0.1772 0.0846 0.0482 0.0418 0.0910 0.0181 0.3227 
        D964  5 0.2545 0.2673 0.0365 0.1215 0.0436 0.0343 0.1369 0.0674 0.0380 
        D965  5 0.4781 0.0366 0.0710 0.1439 0.0745 0.0712 0.0349 0.0424 0.0474 
        D966  5 0.1635 0.0117 0.1502 0.2258 0.0489 0.1278 0.0834 0.0671 0.1215 
        D967  5 0.0314 0.0372 0.0352 0.1038 0.2237 0.0230 0.3330 0.0752 0.1376 
        D991  5 0.2084 0.0609 0.0273 0.0689 0.0246 0.4723 0.0412 0.0241 0.0723 
        D132  8 0.0204 0.1743 0.0202 0.0293 0.0116 0.6461 0.0191 0.0569 0.0221 
        D133  8 0.0180 0.0176 0.0184 0.0489 0.7783 0.0426 0.0379 0.0196 0.0188 
        D200  8 0.0528 0.2538 0.0302 0.1395 0.0316 0.1326 0.3326 0.0107 0.0163 
        D500  8 0.0163 0.1968 0.0251 0.0324 0.0118 0.5756 0.0190 0.1017 0.0213 
        D614  8 0.0952 0.1658 0.0689 0.1027 0.0201 0.1175 0.1177 0.0502 0.2619 
        D723  8 0.0164 0.6037 0.1280 0.0450 0.0499 0.0770 0.0259 0.0368 0.0173 
        D888  8 0.0230 0.0227 0.0365 0.0294 0.0292 0.0410 0.7883 0.0131 0.0167 
        D901  8 0.0240 0.8539 0.0116 0.0310 0.0132 0.0228 0.0142 0.0138 0.0154 
        D902  8 0.1098 0.1370 0.0225 0.0834 0.0332 0.0437 0.0360 0.0337 0.5007 
        D903  8 0.0551 0.0210 0.6113 0.0798 0.0341 0.0745 0.0265 0.0515 0.0463 
        D904  8 0.2990 0.0243 0.1269 0.0907 0.0555 0.1425 0.0569 0.1718 0.0325 
        D905  8 0.0210 0.0230 0.0138 0.0246 0.0137 0.0654 0.7724 0.0107 0.0555 
        D906  8 0.0721 0.0210 0.0567 0.2302 0.3957 0.0549 0.0922 0.0525 0.0248 
        D937  8 0.0122 0.0556 0.0139 0.0201 0.0160 0.0127 0.0179 0.0158 0.8358 
        D943  8 0.0544 0.0583 0.0486 0.1929 0.0365 0.2211 0.3183 0.0470 0.0230 
        D972  8 0.0112 0.8586 0.0340 0.0187 0.0168 0.0209 0.0142 0.0127 0.0129 
        D973  8 0.0234 0.5421 0.1622 0.0694 0.0341 0.1002 0.0173 0.0304 0.0209 
        D974  8 0.0216 0.2431 0.1012 0.1221 0.0946 0.2099 0.0871 0.0624 0.0580 
        D975  8 0.0599 0.1967 0.0327 0.1996 0.1133 0.0723 0.2704 0.0110 0.0440 
        D976  8 0.0833 0.1530 0.0250 0.2304 0.0630 0.1588 0.1451 0.0385 0.1030 
        D142 10 0.2115 0.0792 0.1448 0.1458 0.2345 0.0371 0.0649 0.0301 0.0522 
        D143 10 0.0368 0.0289 0.0238 0.0556 0.6805 0.0581 0.0186 0.0277 0.0699 
        D144 10 0.3378 0.0295 0.0474 0.1540 0.0595 0.0323 0.0717 0.2158 0.0519 
        D145 10 0.0456 0.0193 0.0234 0.0463 0.0173 0.1854 0.6060 0.0310 0.0258 
        D146 10 0.1323 0.3176 0.0559 0.2026 0.0297 0.0643 0.0130 0.1620 0.0226 
        D147 10 0.1135 0.4638 0.0599 0.2769 0.0277 0.0143 0.0139 0.0119 0.0180 
        D148 10 0.3109 0.0812 0.0677 0.3178 0.1087 0.0216 0.0348 0.0266 0.0305 
        D149 10 0.0362 0.0220 0.0460 0.1591 0.3426 0.0391 0.1826 0.1151 0.0572 
        D151 10 0.0272 0.0884 0.0201 0.5186 0.0795 0.0243 0.1708 0.0186 0.0525 
        D152 10 0.0370 0.0395 0.0170 0.0488 0.6247 0.0198 0.1861 0.0151 0.0120 
        D153 10 0.1464 0.1802 0.0940 0.1255 0.0286 0.1842 0.0434 0.1604 0.0373 
        D156 10 0.7854 0.0152 0.0410 0.0602 0.0195 0.0165 0.0203 0.0273 0.0146 
        D157 10 0.0769 0.0655 0.0321 0.1052 0.0331 0.0770 0.0458 0.3014 0.2630 
        D158 10 0.0403 0.5992 0.0150 0.0678 0.0219 0.0558 0.1359 0.0206 0.0435 
        D159 10 0.0214 0.0153 0.0856 0.0351 0.6593 0.0836 0.0245 0.0465 0.0287 
        D160 10 0.0134 0.0220 0.0096 0.0196 0.0098 0.0119 0.7261 0.0114 0.1763 
        D161 10 0.1153 0.0289 0.3272 0.0799 0.0595 0.0293 0.0370 0.2796 0.0435 
        D162 10 0.8086 0.0115 0.0355 0.0319 0.0280 0.0182 0.0218 0.0272 0.0173 
        D169 10 0.0158 0.0679 0.0338 0.1635 0.0311 0.3160 0.2420 0.0972 0.0329 
        D170 10 0.1005 0.0438 0.0561 0.0510 0.0162 0.5519 0.0206 0.1297 0.0303 
        D171 10 0.8010 0.0276 0.0250 0.0362 0.0122 0.0255 0.0109 0.0416 0.0200 
        D172 10 0.6139 0.1392 0.0321 0.0604 0.0314 0.0694 0.0183 0.0160 0.0193 
        D173 10 0.0271 0.0662 0.0462 0.0412 0.6445 0.0801 0.0688 0.0148 0.0111 
        D181 10 0.5247 0.0478 0.0761 0.0713 0.0533 0.0314 0.0258 0.0297 0.1399 
        D182 10 0.0806 0.0683 0.0912 0.2626 0.1291 0.0435 0.1837 0.0873 0.0536 
        D183 10 0.0180 0.0197 0.0479 0.0363 0.0113 0.1144 0.0771 0.0478 0.6275 
        D184 10 0.0261 0.0179 0.0930 0.0540 0.0155 0.1708 0.0120 0.6013 0.0094 
        D185 10 0.2940 0.0677 0.2338 0.0887 0.0535 0.0415 0.0404 0.1551 0.0252 
        D186 10 0.0144 0.2217 0.0210 0.0489 0.0196 0.5047 0.0747 0.0738 0.0213 
        D194 10 0.0552 0.1537 0.0790 0.2429 0.1716 0.1322 0.0520 0.0637 0.0497 
        D195 10 0.1593 0.0208 0.0629 0.1406 0.1713 0.0446 0.1988 0.1361 0.0656 
        D196 10 0.0632 0.0158 0.1815 0.1381 0.2940 0.0912 0.1205 0.0493 0.0465 
        D197 10 0.0289 0.0523 0.0171 0.0605 0.0785 0.2310 0.0357 0.4423 0.0537 
        D198 10 0.0275 0.0276 0.1413 0.0547 0.0186 0.0240 0.0614 0.6198 0.0251 
     D237226 10 0.0334 0.0555 0.0507 0.1197 0.0694 0.0124 0.4978 0.1433 0.0178 
     D237232 10 0.0255 0.1430 0.0367 0.1516 0.0593 0.0525 0.4201 0.0259 0.0853 
     D237233 10 0.3037 0.1530 0.0202 0.1105 0.1032 0.0477 0.1208 0.0584 0.0825 
     D237234 10 0.6059 0.0441 0.0411 0.0583 0.0203 0.0644 0.0629 0.0278 0.0752 
     D237354 10 0.0149 0.0162 0.0227 0.0199 0.0244 0.0207 0.8519 0.0121 0.0172 
     D237355 10 0.0151 0.0165 0.0200 0.0294 0.0122 0.0150 0.8510 0.0136 0.0273 
     D237356 10 0.0132 0.0103 0.1088 0.0188 0.0098 0.0257 0.0154 0.7560 0.0420 
     D237357 10 0.0770 0.2087 0.0398 0.1630 0.2410 0.1583 0.0369 0.0438 0.0314 
     D237358 10 0.0289 0.0096 0.0304 0.1244 0.1101 0.0341 0.0302 0.6067 0.0256 
     D237369 10 0.0231 0.8203 0.0359 0.0336 0.0193 0.0286 0.0133 0.0153 0.0107 
     D237370 10 0.0863 0.0367 0.0807 0.1356 0.1501 0.0285 0.0568 0.2146 0.2107 
     D237371 10 0.0321 0.0278 0.3074 0.1649 0.0410 0.0523 0.0296 0.3286 0.0163 
     D237372 10 0.0226 0.0148 0.0422 0.2808 0.2627 0.2118 0.0988 0.0327 0.0337 
     D237373 10 0.1986 0.1917 0.0290 0.1877 0.0449 0.0492 0.2007 0.0250 0.0732 
     D237374 10 0.0577 0.0257 0.0280 0.0272 0.0147 0.0438 0.6906 0.0179 0.0943 
     D237375 10 0.0812 0.0708 0.0787 0.1474 0.4036 0.0291 0.0640 0.0805 0.0446 
     D237400 10 0.0561 0.0197 0.0186 0.0499 0.7153 0.0512 0.0430 0.0150 0.0312 
     D244002 10 0.0694 0.0426 0.0359 0.3649 0.0643 0.3682 0.0254 0.0162 0.0130 
     D244003 10 0.0471 0.0524 0.0113 0.0651 0.0363 0.0467 0.2312 0.0155 0.4943 
     D244004 10 0.0202 0.0190 0.0096 0.0160 0.0078 0.0117 0.0188 0.0134 0.8834 
     D244005 10 0.0140 0.0164 0.0152 0.0348 0.0155 0.0657 0.7668 0.0471 0.0245 
     D244020 10 0.2172 0.1256 0.2829 0.0743 0.0300 0.0408 0.0594 0.1068 0.0630 
     D244021 10 0.0297 0.6115 0.0352 0.0795 0.0469 0.1005 0.0235 0.0365 0.0367 
     D244116 10 0.5748 0.0806 0.0460 0.0749 0.0247 0.0964 0.0245 0.0573 0.0208 
     D244117 10 0.0394 0.0152 0.0333 0.0664 0.0371 0.0203 0.0806 0.0199 0.6877 
     D244121 10 0.0465 0.0605 0.0288 0.0451 0.0477 0.0592 0.0369 0.0354 0.6398 
