        D023  2 0.0078 0.0108 0.0121 0.0082 0.8915 0.0081 0.0102 0.0127 0.0176 0.0116 0.0094 
        D130  2 0.0246 0.0831 0.0878 0.0851 0.0785 0.0136 0.1167 0.3632 0.0176 0.1116 0.0181 
        D131  2 0.0182 0.4073 0.0282 0.1293 0.0123 0.0530 0.0526 0.0339 0.0329 0.1902 0.0422 
        D163  2 0.0334 0.0395 0.0141 0.0251 0.2217 0.0591 0.3058 0.1901 0.0231 0.0387 0.0493 
        D164  2 0.0147 0.0145 0.4425 0.0145 0.4463 0.0073 0.0129 0.0097 0.0153 0.0109 0.0113 
        D165  2 0.0117 0.0212 0.0240 0.0146 0.7910 0.0100 0.0180 0.0386 0.0390 0.0134 0.0185 
        D166  2 0.0875 0.2904 0.0229 0.2971 0.0306 0.0154 0.0810 0.0330 0.0672 0.0325 0.0423 
        D167  2 0.0846 0.0250 0.7419 0.0450 0.0108 0.0279 0.0120 0.0086 0.0142 0.0144 0.0157 
        D192  2 0.0217 0.0140 0.8654 0.0127 0.0099 0.0131 0.0097 0.0098 0.0153 0.0090 0.0195 
        D193  2 0.6844 0.0814 0.0127 0.0366 0.0089 0.0200 0.0388 0.0285 0.0169 0.0451 0.0267 
        D206  2 0.0361 0.0618 0.1714 0.0590 0.0769 0.0194 0.1322 0.0304 0.0259 0.3693 0.0177 
        D207  2 0.0474 0.1148 0.3974 0.0890 0.0181 0.0157 0.0885 0.0254 0.0214 0.0432 0.1392 
        D208  2 0.0627 0.0641 0.0511 0.0348 0.0358 0.2259 0.0384 0.1347 0.0548 0.0580 0.2398 
        D209  2 0.0328 0.0724 0.6142 0.0403 0.0489 0.0181 0.0221 0.0246 0.0863 0.0219 0.0183 
        D210  2 0.0540 0.0334 0.0890 0.0182 0.0278 0.4229 0.0852 0.0209 0.0637 0.0291 0.1558 
     D229599  2 0.0719 0.3139 0.0235 0.0280 0.1235 0.0350 0.0290 0.0880 0.0691 0.0791 0.1391 
     D229600  2 0.0484 0.0415 0.4460 0.0915 0.0650 0.0225 0.0753 0.0850 0.0266 0.0522 0.0461 
     D237227  2 0.0381 0.0432 0.0296 0.2291 0.0572 0.4092 0.0151 0.0595 0.0169 0.0302 0.0718 
     D237228  2 0.0327 0.0584 0.0267 0.6894 0.0219 0.0826 0.0189 0.0126 0.0133 0.0127 0.0308 
     D237258  2 0.0518 0.0690 0.1228 0.1317 0.1487 0.0347 0.0363 0.0409 0.1503 0.0909 0.1230 
     D237310  2 0.0115 0.0141 0.0187 0.8453 0.0121 0.0240 0.0192 0.0140 0.0201 0.0093 0.0118 
     D237311  2 0.0129 0.0272 0.0893 0.7683 0.0145 0.0246 0.0180 0.0116 0.0104 0.0122 0.0109 
     D237312  2 0.0446 0.0611 0.0136 0.5566 0.0258 0.0356 0.1191 0.0518 0.0543 0.0209 0.0166 
     D237313  2 0.0643 0.1078 0.0201 0.0257 0.1858 0.0580 0.0376 0.0492 0.0418 0.3810 0.0286 
     D237322  2 0.0542 0.1751 0.0482 0.1298 0.0343 0.0825 0.0382 0.1608 0.0674 0.0415 0.1682 
     D237323  2 0.0224 0.0321 0.0146 0.7713 0.0135 0.0595 0.0125 0.0251 0.0108 0.0112 0.0269 
     D237324  2 0.0274 0.0824 0.3676 0.0473 0.0549 0.0149 0.0559 0.0927 0.0267 0.0346 0.1956 
     D237325  2 0.0525 0.0414 0.0544 0.5623 0.0138 0.0519 0.1299 0.0339 0.0186 0.0202 0.0209 
     D237326  2 0.0391 0.0759 0.0474 0.4371 0.0637 0.0538 0.1060 0.0183 0.0358 0.0834 0.0394 
     D237327  2 0.0314 0.0889 0.0589 0.0200 0.0246 0.0346 0.0359 0.2207 0.0935 0.0480 0.3436 
     D237337  2 0.0186 0.0330 0.0128 0.7240 0.0430 0.0394 0.0244 0.0282 0.0145 0.0488 0.0133 
     D237338  2 0.0226 0.1069 0.0683 0.1947 0.0319 0.1842 0.1393 0.1534 0.0254 0.0255 0.0479 
     D237339  2 0.0924 0.1278 0.3335 0.0157 0.0170 0.0125 0.1046 0.0485 0.1406 0.0570 0.0504 
     D237340  2 0.0292 0.0339 0.0971 0.6265 0.0099 0.0765 0.0233 0.0448 0.0162 0.0169 0.0257 
     D237389  2 0.0306 0.0279 0.0260 0.7425 0.0360 0.0142 0.0688 0.0161 0.0146 0.0104 0.0129 
     D237390  2 0.0282 0.0401 0.0134 0.6776 0.0110 0.0385 0.0898 0.0260 0.0210 0.0251 0.0291 
     D244017  2 0.3058 0.1260 0.2043 0.0708 0.0256 0.1537 0.0118 0.0152 0.0154 0.0474 0.0239 
     D244112  2 0.0859 0.0402 0.6830 0.0387 0.0172 0.0194 0.0393 0.0392 0.0153 0.0100 0.0118 
     D244118  2 0.0529 0.0207 0.7464 0.0195 0.0340 0.0203 0.0139 0.0457 0.0162 0.0108 0.0196 
     D244119  2 0.0319 0.0194 0.2970 0.0303 0.0146 0.5254 0.0129 0.0141 0.0115 0.0262 0.0167 
     D244120  2 0.2184 0.0751 0.1405 0.3312 0.0140 0.0289 0.0624 0.0154 0.0692 0.0110 0.0340 
     D244122  2 0.0797 0.0419 0.6174 0.0226 0.0316 0.0369 0.0363 0.0410 0.0490 0.0209 0.0227 
        D291  2 0.0273 0.0468 0.0333 0.0206 0.0396 0.0124 0.0247 0.0197 0.0111 0.0852 0.6792 
        D292  2 0.1517 0.0725 0.1157 0.0288 0.1240 0.1202 0.0443 0.0226 0.0518 0.1210 0.1475 
        D293  2 0.0172 0.0266 0.6526 0.0117 0.0100 0.0109 0.1155 0.0110 0.0259 0.0683 0.0503 
        D322  2 0.0145 0.0695 0.6536 0.0171 0.0453 0.0145 0.0274 0.0106 0.0748 0.0435 0.0291 
        D323  2 0.1463 0.0848 0.1306 0.0788 0.0226 0.0347 0.0383 0.0299 0.0315 0.3792 0.0233 
        D324  2 0.0235 0.0820 0.0377 0.0573 0.0663 0.0411 0.0916 0.0118 0.0353 0.1113 0.4421 
        D325  2 0.0147 0.0246 0.5116 0.0145 0.0137 0.0116 0.2711 0.0206 0.0289 0.0295 0.0590 
        D326  2 0.0097 0.0217 0.0099 0.0131 0.0120 0.0135 0.0146 0.0166 0.0110 0.8587 0.0192 
        D340  2 0.0122 0.0144 0.8106 0.0162 0.0108 0.0206 0.0264 0.0109 0.0232 0.0225 0.0321 
        D341  2 0.0232 0.0272 0.4306 0.0183 0.0541 0.0585 0.2447 0.0428 0.0191 0.0526 0.0289 
        D342  2 0.0586 0.0756 0.4232 0.0271 0.2013 0.0155 0.0809 0.0236 0.0273 0.0320 0.0350 
        D343  2 0.0073 0.0162 0.8599 0.0096 0.0090 0.0094 0.0323 0.0132 0.0123 0.0137 0.0173 
        D344  2 0.0612 0.3445 0.0353 0.0784 0.0189 0.0113 0.0343 0.0203 0.3300 0.0514 0.0145 
        D345  2 0.0601 0.2659 0.0299 0.0135 0.2024 0.0258 0.0191 0.0196 0.2604 0.0628 0.0404 
        D346  2 0.0252 0.0656 0.0784 0.0854 0.0827 0.4150 0.0460 0.0120 0.0702 0.0663 0.0531 
        D351  2 0.0272 0.2986 0.0386 0.0483 0.0234 0.0159 0.1117 0.0300 0.0479 0.1782 0.1802 
        D352  2 0.0567 0.2657 0.0438 0.0717 0.0162 0.0442 0.0218 0.0347 0.3798 0.0410 0.0245 
        D353  2 0.0217 0.5161 0.0254 0.0310 0.0151 0.0118 0.0226 0.0255 0.1039 0.2072 0.0195 
        D354  2 0.0355 0.2177 0.0150 0.0181 0.0278 0.0214 0.0205 0.0242 0.5568 0.0451 0.0178 
        D362  2 0.0550 0.0258 0.0182 0.0150 0.6375 0.0125 0.0319 0.0183 0.0289 0.1340 0.0230 
        D363  2 0.0316 0.0419 0.0180 0.0191 0.6346 0.0183 0.0203 0.0142 0.0364 0.1403 0.0253 
        D364  2 0.0462 0.2558 0.0216 0.0161 0.1408 0.0158 0.0201 0.0264 0.3586 0.0860 0.0126 
        D365  2 0.0089 0.0166 0.8332 0.0242 0.0098 0.0280 0.0138 0.0111 0.0153 0.0277 0.0114 
        D369  2 0.0532 0.0860 0.1250 0.2869 0.0612 0.1365 0.0824 0.0187 0.0216 0.0755 0.0530 
        D374  2 0.7665 0.0741 0.0125 0.0203 0.0109 0.0356 0.0108 0.0196 0.0203 0.0162 0.0132 
        D375  2 0.0376 0.3448 0.0151 0.0551 0.0175 0.0138 0.0188 0.0220 0.4359 0.0283 0.0110 
        D376  2 0.5996 0.0948 0.0359 0.0199 0.0319 0.0787 0.0209 0.0400 0.0406 0.0178 0.0199 
        D377  2 0.0274 0.1422 0.0410 0.2956 0.1229 0.0745 0.0564 0.0313 0.0795 0.0932 0.0360 
        D378  2 0.0179 0.1188 0.3064 0.0136 0.1091 0.0176 0.0298 0.0246 0.1740 0.1461 0.0420 
        D379  2 0.0270 0.0423 0.0204 0.0157 0.0210 0.0241 0.0352 0.0222 0.0201 0.7585 0.0135 
        D384  2 0.0135 0.0228 0.0115 0.0119 0.0249 0.0342 0.0194 0.0117 0.0136 0.8194 0.0171 
        D385  2 0.0150 0.0391 0.7139 0.0326 0.0208 0.0256 0.0157 0.0273 0.0756 0.0188 0.0156 
        D386  2 0.0163 0.1341 0.0515 0.0116 0.0559 0.0139 0.0258 0.0325 0.5247 0.1165 0.0172 
        D391  2 0.0116 0.0243 0.7709 0.0265 0.0215 0.0141 0.0200 0.0211 0.0370 0.0388 0.0142 
        D392  2 0.0264 0.0715 0.6059 0.0853 0.0440 0.0323 0.0130 0.0159 0.0172 0.0642 0.0243 
        D393  2 0.0146 0.0282 0.0692 0.0192 0.0354 0.0222 0.0361 0.0251 0.4608 0.1843 0.1050 
        D394  2 0.2497 0.1506 0.0618 0.0646 0.0596 0.0324 0.0940 0.0681 0.1331 0.0444 0.0417 
        D395  2 0.0191 0.1122 0.5012 0.0688 0.0098 0.0231 0.0145 0.0454 0.1500 0.0250 0.0309 
        D401  2 0.0098 0.0156 0.0169 0.8259 0.0461 0.0267 0.0130 0.0133 0.0079 0.0109 0.0140 
        D402  2 0.0214 0.0277 0.6838 0.0178 0.0152 0.0242 0.0186 0.0147 0.1129 0.0252 0.0386 
        D403  2 0.0756 0.1049 0.0276 0.0138 0.1215 0.0152 0.0517 0.0562 0.3112 0.1971 0.0252 
        D415  2 0.0147 0.4756 0.0220 0.1181 0.0349 0.0105 0.0728 0.0316 0.0502 0.1554 0.0143 
        D435  2 0.0237 0.0914 0.2460 0.0172 0.1311 0.0123 0.1570 0.0321 0.1366 0.0907 0.0618 
        D436  2 0.0797 0.1285 0.0249 0.0349 0.0142 0.0442 0.4195 0.1038 0.0696 0.0635 0.0173 
        D438  2 0.0139 0.0139 0.8482 0.0137 0.0223 0.0190 0.0184 0.0140 0.0114 0.0127 0.0125 
        D439  2 0.0186 0.3755 0.0400 0.0096 0.0433 0.0147 0.0181 0.0722 0.3184 0.0639 0.0256 
        D449  2 0.0174 0.0471 0.3325 0.0188 0.0483 0.0214 0.4405 0.0094 0.0297 0.0199 0.0149 
        D450  2 0.1239 0.2186 0.0169 0.0464 0.1873 0.0307 0.0788 0.0777 0.0928 0.0674 0.0596 
        D456  2 0.0126 0.1013 0.0106 0.0136 0.0105 0.0147 0.0371 0.0143 0.0231 0.7320 0.0301 
        D462  2 0.0107 0.0256 0.7806 0.0166 0.0114 0.0123 0.0194 0.0358 0.0384 0.0347 0.0146 
        D463  2 0.0144 0.0181 0.0083 0.0128 0.0097 0.0190 0.0117 0.0120 0.0168 0.8684 0.0087 
        D464  2 0.0433 0.3406 0.1070 0.0865 0.0174 0.0371 0.0327 0.0341 0.1668 0.1202 0.0145 
        D465  2 0.0133 0.0542 0.3281 0.3754 0.0248 0.0207 0.0852 0.0132 0.0191 0.0479 0.0181 
        D473  2 0.0189 0.0780 0.0347 0.1298 0.0578 0.4317 0.0217 0.0588 0.1189 0.0213 0.0284 
        D474  2 0.0265 0.0319 0.0276 0.0134 0.5882 0.0357 0.0366 0.0151 0.0606 0.0845 0.0801 
        D476  2 0.0159 0.0598 0.1091 0.0145 0.0243 0.0146 0.0166 0.4911 0.1859 0.0431 0.0251 
        D477  2 0.0215 0.1041 0.0159 0.0304 0.0574 0.0299 0.0177 0.0227 0.5765 0.0871 0.0368 
        D478  2 0.1333 0.3752 0.0469 0.0496 0.0598 0.0465 0.0406 0.0217 0.0403 0.1086 0.0775 
        D480  2 0.0275 0.0359 0.1016 0.0276 0.0313 0.0769 0.0731 0.0252 0.3069 0.2309 0.0631 
        D481  2 0.0907 0.1428 0.0353 0.0245 0.1436 0.0713 0.0159 0.0286 0.1948 0.2067 0.0459 
        D482  2 0.0463 0.1541 0.0277 0.0642 0.0357 0.1688 0.0357 0.0895 0.2035 0.0338 0.1406 
        D483  2 0.0236 0.0189 0.8085 0.0169 0.0115 0.0525 0.0106 0.0139 0.0107 0.0152 0.0178 
        D484  2 0.0255 0.0694 0.0304 0.0294 0.0085 0.0323 0.0147 0.0269 0.7258 0.0137 0.0235 
        D510  2 0.6399 0.0370 0.0170 0.0184 0.0108 0.0598 0.0566 0.0186 0.0202 0.0183 0.1033 
        D511  2 0.0228 0.0518 0.1056 0.0236 0.0405 0.0195 0.0240 0.0248 0.5747 0.0824 0.0302 
        D512  2 0.0095 0.0220 0.0290 0.8467 0.0177 0.0078 0.0095 0.0148 0.0139 0.0145 0.0146 
        D513  2 0.0206 0.0654 0.2773 0.0481 0.0407 0.0705 0.2089 0.0174 0.0262 0.1618 0.0631 
        D635  2 0.0124 0.0253 0.0262 0.0121 0.8189 0.0129 0.0163 0.0110 0.0182 0.0259 0.0208 
        D636  2 0.0093 0.0124 0.0148 0.0081 0.8979 0.0073 0.0086 0.0142 0.0090 0.0111 0.0072 
        D637  2 0.0414 0.0932 0.1228 0.0635 0.0582 0.0643 0.2282 0.0378 0.2126 0.0386 0.0393 
        D658  2 0.0301 0.0408 0.4610 0.1341 0.0242 0.0869 0.0286 0.0890 0.0659 0.0205 0.0189 
        D659  2 0.0917 0.0606 0.0179 0.0146 0.0469 0.0313 0.4659 0.0408 0.0576 0.0646 0.1081 
        D677  2 0.0596 0.0396 0.0450 0.0962 0.0577 0.0223 0.2018 0.0612 0.0230 0.3515 0.0421 
        D678  2 0.0476 0.0553 0.7093 0.0515 0.0331 0.0128 0.0176 0.0197 0.0218 0.0142 0.0170 
        D679  2 0.0242 0.0620 0.0209 0.0217 0.0443 0.0609 0.0385 0.0246 0.0851 0.5801 0.0378 
        D719  2 0.0733 0.0570 0.1193 0.0517 0.0271 0.2942 0.0485 0.0264 0.0218 0.2096 0.0711 
        D720  2 0.0212 0.0288 0.0264 0.0146 0.0206 0.0399 0.0378 0.0149 0.0121 0.7619 0.0218 
        D721  2 0.0113 0.0292 0.0587 0.0089 0.7555 0.0153 0.0156 0.0346 0.0296 0.0143 0.0271 
        D722  2 0.6880 0.0656 0.0436 0.0368 0.0153 0.0341 0.0222 0.0196 0.0250 0.0248 0.0250 
        D734  2 0.0382 0.0816 0.1275 0.0465 0.0152 0.2715 0.0656 0.0305 0.2381 0.0449 0.0404 
        D735  2 0.0342 0.1032 0.0863 0.0143 0.2799 0.0437 0.0240 0.0449 0.1352 0.2028 0.0315 
        D736  2 0.0532 0.0675 0.0419 0.0538 0.0548 0.1839 0.1552 0.0229 0.0651 0.0379 0.2641 
        D737  2 0.0624 0.0511 0.5681 0.0523 0.0185 0.0491 0.0168 0.0758 0.0331 0.0150 0.0578 
        D807  2 0.0806 0.0733 0.0527 0.0669 0.0811 0.1347 0.1751 0.0316 0.1513 0.0531 0.0995 
        D808  2 0.0196 0.3164 0.1327 0.3033 0.0302 0.0225 0.0269 0.0364 0.0202 0.0504 0.0414 
        D817  2 0.0449 0.1015 0.0180 0.1003 0.0522 0.0181 0.0438 0.0232 0.0311 0.5466 0.0205 
        D818  2 0.0233 0.2490 0.1155 0.0424 0.0454 0.0232 0.1642 0.0667 0.0702 0.0742 0.1260 
        D819  2 0.0223 0.1474 0.0300 0.4836 0.0822 0.0298 0.0196 0.0202 0.0467 0.0854 0.0328 
        D820  2 0.0599 0.0489 0.0492 0.0142 0.0146 0.0129 0.5136 0.0166 0.0377 0.1821 0.0503 
        D895  2 0.1320 0.0965 0.0373 0.0223 0.2184 0.0249 0.2337 0.0411 0.0822 0.0740 0.0378 
        D896  2 0.0119 0.0221 0.0116 0.8361 0.0462 0.0189 0.0153 0.0089 0.0088 0.0104 0.0098 
        D897  2 0.0452 0.0743 0.4138 0.0391 0.0554 0.0291 0.1925 0.0270 0.0433 0.0308 0.0496 
        D898  2 0.0943 0.3083 0.0181 0.1660 0.0539 0.0276 0.0206 0.0349 0.0355 0.0848 0.1560 
        D918  2 0.0326 0.1195 0.0480 0.1633 0.0353 0.1628 0.1617 0.0666 0.1208 0.0509 0.0386 
        D919  2 0.0829 0.2371 0.0983 0.0158 0.0222 0.0146 0.0349 0.0374 0.2118 0.1775 0.0676 
        D920  2 0.0744 0.0427 0.0487 0.0382 0.0783 0.0464 0.0698 0.5277 0.0239 0.0321 0.0179 
        D923  2 0.0222 0.2811 0.0346 0.0175 0.0413 0.0168 0.0427 0.0211 0.1682 0.3302 0.0243 
        D930  2 0.0330 0.1352 0.0299 0.0343 0.0856 0.0719 0.0592 0.0251 0.1347 0.3555 0.0356 
        D931  2 0.0297 0.0850 0.1460 0.1241 0.0626 0.0380 0.0363 0.0398 0.3496 0.0565 0.0326 
        D968  2 0.0238 0.0361 0.7357 0.0222 0.0102 0.0133 0.0248 0.0132 0.0169 0.0244 0.0796 
        D969  2 0.0933 0.0995 0.0889 0.0474 0.0824 0.0474 0.0531 0.0373 0.0998 0.2027 0.1482 
        D977  2 0.0208 0.0524 0.5260 0.0210 0.0315 0.0201 0.1880 0.0523 0.0243 0.0279 0.0356 
        D978  2 0.0534 0.1864 0.1389 0.0196 0.0233 0.0314 0.0260 0.0534 0.0370 0.2013 0.2293 
        D009  4 0.0557 0.0626 0.0158 0.0289 0.0304 0.0198 0.0423 0.6602 0.0192 0.0485 0.0166 
        D057  4 0.0217 0.0187 0.0419 0.0091 0.0093 0.0131 0.0139 0.8162 0.0218 0.0152 0.0190 
        D109  4 0.0491 0.1899 0.0180 0.2335 0.2289 0.0404 0.0466 0.0743 0.0647 0.0278 0.0269 
     D237222  4 0.2842 0.0212 0.0492 0.0133 0.0284 0.0376 0.0361 0.4671 0.0201 0.0256 0.0171 
     D237223  4 0.0264 0.0237 0.0456 0.0411 0.0108 0.0400 0.7263 0.0216 0.0249 0.0118 0.0279 
     D237224  4 0.0465 0.1691 0.0789 0.0240 0.0872 0.0407 0.0313 0.0568 0.1925 0.1649 0.1082 
     D237225  4 0.0652 0.1172 0.0266 0.0164 0.0947 0.0465 0.2196 0.2403 0.0280 0.1002 0.0454 
     D237299  4 0.0227 0.2443 0.0149 0.2746 0.0184 0.0691 0.2317 0.0235 0.0236 0.0248 0.0524 
     D237300  4 0.0454 0.0574 0.0384 0.0397 0.0421 0.0267 0.0352 0.0302 0.0245 0.0188 0.6416 
     D237306  4 0.1507 0.0370 0.0174 0.1168 0.0190 0.1223 0.4604 0.0138 0.0312 0.0169 0.0144 
     D237307  4 0.0996 0.0282 0.0232 0.0294 0.0336 0.1179 0.0359 0.0931 0.0190 0.4837 0.0364 
     D237308  4 0.0754 0.0385 0.4278 0.0256 0.0440 0.0753 0.0426 0.0644 0.1168 0.0596 0.0298 
     D237309  4 0.1283 0.1845 0.0269 0.0289 0.1250 0.0201 0.0414 0.2831 0.0462 0.0488 0.0667 
     D237317  4 0.2581 0.0902 0.0203 0.0177 0.1373 0.0780 0.0356 0.0419 0.0214 0.2270 0.0726 
     D237318  4 0.0368 0.0304 0.0462 0.0457 0.0131 0.0173 0.0215 0.0155 0.0145 0.0302 0.7288 
     D237319  4 0.0810 0.1520 0.0380 0.3632 0.0285 0.0314 0.0834 0.0421 0.0253 0.1242 0.0310 
     D237320  4 0.0180 0.0251 0.0342 0.0652 0.0163 0.0173 0.7030 0.0208 0.0156 0.0269 0.0576 
     D237321  4 0.0289 0.1030 0.0550 0.0689 0.0588 0.0770 0.0287 0.0289 0.0222 0.0572 0.4713 
     D237397  4 0.2429 0.0169 0.0248 0.0191 0.0216 0.0368 0.4386 0.0844 0.0133 0.0381 0.0635 
     D237398  4 0.0123 0.0388 0.0419 0.0249 0.0159 0.0158 0.0438 0.0140 0.0895 0.1047 0.5984 
     D237399  4 0.0393 0.1180 0.0273 0.0640 0.0315 0.1932 0.1315 0.0638 0.0259 0.0795 0.2260 
     D244001  4 0.2847 0.0321 0.0494 0.0106 0.0252 0.0141 0.0378 0.4882 0.0205 0.0209 0.0165 
        D289  4 0.0960 0.0881 0.0688 0.0354 0.0230 0.1846 0.1649 0.0661 0.1155 0.0646 0.0930 
        D290  4 0.2004 0.1714 0.0303 0.1567 0.0136 0.0261 0.0296 0.1272 0.0289 0.1030 0.1129 
        D294  4 0.0514 0.1705 0.0384 0.0232 0.0169 0.0379 0.0231 0.2090 0.2612 0.0945 0.0738 
        D295  4 0.0482 0.1049 0.0259 0.1424 0.0445 0.0423 0.2611 0.1529 0.0458 0.0938 0.0382 
        D301  4 0.1183 0.0453 0.0284 0.0713 0.0750 0.0769 0.0384 0.4232 0.0220 0.0534 0.0478 
        D302  4 0.0180 0.0276 0.0112 0.0116 0.0276 0.0115 0.0217 0.0360 0.7739 0.0466 0.0143 
        D303  4 0.0424 0.0350 0.0299 0.0991 0.0254 0.6016 0.0364 0.0376 0.0586 0.0185 0.0155 
        D304  4 0.1365 0.0895 0.0197 0.0397 0.0246 0.0463 0.0227 0.0801 0.0263 0.1982 0.3163 
        D305  4 0.1302 0.3328 0.1045 0.0160 0.0375 0.0144 0.0539 0.1220 0.1224 0.0270 0.0394 
        D306  4 0.2260 0.3768 0.0296 0.1701 0.0249 0.0266 0.0278 0.0268 0.0174 0.0353 0.0387 
        D307  4 0.0172 0.0121 0.0132 0.0161 0.0251 0.0509 0.0104 0.8001 0.0195 0.0135 0.0218 
        D327  4 0.0407 0.0921 0.0373 0.0223 0.0302 0.0283 0.0780 0.0315 0.0211 0.5777 0.0408 
        D328  4 0.0742 0.0797 0.0177 0.2740 0.0145 0.1201 0.0704 0.1053 0.1915 0.0288 0.0238 
        D329  4 0.0518 0.1393 0.1088 0.0216 0.0291 0.0617 0.0243 0.2958 0.2015 0.0293 0.0370 
        D330  4 0.0282 0.2477 0.0317 0.0848 0.0275 0.0176 0.4114 0.0332 0.0438 0.0555 0.0188 
        D331  4 0.1062 0.0957 0.0221 0.0651 0.0347 0.0619 0.0170 0.0482 0.0323 0.2924 0.2245 
        D333  4 0.3109 0.0332 0.0320 0.0208 0.0507 0.0302 0.0857 0.3043 0.0593 0.0266 0.0464 
        D334  4 0.0341 0.0327 0.0183 0.0268 0.0184 0.4660 0.0188 0.2654 0.0439 0.0357 0.0398 
        D335  4 0.1251 0.0333 0.0322 0.0177 0.0188 0.0203 0.0289 0.0496 0.2396 0.4093 0.0252 
        D370  4 0.4764 0.1084 0.0342 0.0753 0.0643 0.0380 0.0204 0.0379 0.0794 0.0360 0.0296 
        D371  4 0.1475 0.0339 0.0247 0.1071 0.0219 0.3206 0.0493 0.0162 0.0726 0.1813 0.0250 
        D372  4 0.0993 0.0599 0.0312 0.0319 0.0164 0.0447 0.0160 0.0279 0.0177 0.0202 0.6349 
        D373  4 0.0205 0.0376 0.0280 0.0117 0.1164 0.0210 0.0128 0.6547 0.0338 0.0341 0.0295 
        D455  4 0.0119 0.0193 0.0132 0.0080 0.0212 0.0179 0.0120 0.8432 0.0197 0.0148 0.0189 
        D490  4 0.0109 0.0108 0.0073 0.0157 0.0138 0.0137 0.0198 0.8734 0.0125 0.0122 0.0100 
        D497  4 0.0151 0.0285 0.0133 0.0390 0.0205 0.0139 0.0291 0.7776 0.0273 0.0152 0.0204 
        D498  4 0.2087 0.0695 0.0310 0.1643 0.0211 0.1107 0.0268 0.0466 0.0237 0.1646 0.1331 
        D499  4 0.0205 0.0937 0.1089 0.4916 0.0222 0.0772 0.0368 0.0167 0.0664 0.0424 0.0235 
        D514  4 0.0770 0.2690 0.0194 0.1178 0.0539 0.0101 0.0548 0.0545 0.1825 0.0590 0.1020 
        D515  4 0.0167 0.0281 0.0229 0.1065 0.0114 0.0177 0.7234 0.0121 0.0282 0.0186 0.0143 
        D516  4 0.2567 0.0520 0.0647 0.0634 0.0787 0.0278 0.1930 0.0844 0.0189 0.1258 0.0347 
        D517  4 0.0595 0.1243 0.0162 0.0219 0.0633 0.0191 0.0336 0.5358 0.0157 0.0264 0.0843 
        D518  4 0.0828 0.0190 0.0472 0.0110 0.0187 0.0203 0.0236 0.6981 0.0317 0.0341 0.0134 
        D519  4 0.0102 0.0158 0.0149 0.0241 0.0141 0.0136 0.8432 0.0122 0.0141 0.0160 0.0219 
        D560  4 0.0298 0.0364 0.0377 0.0235 0.0183 0.0131 0.6488 0.0373 0.0390 0.0865 0.0296 
        D561  4 0.0206 0.5672 0.0551 0.0751 0.0215 0.0128 0.0628 0.0690 0.0307 0.0587 0.0266 
        D562  4 0.1992 0.1899 0.0438 0.0544 0.0315 0.0357 0.0316 0.1145 0.0624 0.1377 0.0994 
        D563  4 0.0238 0.1035 0.4547 0.0988 0.0314 0.0171 0.0217 0.0314 0.1532 0.0391 0.0254 
        D572  4 0.0533 0.1289 0.0479 0.0267 0.0162 0.0340 0.0294 0.3913 0.1876 0.0594 0.0251 
        D629  4 0.0211 0.0968 0.0202 0.0247 0.1635 0.0177 0.0553 0.0478 0.2492 0.2105 0.0932 
        D630  4 0.0563 0.1231 0.0275 0.1076 0.0236 0.0722 0.2090 0.1614 0.0665 0.0635 0.0892 
        D631  4 0.0312 0.0492 0.0959 0.0366 0.0136 0.0232 0.0322 0.5962 0.0746 0.0242 0.0231 
        D632  4 0.0166 0.0466 0.1665 0.0349 0.2569 0.0159 0.0165 0.0585 0.3446 0.0294 0.0135 
        D646  4 0.0446 0.0152 0.0195 0.0154 0.0103 0.0125 0.8146 0.0179 0.0137 0.0184 0.0179 
        D647  4 0.0624 0.1476 0.0624 0.0483 0.0128 0.0108 0.2552 0.1002 0.0355 0.2263 0.0386 
        D648  4 0.2188 0.0725 0.0290 0.1635 0.0173 0.0526 0.0300 0.0881 0.2874 0.0278 0.0130 
        D649  4 0.0215 0.1031 0.0174 0.0813 0.0990 0.0204 0.0252 0.0656 0.4874 0.0556 0.0235 
        D650  4 0.0261 0.0548 0.0193 0.0670 0.0540 0.0563 0.1090 0.1192 0.0455 0.4172 0.0315 
        D708  4 0.2544 0.1506 0.0225 0.0455 0.0451 0.0703 0.0944 0.0691 0.1261 0.0806 0.0414 
        D709  4 0.1180 0.1958 0.0270 0.4201 0.0212 0.0254 0.0341 0.0261 0.0251 0.0877 0.0195 
        D738  4 0.2430 0.0256 0.0149 0.0362 0.0242 0.2377 0.2860 0.0475 0.0186 0.0358 0.0305 
        D739  4 0.0787 0.0596 0.0294 0.0630 0.0179 0.0246 0.0408 0.5395 0.0240 0.0512 0.0713 
        D740  4 0.0731 0.2170 0.0452 0.0327 0.1105 0.1937 0.0382 0.1413 0.0488 0.0484 0.0511 
        D741  4 0.0129 0.0182 0.0219 0.0331 0.0079 0.0076 0.8434 0.0112 0.0113 0.0166 0.0159 
        D742  4 0.0432 0.0870 0.1594 0.1082 0.0371 0.0592 0.2006 0.1524 0.0334 0.0521 0.0676 
        D743  4 0.0298 0.1208 0.1073 0.0433 0.0189 0.0349 0.0995 0.0496 0.1784 0.2709 0.0466 
        D744  4 0.0121 0.0481 0.0332 0.0229 0.0170 0.0212 0.0330 0.0137 0.7437 0.0296 0.0254 
        D745  4 0.0137 0.0182 0.0159 0.0468 0.0160 0.0206 0.7731 0.0265 0.0254 0.0168 0.0270 
        D814  4 0.0716 0.0482 0.1247 0.0222 0.0196 0.0142 0.4992 0.0509 0.0679 0.0340 0.0474 
        D815  4 0.1029 0.2360 0.0365 0.0411 0.0218 0.0270 0.0505 0.0371 0.3062 0.0891 0.0519 
        D828  4 0.4433 0.0906 0.0337 0.1033 0.0164 0.0747 0.0325 0.0311 0.0998 0.0246 0.0501 
        D845  4 0.0188 0.0194 0.0169 0.0117 0.0131 0.0334 0.0445 0.0159 0.0142 0.0234 0.7886 
        D846  4 0.0249 0.0936 0.1237 0.0163 0.0281 0.0115 0.0292 0.3964 0.0601 0.1822 0.0339 
        D847  4 0.0238 0.1834 0.0234 0.0530 0.0419 0.0535 0.0483 0.3407 0.0223 0.0884 0.1213 
        D848  4 0.0226 0.0257 0.0450 0.0135 0.0744 0.0168 0.0076 0.6289 0.0210 0.0131 0.1314 
        D849  4 0.0348 0.0583 0.0355 0.0418 0.0349 0.0165 0.3023 0.3922 0.0211 0.0385 0.0241 
        D850  4 0.0389 0.1327 0.0284 0.0313 0.0565 0.0415 0.2538 0.0335 0.0651 0.0968 0.2216 
        D856  4 0.0510 0.5377 0.0198 0.1460 0.0315 0.0310 0.0202 0.0374 0.0307 0.0652 0.0295 
        D857  4 0.2078 0.0532 0.0649 0.2783 0.2222 0.0424 0.0254 0.0478 0.0280 0.0134 0.0165 
        D859  4 0.0889 0.2423 0.0367 0.0321 0.0237 0.0201 0.1924 0.1663 0.0958 0.0426 0.0591 
        D860  4 0.1616 0.0589 0.0586 0.0158 0.0181 0.2638 0.0194 0.0207 0.0320 0.1551 0.1960 
        D883  4 0.1619 0.0500 0.0158 0.0671 0.0476 0.0295 0.1260 0.3225 0.0739 0.0480 0.0577 
        D884  4 0.0412 0.0177 0.0101 0.0641 0.0172 0.0241 0.7461 0.0261 0.0243 0.0152 0.0138 
        D885  4 0.0209 0.0691 0.0473 0.0523 0.0553 0.0283 0.2502 0.2130 0.0306 0.1672 0.0659 
        D886  4 0.1384 0.1019 0.0766 0.0615 0.0492 0.0234 0.0463 0.1862 0.0494 0.2067 0.0605 
        D887  4 0.0476 0.1247 0.0465 0.0715 0.2072 0.0341 0.0624 0.0424 0.2018 0.0333 0.1284 
        D889  4 0.0693 0.0614 0.0092 0.0265 0.0146 0.0173 0.0422 0.0236 0.0525 0.0419 0.6413 
        D890  4 0.0868 0.1394 0.0481 0.1052 0.2287 0.0845 0.0214 0.0484 0.1430 0.0604 0.0341 
        D891  4 0.0102 0.0125 0.0088 0.0088 0.0083 0.0077 0.0113 0.0071 0.0099 0.0124 0.9031 
        D899  4 0.1022 0.0610 0.3768 0.0605 0.0226 0.0820 0.0478 0.0597 0.0526 0.0323 0.1026 
        D900  4 0.0804 0.2113 0.0602 0.0823 0.0333 0.0412 0.0615 0.1848 0.0834 0.0977 0.0638 
        D970  4 0.0263 0.1157 0.0403 0.0145 0.0191 0.0303 0.0157 0.4591 0.0677 0.1344 0.0768 
        D971  4 0.0521 0.0552 0.4248 0.0500 0.0266 0.0322 0.0152 0.0437 0.0890 0.1903 0.0208 
        D979  4 0.0599 0.0252 0.0137 0.0119 0.0150 0.0145 0.0172 0.0392 0.0447 0.7449 0.0140 
        D093  5 0.0456 0.0290 0.0162 0.0219 0.0268 0.7011 0.0403 0.0557 0.0172 0.0223 0.0238 
        D154  5 0.1428 0.1226 0.0934 0.0619 0.0431 0.0280 0.2685 0.0520 0.0363 0.0508 0.1005 
        D168  5 0.0641 0.0616 0.1584 0.1351 0.0743 0.0170 0.2319 0.0571 0.0388 0.0814 0.0803 
        D189  5 0.2538 0.0470 0.0383 0.0484 0.0191 0.2240 0.0619 0.0713 0.0269 0.0466 0.1628 
        D190  5 0.0893 0.0270 0.0234 0.0242 0.0221 0.6019 0.0357 0.0233 0.0394 0.0941 0.0197 
     D237220  5 0.0267 0.0509 0.0130 0.0298 0.0158 0.1317 0.0458 0.4535 0.0332 0.0697 0.1299 
     D237221  5 0.0522 0.0810 0.0641 0.0383 0.0422 0.2712 0.0487 0.0736 0.0210 0.1670 0.1405 
     D237274  5 0.0323 0.3551 0.0497 0.0389 0.0246 0.0116 0.1695 0.0148 0.0999 0.1833 0.0203 
     D237275  5 0.1548 0.0786 0.3842 0.1045 0.0186 0.0390 0.0202 0.0385 0.0154 0.0316 0.1146 
     D237276  5 0.1247 0.0406 0.0300 0.0412 0.0633 0.1682 0.3376 0.0760 0.0349 0.0561 0.0274 
     D237277  5 0.0193 0.0277 0.0267 0.0198 0.0335 0.7381 0.0213 0.0144 0.0298 0.0321 0.0373 
     D237278  5 0.1347 0.0859 0.2792 0.1038 0.0757 0.1061 0.0194 0.0763 0.0716 0.0237 0.0234 
     D237279  5 0.0111 0.1595 0.0258 0.1621 0.3434 0.0202 0.0276 0.0338 0.1244 0.0287 0.0633 
     D237280  5 0.0460 0.0329 0.0124 0.0104 0.7129 0.0293 0.0149 0.0575 0.0377 0.0297 0.0163 
     D237281  5 0.0859 0.0548 0.2111 0.0196 0.0175 0.0226 0.1715 0.0180 0.0362 0.0307 0.3321 
     D237351  5 0.0175 0.0210 0.0093 0.0210 0.7975 0.0401 0.0216 0.0251 0.0136 0.0179 0.0153 
     D237352  5 0.0934 0.0382 0.0834 0.0269 0.0981 0.0322 0.0449 0.2909 0.1116 0.1543 0.0262 
     D237353  5 0.0463 0.0210 0.0167 0.0275 0.0337 0.7110 0.0144 0.0109 0.0292 0.0584 0.0309 
     D237359  5 0.0323 0.0553 0.0164 0.0190 0.0228 0.0868 0.0469 0.4345 0.0320 0.0916 0.1623 
     D237361  5 0.0603 0.0346 0.0209 0.0164 0.0484 0.6908 0.0240 0.0139 0.0177 0.0229 0.0502 
     D237362  5 0.0560 0.0351 0.0296 0.0653 0.2000 0.0524 0.0833 0.0342 0.0401 0.3799 0.0240 
     D237363  5 0.0920 0.2566 0.0655 0.1079 0.0277 0.0439 0.0768 0.0208 0.0194 0.2395 0.0499 
     D237364  5 0.0241 0.1055 0.0879 0.1016 0.0327 0.0132 0.0544 0.3777 0.0530 0.1074 0.0424 
     D237376  5 0.0906 0.0332 0.0253 0.4864 0.0098 0.0538 0.0135 0.0243 0.2333 0.0099 0.0198 
     D237377  5 0.0312 0.0302 0.0392 0.0511 0.5224 0.0910 0.0134 0.0309 0.0311 0.1411 0.0185 
     D237378  5 0.1101 0.0587 0.0332 0.0587 0.0121 0.4087 0.0264 0.2023 0.0320 0.0150 0.0429 
     D237379  5 0.0777 0.0695 0.0293 0.2953 0.0098 0.1594 0.0464 0.0751 0.1225 0.0782 0.0368 
     D237380  5 0.2630 0.1110 0.0120 0.0553 0.1909 0.0546 0.0163 0.0493 0.2131 0.0206 0.0138 
     D237381  5 0.3417 0.0509 0.0568 0.0494 0.1194 0.0386 0.0620 0.1324 0.0488 0.0519 0.0481 
     D237391  5 0.0093 0.0128 0.0115 0.0111 0.0198 0.8456 0.0200 0.0124 0.0123 0.0215 0.0238 
     D237392  5 0.0333 0.2090 0.1887 0.1163 0.0481 0.0167 0.1235 0.0110 0.0768 0.1492 0.0274 
     D237393  5 0.3887 0.0477 0.0350 0.0127 0.2553 0.0655 0.0399 0.0276 0.0569 0.0348 0.0360 
     D237394  5 0.0153 0.0140 0.0098 0.0152 0.0180 0.8196 0.0138 0.0157 0.0241 0.0396 0.0149 
     D237395  5 0.0406 0.1091 0.0508 0.0575 0.1122 0.3899 0.0687 0.0417 0.0218 0.0360 0.0716 
     D237396  5 0.0275 0.0452 0.0816 0.0236 0.4304 0.1123 0.0434 0.0250 0.0439 0.1012 0.0660 
     D244016  5 0.0646 0.0844 0.0398 0.0795 0.0245 0.2009 0.0171 0.0179 0.3258 0.0937 0.0518 
     D244018  5 0.0523 0.0349 0.2206 0.0245 0.0237 0.1517 0.0752 0.2716 0.0106 0.0539 0.0810 
     D244019  5 0.0891 0.0636 0.0703 0.0354 0.0258 0.0329 0.0342 0.0156 0.0353 0.5618 0.0361 
        D279  5 0.0415 0.0644 0.0274 0.0204 0.0721 0.1065 0.1802 0.2465 0.0369 0.1013 0.1028 
        D280  5 0.0925 0.2191 0.0210 0.0200 0.1429 0.0656 0.0239 0.0492 0.0464 0.0678 0.2517 
        D281  5 0.0674 0.0616 0.1105 0.0174 0.0142 0.0373 0.0505 0.0259 0.0255 0.0279 0.5617 
        D283  5 0.1657 0.0990 0.0215 0.0191 0.0434 0.1227 0.1033 0.0425 0.0312 0.1746 0.1769 
        D284  5 0.0403 0.1640 0.0349 0.2881 0.0304 0.0316 0.0940 0.1015 0.0531 0.0974 0.0647 
        D285  5 0.0458 0.0947 0.0111 0.0183 0.0247 0.2812 0.0349 0.0533 0.0480 0.0493 0.3387 
        D286  5 0.0674 0.1135 0.0226 0.0402 0.0310 0.3343 0.0476 0.1134 0.0940 0.0905 0.0456 
        D287  5 0.0303 0.0576 0.0171 0.5508 0.0161 0.0914 0.0160 0.0240 0.1599 0.0203 0.0164 
        D288  5 0.1180 0.1074 0.0158 0.0256 0.0318 0.0259 0.0284 0.0158 0.0189 0.3246 0.2878 
        D308  5 0.0147 0.0762 0.0234 0.0457 0.6290 0.0334 0.0556 0.0108 0.0333 0.0596 0.0183 
        D309  5 0.0136 0.0150 0.0101 0.0121 0.0136 0.0155 0.0112 0.0198 0.8630 0.0141 0.0120 
        D310  5 0.4993 0.0309 0.0079 0.0141 0.0195 0.3004 0.0208 0.0220 0.0161 0.0262 0.0428 
        D311  5 0.1272 0.0830 0.0222 0.0319 0.0314 0.0505 0.0738 0.0673 0.0201 0.4690 0.0235 
        D312  5 0.1081 0.1503 0.0510 0.0366 0.2015 0.0444 0.0666 0.0486 0.1973 0.0350 0.0606 
        D313  5 0.0827 0.0293 0.0109 0.0543 0.6627 0.0209 0.0160 0.0893 0.0081 0.0148 0.0109 
        D314  5 0.0525 0.0661 0.0519 0.0720 0.0801 0.1184 0.2184 0.1607 0.0906 0.0499 0.0393 
        D315  5 0.2142 0.2457 0.0407 0.0740 0.0842 0.0965 0.0250 0.0277 0.0843 0.0728 0.0349 
        D317  5 0.4824 0.0207 0.0134 0.0213 0.0316 0.2850 0.0358 0.0359 0.0093 0.0438 0.0207 
        D318  5 0.0489 0.2454 0.0404 0.0682 0.0651 0.0513 0.1591 0.0385 0.1186 0.0980 0.0664 
        D319  5 0.3162 0.0242 0.0133 0.0336 0.0152 0.4492 0.0645 0.0234 0.0140 0.0229 0.0236 
        D320  5 0.0520 0.0436 0.0109 0.0426 0.0175 0.6324 0.0259 0.0199 0.0485 0.0355 0.0712 
        D321  5 0.0200 0.0169 0.0088 0.0113 0.7229 0.0194 0.0179 0.0114 0.0130 0.0389 0.1195 
        D336  5 0.1441 0.0715 0.0150 0.0907 0.0115 0.5251 0.0214 0.0416 0.0265 0.0312 0.0213 
        D337  5 0.3036 0.0277 0.0266 0.0240 0.0148 0.4194 0.0296 0.0154 0.0267 0.0395 0.0728 
        D338  5 0.0538 0.0600 0.0479 0.0594 0.0564 0.0740 0.0366 0.3844 0.0245 0.1335 0.0695 
        D339  5 0.5034 0.0381 0.0206 0.0241 0.0246 0.2248 0.0386 0.0385 0.0104 0.0405 0.0363 
        D347  5 0.7938 0.0239 0.0258 0.0172 0.0086 0.0115 0.0227 0.0165 0.0133 0.0365 0.0302 
        D348  5 0.7265 0.0258 0.0202 0.0110 0.0089 0.0955 0.0230 0.0200 0.0299 0.0227 0.0163 
        D349  5 0.0141 0.0166 0.0128 0.0210 0.8437 0.0264 0.0111 0.0084 0.0205 0.0133 0.0121 
        D350  5 0.0137 0.0169 0.0206 0.0168 0.0136 0.0158 0.0252 0.0289 0.8256 0.0101 0.0128 
        D355  5 0.1063 0.1187 0.0421 0.0264 0.0144 0.0177 0.3156 0.0302 0.0454 0.0618 0.2215 
        D356  5 0.0783 0.1545 0.0242 0.1045 0.0594 0.2548 0.0286 0.0742 0.0499 0.0944 0.0772 
        D357  5 0.3487 0.1829 0.0216 0.0887 0.0390 0.0219 0.0481 0.0276 0.0687 0.0682 0.0846 
        D358  5 0.0383 0.0662 0.0293 0.1578 0.0790 0.3056 0.0281 0.0199 0.2213 0.0212 0.0334 
        D359  5 0.2450 0.0902 0.0166 0.0309 0.0379 0.0761 0.1195 0.0255 0.0424 0.2758 0.0400 
        D360  5 0.0511 0.1363 0.0181 0.0600 0.0515 0.3936 0.0355 0.0411 0.0359 0.0794 0.0975 
        D361  5 0.0324 0.0140 0.0193 0.0558 0.7818 0.0176 0.0222 0.0120 0.0126 0.0230 0.0093 
        D366  5 0.0350 0.0424 0.3323 0.0848 0.0204 0.0268 0.0836 0.0258 0.0213 0.3015 0.0262 
        D367  5 0.4490 0.0780 0.0135 0.0519 0.0417 0.1046 0.0400 0.1155 0.0350 0.0258 0.0450 
        D368  5 0.0654 0.0787 0.0176 0.0577 0.5376 0.0365 0.0521 0.0241 0.0232 0.0839 0.0232 
        D380  5 0.0095 0.0268 0.0196 0.0177 0.0324 0.0213 0.0186 0.0173 0.7966 0.0237 0.0163 
        D381  5 0.4490 0.0650 0.0259 0.0149 0.0260 0.1176 0.0543 0.0446 0.0254 0.0893 0.0880 
        D400  5 0.4125 0.0515 0.0378 0.0194 0.0200 0.0692 0.0665 0.1837 0.0239 0.0767 0.0389 
        D411  5 0.0155 0.0180 0.0129 0.6295 0.1001 0.0075 0.0437 0.1314 0.0175 0.0110 0.0129 
        D412  5 0.7906 0.0202 0.0286 0.0076 0.0376 0.0151 0.0158 0.0144 0.0176 0.0273 0.0252 
        D413  5 0.0132 0.0746 0.5172 0.0389 0.0282 0.0231 0.0302 0.0354 0.1142 0.0994 0.0257 
        D414  5 0.0232 0.0384 0.0420 0.0281 0.0120 0.0233 0.0855 0.0246 0.6782 0.0158 0.0289 
        D420  5 0.0322 0.1284 0.0147 0.1013 0.0389 0.0367 0.0205 0.0483 0.0268 0.0443 0.5078 
        D431  5 0.0188 0.0662 0.0107 0.4718 0.0329 0.0303 0.0287 0.0160 0.2454 0.0144 0.0648 
        D432  5 0.0685 0.0552 0.0601 0.0339 0.1150 0.3579 0.0258 0.0818 0.0870 0.0387 0.0761 
        D433  5 0.5218 0.0495 0.0159 0.0305 0.0902 0.1269 0.0279 0.0227 0.0155 0.0460 0.0530 
        D434  5 0.3100 0.0917 0.0182 0.0477 0.0136 0.1381 0.0908 0.0621 0.0369 0.1081 0.0827 
        D440  5 0.0182 0.0270 0.0146 0.0236 0.0142 0.0229 0.0249 0.1106 0.7123 0.0196 0.0123 
        D447  5 0.0375 0.1597 0.0521 0.0480 0.0204 0.0137 0.4885 0.0123 0.0904 0.0512 0.0262 
        D448  5 0.6941 0.0314 0.0155 0.0299 0.0203 0.0363 0.0695 0.0408 0.0184 0.0269 0.0170 
        D459  5 0.1148 0.0430 0.1985 0.0428 0.0097 0.0200 0.2311 0.0310 0.0185 0.0351 0.2555 
        D460  5 0.0100 0.0166 0.0113 0.0179 0.8572 0.0150 0.0177 0.0084 0.0171 0.0180 0.0109 
        D461  5 0.0159 0.0151 0.0095 0.0079 0.0202 0.0129 0.0186 0.0132 0.8522 0.0170 0.0174 
        D468  5 0.0269 0.0371 0.0245 0.5983 0.0924 0.0414 0.0529 0.0145 0.0420 0.0553 0.0147 
        D469  5 0.0319 0.0965 0.0202 0.0706 0.1735 0.0662 0.0741 0.1181 0.1166 0.1890 0.0433 
        D470  5 0.2313 0.0673 0.0202 0.0412 0.0222 0.0302 0.2583 0.2017 0.0398 0.0657 0.0222 
        D471  5 0.3283 0.0552 0.0329 0.0568 0.0152 0.1982 0.1270 0.0230 0.0430 0.0778 0.0427 
        D472  5 0.0190 0.0313 0.0356 0.0097 0.0270 0.0205 0.0256 0.0156 0.0186 0.6685 0.1285 
        D479  5 0.1884 0.0459 0.5403 0.0247 0.0255 0.0160 0.0244 0.0311 0.0435 0.0486 0.0116 
        D485  5 0.0518 0.0856 0.0256 0.3869 0.0145 0.0338 0.0414 0.0422 0.2639 0.0268 0.0275 
        D486  5 0.0381 0.0327 0.0189 0.6199 0.0356 0.0327 0.0536 0.0502 0.0484 0.0508 0.0190 
        D487  5 0.0740 0.0729 0.0689 0.0253 0.0281 0.4096 0.0323 0.1035 0.0411 0.0224 0.1219 
        D555  5 0.1463 0.0241 0.0486 0.0221 0.0110 0.6514 0.0128 0.0161 0.0095 0.0272 0.0309 
        D556  5 0.0219 0.0687 0.0196 0.0559 0.1189 0.0576 0.0322 0.0392 0.3203 0.0335 0.2323 
        D557  5 0.1557 0.0261 0.0347 0.0301 0.0304 0.5967 0.0166 0.0343 0.0248 0.0293 0.0213 
        D564  5 0.0645 0.2881 0.0528 0.1324 0.0626 0.1403 0.0165 0.0254 0.1657 0.0364 0.0154 
        D594  5 0.5983 0.1308 0.0259 0.0233 0.0165 0.0195 0.0409 0.0335 0.0235 0.0548 0.0331 
        D595  5 0.1062 0.0702 0.0427 0.2003 0.0942 0.2080 0.0823 0.0253 0.0586 0.0633 0.0488 
        D596  5 0.1764 0.0273 0.0283 0.0189 0.0226 0.6038 0.0109 0.0183 0.0161 0.0519 0.0254 
        D597  5 0.0880 0.0341 0.1442 0.0122 0.0282 0.1268 0.0896 0.0230 0.0563 0.0527 0.3448 
        D598  5 0.0828 0.0375 0.0276 0.0377 0.0404 0.2169 0.0379 0.1645 0.2348 0.0583 0.0615 
        D617  5 0.1664 0.0422 0.0962 0.2045 0.1086 0.0127 0.1803 0.1058 0.0141 0.0339 0.0352 
        D618  5 0.0351 0.0248 0.0287 0.0232 0.0232 0.6022 0.0325 0.0316 0.0379 0.1158 0.0451 
        D619  5 0.4427 0.0906 0.0291 0.0510 0.1894 0.0209 0.0306 0.0113 0.0528 0.0530 0.0287 
        D620  5 0.0808 0.0198 0.5340 0.0118 0.0399 0.0335 0.0544 0.0617 0.0192 0.0725 0.0723 
        D628  5 0.0239 0.0451 0.0216 0.0382 0.0158 0.0521 0.0194 0.0225 0.7383 0.0096 0.0136 
        D714  5 0.0444 0.0630 0.0282 0.2112 0.0202 0.1052 0.0310 0.0464 0.2129 0.0204 0.2172 
        D715  5 0.0338 0.0250 0.0307 0.0332 0.0280 0.5533 0.0279 0.0167 0.0327 0.1672 0.0516 
        D716  5 0.4610 0.0844 0.0255 0.0342 0.0140 0.0185 0.0777 0.0567 0.0268 0.1278 0.0733 
        D717  5 0.0747 0.0681 0.0276 0.0448 0.0246 0.1767 0.0313 0.0623 0.1532 0.2101 0.1265 
        D718  5 0.1080 0.0491 0.0250 0.5855 0.0103 0.0390 0.0922 0.0252 0.0383 0.0094 0.0180 
        D769  5 0.1821 0.0696 0.0541 0.0297 0.0233 0.0148 0.3235 0.2366 0.0157 0.0176 0.0330 
        D770  5 0.0209 0.0266 0.0758 0.3887 0.0293 0.0333 0.0349 0.0218 0.3005 0.0371 0.0310 
        D771  5 0.0980 0.1434 0.0554 0.0848 0.0665 0.0463 0.0576 0.1088 0.1782 0.0592 0.1018 
        D772  5 0.0231 0.0303 0.0152 0.0278 0.0757 0.0944 0.0233 0.0424 0.5864 0.0407 0.0408 
        D782  5 0.0304 0.0823 0.0482 0.0840 0.2730 0.0171 0.0252 0.0257 0.0585 0.0193 0.3365 
        D783  5 0.0428 0.0479 0.2609 0.0529 0.0131 0.0959 0.0527 0.0297 0.3094 0.0425 0.0521 
        D784  5 0.0286 0.0684 0.0377 0.0223 0.0213 0.0562 0.0230 0.0418 0.3408 0.2430 0.1169 
        D785  5 0.0336 0.0383 0.0131 0.0460 0.0879 0.5620 0.0261 0.0192 0.0800 0.0736 0.0201 
        D786  5 0.1367 0.0793 0.0866 0.0434 0.0579 0.0176 0.0497 0.2146 0.0902 0.1968 0.0271 
        D821  5 0.0144 0.0157 0.0092 0.0165 0.0106 0.8576 0.0103 0.0106 0.0149 0.0273 0.0129 
        D822  5 0.1495 0.0643 0.0809 0.0907 0.0214 0.0370 0.0718 0.0176 0.0705 0.3470 0.0492 
        D826  5 0.1875 0.0759 0.0833 0.0541 0.0745 0.1338 0.0923 0.0643 0.0474 0.0395 0.1475 
        D827  5 0.0221 0.1424 0.0315 0.0456 0.0158 0.0169 0.3508 0.0198 0.0349 0.2958 0.0244 
        D851  5 0.0650 0.1121 0.0352 0.0554 0.3942 0.0724 0.0411 0.0304 0.0602 0.1033 0.0306 
        D852  5 0.1411 0.0614 0.0656 0.0263 0.0163 0.1019 0.0520 0.1148 0.1994 0.0174 0.2037 
        D853  5 0.0714 0.0936 0.0277 0.0529 0.0469 0.3019 0.0721 0.0280 0.0317 0.0657 0.2080 
        D854  5 0.0470 0.1053 0.0241 0.4779 0.0305 0.0128 0.1023 0.0227 0.0339 0.0789 0.0645 
        D861  5 0.1880 0.0801 0.0719 0.1568 0.0556 0.0420 0.2591 0.0301 0.0306 0.0435 0.0422 
        D862  5 0.2376 0.0905 0.0244 0.0407 0.0620 0.0549 0.1213 0.0294 0.0711 0.2037 0.0646 
        D865  5 0.2632 0.0676 0.0442 0.0857 0.0983 0.2299 0.0365 0.0263 0.0519 0.0363 0.0600 
        D868  5 0.0678 0.0959 0.0286 0.0223 0.0318 0.1452 0.1783 0.1103 0.0454 0.1688 0.1057 
        D869  5 0.0153 0.0287 0.0402 0.2835 0.3552 0.0237 0.0620 0.1307 0.0159 0.0262 0.0185 
        D870  5 0.0200 0.6577 0.0598 0.0232 0.0386 0.0117 0.0192 0.0159 0.0345 0.0670 0.0524 
        D907  5 0.6177 0.0403 0.0125 0.0159 0.0853 0.1128 0.0391 0.0243 0.0169 0.0141 0.0212 
        D908  5 0.0601 0.0571 0.0858 0.0495 0.0506 0.3054 0.0183 0.0738 0.0745 0.0291 0.1958 
        D910  5 0.4834 0.0406 0.0516 0.0591 0.0205 0.0536 0.0793 0.0309 0.0229 0.0954 0.0627 
        D911  5 0.1847 0.0456 0.0117 0.0218 0.0077 0.0132 0.2207 0.0190 0.0118 0.0267 0.4370 
        D934  5 0.0152 0.1093 0.0621 0.2972 0.0179 0.0505 0.0313 0.0502 0.1951 0.0981 0.0731 
        D946  5 0.0349 0.1918 0.0261 0.3212 0.0316 0.0438 0.0408 0.0450 0.2017 0.0157 0.0473 
        D947  5 0.0295 0.1607 0.0184 0.0242 0.0978 0.0237 0.0673 0.1242 0.1971 0.0411 0.2160 
        D948  5 0.0273 0.0139 0.0123 0.0165 0.7785 0.0772 0.0117 0.0110 0.0184 0.0146 0.0187 
        D949  5 0.0140 0.0143 0.0093 0.0158 0.8528 0.0251 0.0108 0.0192 0.0125 0.0145 0.0117 
        D950  5 0.1798 0.0451 0.0229 0.0168 0.0207 0.0146 0.1546 0.0181 0.0325 0.0395 0.4552 
        D951  5 0.0680 0.2660 0.0737 0.1307 0.2114 0.0186 0.0233 0.0153 0.0772 0.1005 0.0152 
        D952  5 0.2326 0.0324 0.0161 0.0118 0.0287 0.0227 0.0481 0.0386 0.0195 0.4770 0.0726 
        D953  5 0.0643 0.0432 0.0190 0.0483 0.0621 0.5863 0.0194 0.0142 0.0375 0.0587 0.0471 
        D954  5 0.0347 0.0389 0.0171 0.0357 0.0743 0.0675 0.0110 0.0118 0.0447 0.6447 0.0196 
        D961  5 0.0425 0.0602 0.0118 0.3629 0.0103 0.0277 0.0221 0.0173 0.4135 0.0147 0.0170 
        D962  5 0.1308 0.0850 0.0146 0.0631 0.0303 0.1353 0.0180 0.0241 0.4517 0.0249 0.0223 
        D963  5 0.0419 0.0448 0.0447 0.0337 0.0149 0.3226 0.0454 0.0309 0.2020 0.1658 0.0533 
        D964  5 0.0176 0.2190 0.0286 0.3256 0.0441 0.0656 0.0514 0.0356 0.1099 0.0321 0.0704 
        D965  5 0.0918 0.2211 0.0512 0.0583 0.0339 0.0400 0.0300 0.0773 0.2555 0.1036 0.0374 
        D966  5 0.0901 0.1660 0.0599 0.0250 0.0548 0.0823 0.0201 0.1075 0.1184 0.1494 0.1265 
        D967  5 0.0906 0.1236 0.1391 0.0587 0.0458 0.1820 0.0166 0.0181 0.0252 0.0531 0.2471 
        D991  5 0.1452 0.0652 0.0224 0.0387 0.0168 0.0336 0.0363 0.3782 0.2187 0.0147 0.0302 
        D132  8 0.0158 0.0229 0.0120 0.0352 0.0335 0.0238 0.0511 0.7397 0.0276 0.0191 0.0194 
        D133  8 0.0381 0.0389 0.6427 0.0135 0.0164 0.0139 0.0978 0.0480 0.0161 0.0230 0.0515 
        D200  8 0.1486 0.1656 0.0206 0.3926 0.0092 0.0126 0.0330 0.0570 0.0422 0.0216 0.0970 
        D500  8 0.0393 0.0483 0.0109 0.0644 0.1161 0.0220 0.0446 0.5842 0.0218 0.0278 0.0206 
        D614  8 0.1831 0.0835 0.0175 0.1163 0.0422 0.1430 0.0950 0.1078 0.0861 0.0381 0.0875 
