1:    0.008 0.004 0.885 0.006 0.006 0.007 0.003 0.052 0.007 0.012 0.009 1    
2:    0.023 0.009 0.859 0.009 0.004 0.027 0.018 0.023 0.010 0.005 0.013 1    
3:    0.005 0.003 0.955 0.003 0.007 0.005 0.005 0.004 0.006 0.004 0.005 1    
4:    0.018 0.003 0.864 0.008 0.016 0.012 0.020 0.029 0.011 0.006 0.011 1    
5:    0.132 0.004 0.391 0.015 0.008 0.013 0.015 0.350 0.017 0.012 0.044 1    
6:    0.023 0.005 0.872 0.015 0.017 0.006 0.016 0.009 0.018 0.006 0.013 1    
7:    0.008 0.005 0.923 0.006 0.004 0.006 0.006 0.021 0.004 0.005 0.012 1    
8:    0.010 0.004 0.933 0.004 0.003 0.017 0.009 0.005 0.007 0.004 0.005 1    
9:    0.011 0.007 0.011 0.014 0.004 0.006 0.920 0.011 0.003 0.008 0.005 1    
10:   0.005 0.009 0.006 0.033 0.003 0.004 0.914 0.011 0.003 0.005 0.006 1    
11:   0.004 0.007 0.004 0.010 0.004 0.003 0.949 0.005 0.004 0.006 0.004 1    
12:   0.004 0.008 0.005 0.004 0.008 0.030 0.904 0.011 0.005 0.016 0.004 1    
13:   0.005 0.006 0.010 0.016 0.015 0.006 0.887 0.012 0.009 0.026 0.008 1    
14:   0.005 0.043 0.007 0.023 0.006 0.005 0.867 0.009 0.003 0.022 0.010 1    
15:   0.010 0.009 0.026 0.013 0.006 0.006 0.887 0.024 0.004 0.008 0.007 1    
16:   0.004 0.008 0.007 0.012 0.003 0.004 0.942 0.006 0.002 0.008 0.004 1    
17:   0.016 0.006 0.011 0.091 0.003 0.012 0.831 0.012 0.004 0.007 0.006 1    
18:   0.005 0.029 0.004 0.011 0.911 0.003 0.006 0.010 0.005 0.007 0.009 1    
19:   0.004 0.013 0.004 0.005 0.943 0.004 0.006 0.005 0.006 0.006 0.006 1    
20:   0.004 0.040 0.003 0.003 0.927 0.002 0.005 0.005 0.004 0.003 0.005 1    
21:   0.005 0.005 0.005 0.004 0.945 0.004 0.004 0.007 0.003 0.005 0.012 1    
22:   0.004 0.077 0.003 0.003 0.889 0.003 0.003 0.006 0.003 0.003 0.006 1    
23:   0.003 0.004 0.004 0.004 0.962 0.003 0.003 0.004 0.003 0.005 0.005 1    
24:   0.004 0.004 0.004 0.002 0.961 0.003 0.004 0.004 0.003 0.006 0.005 1    
25:   0.005 0.006 0.003 0.003 0.004 0.004 0.004 0.003 0.003 0.959 0.006 1    
26:   0.005 0.008 0.003 0.003 0.005 0.003 0.003 0.005 0.003 0.956 0.005 1    
27:   0.011 0.010 0.032 0.005 0.032 0.026 0.031 0.055 0.011 0.775 0.011 1    
28:   0.004 0.006 0.006 0.003 0.003 0.015 0.004 0.003 0.003 0.949 0.004 1    
29:   0.008 0.004 0.025 0.003 0.018 0.032 0.005 0.041 0.011 0.843 0.010 1    
30:   0.005 0.004 0.005 0.002 0.006 0.003 0.003 0.007 0.003 0.958 0.005 1    
31:   0.015 0.007 0.017 0.004 0.006 0.075 0.017 0.052 0.005 0.784 0.018 1    
32:   0.006 0.006 0.008 0.201 0.005 0.003 0.756 0.006 0.002 0.003 0.004 1    
33:   0.004 0.011 0.005 0.042 0.003 0.005 0.910 0.005 0.003 0.006 0.005 1    
34:   0.012 0.045 0.010 0.621 0.006 0.005 0.265 0.016 0.003 0.007 0.009 1    
35:   0.008 0.011 0.006 0.798 0.010 0.003 0.144 0.010 0.002 0.004 0.005 1    
36:   0.007 0.006 0.011 0.031 0.005 0.004 0.911 0.011 0.003 0.005 0.007 1    
37:   0.009 0.007 0.004 0.009 0.011 0.008 0.929 0.008 0.004 0.004 0.007 1    
38:   0.004 0.023 0.009 0.603 0.006 0.006 0.330 0.006 0.002 0.006 0.004 1    
39:   0.006 0.020 0.009 0.031 0.039 0.013 0.011 0.850 0.003 0.005 0.014 1    
40:   0.004 0.014 0.005 0.012 0.010 0.003 0.007 0.928 0.006 0.003 0.008 1    
41:   0.005 0.010 0.005 0.006 0.021 0.007 0.009 0.921 0.005 0.004 0.006 1    
42:   0.004 0.023 0.004 0.017 0.010 0.003 0.004 0.909 0.004 0.004 0.019 1    
43:   0.003 0.004 0.005 0.013 0.005 0.003 0.004 0.950 0.004 0.003 0.005 1    
44:   0.003 0.014 0.005 0.007 0.006 0.004 0.004 0.944 0.006 0.003 0.005 1    
45:   0.002 0.007 0.005 0.005 0.012 0.008 0.009 0.936 0.005 0.005 0.006 1    
46:   0.005 0.006 0.007 0.010 0.005 0.003 0.004 0.942 0.004 0.003 0.011 1    
47:   0.005 0.004 0.012 0.007 0.024 0.004 0.006 0.006 0.005 0.919 0.006 1    
48:   0.036 0.003 0.009 0.003 0.025 0.009 0.004 0.006 0.008 0.858 0.037 1    
49:   0.009 0.005 0.008 0.007 0.006 0.005 0.007 0.005 0.008 0.919 0.020 1    
50:   0.008 0.004 0.010 0.008 0.006 0.005 0.008 0.005 0.008 0.923 0.015 1    
51:   0.006 0.005 0.011 0.008 0.008 0.006 0.007 0.006 0.008 0.916 0.020 1    
52:   0.005 0.018 0.004 0.005 0.007 0.011 0.003 0.917 0.008 0.010 0.012 1    
53:   0.040 0.004 0.011 0.009 0.008 0.014 0.006 0.883 0.004 0.006 0.016 1    
54:   0.011 0.003 0.008 0.008 0.006 0.006 0.005 0.940 0.002 0.005 0.007 1    
55:   0.006 0.004 0.003 0.026 0.005 0.003 0.009 0.933 0.003 0.005 0.004 1    
56:   0.007 0.003 0.003 0.027 0.005 0.004 0.009 0.931 0.003 0.003 0.004 1    
57:   0.004 0.005 0.003 0.009 0.005 0.083 0.005 0.859 0.007 0.014 0.006 1    
58:   0.034 0.015 0.007 0.014 0.077 0.006 0.018 0.796 0.002 0.008 0.023 1    
59:   0.007 0.009 0.196 0.025 0.038 0.027 0.150 0.504 0.003 0.012 0.029 1    
60:   0.006 0.008 0.014 0.021 0.009 0.004 0.013 0.022 0.003 0.875 0.024 1    
61:   0.008 0.006 0.014 0.028 0.010 0.009 0.043 0.081 0.011 0.764 0.026 1    
62:   0.009 0.006 0.010 0.012 0.008 0.004 0.028 0.019 0.004 0.889 0.011 1    
63:   0.010 0.011 0.008 0.017 0.010 0.011 0.039 0.028 0.005 0.834 0.025 1    
64:   0.017 0.018 0.007 0.044 0.013 0.018 0.058 0.037 0.008 0.705 0.075 1    
65:   0.011 0.006 0.009 0.025 0.022 0.016 0.027 0.087 0.018 0.659 0.121 1    
66:   0.004 0.961 0.002 0.004 0.006 0.005 0.004 0.004 0.003 0.004 0.004 1    
67:   0.002 0.961 0.003 0.003 0.003 0.005 0.007 0.005 0.003 0.004 0.004 1    
68:   0.005 0.951 0.003 0.004 0.006 0.005 0.005 0.005 0.003 0.010 0.003 1    
69:   0.004 0.952 0.003 0.005 0.004 0.004 0.004 0.005 0.004 0.011 0.004 1    
70:   0.003 0.963 0.003 0.002 0.004 0.003 0.003 0.002 0.002 0.010 0.004 1    
71:   0.003 0.970 0.002 0.004 0.003 0.003 0.003 0.002 0.002 0.005 0.003 1    
72:   0.004 0.918 0.004 0.003 0.004 0.003 0.011 0.029 0.003 0.009 0.012 1    
73:   0.003 0.961 0.003 0.004 0.003 0.003 0.005 0.004 0.003 0.007 0.004 1    
74:   0.003 0.963 0.003 0.007 0.004 0.002 0.004 0.004 0.003 0.003 0.004 1    
75:   0.003 0.003 0.005 0.009 0.005 0.004 0.015 0.941 0.006 0.004 0.005 1    
76:   0.007 0.005 0.010 0.020 0.008 0.004 0.017 0.904 0.010 0.004 0.011 1    
77:   0.022 0.005 0.012 0.012 0.004 0.004 0.011 0.831 0.032 0.005 0.063 1    
78:   0.004 0.013 0.005 0.008 0.007 0.003 0.010 0.935 0.004 0.003 0.008 1    
79:   0.010 0.004 0.006 0.008 0.005 0.006 0.011 0.929 0.005 0.008 0.008 1    
80:   0.004 0.004 0.003 0.004 0.003 0.003 0.007 0.954 0.006 0.006 0.005 1    
81:   0.006 0.007 0.003 0.009 0.003 0.042 0.019 0.020 0.010 0.008 0.873 1    
82:   0.014 0.005 0.008 0.027 0.129 0.129 0.040 0.050 0.011 0.047 0.540 1    
83:   0.007 0.010 0.006 0.016 0.029 0.071 0.047 0.072 0.024 0.060 0.659 1    
84:   0.005 0.007 0.006 0.003 0.011 0.262 0.006 0.008 0.061 0.012 0.617 1    
85:   0.011 0.005 0.007 0.006 0.005 0.025 0.015 0.011 0.006 0.005 0.904 1    
86:   0.010 0.009 0.004 0.016 0.013 0.041 0.026 0.029 0.009 0.141 0.701 1    
87:   0.037 0.006 0.010 0.010 0.003 0.896 0.007 0.013 0.002 0.006 0.009 1    
88:   0.035 0.007 0.004 0.006 0.003 0.893 0.010 0.009 0.017 0.004 0.010 1    
89:   0.015 0.005 0.007 0.019 0.005 0.839 0.016 0.068 0.004 0.005 0.015 1    
90:   0.012 0.007 0.009 0.007 0.011 0.754 0.006 0.041 0.073 0.018 0.060 1    
91:   0.005 0.008 0.005 0.004 0.003 0.019 0.940 0.006 0.003 0.004 0.004 1    
92:   0.005 0.003 0.003 0.004 0.003 0.006 0.962 0.003 0.003 0.004 0.004 1    
93:   0.008 0.004 0.004 0.011 0.006 0.006 0.942 0.008 0.004 0.004 0.003 1    
94:   0.005 0.004 0.005 0.004 0.004 0.009 0.953 0.004 0.003 0.005 0.005 1    
95:   0.003 0.004 0.003 0.003 0.005 0.008 0.957 0.003 0.003 0.004 0.005 1    
96:   0.006 0.005 0.004 0.007 0.018 0.007 0.930 0.004 0.004 0.011 0.005 1    
97:   0.015 0.025 0.032 0.018 0.010 0.442 0.072 0.138 0.007 0.221 0.021 1    
98:   0.011 0.044 0.022 0.013 0.062 0.706 0.052 0.015 0.006 0.021 0.048 1    
99:   0.006 0.080 0.051 0.015 0.026 0.604 0.036 0.023 0.004 0.129 0.026 1    
100:  0.049 0.011 0.035 0.202 0.044 0.146 0.113 0.109 0.014 0.232 0.043 1    
101:  0.015 0.009 0.019 0.005 0.004 0.908 0.005 0.008 0.005 0.012 0.011 1    
102:  0.010 0.005 0.010 0.016 0.006 0.888 0.030 0.009 0.007 0.007 0.012 1    
103:  0.008 0.004 0.006 0.012 0.006 0.910 0.006 0.019 0.008 0.015 0.005 1    
104:  0.006 0.006 0.004 0.012 0.009 0.004 0.006 0.015 0.005 0.006 0.926 1    
105:  0.004 0.008 0.005 0.012 0.017 0.003 0.007 0.054 0.003 0.005 0.880 1    
106:  0.046 0.006 0.004 0.004 0.013 0.014 0.004 0.010 0.005 0.027 0.867 1    
107:  0.003 0.014 0.004 0.006 0.020 0.004 0.004 0.017 0.004 0.009 0.916 1    
108:  0.018 0.006 0.005 0.005 0.015 0.007 0.003 0.018 0.008 0.014 0.902 1    
109:  0.043 0.019 0.004 0.011 0.010 0.007 0.005 0.011 0.022 0.016 0.852 1    
110:  0.005 0.004 0.006 0.007 0.008 0.003 0.005 0.041 0.004 0.006 0.909 1    
111:  0.008 0.010 0.004 0.012 0.013 0.004 0.004 0.011 0.008 0.008 0.919 1    
112:  0.004 0.008 0.006 0.018 0.018 0.003 0.005 0.011 0.005 0.007 0.914 1    
113:  0.010 0.006 0.007 0.006 0.882 0.004 0.006 0.010 0.004 0.023 0.043 1    
114:  0.003 0.004 0.004 0.003 0.955 0.003 0.005 0.004 0.003 0.009 0.006 1    
115:  0.005 0.012 0.016 0.030 0.823 0.006 0.005 0.044 0.007 0.010 0.044 1    
116:  0.003 0.003 0.003 0.002 0.968 0.003 0.003 0.003 0.003 0.004 0.004 1    
117:  0.010 0.005 0.018 0.155 0.591 0.003 0.007 0.164 0.005 0.006 0.036 1    
118:  0.003 0.006 0.003 0.002 0.955 0.004 0.003 0.003 0.003 0.009 0.008 1    
119:  0.007 0.006 0.004 0.004 0.943 0.005 0.003 0.004 0.005 0.012 0.007 1    
120:  0.003 0.004 0.003 0.003 0.967 0.003 0.003 0.004 0.003 0.004 0.004 1    
121:  0.007 0.008 0.008 0.006 0.866 0.005 0.010 0.007 0.007 0.022 0.054 1    
122:  0.004 0.004 0.003 0.003 0.960 0.004 0.004 0.004 0.006 0.005 0.005 1    
123:  0.004 0.008 0.006 0.015 0.930 0.003 0.007 0.010 0.004 0.005 0.007 1    
124:  0.004 0.004 0.003 0.002 0.964 0.004 0.002 0.003 0.003 0.004 0.006 1    
125:  0.012 0.006 0.011 0.006 0.847 0.006 0.004 0.051 0.010 0.021 0.027 1    
126:  0.002 0.003 0.003 0.003 0.968 0.002 0.004 0.005 0.003 0.002 0.003 1    
127:  0.003 0.003 0.004 0.003 0.963 0.002 0.004 0.004 0.005 0.004 0.005 1    
128:  0.005 0.005 0.003 0.003 0.952 0.003 0.004 0.006 0.005 0.006 0.008 1    
129:  0.168 0.017 0.005 0.091 0.021 0.008 0.064 0.009 0.003 0.165 0.448 1    
130:  0.117 0.311 0.029 0.017 0.004 0.030 0.022 0.015 0.004 0.011 0.440 1    
131:  0.156 0.008 0.014 0.010 0.011 0.068 0.020 0.007 0.007 0.253 0.445 1    
132:  0.306 0.010 0.004 0.035 0.014 0.004 0.049 0.005 0.005 0.110 0.458 1    
133:  0.244 0.021 0.005 0.006 0.011 0.008 0.021 0.006 0.005 0.185 0.488 1    
134:  0.297 0.008 0.005 0.032 0.013 0.004 0.055 0.006 0.003 0.109 0.468 1    
135:  0.012 0.137 0.012 0.008 0.011 0.049 0.005 0.026 0.008 0.075 0.655 1    
136:  0.006 0.003 0.005 0.002 0.003 0.965 0.003 0.003 0.004 0.004 0.003 1    
137:  0.004 0.003 0.003 0.002 0.007 0.963 0.003 0.003 0.003 0.006 0.003 1    
138:  0.008 0.003 0.005 0.003 0.005 0.952 0.005 0.006 0.003 0.005 0.005 1    
139:  0.005 0.006 0.005 0.005 0.004 0.945 0.006 0.005 0.009 0.006 0.004 1    
140:  0.003 0.004 0.004 0.002 0.005 0.959 0.003 0.003 0.007 0.006 0.004 1    
141:  0.004 0.005 0.005 0.006 0.018 0.914 0.005 0.022 0.006 0.004 0.012 1    
142:  0.005 0.003 0.003 0.002 0.004 0.966 0.003 0.003 0.003 0.005 0.003 1    
143:  0.007 0.003 0.003 0.002 0.004 0.961 0.005 0.003 0.003 0.007 0.003 1    
144:  0.006 0.003 0.003 0.002 0.004 0.960 0.004 0.002 0.004 0.009 0.003 1    
145:  0.005 0.003 0.004 0.003 0.003 0.963 0.003 0.005 0.003 0.006 0.003 1    
146:  0.004 0.003 0.004 0.004 0.015 0.932 0.004 0.009 0.008 0.010 0.008 1    
147:  0.004 0.004 0.003 0.004 0.003 0.004 0.003 0.003 0.965 0.002 0.004 1    
148:  0.004 0.002 0.003 0.002 0.004 0.005 0.003 0.003 0.967 0.002 0.004 1    
149:  0.003 0.002 0.004 0.002 0.004 0.004 0.003 0.003 0.971 0.002 0.003 1    
150:  0.003 0.002 0.003 0.003 0.003 0.004 0.003 0.003 0.970 0.004 0.003 1    
151:  0.004 0.003 0.002 0.003 0.003 0.003 0.002 0.003 0.969 0.004 0.003 1    
152:  0.004 0.007 0.003 0.006 0.005 0.003 0.005 0.004 0.956 0.003 0.004 1    
153:  0.003 0.002 0.002 0.002 0.002 0.003 0.002 0.002 0.976 0.003 0.002 1    
154:  0.004 0.003 0.002 0.003 0.003 0.003 0.002 0.003 0.971 0.003 0.003 1    
155:  0.003 0.003 0.003 0.003 0.003 0.004 0.003 0.003 0.969 0.002 0.003 1    
156:  0.002 0.005 0.003 0.969 0.003 0.002 0.005 0.003 0.003 0.002 0.003 1    
157:  0.007 0.006 0.010 0.640 0.006 0.006 0.126 0.146 0.010 0.006 0.038 1    
158:  0.004 0.006 0.004 0.914 0.010 0.004 0.012 0.023 0.010 0.004 0.009 1    
159:  0.006 0.005 0.004 0.919 0.004 0.004 0.036 0.009 0.003 0.005 0.004 1    
160:  0.003 0.004 0.003 0.966 0.003 0.003 0.006 0.004 0.004 0.002 0.004 1    
161:  0.003 0.005 0.003 0.956 0.004 0.003 0.010 0.007 0.003 0.002 0.004 1    
162:  0.003 0.004 0.003 0.959 0.003 0.003 0.011 0.005 0.003 0.003 0.003 1    
163:  0.008 0.005 0.006 0.893 0.005 0.004 0.028 0.014 0.023 0.004 0.010 1    
164:  0.004 0.003 0.004 0.957 0.003 0.003 0.011 0.006 0.003 0.003 0.004 1    
165:  0.004 0.004 0.004 0.919 0.008 0.005 0.005 0.036 0.006 0.003 0.005 1    
166:  0.004 0.005 0.004 0.958 0.003 0.004 0.004 0.007 0.002 0.004 0.005 1    
167:  0.012 0.008 0.007 0.805 0.013 0.007 0.020 0.018 0.007 0.029 0.073 1    
168:  0.005 0.005 0.007 0.915 0.005 0.008 0.021 0.020 0.005 0.004 0.005 1    
169:  0.005 0.005 0.005 0.946 0.003 0.003 0.003 0.010 0.003 0.006 0.011 1    
170:  0.007 0.009 0.012 0.894 0.008 0.007 0.006 0.037 0.005 0.007 0.009 1    
171:  0.007 0.007 0.007 0.911 0.005 0.009 0.010 0.006 0.003 0.020 0.015 1    
172:  0.007 0.011 0.004 0.928 0.004 0.004 0.005 0.017 0.006 0.008 0.007 1    
173:  0.004 0.009 0.004 0.952 0.003 0.004 0.004 0.005 0.010 0.003 0.003 1    
174:  0.008 0.008 0.013 0.914 0.006 0.018 0.004 0.006 0.009 0.006 0.011 1    
175:  0.007 0.004 0.018 0.937 0.003 0.005 0.005 0.005 0.006 0.002 0.008 1    
176:  0.002 0.004 0.003 0.963 0.002 0.005 0.003 0.005 0.007 0.002 0.004 1    
177:  0.003 0.002 0.005 0.959 0.002 0.003 0.006 0.004 0.009 0.003 0.003 1    
178:  0.009 0.006 0.006 0.948 0.003 0.004 0.004 0.004 0.005 0.004 0.008 1    
179:  0.005 0.007 0.010 0.005 0.003 0.014 0.004 0.005 0.005 0.937 0.005 1    
180:  0.004 0.004 0.006 0.004 0.007 0.008 0.005 0.004 0.004 0.948 0.006 1    
181:  0.003 0.003 0.002 0.003 0.003 0.005 0.004 0.004 0.006 0.963 0.003 1    
182:  0.004 0.004 0.003 0.003 0.003 0.003 0.004 0.004 0.004 0.964 0.005 1    
183:  0.005 0.006 0.005 0.003 0.003 0.009 0.003 0.004 0.003 0.954 0.006 1    
184:  0.003 0.004 0.004 0.003 0.004 0.006 0.003 0.003 0.002 0.959 0.007 1    
185:  0.004 0.003 0.002 0.003 0.004 0.005 0.004 0.003 0.009 0.959 0.004 1    
186:  0.004 0.003 0.004 0.002 0.004 0.010 0.003 0.004 0.003 0.959 0.005 1    
187:  0.008 0.022 0.005 0.013 0.006 0.007 0.011 0.007 0.004 0.906 0.011 1    
188:  0.964 0.003 0.004 0.002 0.004 0.005 0.003 0.002 0.003 0.007 0.003 1    
189:  0.919 0.005 0.007 0.011 0.005 0.021 0.011 0.009 0.004 0.005 0.004 1    
190:  0.952 0.005 0.003 0.004 0.003 0.004 0.003 0.003 0.008 0.007 0.007 1    
191:  0.957 0.003 0.004 0.004 0.004 0.005 0.003 0.004 0.005 0.004 0.005 1    
192:  0.968 0.002 0.003 0.003 0.003 0.004 0.003 0.003 0.003 0.004 0.004 1    
193:  0.961 0.004 0.004 0.004 0.003 0.005 0.004 0.004 0.004 0.002 0.004 1    
194:  0.885 0.004 0.031 0.009 0.005 0.019 0.009 0.009 0.011 0.004 0.013 1    
195:  0.953 0.004 0.006 0.003 0.006 0.005 0.003 0.003 0.003 0.007 0.007 1    
196:  0.960 0.004 0.006 0.003 0.003 0.005 0.004 0.004 0.003 0.004 0.004 1    
197:  0.515 0.005 0.037 0.296 0.005 0.073 0.027 0.019 0.009 0.003 0.010 1    
198:  0.004 0.004 0.945 0.007 0.003 0.002 0.010 0.007 0.005 0.004 0.006 1    
199:  0.004 0.006 0.940 0.009 0.006 0.004 0.007 0.006 0.008 0.008 0.004 1    
200:  0.004 0.005 0.942 0.015 0.003 0.007 0.004 0.009 0.002 0.003 0.005 1    
201:  0.004 0.006 0.945 0.007 0.004 0.008 0.009 0.004 0.003 0.004 0.006 1    
202:  0.004 0.017 0.779 0.119 0.004 0.008 0.050 0.006 0.004 0.004 0.006 1    
203:  0.004 0.003 0.820 0.107 0.005 0.003 0.020 0.013 0.003 0.006 0.015 1    
204:  0.003 0.003 0.948 0.013 0.004 0.004 0.005 0.006 0.005 0.004 0.005 1    
205:  0.004 0.003 0.960 0.007 0.005 0.004 0.004 0.006 0.002 0.003 0.004 1    
206:  0.015 0.009 0.907 0.008 0.004 0.006 0.008 0.005 0.004 0.008 0.026 1    
207:  0.005 0.004 0.946 0.013 0.005 0.004 0.005 0.007 0.002 0.003 0.007 1    
208:  0.005 0.004 0.956 0.003 0.003 0.005 0.006 0.006 0.003 0.004 0.006 1    
209:  0.003 0.003 0.961 0.006 0.004 0.002 0.005 0.005 0.002 0.004 0.004 1    
210:  0.005 0.005 0.939 0.005 0.003 0.004 0.005 0.004 0.003 0.010 0.015 1    
211:  0.005 0.004 0.951 0.003 0.003 0.004 0.004 0.003 0.002 0.011 0.010 1    
212:  0.004 0.004 0.937 0.011 0.005 0.005 0.008 0.007 0.002 0.007 0.010 1    
213:  0.025 0.007 0.903 0.007 0.005 0.010 0.008 0.008 0.002 0.011 0.014 1    
214:  0.015 0.005 0.011 0.004 0.009 0.004 0.004 0.006 0.006 0.005 0.929 1    
215:  0.006 0.003 0.017 0.008 0.005 0.004 0.004 0.012 0.004 0.003 0.933 1    
216:  0.009 0.005 0.007 0.005 0.013 0.004 0.004 0.006 0.004 0.005 0.938 1    
217:  0.012 0.004 0.007 0.007 0.006 0.005 0.006 0.007 0.011 0.008 0.926 1    
218:  0.005 0.006 0.012 0.017 0.006 0.006 0.007 0.007 0.005 0.008 0.921 1    
219:  0.006 0.006 0.007 0.006 0.013 0.005 0.003 0.005 0.011 0.006 0.933 1    
220:  0.007 0.005 0.007 0.003 0.006 0.004 0.003 0.004 0.007 0.008 0.945 1    
221:  0.009 0.004 0.014 0.003 0.011 0.004 0.003 0.006 0.005 0.007 0.934 1    
222:  0.004 0.005 0.008 0.012 0.008 0.005 0.005 0.007 0.003 0.009 0.935 1    
223:  0.004 0.006 0.941 0.007 0.006 0.007 0.005 0.006 0.004 0.006 0.008 1    
224:  0.003 0.005 0.936 0.010 0.007 0.005 0.010 0.009 0.005 0.005 0.005 1    
225:  0.007 0.004 0.948 0.002 0.009 0.006 0.005 0.004 0.004 0.005 0.005 1    
226:  0.026 0.010 0.822 0.010 0.013 0.012 0.019 0.019 0.025 0.013 0.031 1    
227:  0.015 0.005 0.902 0.005 0.007 0.011 0.013 0.013 0.009 0.009 0.009 1    
228:  0.004 0.003 0.956 0.003 0.006 0.006 0.005 0.004 0.004 0.003 0.005 1    
229:  0.003 0.003 0.955 0.003 0.005 0.005 0.004 0.005 0.008 0.003 0.005 1    
230:  0.013 0.011 0.795 0.008 0.009 0.023 0.081 0.014 0.008 0.023 0.015 1    
231:  0.004 0.008 0.928 0.006 0.005 0.008 0.015 0.007 0.004 0.006 0.007 1    
232:  0.017 0.048 0.413 0.151 0.020 0.145 0.064 0.011 0.019 0.011 0.101 1    
233:  0.022 0.066 0.389 0.012 0.059 0.014 0.094 0.007 0.004 0.008 0.325 1    
234:  0.044 0.019 0.142 0.074 0.006 0.015 0.008 0.057 0.016 0.115 0.504 1    
235:  0.011 0.037 0.211 0.033 0.021 0.025 0.021 0.005 0.033 0.091 0.511 1    
236:  0.008 0.032 0.152 0.074 0.045 0.047 0.070 0.026 0.018 0.282 0.246 1    
                                      
                                      
1:    0.003 0.003 0.003 0.003 0.003 0.003 0.005 0.003 0.002 0.003 0.970 1    
2:    0.006 0.004 0.005 0.003 0.006 0.005 0.004 0.003 0.003 0.006 0.956 1    
3:    0.003 0.003 0.003 0.002 0.003 0.002 0.006 0.003 0.002 0.003 0.969 1    
4:    0.005 0.004 0.004 0.003 0.003 0.003 0.005 0.004 0.004 0.004 0.962 1    
5:    0.006 0.004 0.003 0.006 0.004 0.005 0.004 0.004 0.003 0.005 0.957 1    
6:    0.006 0.003 0.004 0.008 0.007 0.006 0.006 0.006 0.005 0.009 0.940 1    
7:    0.006 0.006 0.005 0.009 0.007 0.008 0.021 0.004 0.003 0.007 0.923 1    
8:    0.003 0.003 0.002 0.003 0.003 0.003 0.003 0.002 0.003 0.003 0.970 1    
9:    0.847 0.008 0.009 0.027 0.006 0.061 0.010 0.003 0.004 0.019 0.006 1    
10:   0.884 0.007 0.006 0.068 0.006 0.009 0.006 0.003 0.003 0.005 0.003 1    
11:   0.947 0.007 0.005 0.012 0.004 0.003 0.006 0.004 0.005 0.003 0.004 1    
12:   0.889 0.014 0.042 0.005 0.006 0.015 0.007 0.006 0.007 0.004 0.005 1    
13:   0.879 0.008 0.017 0.027 0.005 0.014 0.006 0.011 0.009 0.006 0.018 1    
14:   0.912 0.018 0.011 0.020 0.008 0.004 0.011 0.006 0.003 0.005 0.004 1    
15:   0.876 0.022 0.008 0.014 0.008 0.029 0.018 0.005 0.003 0.012 0.005 1    
16:   0.940 0.005 0.007 0.017 0.004 0.005 0.006 0.004 0.002 0.004 0.007 1    
17:   0.830 0.008 0.009 0.099 0.005 0.011 0.011 0.003 0.004 0.014 0.007 1    
18:   0.006 0.041 0.006 0.010 0.012 0.003 0.007 0.904 0.004 0.005 0.003 1    
19:   0.006 0.008 0.005 0.004 0.008 0.002 0.006 0.948 0.004 0.004 0.003 1    
20:   0.004 0.023 0.003 0.003 0.004 0.003 0.003 0.947 0.003 0.004 0.003 1    
21:   0.004 0.011 0.004 0.003 0.011 0.003 0.008 0.943 0.004 0.006 0.003 1    
22:   0.003 0.037 0.004 0.004 0.006 0.003 0.003 0.931 0.003 0.003 0.003 1    
23:   0.003 0.005 0.005 0.003 0.006 0.003 0.006 0.960 0.004 0.003 0.003 1    
24:   0.004 0.005 0.004 0.002 0.006 0.003 0.004 0.963 0.003 0.004 0.003 1    
25:   0.004 0.005 0.948 0.005 0.010 0.004 0.004 0.005 0.003 0.009 0.004 1    
26:   0.005 0.015 0.915 0.004 0.014 0.004 0.009 0.013 0.005 0.009 0.006 1    
27:   0.017 0.023 0.815 0.006 0.023 0.009 0.044 0.037 0.006 0.014 0.007 1    
28:   0.005 0.004 0.941 0.004 0.007 0.005 0.012 0.005 0.003 0.003 0.012 1    
29:   0.003 0.012 0.882 0.003 0.010 0.007 0.038 0.019 0.006 0.007 0.013 1    
30:   0.004 0.008 0.925 0.002 0.007 0.006 0.017 0.013 0.004 0.007 0.008 1    
31:   0.007 0.011 0.879 0.004 0.030 0.011 0.025 0.006 0.004 0.012 0.010 1    
32:   0.758 0.006 0.002 0.200 0.004 0.005 0.006 0.005 0.002 0.006 0.006 1    
33:   0.886 0.006 0.006 0.063 0.005 0.013 0.006 0.003 0.003 0.005 0.003 1    
34:   0.279 0.037 0.005 0.598 0.008 0.039 0.010 0.006 0.002 0.010 0.006 1    
35:   0.120 0.010 0.003 0.826 0.005 0.009 0.005 0.007 0.002 0.007 0.005 1    
36:   0.898 0.008 0.004 0.043 0.005 0.009 0.013 0.005 0.003 0.005 0.006 1    
37:   0.929 0.008 0.006 0.010 0.007 0.006 0.004 0.010 0.003 0.009 0.009 1    
38:   0.281 0.016 0.005 0.660 0.003 0.005 0.004 0.005 0.002 0.005 0.014 1    
39:   0.006 0.930 0.007 0.009 0.011 0.005 0.005 0.016 0.003 0.003 0.003 1    
40:   0.004 0.945 0.004 0.009 0.006 0.005 0.005 0.007 0.006 0.003 0.006 1    
41:   0.011 0.927 0.008 0.006 0.007 0.004 0.006 0.013 0.004 0.005 0.008 1    
42:   0.003 0.951 0.002 0.007 0.009 0.003 0.004 0.008 0.004 0.003 0.005 1    
43:   0.004 0.941 0.004 0.015 0.012 0.004 0.005 0.004 0.006 0.002 0.003 1    
44:   0.004 0.955 0.003 0.005 0.006 0.003 0.003 0.005 0.005 0.002 0.007 1    
45:   0.015 0.926 0.010 0.006 0.011 0.006 0.003 0.009 0.005 0.003 0.007 1    
46:   0.005 0.934 0.004 0.009 0.010 0.005 0.006 0.008 0.007 0.005 0.008 1    
47:   0.009 0.004 0.771 0.007 0.012 0.137 0.010 0.031 0.006 0.007 0.007 1    
48:   0.019 0.002 0.796 0.003 0.012 0.074 0.005 0.028 0.005 0.047 0.008 1    
49:   0.010 0.005 0.873 0.009 0.046 0.011 0.012 0.009 0.013 0.009 0.004 1    
50:   0.013 0.009 0.843 0.011 0.060 0.008 0.016 0.016 0.013 0.005 0.005 1    
51:   0.011 0.008 0.860 0.013 0.046 0.009 0.015 0.013 0.008 0.010 0.007 1    
52:   0.004 0.019 0.009 0.003 0.009 0.930 0.003 0.006 0.008 0.005 0.003 1    
53:   0.003 0.004 0.007 0.004 0.011 0.924 0.005 0.006 0.005 0.021 0.011 1    
54:   0.007 0.005 0.006 0.005 0.006 0.929 0.005 0.009 0.003 0.018 0.006 1    
55:   0.024 0.007 0.005 0.013 0.005 0.916 0.004 0.005 0.004 0.013 0.003 1    
56:   0.019 0.006 0.005 0.011 0.005 0.926 0.003 0.007 0.004 0.012 0.002 1    
57:   0.004 0.004 0.039 0.004 0.005 0.925 0.003 0.004 0.007 0.004 0.002 1    
58:   0.019 0.014 0.009 0.012 0.016 0.823 0.006 0.061 0.002 0.031 0.008 1    
59:   0.355 0.153 0.025 0.044 0.058 0.096 0.052 0.052 0.003 0.011 0.151 1    
60:   0.021 0.033 0.665 0.044 0.093 0.007 0.009 0.015 0.005 0.006 0.101 1    
61:   0.061 0.027 0.776 0.017 0.043 0.033 0.007 0.007 0.009 0.009 0.011 1    
62:   0.025 0.031 0.836 0.020 0.014 0.007 0.006 0.008 0.005 0.006 0.041 1    
63:   0.078 0.043 0.766 0.019 0.032 0.005 0.007 0.010 0.005 0.009 0.025 1    
64:   0.079 0.033 0.658 0.048 0.091 0.010 0.006 0.028 0.006 0.024 0.016 1    
65:   0.023 0.017 0.596 0.018 0.284 0.023 0.006 0.012 0.011 0.008 0.003 1    
66:   0.005 0.953 0.008 0.006 0.006 0.003 0.003 0.006 0.003 0.004 0.003 1    
67:   0.007 0.941 0.017 0.005 0.009 0.003 0.003 0.005 0.004 0.003 0.003 1    
68:   0.009 0.912 0.033 0.007 0.005 0.007 0.004 0.009 0.002 0.007 0.004 1    
69:   0.013 0.918 0.027 0.012 0.006 0.005 0.003 0.004 0.005 0.004 0.003 1    
70:   0.009 0.889 0.051 0.004 0.013 0.005 0.006 0.009 0.004 0.007 0.002 1    
71:   0.005 0.945 0.014 0.007 0.008 0.003 0.003 0.005 0.003 0.004 0.002 1    
72:   0.007 0.951 0.008 0.003 0.008 0.002 0.004 0.007 0.003 0.004 0.003 1    
73:   0.006 0.935 0.019 0.006 0.010 0.004 0.003 0.007 0.003 0.004 0.003 1    
74:   0.005 0.949 0.004 0.014 0.005 0.004 0.004 0.006 0.003 0.005 0.003 1    
75:   0.072 0.765 0.008 0.031 0.056 0.012 0.008 0.008 0.009 0.006 0.026 1    
76:   0.051 0.344 0.007 0.038 0.136 0.004 0.021 0.013 0.077 0.014 0.295 1    
77:   0.027 0.275 0.010 0.033 0.469 0.010 0.012 0.004 0.027 0.029 0.104 1    
78:   0.026 0.853 0.004 0.010 0.065 0.015 0.006 0.006 0.004 0.005 0.006 1    
79:   0.064 0.470 0.054 0.097 0.075 0.029 0.017 0.007 0.010 0.032 0.145 1    
80:   0.047 0.777 0.029 0.025 0.045 0.034 0.004 0.005 0.009 0.010 0.015 1    
81:   0.014 0.010 0.016 0.008 0.915 0.009 0.005 0.003 0.010 0.006 0.004 1    
82:   0.026 0.054 0.182 0.013 0.566 0.006 0.011 0.107 0.008 0.020 0.006 1    
83:   0.026 0.072 0.139 0.012 0.677 0.005 0.010 0.027 0.017 0.008 0.006 1    
84:   0.010 0.015 0.095 0.003 0.789 0.003 0.017 0.008 0.046 0.005 0.010 1    
85:   0.014 0.005 0.016 0.005 0.914 0.006 0.009 0.005 0.007 0.012 0.007 1    
86:   0.025 0.032 0.171 0.016 0.712 0.006 0.007 0.013 0.008 0.007 0.003 1    
87:   0.014 0.008 0.837 0.009 0.010 0.048 0.025 0.004 0.003 0.033 0.009 1    
88:   0.051 0.023 0.729 0.009 0.021 0.036 0.007 0.003 0.020 0.091 0.011 1    
89:   0.051 0.043 0.572 0.024 0.023 0.236 0.018 0.006 0.007 0.011 0.007 1    
90:   0.004 0.010 0.726 0.004 0.075 0.013 0.006 0.024 0.113 0.013 0.012 1    
91:   0.950 0.007 0.010 0.004 0.004 0.007 0.003 0.003 0.003 0.005 0.005 1    
92:   0.963 0.003 0.004 0.003 0.003 0.005 0.002 0.003 0.003 0.006 0.003 1    
93:   0.946 0.005 0.004 0.011 0.004 0.005 0.002 0.005 0.005 0.008 0.004 1    
94:   0.953 0.006 0.006 0.004 0.006 0.005 0.003 0.003 0.004 0.004 0.006 1    
95:   0.961 0.003 0.007 0.003 0.006 0.004 0.003 0.003 0.003 0.003 0.003 1    
96:   0.938 0.007 0.008 0.006 0.004 0.004 0.004 0.014 0.004 0.005 0.005 1    
97:   0.031 0.032 0.803 0.014 0.013 0.029 0.006 0.012 0.007 0.011 0.042 1    
98:   0.027 0.018 0.815 0.017 0.024 0.025 0.010 0.033 0.008 0.012 0.013 1    
99:   0.010 0.022 0.872 0.013 0.016 0.020 0.007 0.015 0.006 0.006 0.013 1    
100:  0.085 0.027 0.557 0.161 0.031 0.021 0.025 0.018 0.010 0.028 0.037 1    
101:  0.005 0.006 0.921 0.005 0.005 0.010 0.011 0.003 0.007 0.011 0.015 1    
102:  0.049 0.009 0.817 0.014 0.014 0.010 0.009 0.006 0.010 0.031 0.032 1    
103:  0.006 0.009 0.879 0.007 0.008 0.008 0.013 0.005 0.008 0.013 0.043 1    
104:  0.008 0.016 0.004 0.009 0.926 0.005 0.005 0.011 0.005 0.007 0.003 1    
105:  0.008 0.048 0.004 0.011 0.892 0.006 0.004 0.016 0.003 0.004 0.004 1    
106:  0.005 0.008 0.019 0.004 0.871 0.005 0.004 0.021 0.005 0.054 0.005 1    
107:  0.004 0.013 0.009 0.005 0.915 0.006 0.003 0.033 0.004 0.004 0.005 1    
108:  0.003 0.012 0.011 0.006 0.919 0.005 0.004 0.009 0.006 0.019 0.005 1    
109:  0.006 0.015 0.008 0.008 0.882 0.008 0.003 0.010 0.022 0.035 0.003 1    
110:  0.004 0.008 0.004 0.004 0.944 0.006 0.006 0.007 0.004 0.005 0.005 1    
111:  0.005 0.011 0.007 0.014 0.922 0.006 0.003 0.014 0.006 0.006 0.005 1    
112:  0.005 0.010 0.005 0.015 0.928 0.008 0.005 0.013 0.004 0.005 0.003 1    
113:  0.007 0.008 0.017 0.004 0.014 0.006 0.005 0.919 0.005 0.010 0.004 1    
114:  0.005 0.004 0.006 0.003 0.006 0.003 0.004 0.960 0.003 0.003 0.003 1    
115:  0.007 0.018 0.009 0.032 0.029 0.008 0.012 0.852 0.009 0.006 0.018 1    
116:  0.003 0.003 0.003 0.002 0.004 0.005 0.003 0.967 0.002 0.003 0.003 1    
117:  0.014 0.026 0.005 0.202 0.025 0.034 0.009 0.640 0.006 0.014 0.026 1    
118:  0.004 0.004 0.006 0.003 0.006 0.003 0.004 0.961 0.004 0.003 0.003 1    
119:  0.003 0.005 0.009 0.003 0.006 0.003 0.004 0.950 0.004 0.008 0.005 1    
120:  0.002 0.004 0.004 0.003 0.004 0.006 0.003 0.965 0.003 0.004 0.002 1    
121:  0.010 0.007 0.012 0.008 0.023 0.008 0.010 0.905 0.007 0.006 0.004 1    
122:  0.004 0.003 0.004 0.003 0.005 0.004 0.004 0.961 0.005 0.004 0.003 1    
123:  0.007 0.012 0.004 0.022 0.005 0.005 0.006 0.927 0.004 0.003 0.007 1    
124:  0.002 0.004 0.004 0.002 0.005 0.003 0.003 0.965 0.003 0.004 0.004 1    
125:  0.005 0.011 0.014 0.007 0.020 0.014 0.011 0.883 0.008 0.019 0.009 1    
126:  0.004 0.004 0.004 0.004 0.003 0.005 0.003 0.966 0.003 0.002 0.002 1    
127:  0.004 0.003 0.004 0.003 0.004 0.005 0.003 0.964 0.004 0.003 0.003 1    
128:  0.004 0.005 0.005 0.003 0.007 0.003 0.003 0.958 0.005 0.005 0.003 1    
129:  0.228 0.008 0.230 0.105 0.147 0.008 0.006 0.037 0.003 0.221 0.006 1    
130:  0.024 0.130 0.031 0.014 0.620 0.006 0.028 0.005 0.004 0.132 0.005 1    
131:  0.070 0.007 0.576 0.010 0.129 0.006 0.014 0.010 0.010 0.156 0.014 1    
132:  0.303 0.008 0.043 0.030 0.156 0.003 0.007 0.023 0.005 0.412 0.010 1    
133:  0.129 0.008 0.337 0.008 0.156 0.005 0.006 0.017 0.006 0.320 0.008 1    
134:  0.296 0.006 0.047 0.029 0.160 0.003 0.006 0.020 0.006 0.420 0.006 1    
135:  0.008 0.110 0.133 0.008 0.663 0.005 0.014 0.013 0.009 0.032 0.004 1    
136:  0.004 0.004 0.951 0.002 0.003 0.004 0.010 0.004 0.005 0.008 0.004 1    
137:  0.004 0.005 0.947 0.002 0.004 0.003 0.006 0.013 0.005 0.007 0.005 1    
138:  0.011 0.009 0.905 0.005 0.008 0.007 0.017 0.008 0.004 0.020 0.007 1    
139:  0.015 0.010 0.926 0.004 0.004 0.006 0.008 0.004 0.012 0.008 0.003 1    
140:  0.004 0.006 0.947 0.003 0.005 0.003 0.005 0.008 0.007 0.006 0.005 1    
141:  0.011 0.038 0.804 0.006 0.033 0.007 0.033 0.042 0.011 0.008 0.007 1    
142:  0.003 0.004 0.950 0.002 0.005 0.003 0.008 0.007 0.005 0.008 0.005 1    
143:  0.005 0.003 0.942 0.002 0.003 0.003 0.004 0.004 0.007 0.016 0.011 1    
144:  0.005 0.003 0.939 0.002 0.003 0.003 0.003 0.003 0.005 0.022 0.012 1    
145:  0.004 0.005 0.951 0.003 0.004 0.004 0.005 0.003 0.003 0.010 0.009 1    
146:  0.006 0.009 0.926 0.003 0.008 0.008 0.005 0.010 0.012 0.004 0.009 1    
147:  0.003 0.005 0.004 0.004 0.004 0.003 0.002 0.003 0.966 0.003 0.002 1    
148:  0.002 0.002 0.003 0.002 0.004 0.002 0.004 0.004 0.970 0.004 0.003 1    
149:  0.003 0.003 0.003 0.002 0.002 0.002 0.003 0.003 0.973 0.004 0.003 1    
150:  0.003 0.002 0.004 0.002 0.004 0.003 0.003 0.004 0.970 0.003 0.003 1    
151:  0.002 0.003 0.003 0.002 0.003 0.002 0.002 0.003 0.973 0.003 0.003 1    
152:  0.004 0.007 0.003 0.006 0.005 0.003 0.002 0.004 0.958 0.005 0.003 1    
153:  0.002 0.002 0.003 0.002 0.002 0.002 0.002 0.002 0.976 0.003 0.002 1    
154:  0.002 0.003 0.004 0.003 0.003 0.002 0.002 0.003 0.968 0.005 0.003 1    
155:  0.003 0.003 0.003 0.004 0.003 0.002 0.002 0.004 0.970 0.003 0.002 1    
156:  0.006 0.004 0.002 0.967 0.004 0.002 0.003 0.003 0.003 0.002 0.004 1    
157:  0.099 0.028 0.006 0.660 0.044 0.130 0.006 0.007 0.010 0.006 0.005 1    
158:  0.017 0.016 0.004 0.902 0.011 0.014 0.004 0.010 0.013 0.005 0.004 1    
159:  0.040 0.005 0.004 0.917 0.005 0.007 0.005 0.004 0.003 0.006 0.004 1    
160:  0.006 0.004 0.002 0.967 0.004 0.003 0.002 0.003 0.003 0.003 0.003 1    
161:  0.010 0.014 0.003 0.950 0.004 0.003 0.003 0.004 0.003 0.003 0.004 1    
162:  0.008 0.004 0.003 0.963 0.004 0.005 0.003 0.002 0.003 0.003 0.002 1    
163:  0.033 0.008 0.003 0.859 0.014 0.034 0.004 0.007 0.028 0.006 0.004 1    
164:  0.010 0.004 0.003 0.957 0.003 0.005 0.003 0.003 0.002 0.005 0.005 1    
165:  0.005 0.036 0.005 0.921 0.006 0.003 0.005 0.007 0.005 0.004 0.003 1    
166:  0.004 0.007 0.003 0.960 0.005 0.004 0.005 0.003 0.002 0.004 0.003 1    
167:  0.018 0.011 0.017 0.831 0.061 0.017 0.007 0.014 0.005 0.014 0.006 1    
168:  0.015 0.011 0.006 0.926 0.005 0.014 0.007 0.004 0.006 0.004 0.003 1    
169:  0.004 0.006 0.005 0.951 0.008 0.006 0.005 0.003 0.003 0.006 0.003 1    
170:  0.007 0.031 0.007 0.901 0.013 0.007 0.010 0.005 0.006 0.007 0.006 1    
171:  0.010 0.009 0.018 0.912 0.011 0.008 0.014 0.006 0.004 0.007 0.003 1    
172:  0.006 0.022 0.007 0.928 0.010 0.005 0.004 0.005 0.004 0.006 0.004 1    
173:  0.003 0.006 0.003 0.956 0.003 0.004 0.002 0.003 0.008 0.004 0.008 1    
174:  0.005 0.008 0.012 0.909 0.008 0.011 0.010 0.005 0.008 0.009 0.016 1    
175:  0.006 0.004 0.004 0.905 0.007 0.007 0.008 0.003 0.006 0.007 0.043 1    
176:  0.003 0.003 0.003 0.961 0.004 0.006 0.002 0.002 0.008 0.003 0.006 1    
177:  0.006 0.003 0.003 0.954 0.004 0.008 0.004 0.002 0.009 0.003 0.004 1    
178:  0.004 0.004 0.004 0.934 0.006 0.005 0.004 0.004 0.005 0.009 0.022 1    
179:  0.005 0.006 0.946 0.005 0.006 0.003 0.011 0.003 0.005 0.005 0.005 1    
180:  0.005 0.004 0.944 0.004 0.008 0.004 0.005 0.011 0.005 0.006 0.005 1    
181:  0.005 0.007 0.955 0.004 0.004 0.003 0.003 0.004 0.009 0.004 0.003 1    
182:  0.007 0.007 0.951 0.004 0.005 0.004 0.003 0.005 0.007 0.004 0.003 1    
183:  0.004 0.006 0.957 0.004 0.005 0.003 0.006 0.004 0.002 0.004 0.004 1    
184:  0.003 0.006 0.942 0.004 0.014 0.004 0.006 0.010 0.003 0.004 0.004 1    
185:  0.004 0.005 0.952 0.002 0.005 0.003 0.002 0.005 0.016 0.003 0.002 1    
186:  0.003 0.004 0.965 0.003 0.004 0.004 0.003 0.004 0.004 0.004 0.002 1    
187:  0.018 0.017 0.871 0.025 0.017 0.003 0.012 0.012 0.004 0.011 0.009 1    
188:  0.002 0.002 0.008 0.002 0.005 0.005 0.004 0.003 0.003 0.964 0.002 1    
189:  0.010 0.006 0.009 0.006 0.005 0.013 0.007 0.004 0.003 0.934 0.003 1    
190:  0.003 0.003 0.005 0.004 0.007 0.003 0.002 0.004 0.007 0.958 0.003 1    
191:  0.003 0.004 0.005 0.004 0.006 0.004 0.004 0.004 0.004 0.958 0.006 1    
192:  0.003 0.003 0.005 0.003 0.005 0.004 0.003 0.003 0.004 0.961 0.006 1    
193:  0.004 0.005 0.003 0.004 0.004 0.004 0.004 0.003 0.004 0.961 0.005 1    
194:  0.010 0.009 0.007 0.007 0.016 0.010 0.013 0.005 0.007 0.770 0.148 1    
195:  0.003 0.003 0.006 0.003 0.010 0.004 0.007 0.006 0.004 0.946 0.008 1    
196:  0.003 0.005 0.004 0.004 0.004 0.004 0.009 0.004 0.003 0.958 0.004 1    
197:  0.025 0.015 0.012 0.297 0.009 0.011 0.033 0.007 0.015 0.569 0.007 1    
198:  0.012 0.003 0.006 0.003 0.004 0.939 0.013 0.003 0.004 0.003 0.009 1    
199:  0.006 0.003 0.006 0.004 0.003 0.955 0.004 0.003 0.005 0.003 0.008 1    
200:  0.003 0.004 0.003 0.005 0.004 0.955 0.011 0.004 0.002 0.004 0.005 1    
201:  0.012 0.004 0.010 0.008 0.011 0.885 0.048 0.004 0.003 0.010 0.005 1    
202:  0.016 0.006 0.003 0.025 0.005 0.928 0.006 0.003 0.002 0.003 0.004 1    
203:  0.008 0.003 0.004 0.008 0.007 0.941 0.009 0.004 0.004 0.005 0.008 1    
204:  0.004 0.003 0.005 0.004 0.005 0.958 0.005 0.003 0.004 0.003 0.004 1    
205:  0.004 0.003 0.003 0.011 0.004 0.010 0.953 0.003 0.002 0.004 0.004 1    
206:  0.006 0.005 0.009 0.008 0.011 0.006 0.928 0.004 0.003 0.013 0.007 1    
207:  0.004 0.004 0.003 0.007 0.004 0.003 0.962 0.003 0.002 0.004 0.003 1    
208:  0.006 0.005 0.005 0.005 0.008 0.012 0.938 0.003 0.003 0.008 0.008 1    
209:  0.004 0.003 0.003 0.007 0.005 0.005 0.961 0.003 0.002 0.003 0.004 1    
210:  0.005 0.004 0.008 0.005 0.009 0.004 0.950 0.003 0.003 0.005 0.004 1    
211:  0.004 0.003 0.007 0.004 0.007 0.005 0.953 0.003 0.002 0.007 0.005 1    
212:  0.007 0.004 0.003 0.013 0.007 0.008 0.945 0.003 0.002 0.004 0.004 1    
213:  0.007 0.005 0.009 0.004 0.006 0.005 0.938 0.004 0.002 0.013 0.005 1    
214:  0.006 0.006 0.004 0.005 0.916 0.004 0.008 0.010 0.006 0.015 0.019 1    
215:  0.004 0.007 0.003 0.006 0.936 0.010 0.011 0.004 0.003 0.007 0.008 1    
216:  0.003 0.007 0.003 0.006 0.936 0.005 0.009 0.014 0.005 0.006 0.006 1    
217:  0.006 0.005 0.007 0.007 0.929 0.012 0.010 0.005 0.010 0.007 0.004 1    
218:  0.005 0.007 0.007 0.017 0.919 0.007 0.013 0.006 0.004 0.005 0.010 1    
219:  0.004 0.005 0.005 0.006 0.942 0.004 0.008 0.010 0.009 0.005 0.003 1    
220:  0.003 0.003 0.007 0.003 0.935 0.014 0.005 0.008 0.008 0.009 0.005 1    
221:  0.003 0.006 0.006 0.002 0.924 0.003 0.016 0.012 0.006 0.010 0.012 1    
222:  0.007 0.007 0.007 0.013 0.920 0.013 0.006 0.013 0.003 0.004 0.006 1    
223:  0.004 0.005 0.004 0.004 0.006 0.004 0.962 0.003 0.003 0.003 0.002 1    
224:  0.007 0.004 0.003 0.006 0.004 0.005 0.958 0.003 0.003 0.003 0.004 1    
225:  0.004 0.004 0.005 0.002 0.005 0.003 0.954 0.006 0.005 0.005 0.008 1    
226:  0.013 0.007 0.008 0.007 0.012 0.006 0.906 0.009 0.015 0.012 0.006 1    
227:  0.010 0.007 0.008 0.004 0.005 0.005 0.936 0.004 0.005 0.011 0.004 1    
228:  0.005 0.003 0.004 0.003 0.005 0.005 0.948 0.005 0.004 0.005 0.014 1    
229:  0.003 0.004 0.003 0.002 0.003 0.003 0.955 0.005 0.009 0.003 0.010 1    
230:  0.051 0.008 0.016 0.005 0.007 0.005 0.871 0.006 0.006 0.015 0.009 1    
231:  0.013 0.004 0.007 0.005 0.005 0.006 0.938 0.004 0.004 0.004 0.009 1    
232:  0.070 0.034 0.036 0.172 0.099 0.026 0.466 0.031 0.027 0.024 0.016 1    
233:  0.094 0.063 0.015 0.015 0.273 0.008 0.375 0.105 0.004 0.018 0.029 1    
234:  0.015 0.217 0.067 0.055 0.455 0.007 0.067 0.006 0.016 0.056 0.038 1    
235:  0.028 0.060 0.119 0.035 0.457 0.009 0.162 0.027 0.033 0.015 0.055 1    
236:  0.081 0.073 0.387 0.080 0.190 0.011 0.065 0.045 0.017 0.005 0.046 1    
                                      
                                      
1:    0.030 0.006 0.004 0.004 0.006 0.005 0.005 0.925 0.007 0.004 0.004 1    
2:    0.008 0.015 0.012 0.003 0.011 0.009 0.006 0.906 0.004 0.009 0.019 1    
3:    0.023 0.004 0.002 0.004 0.006 0.004 0.003 0.940 0.004 0.004 0.006 1    
4:    0.018 0.010 0.006 0.006 0.011 0.007 0.005 0.895 0.004 0.012 0.025 1    
5:    0.011 0.009 0.019 0.006 0.007 0.041 0.014 0.845 0.006 0.016 0.026 1    
6:    0.005 0.004 0.004 0.009 0.006 0.005 0.011 0.930 0.004 0.013 0.008 1    
7:    0.089 0.008 0.007 0.004 0.008 0.013 0.006 0.842 0.006 0.009 0.007 1    
8:    0.008 0.004 0.004 0.003 0.010 0.004 0.003 0.947 0.005 0.006 0.006 1    
9:    0.007 0.010 0.006 0.003 0.005 0.007 0.017 0.011 0.009 0.016 0.908 1    
10:   0.005 0.007 0.006 0.003 0.003 0.009 0.024 0.006 0.006 0.005 0.926 1    
11:   0.007 0.006 0.003 0.004 0.004 0.006 0.013 0.004 0.007 0.003 0.944 1    
12:   0.005 0.013 0.010 0.009 0.024 0.005 0.005 0.005 0.012 0.004 0.910 1    
13:   0.004 0.007 0.006 0.015 0.006 0.008 0.019 0.010 0.030 0.005 0.889 1    
14:   0.008 0.019 0.004 0.005 0.004 0.018 0.023 0.005 0.020 0.004 0.888 1    
15:   0.010 0.019 0.009 0.006 0.005 0.010 0.012 0.014 0.008 0.012 0.895 1    
16:   0.006 0.006 0.005 0.003 0.003 0.005 0.012 0.006 0.007 0.004 0.944 1    
17:   0.010 0.007 0.007 0.004 0.008 0.012 0.079 0.007 0.006 0.015 0.845 1    
18:   0.006 0.031 0.004 0.912 0.005 0.017 0.006 0.004 0.005 0.005 0.005 1    
19:   0.006 0.006 0.003 0.947 0.005 0.008 0.005 0.003 0.005 0.005 0.007 1    
20:   0.003 0.028 0.003 0.940 0.003 0.004 0.003 0.003 0.003 0.004 0.004 1    
21:   0.008 0.009 0.003 0.942 0.004 0.011 0.004 0.004 0.004 0.005 0.004 1    
22:   0.004 0.044 0.003 0.921 0.003 0.005 0.003 0.004 0.004 0.005 0.003 1    
23:   0.006 0.004 0.003 0.957 0.004 0.008 0.003 0.003 0.005 0.003 0.003 1    
24:   0.004 0.004 0.003 0.964 0.003 0.005 0.002 0.002 0.005 0.004 0.004 1    
25:   0.003 0.003 0.003 0.003 0.004 0.004 0.002 0.003 0.967 0.004 0.003 1    
26:   0.005 0.006 0.003 0.005 0.003 0.007 0.003 0.003 0.955 0.005 0.004 1    
27:   0.054 0.042 0.018 0.035 0.021 0.039 0.004 0.006 0.733 0.014 0.033 1    
28:   0.005 0.004 0.003 0.003 0.006 0.004 0.003 0.005 0.960 0.005 0.003 1    
29:   0.059 0.018 0.014 0.014 0.020 0.011 0.003 0.009 0.840 0.008 0.005 1    
30:   0.007 0.004 0.004 0.004 0.004 0.005 0.002 0.004 0.959 0.005 0.003 1    
31:   0.031 0.012 0.104 0.006 0.027 0.034 0.004 0.010 0.746 0.012 0.013 1    
32:   0.005 0.006 0.004 0.005 0.002 0.004 0.179 0.005 0.002 0.005 0.782 1    
33:   0.006 0.010 0.007 0.004 0.003 0.005 0.044 0.004 0.005 0.004 0.907 1    
34:   0.009 0.030 0.019 0.007 0.003 0.010 0.640 0.020 0.006 0.007 0.249 1    
35:   0.006 0.009 0.008 0.006 0.003 0.005 0.776 0.006 0.003 0.006 0.171 1    
36:   0.009 0.006 0.007 0.005 0.003 0.007 0.036 0.006 0.006 0.007 0.908 1    
37:   0.005 0.008 0.006 0.011 0.005 0.004 0.008 0.006 0.004 0.008 0.933 1    
38:   0.006 0.019 0.003 0.005 0.005 0.005 0.601 0.009 0.005 0.003 0.339 1    
